n = 7, k = 4, m = 67
Expect Resample Times = 0.343243
Real = 2
Result:
0010100
0101010
1000000
0000010
0100000
1001010
0000110
1000000
0000000
0100001
0000000
0000101
0001101
0000000
0010000
0000000
0100010
0010101
1000000
0000010
0001010
0000010
0000000
0000000
0000100
1000100
0001000
0000001
0000010
0000010
0100000
0001011
0000100
0001110
0000011
0000010
0010000
0100000
0000000
1001010
0001001
0011000
0010010
0000000
0000000
0000000
0000000
1001000
1000000
0001010
0000010
0001100
0100010
0100000
1000000
0100001
0000001
0000011
0100001
0000000
0000001
0000000
0000010
0000010
0000000
1010010
1000010
Time = 0.001s
