n = 11, k = 10, m = 96
Expect Resample Times = 0.370041
Real = 2
Result:
00000001000
00010000000
00000000000
00000000100
00010001010
00000000000
10000000000
00001010000
00000000000
01000001000
00000000000
00000010000
10100000000
00000000010
00000010100
00000000100
00110100000
10000000000
00100000000
00000000000
00000000010
00010010000
00000000000
00000000000
00000010000
00000100011
00010000011
00000000000
00000000010
00000000000
00000000000
00000000001
00000000010
00000100000
00000000000
00000100000
00000000000
01101000010
00000000000
00000000000
00000000000
00000000000
00000010010
00010000000
00000000110
00000010000
00000000010
00000000000
01000000100
00000001000
00000000001
00000000000
00000001000
00010100000
00000001000
00000000000
00000000100
01000000011
00000000110
00000000000
10001000000
00100001000
00000000000
00000001000
00000000000
00000000010
00001000000
00100000100
00000000000
00000000000
00000000000
00000000000
00000000000
00000000000
01000000000
00001001010
00000000010
00000000000
00000010000
00001000000
10000000000
00000000010
01000000000
00000000000
00000010000
00000001000
00000000000
00001000000
00000010000
00000000000
00010000000
00001000000
00000000000
00000001000
00001000000
00000000000
Time = 0.001s
