n = 14, k = 4, m = 119
Expect Resample Times = 0.38303
Real = 4
Result:
00010000000011
00100110000000
00001010000000
00001000010000
00010001000000
10000010000001
00110100000000
00000000010110
01000000101000
00000000001010
01000100000000
00001000010010
00001011000000
01101010100000
01000000000010
00000000010000
00001000000001
01000001000100
11000010000000
00000000000000
00000000000000
00000110010010
01001000001001
11000000101000
10011000100101
00000000010000
10000100000000
01001000001010
00000000000000
10011000110101
00000000001000
00000010010000
00100001011000
01100000010000
00000000010100
00010000010010
10000100100000
00000011010000
10100000010000
10000100000000
00001101011000
01010100010000
00100000010101
00010110000010
00010101010000
10000000000000
00001000010000
00100001100100
01110010010000
10101000100000
00100000000010
10000000100000
00001000000000
00101001000001
00110101000100
01100010000000
10000000100000
00000010100100
01000100000000
00000000000000
10000100010010
00001000000010
10010000000000
00010010001010
01000000000100
01000000100000
00000000000100
00000000101001
00000000010000
00000010000000
00000000000000
01000001000011
00000000100100
00100000001011
00000110100010
00001110000000
00010000100000
00111000000010
11000000000000
00000110000000
01110000000110
00001000000000
00001000110000
00011000010000
00110011000100
00000101110100
11001000000001
01000100010101
00000010100100
00000000000101
00000010011000
01000000000000
00000000010100
10000100000000
01010010011000
00000011001000
00010000000000
00110000001001
01000101000000
00000011001010
00000101100110
00000100011000
00000100010000
00101000000000
00100011110010
10001000010000
00011100000100
10000100001001
00010001001000
00101010010000
00000100000100
00000000010000
00100010000000
10000000000000
00001010000000
01000111010000
00100011000000
01101001000000
00110000000000
Time = 0.063s
