n = 13, k = 5, m = 148
Expect Resample Times = 0.360224
Real = 3
Result:
0000100010000
0100100110011
0000000001010
0000000000001
0100000001000
0000001000001
0000011000101
0000100000000
0000000001001
0000000011000
0000000000000
0000010001100
0001001000000
0001110000001
0010000000000
0001001100010
0000000000000
0000000100000
0001100000010
0001000000000
0010100001010
0000000100000
0000000110000
0001000000101
0000000000010
1100001000000
0000000001000
0100100000000
0000000000101
1000110000000
0000011001001
0110100000100
1100000010000
0000000000010
0000000000000
0001100000000
0101001100000
0100000000000
0010000000000
1010000100000
0001000000100
1010100000000
0000000000111
0010001000001
0100100000100
0000001011000
1000000100010
0111100000110
0100100000100
0000010001000
0010010001000
0010000000000
0110100010000
0000000110000
0000100000000
0000101000110
0000101000000
0001000100000
0000001000000
0000000000000
0000000010010
0000000101000
0000000000000
0001000010000
0000000000100
1100001000000
0111010100000
0000000001000
0000000000000
0000010111001
0000100000010
1010000000000
0101100000000
1000000100101
0000010011100
0110000000000
0111000000000
0100000000100
1000000000000
0000010000000
0000000001100
0000100010000
0100001000000
0100000001100
0101000000000
1000100000000
0000001010011
0000001001010
0000100000011
0000000100000
0000000001100
0001000100000
0010010100000
0100000000000
0000000100010
0000010001000
0101000100100
1000000000100
0000011010000
0000100001001
0000001101000
1000001000000
0000000001100
0000000000000
0000110000100
0000100001000
0000010100000
1000000000000
0000000000000
0000110000000
0000000001000
0001101000100
0000101000100
0000000000000
0000110100000
0110001000000
0000001000000
0000101001000
0000000010001
0010000000011
0000010000000
0010000100000
0010001110000
0000000000100
0000000000000
0000000010000
0000100100000
1000000001100
0000000010010
0001100100011
0000010000000
1000000100000
0000000000000
0100001001010
0000000001000
0000100010010
0000000000000
0010011000000
0000001001010
0000000001100
0010000001000
0100000000000
0011000010000
1000011000001
1010110000001
0000000001010
0000001000000
0000000100000
Time = 0.062s
