n = 13, k = 11, m = 187
Expect Resample Times = 0.357144
Real = 2
Result:
0000000000001
0101000000000
0000000001100
0100000000000
0000000110000
0000000000000
1000101000000
0010000000000
1000000000000
0000000000010
0000000000000
0000010000000
0000000100000
0000000000000
0000000000011
0000000000000
0000000000000
0000000000000
0000000000000
0000000000000
0000001010001
0000000010000
0000000000000
0000000000000
0000000000000
0000000000000
0000000000000
0000000000010
0000000100000
0010000000000
0000000000000
0010000000000
0000100100000
0010000000000
0000000000000
0000100000000
0000100000000
0000000000000
1000000100000
0101001000000
0100110000000
0000010000000
0000000000010
0100000000010
0000000010000
0000000000000
0000000001001
0000100000000
0000000000000
0000000000000
0000000000000
0000000000000
0000000000000
1000000000000
1000000101000
0010000010000
0000000000001
0000000001000
0000000100000
1000100010001
0000000010000
0000000000000
0010001001000
0000010000001
1000000010000
0000000000000
0000000000000
0100000000000
0000010010100
0010000000000
0010010000010
0100000000000
0000000000010
0000000000001
0000001000000
0000000000010
0000000100000
0000100000000
0010000000000
0100000000000
0000000000000
0000000000100
0000010000000
0000000000000
0000000000000
0000010000000
0000000000000
0000000000000
0000000100000
0000100001000
0000001000000
0000000000000
0001000000100
0010001000000
0010000000000
0000000000000
0000000000000
0000000000010
0000100000000
1000001100000
0000010000000
0000100000000
0000000000000
0000000000000
0000001000000
0100000010010
0100000100010
0010000000000
0000001000000
0000000000100
0000000100000
0010000000011
0000000000000
0000000000000
0000001000100
0100000000100
0000001000000
0000000000000
1000000000000
0000000000000
0000000000000
0000000100000
0000010000010
0000001000000
0000000000000
0000000000000
0000100100000
0010000010000
0001000000000
0000000001000
0000001001000
0000000000000
0010000000000
0100000000000
0000000000000
0000000100000
0000100000000
0000000000000
0000000000000
0000000000001
0001000000000
0000000000001
0000000110000
0000000000001
0000001000000
0010000000000
0001000000100
0000000001000
0000000000100
0000000000100
0001001000000
0000000000000
0000000010000
0000000000001
0000010001000
0000000000000
0000000100000
0100000000000
0000000000100
0100000000000
0010000000010
0001000000000
0000000000000
0000000000000
0000000000000
0000000000100
0000000000000
0000001000000
0000000000000
0000100000000
0000000000000
0000000000010
0000100000000
1000000000000
0000000000000
0000000000000
0101001000001
1010000000000
0000000000000
0000100100000
0000000010000
1000000000000
0000000000000
0011000001000
0000000000000
0000010010000
0010000000001
Time = 0.003s
