n = 13, k = 8, m = 221
Expect Resample Times = 0.362681
Real = 2
Result:
0000000100000
0000100110000
0000000000010
0000001000000
0100000000100
1100000010000
0000000000010
0100000000000
0000000001000
0000000001000
0000000000000
0000000000000
0110010001000
1000010000000
0100000001000
0000000001000
0000000000000
0010001000000
0000000001000
0000000001101
0000001001000
0000000000010
0000001000000
0001000000000
0000000000000
0000000000100
0010010000000
0001000000000
0000000100000
0000000000000
0000000000000
0000000100000
0000000000000
0001000000000
0000000000000
0000000000000
0100000001000
0000000000010
0001000110000
0000100000000
0000010000001
0010000000000
0000011000000
1100001100000
0001000110000
1000000000000
0001000000000
0000000000000
0000000000000
1000010001000
0000000001100
0000000000000
0000000000010
0000000000100
0000000000001
0100010000000
0000000000000
0000000000100
0000010100000
0000000000000
0000010000001
0101000000000
0010000000100
0000010000000
0000000000000
0000000000000
0000000000000
0000000000000
0000000000000
0011101110000
0101000010000
0000000000000
1000000000000
0010000010000
0000000001000
0000000010000
1000001001000
0000000100010
0000010100000
1000000000000
0010000000000
0000001001000
0000000010000
0000100000001
1000000000000
1000000000000
0000010000100
0010110000100
0001000000100
0010000000000
1000000000001
1010000100010
0000100001000
0000100001000
1001110000000
0000000000000
0000010100100
1000000000000
0000010000100
0100000001001
0000000100001
1011000101000
0100000000000
1000010001101
0000100000000
0000000000001
0010100000000
0000000000011
1100000000000
0010000010010
0000000000001
0011010000000
0000000000100
1001000000000
0000000000000
0001100000000
0000000100000
0000000000000
0000010000010
0000000000100
0000000000010
0000000000000
0000000000000
0000000000000
0000000100000
0001010000010
1000000000000
0000000000000
0000000000000
1000001000000
0000010000000
1000000011000
0000000000000
0000000000000
0000011000100
0010001000000
1000001010000
0000000000000
0000000000000
0000000000000
0000000000000
0000000010000
0001000000000
0100000000010
0000010000001
1000000000000
0000000010010
1100000000000
0000000100001
0100000001000
0010000000000
0000000011010
0000000000011
0000000000001
0000000000000
0010100010000
0000000000001
0000000000010
0001000000110
0000000000100
0000100000000
0000100000001
0000000001000
0000000000000
0000000000000
0000000000000
0000000000000
0000100000000
1000000001001
0000000000000
0001010000000
0000000000110
0000000000000
0000010000000
0000100000000
0000000000100
0100001000000
0000000000000
0010110000000
0000000000000
0000000010100
0000000100000
0000000010000
1010000000000
0010000000001
1000000001000
1000010000011
1001010010000
0000000010000
0000000000000
0000000000000
0000000000010
0000000000100
0000011000001
0001000000000
0000000000000
0000100000000
0111000000100
0000100000000
1000000000100
0001000010000
0000001000000
0100000000100
0000000000000
0000000000000
0000000101000
0000000010110
1000000000000
0000000100000
0100000100000
0000000010000
1000000000000
0100000010000
0000000000000
0010000000000
0000000000000
0100010000000
0100001000100
0100100010000
0000000000000
0001000000000
Time = 0.04s
