n = 12, k = 3, m = 76
Expect Resample Times = 0.414969
Real = 5
Result:
000000100000
000000000011
011100000001
110000000010
110000001000
000000010110
000001101100
000000000000
100010000010
110000000000
010110101000
000100000000
000010001100
110000001000
010000001000
011000000100
000000000000
001110000001
000101100010
101110010000
100010000000
000000101000
010001100001
000010100001
000101111000
000000000000
100000000000
010000100101
000011111000
010100100000
000000011001
110000000101
000001010100
010001001001
110101001000
100100001000
100010010000
100101100001
011000100010
000000000000
100010000010
110010000010
101000010100
110100001000
000100000001
001010000000
000000000010
000000001000
000111000011
010000110010
100100001010
000000000000
000100101000
011000001100
000011000000
100000010000
000000101001
000001100000
010100010100
000110000000
010110001001
000000001000
000010000001
010001100000
001000000010
000000011000
100011100001
111000000000
001010010000
000001000000
001001000110
100010000000
000101000000
010010001000
100100101001
001100000000
Time = 0.014s
