n = 8, k = 3, m = 103
Expect Resample Times = 0.363717
Real = 0
Result:
00000101
11000110
10100010
00011000
11111011
10011101
01111100
00010001
10111000
01110110
00111011
01001000
01110011
00001100
01001001
11101111
11111111
11111100
10000110
10001010
01101001
11010100
10101001
11001100
00000001
00011111
00110011
11111011
00110010
10010110
01100110
10110111
10000001
11101111
00110000
01110100
00101111
10100100
01100101
11100001
11011000
00101101
00110111
00100001
00111111
01011111
00111001
00100011
00101110
11101100
11100010
01111110
01011100
10100000
11101110
11011111
00111000
11000010
01001000
10111110
10110000
11010101
00011011
00000001
10100011
11000111
11111100
11111100
10011101
10101001
11111111
11001001
11101111
00101101
01111111
11111111
11111100
01110100
01111010
10000010
00100001
11010001
01000101
11100110
11000101
11100010
11111100
11110001
01011101
11011101
00101110
01001011
11011001
01100101
01011000
01100111
01010010
00100011
10001110
00100110
11000010
11111000
10101010
Time = 0.001s
