n = 11, k = 5, m = 567
Expect Resample Times = 0.367195
Real = 0
Result:
01100110111
00010100000
10010110001
00101100100
10000010011
10011101111
00100100111
00001101001
10110101011
00111001001
11111010011
00000110011
01010100101
01001001100
11000110010
10100101010
00111100101
11100111011
00100011101
01001100001
01000010010
10000111001
11011001011
10110110011
00101101001
11111101000
00111000110
00100011111
10110001100
00111110000
11100101010
01100010110
00011011101
11000110000
10111001101
11001010000
10010011000
00101111000
01100011010
00110001011
10100110000
11100000100
11011100111
00011000101
11111010110
10011110101
11111100110
00010011101
10111011010
00111011010
11101000111
00001000011
10000111111
00100001001
00000110100
01110001010
00011101000
11111001110
01100100100
00111011000
00001000011
10000000000
01100111010
11010100010
11101010011
10010000001
10000010000
11111001111
00000010001
00111100000
10111000001
10111010001
10010111110
11001010100
10101100100
00010000011
10101010011
00100000000
11011011001
10010101010
00110000000
11011101111
11100110111
10110000011
10000000110
11000010100
00100110101
11100000000
11100011100
11010000001
11111111001
11110111001
11110010100
11111111000
01001000010
10010000111
00101101101
00000101011
11101001100
01111101010
11110000000
10010111101
01101011101
10010111110
00011000110
11000001001
11001011011
01100100010
01011111111
01100001111
10000000100
00000110101
11010001010
01001111110
00101001111
01111000111
10111110110
10111000111
01100101000
11111100101
01101000111
01000001011
00101001011
00001011110
00001000111
10010010011
10000111001
11100110001
00110110000
00010111111
11010101010
11101001011
11000110100
10101111011
00011101100
00001000011
10111000011
10111101111
10100011111
00011000110
10100010101
11011010011
10110101110
10110000111
01010110000
10001000110
10110000000
00110110100
00010101111
10010100111
11000010101
01010101001
10011100001
00011011010
11100110000
00111010101
01110101110
01111111100
10010111011
11101010000
00010111100
00011110110
00011111011
11101111111
10111000010
10111011010
11111111111
10111011110
01100011111
10111101100
01000110000
10000100100
00100001110
01100010110
00100111000
00001011101
10101100110
00111000000
11100001110
01110101101
00011111000
11000001111
10010110101
00000111100
11000110100
01000101100
01110000100
10101011001
01110100001
11001011000
00111100110
01010111100
01010001101
11000001010
01010110100
01110101110
11010100011
11101111110
01010000111
11001010111
01000100110
00000110011
11111011001
11010100101
01100011011
11110101001
11000010110
10010011110
11100111100
10110110001
11001001101
11110000000
11011011001
01101100010
10110011010
11011010101
01100111101
00000111001
10100110101
10011110101
11000100110
00110111011
00111101000
11110010110
01101011101
11100000010
01010011010
11010011101
00000001010
10101110010
00001001111
10010110011
10101110100
10111100001
01011010011
11101101000
10001101101
10000100111
00101100011
01011010101
10010011011
01000011011
11110010010
00101111100
10110011011
01110000110
10101001011
01100100111
01011110101
10100001001
10010101101
10001100110
11001111111
01110010110
11001101001
01101111100
10010011011
00001111001
10000010110
00110001111
00010100110
00111110101
01110100001
01010011011
11101000100
00011011101
10010011110
10011011000
11111101011
00101001100
00010001001
01011101000
11101001001
00001010011
00000110101
00111011011
11111011110
11000010010
10000011101
00111011111
00111000001
11011110011
01101011011
00010010000
01111100010
01100101110
00111110110
01111111111
01100110001
01001110101
11111010110
00001001100
11110001001
10111010101
10110110110
01101100001
10100010100
10001010100
10100111100
10101011000
01101110110
01011001000
01010000011
00001011000
00011010010
10110101000
10101001010
11110010011
00011001111
01111001100
01001011010
11011000101
01010011110
10100101001
00000001000
00110100010
01001010101
11011010001
00010010100
01011000111
10100010110
00000111111
11101011000
11111110101
01101110111
00110011001
10111001011
01010010000
11011110100
10001001111
01110010001
10000000100
10000111110
00111010010
11000001010
01000010111
11110011111
11011101001
10001101011
00111010011
01101001011
10000101010
11110101100
01101010100
00100000011
10110011110
11000001110
00101100011
10110000101
01100111110
10001011100
11100001111
11111011100
11000101111
01000010000
01111111110
01001110010
10001111001
10110111100
01001001110
11010111010
01011010100
11101010110
00001010000
10110111111
10110000101
01000010100
10000001110
10100000000
10001000100
10101000111
00011011000
00101011110
11010000010
00100001110
10100111110
00001011000
01000010011
10010110111
01100011111
01100010000
10110000011
11110011001
11100110101
00010111110
11000100011
10010101001
00111111001
01010000011
00111110001
11111011000
01001011011
11110010011
10000011101
11011100101
11110001000
01001001110
10101110001
11110000110
10011110011
01000000011
00010011110
11100100001
11101010101
10001100101
01011111001
10000000111
11011011011
11100110100
11010001110
11010001000
00111011110
10011010100
11001001111
11100100111
01111000010
01001110011
11010001111
01101011110
11010110100
11111000011
10011001011
11110111001
00010011111
10011100101
10111111100
11111110001
10100000111
01000110110
10011011110
00011011011
00100000011
00110010011
10001011010
01110000100
01100111001
00101011000
11111011110
01001100101
00110001111
10101100111
11111101010
10100110011
00100000001
00000001011
10111001101
00000110101
11100010000
01001000101
00000001111
11001100000
10100101101
01101000010
00001010011
10011111011
11101100101
10010111011
00110100101
01100000001
10101111000
10110101001
11101001111
01011101111
00010000101
00100011010
00111011101
00110010110
10010111000
00110111010
00101100110
11001010100
10111000011
00110001010
01000000111
10110110101
01000110010
01111000000
11111000010
00111110001
10011011011
11011110100
11010111011
10110001111
11101001110
01011001111
01011111011
11010000101
01010000101
01111000010
01100101011
00001000111
01001001101
00100110011
00110000100
00010001000
01111011110
10001011001
01000110000
11001111011
00111010100
01010111101
01100001000
10001000101
10110011000
00100010011
00110000001
00101101011
00001011111
10110001111
00110000010
10011100110
10011101010
01010010101
10110100100
11100001110
11011100100
01110101110
01011011101
01010101011
10010100011
11011011011
10000010001
00100000011
10001001111
10111111011
11100001010
01010110001
10010100110
11101011111
11101001011
01100101000
00011010110
10111001001
10111011101
01000110111
10010000101
11011011011
00010111011
00001001010
00110010011
01100001010
10111011111
00110100001
00000000101
10111101111
10001010001
11110110011
00111000111
11111000100
00110100100
10010001000
01101111110
00011101011
11000011101
00111110101
10000010101
00111010010
10000001011
10100100010
00100110011
11001100001
00001010010
00010011101
10000011110
10001111110
10111110100
00111101010
Time = 0.024s
