n = 5, k = 4, m = 83
Expect Resample Times = 0.386241
Real = 0
Result:
01000
01101
10110
11110
10100
11111
10100
11101
11100
10111
10110
00001
10111
01101
11001
10010
00100
01011
10101
10011
01101
11100
01010
00001
10000
10100
01101
10011
01110
11010
10000
11010
10001
11100
00011
01100
10111
00001
10010
00111
00100
10110
11111
11110
10010
11001
10110
11000
11101
00110
10001
01010
00011
00111
11000
11111
01100
11001
11011
00000
01110
00110
00001
11101
10110
11111
11001
00100
01100
10010
00000
00101
10110
00000
00010
00010
00001
01010
01011
10110
10100
10110
10001
Time = 0.001s
