n = 9, k = 7, m = 105
Expect Resample Times = 0.366709
Real = 4
Result:
010000010
000000000
100100000
010000000
000001000
000000000
000000000
000100000
010100000
000000000
001000010
110001000
000000000
100001001
001000000
000000000
000101000
000000000
001000000
010000010
000000001
001000010
000010010
000111010
000000100
000000000
000001000
000000001
000000000
000000000
000000001
000000000
100010000
000000010
010000010
000010110
000000000
010100011
000000101
000000000
000100000
000010000
000000000
000000111
001000001
000010001
000000000
100000010
000000000
000010000
001000000
010101001
000100000
000000000
001000000
000100000
000000100
000000000
000001100
000001000
000000000
000000000
000000000
000001000
010000000
000000000
000100000
001000000
000000000
000010000
000000000
010010010
000000100
100000000
000000000
000000000
000010000
000000000
000000100
110000000
001000000
100000100
000000000
001100000
010000000
001000001
000010000
100000010
100000000
000010100
000000000
000010000
010000000
100000000
000001000
000100000
000000000
001000000
000000100
000000010
000000000
000000000
000000000
010000000
000000101
Time = 0.001s
