n = 10, k = 5, m = 517
Expect Resample Times = 0.366872
Real = 0
Result:
1010011010
0001001011
1110110011
1111010110
1001010100
0110100111
1001100101
1010100011
1101101001
0101010111
0110000011
1101110100
0101010000
0110111100
1111000100
1100010010
1000001100
0110000011
0110110101
0100111100
1011101011
0010000000
0010110110
0101101011
1010111101
0011000111
0001010010
1001111101
1110101001
1101100001
0010010011
1111110000
0101011001
0101000000
0001101000
0000110011
0110111100
1010111001
1101001011
0100111110
1011000110
1001011000
1110111111
0000110001
0101011001
1001011111
1111111011
0101011011
0101010010
1100010100
0101001110
1101011110
1001011101
0000000000
0000001110
0111100011
1010111001
1001100011
1110011101
0111011010
1101111111
0110001111
0100010001
1001100010
0000110011
0100001000
0000101100
0001011101
1011000110
1001110111
0101000101
1101111101
0001111010
1110101001
0010110111
0101111001
1110010111
0001011110
0010111110
1010010001
1101110101
0001100100
1001100110
1010000010
0111000100
0010101111
1010101011
0000010101
0100111101
0100010011
0110001101
1011010011
0111010110
1001111110
0001010111
0101100011
1111111101
0001000100
0101010010
1010111100
0110010110
1101101010
0000110101
1011010111
0101000101
0010100101
1001111011
0010110100
0011001001
1001001011
0100111101
0001000001
0000011101
1000100101
0010010001
0000101010
1011010110
0011011100
1011011100
0011111000
1100010101
1100110101
0111010111
1110001110
0110010111
1000101101
1001000010
1100010101
1000100010
1000110111
1001101001
0000110100
0100001101
1111010110
0101001010
1101001001
0001101101
1111001111
1010111001
1000010110
0100111010
0101010010
1110110001
1110000101
0001000110
1011010001
1101011111
0001011101
1111110010
1110111111
1100010101
1011100001
0011000000
0010100100
0001010101
0110111111
0101110101
1010000101
1001110001
0100001011
1010110001
0100110110
1011101100
1000001001
0001000111
0011010010
1011101110
1011010000
0011100001
1001100010
0001010010
1101010101
0011101010
1001000110
0111110111
0010010000
1100000111
0010001011
0111111000
1100111101
0100001011
0010001111
1110110101
0110010001
1111110101
0100100100
0010001100
0011100010
1101111011
1100110001
1100101110
1111111001
1110000000
0010000101
0110010111
0111111110
0100100001
0000111001
0000101000
1001000010
1100011010
1111011111
1000001100
1001110110
1111001101
1111010000
1010110110
0111101000
1011100010
0010000011
0111111011
0000011101
0100001001
1000011001
0110011111
1100111000
0010001000
0010110010
0010101100
1010010111
1000011001
1101100110
1010001101
0000110000
0110011000
1110001000
0101011000
1110100000
1010010100
0110100101
0000101100
1011100010
0011001100
0110101111
1111011000
0111101001
1000001010
1100100101
0001000011
1110000010
0111110001
1111000100
1011110000
1100001100
1001000011
0011011111
0000111011
1010100010
1101101011
0011001010
1110111111
1010011000
0111010000
1110111111
1100101101
0111100111
0001101110
1010100101
0000100110
1101101010
1100100010
0011000001
0111010111
0000110111
0011100110
1100111010
1011101110
1101100001
0001100100
0111000010
1000000010
1100111110
0000001011
0010100011
0101000110
1001111111
0110011111
0100100110
1110100010
0100010011
0001001110
0001101111
1011101000
1011010001
1000100101
0011000010
1000010010
0010011000
1101110110
1100110100
0111011101
1110010101
1011001010
1001011001
1000011100
1100111001
1001111110
0010100001
1101110110
1101011000
1010100111
1001011000
1100010110
1111000111
0000101001
1101100010
1100001001
0100100000
1110000000
0000010011
1111001011
1001101010
1001111110
1010111111
1011010100
1110010110
1100011011
1101111101
0111011111
0101101101
1010111011
0110001011
1101110101
0101100010
0101010101
0000111001
0100001000
1110010100
0101111001
1000111101
1010111110
1000111101
1010011100
1101011011
0100001011
1011001010
0010111110
1101100110
0000101101
0011001000
0001111010
1000101011
1010101001
1101011010
0101111000
1111010100
0100001101
1000011111
1110110011
0000010000
0100100001
1000010101
1101010101
0110010100
1001111100
1101110101
1101010101
0011000011
1000101111
1000110011
1100101110
0100101011
0001001110
1111000111
1101100001
0001010111
0010011011
1000001101
0111010100
1110011000
1000100110
0110001101
1110111101
1001111001
0010100010
0111011100
0110001000
0110011000
1101000001
0000011100
0000001100
1001111101
1111001001
0101100011
1011111000
0110000000
0110100011
1111101001
1010100110
0001001111
1000000001
0111011100
0011101100
0101010011
0111111011
0110011000
0101110011
1011011110
1111011000
1100101110
1110000001
1001111110
0000010001
0111001011
1000110010
0000001110
0110111000
0001001111
1010010110
0111100100
1000110101
0000001011
1011111110
1111101000
0000111000
0010101100
0010100000
0100011010
0110000110
1001100100
0100011111
0111101110
0001100101
1100100001
0000001111
0101101101
1100001000
0111111000
1011100100
0011000111
1010101100
0101011011
1010101001
0011010111
0111110111
1100110101
1010111001
1000001101
1111101110
1111000101
0011010010
1100101110
0101111100
0010010101
1001110010
1111001001
1101100000
0000111110
1010011010
0101001011
0001110110
0111000100
0011010010
1001100010
1100010110
0111000110
1011101010
0011011011
0001110001
1001000111
0101111000
0110100101
1011011001
0100001000
1100010101
0101000010
1000111001
0110001100
1111111101
1011011011
1011101101
0110111001
0010000011
0000000011
1110100100
1110100111
1010110001
1101101001
0111011101
0001110111
1100100101
0000001001
1001011010
1010100100
0111110110
0110001100
1010110100
1001111100
0001101011
0111001111
0000100110
0111100010
0101100100
0100011110
1101111110
0011110101
0000111110
0101011010
0111010100
1010111010
0010111101
1101111100
1000100001
0110000000
0011101011
1111100111
1000100011
1000100100
0001011001
0101111011
0000000111
0110110111
1101010100
1000101010
1001100000
0110000011
0011011111
Time = 0.011s
