n = 16, k = 5, m = 170
Expect Resample Times = 0.36574
Real = 3
Result:
0001000000111100
0010001001000000
0110011000000000
0001000001001000
0110000000100010
0010100000000010
1000100001000000
0100000110001001
1110000001000010
0000010010001000
0000000100100000
0100000000010000
0100000000000000
0000000100101000
1000000001000000
0100000010001001
0100001000000000
0100100000010000
1100000001000000
0100000001000000
0000000000000001
0001000001000001
0100000000000100
0001010000000001
1000000000000011
0100000001100001
0000010000000100
0000000000000001
0100000000001010
0100100010001100
0010000000001000
0100100100000000
0000100010000000
0000000000100100
0000100100000001
1100100000000010
0100110000001000
0100000000100010
0100000000000111
0001100000000000
0000001010000000
0000100000000010
0100000000000000
1000000100001001
0101001001001001
0100000000010100
0110000001000000
0001000100010001
0010001101000000
1000000001000010
0000000100000000
0100000000110000
0100000000100000
0000100000000010
0100000000000000
0100010000000000
0010000000001000
0110000000101000
0000000010000011
0100000010000000
0000000010010000
0001010000000000
0000010010001000
0100000000000000
0000001100111000
0000100010000010
0110101010000000
0100000010010000
0101010000100010
0000010000011101
0111010000011000
0010010000100001
0000001000000100
1101100011000000
0100000100000000
0101000000000000
0000000000000100
0100001100000000
0010000000000000
0100000000000010
0100000000001000
1001000000001001
0101010101000000
1000100001100010
0101000101010010
0100000000000001
0100000000000001
0100011000000000
0100000000010000
0001001010000010
0000000000010000
1000100000000000
0000010011001000
0100000000001000
0110000001100001
1001000000000000
1100000101100000
0010010000000000
1000101010000000
0100011010011000
0100000010001000
1100010100101000
0000000000000010
0000000000000000
1000000000011000
0000000000000001
0001000101000000
0010100000000000
0000001000000000
0100010000000000
1011000000001000
0100010000100100
1010100000000000
0001000000001000
0000000000000010
0000010000001000
0100010100000010
0100100000000001
1101000001000000
0100001000000100
0000000100000010
0100000100100000
0000000001000001
0101000010000010
0000000111000000
0000000000100011
0111000000000000
0000000010100000
0000100000000000
0110000000000000
1000000010001100
0101000100000000
0001000110010000
0000100010001100
0000000010000000
0001001000010100
0010001000001000
0101110011100010
0000010000010000
0011010000001000
0011000000011010
1000010000010100
0010000000000000
0100000010000010
0100000010000000
0000010100000000
0000001000000100
0100010100000000
1011000000000010
0010000010100100
0100000000000100
1001010001010010
0000000000000000
0000100000100100
0101000000000100
0001010000110000
0011110000110000
0000101000000000
1001000000100110
0100000001100001
0100000000100000
0000000000000000
1010000100101000
0100001010001011
0010000010000001
0100001001001000
1101000010001000
0000010000100000
1100100000000000
0010000000011000
Time = 0.337s
