n = 10, k = 2, m = 49
Expect Resample Times = 0.519186
Real = 0
Result:
0010100010
1101100110
0001001111
1000000101
0011111101
0010100100
0000111001
1110100100
0111110001
1001010010
1101111010
0000110011
0000011010
1101010011
0100111010
1001111001
0100100101
1110000110
1101011010
0101110000
0101101000
1001001011
1100010011
0111011110
0011011110
1111110111
1011101101
1010101001
0010101001
1100011110
1111101110
0110110101
1110010010
1011001011
1001100000
0001101101
0010000111
0100111000
1000100111
1001110100
1110000100
0011100100
1111010001
0100000000
1100011000
1010110001
0000110000
1110001111
1001011001
Time = 0.001s
