n = 19, k = 5, m = 822
Expect Resample Times = 0.388711
Real = 1
Result:
0111110011000010001
0010001110111100101
1010110010101110100
0101100110000000001
0111011001001001100
1011110011011111100
1100011100011110111
1101100010010110111
1001111110011100011
0111000001010000101
0001001100101111101
1010011101000110010
0001110101110101101
1001001011110010011
1110101010000011110
0001000111001001011
1100111101101111010
1000101010101000010
0000111010110110111
1110100011111110000
1001101110101100001
1001100111111100001
1111110111010010001
1100000011100010001
1011010001111100001
1011000101100011101
1011100000001000000
0010000010110011010
1100110100100101101
0001010110100000010
0111111100001011110
1111011001010101101
0101100100000110000
1101000001010000101
0110111000100101100
0100111100011011011
0000101110001000101
1000110001111101100
0010010101100111000
1110110001001000101
0000010000100110110
1110001001001011110
1010000000000001110
1000001111110101001
0100011010101101110
1011100000100000011
0001110100000000110
0011001001110011000
0000100010101101011
1001100010000110110
0000101110110101001
0001010101010010100
0001110010000100010
1010000011100110010
1000111100111111000
1100010001001010011
0001000110110010001
1111111011100000010
1101001100100100011
1111000101000101101
1100110001111000110
0101111110000110100
1111101110001001110
1001101100101010010
1010101101111000101
1001010110111111100
1101010010110111011
1001100100101010110
0001110001000101100
1011111011110000100
0000110001100010101
0000101001011110000
1111001001111001011
1100000111000101111
0110110000111000010
1001101100000010011
0010101011001001110
1100000101001101001
0000011101001111110
1110110101001101110
1110110111011011110
0010111000101000101
1000010110010100101
0001110110011011010
0100011110101101000
1100111100100000110
0010100001011001001
1101001111000111000
1010111001001101111
0110010100110111010
0101110000000001110
1110111001101001001
1101101110010001110
1100110011000110001
0000000110001010000
0001000101010100011
1011110111010011111
0111001111111000110
0010110100111101001
1010011111110001010
1011011111001100110
0101100011100010001
0001110011100011001
1000001100001011110
0011100010110011111
1100011101010101111
1011001001011100110
1001010011000110011
0100011101101010100
0010011000010000011
1111100010100000100
0101110011000010000
0000101011101001010
1110111010111110010
0100001101001001101
1001100001011110101
0110111111101100011
0100101111110110011
0100011101111111011
0000101101110111000
0010100011110000010
1100000000100010110
1011001101010100010
0110000000011001001
0101101110111111111
1001100001010010001
1010000101001101101
0011111101010110001
0100111101101111100
0000011000101100000
1110011111011100110
0011110110001101111
1101011001101110011
0000010011011110111
1000111010100101011
1011110100000010000
1001111010100010011
0111101010011000101
1001101100010101101
1101010000100100110
1111101010001111111
1100100011000001000
1011111100101000011
1111010001000010011
0011001101101111001
1001011011101111001
1100100001100000100
1011110100110101100
1001000111111101110
1011010111011001101
0111100100100010000
0111010011100110010
0011110011001101111
1101010011100000111
0111010110011111111
1100101101001001110
1001000001101011000
0001110111100101100
0100011110111000100
1110110010011011110
1011110101010110101
0111110001001110011
0110101011110001101
1000000111100101010
0100111000111010000
1010010101101000011
1010011101001010001
0101110110100100010
1110011111100101111
1110001011000101111
1110110111111000011
1010100011111001000
0000111100001101100
0111011000111010001
1011100011010110110
0001111001001101001
1101000011110111100
1101011000000011010
0111010100010011100
1010100110000011000
1010100011100101010
0001000100001011010
1100100000111110010
1111010000001111111
1010101110000110001
0011101100010110110
0010010000110100110
1010101000011001001
0100011000101100010
1101111101010001101
0010111101000110010
1110011101011100110
0011010110010011000
0101010111000011100
0101010101010110111
1000111001001011000
1110100010011000111
0001111011101100110
0101100111000000011
0100000111100001100
1111100010000110001
1101000111000011110
0111100100100100101
1111010001000100101
1100000111110100010
0001100011001010110
0010001111110110011
0000111100001111000
0110010011100001111
1010011110000101001
1111000100011100110
1011101101111110010
0111011100110001001
1010110100010110000
1100101100000000100
1000111110100001001
0101110100000101001
0110011010100000001
1110100010100110111
0000001110110101111
0100111011011011010
0001110011010000001
0110110010010110000
1101000010101011000
0011101010110110001
1101001110110100111
0001101110100000001
1100011101000001001
0111000000011010100
0111001001101001011
1010100000101101111
1011011000010011010
1110101110011000110
1000001010011000011
0010000000001011110
0011110100111100111
1010000111111101010
0001110111100110001
1000011001100000111
1100000100011000001
0010110010101001011
0010000001010110011
1111100100101010110
1100111011010100001
0111111111001100001
0011000010100000000
0000101100110011100
1000001111001110101
0010100110111111001
0111001001101011101
0110100000001000101
0101011100100100010
0111001101011001011
1100001001001010110
0000101111101101010
1011000000111111001
0101011111000010011
0101000111111111110
0001001110001100101
1111110011001000100
1111111101001010011
1100110000011011001
1000001010111010000
0001110000101100001
0010110100100110000
0100101010100110110
0101011011110011110
1101101110011001001
0110010011010001100
0101100110101001111
0000110011111011000
0110011100101101111
0001111010011001110
0000111111010001101
1101101010000101111
0100010001101010100
0101110001001101000
1010010010010010110
1011111001110111011
1000001110100101101
0001010101000101110
1101101010101101011
0111110000110101000
1101111110011111011
1000101100110111001
1101011001111100100
1111011110101110101
1001100011100110000
1010110001001000100
0011100101001010100
1110010001001000101
0110000110100001110
0010100110100011011
1111101010101100010
0010101110100100010
1110000000010110010
0001111101110010011
0011110010101001100
0111000001001011111
1011001101110111001
1001101000010010000
0100010001111001100
0110101010111111000
1111011010000000011
0001110101011000010
0101010000111011111
0010110101110100101
0000111011110111111
0110101110011110001
0111101101001000111
1110011110000011010
1000100111011010001
1001001010010000000
0011001000111010110
0100100010111000001
0011101011101100011
0011100111010101010
1101111101100111111
0111011111111110100
1100000100011000001
1000101001101111000
0100001110101101001
1010101110010100010
0101110000010001110
0001100110001110000
1100111100110010100
0000011001101010101
1011100000000000110
0101000001100001010
0100011010001001011
1000111001011001111
1101111111100001011
0110111000001110100
1001110001100010011
1100110010101101110
0100000001000111001
1000110101000011101
0000011011000001101
0111011000111111110
1111110000010111110
1010010011110101011
1000001000111101010
1111101100110001100
0011101101000111111
0010011011100001010
1111101001010000000
0000000010010000001
0111001011110011111
0101101101011010010
0011101110101111111
0111000101110111111
1111011100011000101
0000110110001010011
0100001011110001101
1011110011001011000
1111000010101110101
0110110011111100101
0100000011110110101
1111001011101010010
1010001101001001101
0000101100110110010
0100100110110110110
1110100000011011011
0101110110011011010
1010010000011111100
0001101000000111011
1100110100111111011
1001101001100011011
1110100101100100010
1111110101011101100
0101001101110011111
0110010001100110000
1110110000000011010
0010111001111010000
0110000011101010000
0100110011010011010
1010111111000100101
0010100111100111000
1010000100011100110
0110101001000010011
0001000010111001111
0011011110000111101
0001110010010110011
1111110100100000101
0011011110011100111
0011101101000000111
1001001111000111010
0111001011010010110
0010100000001011101
1101111000100101101
0000100000010011101
1001011110011101000
1011111100001101111
0100100000110110010
1110001111000001010
0100110001100000101
0111110000111011001
0111110001000011101
0011000100011000100
1001110010110101101
0101000111111011011
1010110110011100101
1011000011110100000
1011011100011011110
0010011101000000000
1110010010100010011
1000011011111110000
1111011101011111001
1010011110010000001
1100010100010100100
0111100011100000001
0110111011010110011
1100011111001010011
1111101111111010011
0011001010010100010
0101100111111010000
1000111011100001001
1100010001100010011
1110101110111110101
1011010000000101101
0000101001100101111
1010100010101100111
0000101101101110100
0100010001000100111
0100111100110001011
1011010111111001010
0101011100111000000
0100000101111100001
1000101110101001100
0111001111111101010
0011001100010000001
1101110001001011111
1000100010110101110
0000111101111000010
0100011011001101001
0111101101001100111
0010000111110101001
0101111010110101101
1100001011011001000
1100000011010010011
1010111000010011001
1111000001101110010
0011001000110111010
0110111101111100011
1011101111101010101
1100000111100101000
0101011011011110100
1011100111101000110
1011011110111011001
1111010000110010001
0110010010101100101
1101101001101111000
1111111110000111000
1001001010110011001
1011110000101101001
0110100100110001011
0100010110011001011
0111100110100110011
1011111010001001101
0001000011000011101
0101111000010001001
0001100101001000010
1000110111100001011
0001101110111000101
0111111000100110110
0011011111001010010
0101011100001011101
1111001001011100010
1011010110010110100
1001000011001001000
0100100001001100000
0011000010110000010
0000110110100011010
0010101000010101100
1001001101100011001
0110110000100100110
1010100011001000111
0011000110111001000
1000101000011100000
0011100111001000000
0101100101010110110
1011000110100001110
1111011111110110001
0001101111111000110
1010011000100111110
0101100000101111011
0101000110111010101
0000111100001100001
0110000100001011001
1101100000111000111
0111011011110101011
1110011101111010010
0111100011000101110
0000101110100000010
0111100001110010010
0100110011111101001
0110101110110011010
0111100010001000100
1111001011100010010
1011010010111110100
1110100011111010111
1000001001101101101
1001111111100000101
1000011010010001111
1101000011001110110
0100110010101011010
0000001001001100110
1110011011101100111
0100001000100100111
1111010101101001010
1110101101011111011
0011011010111101011
0100011101010000100
0100111111011011011
1110110110001111110
1011100011000110101
1101110010001001110
0010110111000101010
0111001000011000110
1110111110000101111
0111000001101110111
0110100111010101010
1001100111110111101
0111011000001100000
0010111101011010011
1000010001101100000
1011101100011101010
0011111010011111000
0110010011111111000
0001110101110000001
1011000110110010111
0011000010101001111
0000001101100110011
0001000000010111011
0001100110111101001
0010111100111010011
0110010111010101111
1011111110011001011
0101000000000111101
1101110101100010001
0101100010001010100
1110011001110100100
1101110000110101010
0101111011100100010
0000110101000111111
0100010110001101010
1011100111110010101
1010111001111110000
1000110111001001111
1100011111110010111
0111101111001100110
0010111010100101000
0000000010111000001
0110000011111111001
0111001100001101010
1001001100001010100
1001001000000010001
1100011011110010110
0110011110010110011
1001111001101100100
0101010001100010011
0010001000011111010
1100110010000001101
1000010111011101011
1111010000110010011
0110000111111110101
0010100000000100001
0100111101011110110
0100010000001011111
0000010011010001000
0011100011101001001
1101111110101111101
1011010011110001011
1000011001110111010
0000011111100111100
0111011110001000100
0011111011100111000
0000101111010110001
0011100000011010010
1100010100001001101
0010010100000010001
1000111101000001101
1010001110001111111
0100001100111000010
1100011101011111111
0011111101110110100
1111011000111100010
0110111110001001101
1101000101101011011
1111001000001100010
1110011100101100111
0111110011110001010
1000101010001101011
1110100101001101111
1100001110100001100
0101010111111100011
1001111011011111100
1001011011000001100
0010000011000101011
1101010010001111110
0110110111100111111
0001011110111010000
0001001011000101010
0010010000001110010
0000100000110111110
1100101111001110110
0100010001010111010
1011000000100011000
0011110100111000100
1001110011111001100
1010111101100000010
0011010111001111110
0111000001001001010
0011101110100101111
1100111110010111000
1011100101100100011
1001111100000111110
0010100011101000111
0111100101110111110
0011011000111011001
0110010101011001100
1000010001101110101
1101000011010011001
1111100011010100001
1010100001110101001
1010010111001010101
1011010101010011001
0000110101110000100
1111010011010001101
0001000100111001011
1001101111100011110
1110111011011001101
1001010010011011000
1000101111101111000
0010100111100010010
0111011001101100101
0011110101010011101
1000110110111011011
0101110100110010000
1010001010011001100
1011011110100111110
1000010001001001111
0100110001001011110
1101111101110001010
1110110111010001111
1000011111011111011
1001000111011110000
1101110111100110111
0000011110000011100
0110011110110110000
1111000111101110100
1010110011000011000
0110100110110101101
0100001100110110100
1110110001100010100
0000100001000010010
0111110011111000110
0111101011101111000
1010000111011001111
0011100010111001100
1110010001001011010
1011001100000001011
1101010101111000011
0101000110100100110
0111011111000001100
0001101011111011000
1110100100111001111
1100100001011001100
0011010110110000111
1011111000101100001
1001100011010110001
0000110100001111011
1111101000101000011
0100111010110111100
0110011101001111100
1011100011101000000
1110001011100000010
1110011010000110010
0001101111011110101
1110011110000111001
0011010010110000100
1110101000000100100
1001011001011000110
1010110100010011100
0010010000100000010
0111111000100011001
1010110100100101000
0001011110010100011
0100110101001001110
1011101101111101110
1000110101011001011
1110001010011111000
1101011010001110000
1110010000111000011
1101101000010010110
0001010111011010001
0101011010111111010
1010011010110111011
0010001111011001101
0110001110011010100
0101001101001101101
1011000000001011111
0110011110001001000
1100100100011110001
1001111011011101000
1011111001001001011
1010101011111011011
0100001010100000011
1110001100000011010
1100111011100000101
0010111111100010111
0000011110010000001
0101011001001100100
1010001001001000100
0001010101011001000
0100101111111111001
1110100010011111010
1101110110100011101
1110001100110100111
0000100111100011110
1110011111110101100
1100001000000101010
1001011001110001111
1011110101111101100
1000000101001111011
0111010110010000000
0000001100011010001
0101010100001000101
0100011101000010000
0110001110000110100
1001100001100000100
0011010110101001111
0101111001100110001
1001111010001111101
1011000100000100001
0111100100010111011
1111110100000001101
1011100000001101100
1101101101010111100
1000110011010100100
0001010100111010110
1110100100101000111
0011110001010100010
1011011000001111100
1001000011100000110
1100110101101000001
1011100000000010000
1000111000000010000
0100110111111010000
0010100010100111100
0110111101111111100
0000110011110100111
0100000100111100000
0111111010101100001
0011010110110001011
1111100010101011101
1000101000111111001
1111010111101011110
1111011000101011011
1000001101100000101
1111101010001011010
0011111001000010101
1000001001110100100
0101001111100011110
1100000101010011101
1111011101111011000
1011011001101001111
1010011010000101000
1000111101101000001
1111011110101100000
1010110000111010100
1110110101111011011
0101101101010010010
0100101001001101000
1001010100000100001
0001000000111111000
1110010101111001101
1100111000001000111
0000001011100011001
1101101010011101111
0111110110111100010
0111101000011000100
0001101100111011101
1011110111110101001
1111000111101110010
1110010011010011011
1101000111010010100
0001011100110010100
1100110010111110011
1011011111111110001
0100001000010110101
0110110011101110101
0001011011110110101
0000100110000101011
0110010010100011000
1000001001010110101
0110011110011111110
0101101001010010001
0111011101000111110
1000010010100101100
1011000010110011101
1001010001010010100
0011101001100010011
0001000001011001010
1000100001110101000
0100010000101000000
1001100111111001101
0101101000111010000
1100001101111100110
0001100010010101111
1001101011011110011
1000011101000000111
0010011110010011100
1110001000110010010
0110000100101011110
0001010110010010110
1010010010110101100
1110100000101001110
1000011101101001101
1011010100100001101
0010011101101011011
1111100001011101011
Time = 3.713s
