n = 13, k = 3, m = 79
Expect Resample Times = 0.429019
Real = 6
Result:
0001000000000
0000001000010
0000000001010
1000000010010
0001001000011
1000100001010
0000010001000
0101100000000
1001001010110
0000010001100
0001100100100
0000001010000
1101010000001
1000001101100
0000001000011
1000100110000
0000000000000
0000000010000
0000000000001
1010001000000
0000010100010
0010000000101
0010001001000
0110110000000
0000001100000
0111000001000
0011000000000
0011000010001
0100001000101
0100010100011
0000110001100
0000000100100
0000001000010
0001000000010
1101001000010
0000100001010
0000100000011
0010010100000
0001100000000
1111000111011
0110001001111
0000111000000
0000001111000
0010000001110
0000001001000
0000010010010
0000000100001
0001011001000
1000001011010
1001110001000
0010100011000
1000000101110
1100001001010
0001000011010
1001000000000
1001011000110
0011011010110
0000010000010
0010001100010
1000001100000
1100001000001
0000100000000
0000000000000
1100010000010
0001001100100
0001010110010
1000101000010
0000100000010
0110100010000
0010000101000
0000000000000
1000001100100
1010100000011
0010000000000
0101000001100
0100001000010
0001000100110
1100000010000
0010001100000
Time = 0.019s
