n = 12, k = 4, m = 109
Expect Resample Times = 0.356215
Real = 2
Result:
000011101000
000001000010
000000100000
000110000000
000000100000
010110001011
000110000000
110100001110
000100001010
100001001010
001001001010
000111010010
010100000000
001111000000
010010001110
001000001000
100111000010
110000000000
000010000010
110100100000
000010000010
000000000001
101000000000
010110011010
000100000000
000010000010
101100100010
001000110010
010100110000
000100000011
010000000100
001011000100
000101100100
000001000001
100010000010
001010000001
000100001010
000000010100
001010100001
001010000001
000111000010
100000000101
101000000000
010001101010
000001010000
100000000100
000010110001
000011010001
000001011100
100000000001
000110000000
000100000100
000100101000
000100101010
001100000010
101010100010
000000100011
001111001010
000110011001
000001000100
010000000010
001110000110
010010110000
010001010010
000010001000
000010000011
010100010101
000100001010
000110001010
000000000011
000100001010
000000000000
000100110100
000000000010
001100000010
100000000110
000110000010
001000001011
000100101000
000000000100
000100000000
011000010011
011000001010
000110000010
000100000011
010010001010
010110000000
010111100010
001000000000
101110000010
101100000000
100000001000
100100000010
010110000000
000011010001
100110110011
000110001010
010110000010
000000000010
000010000000
100011001100
100000010000
001010000001
000011100010
101101010110
100000010010
010110000000
000010000000
010111010010
Time = 0.016s
