n = 11, k = 2, m = 51
Expect Resample Times = 0.54638
Real = 1
Result:
00010000111
11010110111
00001101111
01001001110
11001000111
10100111100
01011001001
00110000010
11001100011
11100000000
00001010101
10001000110
00111001111
10101110011
11011111111
11010100101
11010100110
10011001100
11101011100
00111110101
01111100001
01001000111
10110001000
00111101101
00110111101
00110101010
00001110111
00100011100
00110010001
01000000111
10001110010
01100010100
10101010011
01100011100
00111011101
10101011001
11010001100
11011000111
10011001101
11011011101
01011100101
11100111110
10001111000
11101011110
11100000011
11011110111
11010100101
10101101011
11110111010
00101100000
11110110111
Time = 0.003s
