n = 9, k = 4, m = 235
Expect Resample Times = 0.36253
Real = 0
Result:
110111010
001001111
011111011
011101101
100101011
010100010
111110110
010111010
011101010
110001001
000100000
110001110
111110100
010010110
000100111
011000111
100110110
100110000
100110100
001000111
101110010
110101111
101100001
111110001
101100111
010001011
001100010
000100010
000100101
000010101
110001011
100101011
111000000
111100111
111000010
111110001
001111101
001110001
011111011
001100001
110110010
011110010
110101000
001001001
100001101
000101101
010101111
110010001
111011100
000001010
100110010
100100111
110100011
001001110
101000111
001111001
000110000
101000100
001111010
010000100
101001111
001011101
010010010
110111001
100110110
101001001
011111111
010010100
110001001
000101001
110011010
010100001
011011110
010110101
010101000
001011010
010001101
110010001
000101111
010001110
111100110
010100100
110110001
011111100
011110110
111101000
000110100
001101001
011010101
111111110
010101010
000101010
100110011
111111010
110110101
000000110
010010010
000011111
110001110
001001001
000110000
001011010
000010010
010111010
110001101
111100110
011001111
010110110
110011101
010011000
001101001
111100000
110101011
010011000
000011000
001011111
001001001
001000101
001111011
010101100
010101101
101101010
000011010
110001111
100110100
101100101
010101111
111101101
001110000
000100001
110110001
000111011
110110001
110110101
101001100
110100101
111001010
111111110
110010001
010111000
101010011
000001001
011100010
010111001
000101000
000100101
000111000
010010011
000101010
010010011
010000111
010000110
010100101
011110000
100101000
100010101
111000000
100010000
001111111
011101000
000101101
011011000
001110100
110100110
100001101
010001011
101011000
110010011
100110000
000010101
101101100
010011110
010011111
101110010
111101010
001001100
111010110
111101100
010001010
001100000
110110011
111000110
101110010
110100010
001100110
010010001
000100011
010000010
110001111
011111011
010111100
001100011
100101011
100000010
101011001
000111000
010101000
000000111
110101001
100010000
010010110
000111011
001010100
100111100
111100111
110000010
000011101
100100111
011010001
011000000
000000000
011110101
011111000
100001100
101001101
001100111
011000101
110111001
010101100
000101011
010100011
111110110
110011100
011100000
010011111
110100101
000111000
010110001
101011110
001100001
101110100
101010100
011011101
110000011
100100010
Time = 0.004s
