n = 18, k = 7, m = 3517
Expect Resample Times = 0.368133
Real = 1
Result:
100111010010001101
000101111000001001
010100111101101011
111110100110111001
110100101011111011
010010100100010001
001000001100100000
000111010001000000
010011110101011001
111101111111010000
000011111101000111
110000110110100101
000101111100000011
101000001110000000
011111111010110000
100100010111011110
001001011001101101
010010111011011011
011011000111000101
100011111010010000
000010111001101001
101100010100111100
001010001111011101
001100010100010010
111000110001100100
111011111111001000
011001000011010011
101010100110010100
111011111010100000
110010000011101010
011110101101101101
110100111011000001
010110101100010111
011001010110000001
011010000000101111
001000011101100110
100010010111111101
000010000101011001
101001000111110111
100111001110001000
001110111010110100
000110110110000000
001010110101100110
010000011011110101
000110010001010001
001110000110110100
010010100001011011
100011011010110010
011101111011010010
000101010001010111
010010001110010101
010111001011100101
110101010011100111
111111001000101110
101100011110000001
000111101001111011
110110010100101011
000110011111101100
010010001111010010
001011001000101110
001011100111101000
110111100000001110
111111101100001010
000001000000001101
001000110101110111
101011100000010000
100100011111011110
101110101011000011
111000101110010010
011000010100100011
010100111011001110
101011001001000100
011110111011001000
101001011111001101
100000001000101100
100001100000101111
010111000101001011
011010100010000010
010110101111001111
011011111001001101
111110110111101110
011100100111001011
001101100111011100
011000000000001010
000100100111001011
111100011110110011
010000101011001000
011111101000110011
100000100100001111
111001101010111001
010000101011111001
001011110101110111
111100000100000010
111111110100001001
000001000111110110
100010110001111011
110110111110111111
100101001101000100
001011000100110100
010110001011000000
101101101100011000
110001001101100110
000101110011000000
011110011110110111
011101111000100010
100111000000000011
001001100101111100
100101110000001110
111100100001011010
010111001101101011
000101001010100100
010100111111100110
110010111010110000
001110010011000000
010011001110011110
100101001100111100
101111100110111011
001011101101001001
001011000010110010
101101011100100111
111100010110110101
110001001000100101
111011011011011100
111111100010110110
110100010001111000
101110100100110010
110110110001101010
111111011111110101
001110010101001000
111110001110100000
110011000000110111
001110101100111100
001001000100000101
101001111110111100
011000101010011110
001111111001100001
011000000000010111
001001010001011101
100010111101000000
010010000001011001
111110110001110011
011001010100011110
010111001110111001
000000000100011101
111011010001010011
111001101011011001
010101001100001011
011110100001101001
100010010100011101
111100101000101010
010100111011011111
101000010001100101
111011001001111010
101100101000110011
011000100001011000
101010010110010000
101100010011101010
111110101000111011
100010011111111000
111010101110100011
011101011111010100
001100110111011001
000011101011111111
101111111010011100
010000111100101000
011011111010111000
111010100011001110
100100000001101001
100011101110100111
001101111011101001
111100100110000001
001001100111001011
011001010100111000
000100110111001100
000110001000011001
111011010011000111
111101000010000110
010100001000000111
111001000011100011
101111011110110111
011001011000011100
110000011110111101
100111111001100111
100100010011110010
000111111011110111
011110010010111000
000000000110011111
110011011111111011
000111110100001100
001111010101010000
111000111000000011
000100001101111100
100000000100011110
000010111110010111
010000111000110101
110111010001010011
101101001100011110
111101101001100011
101011011011111100
101001100011011010
111111110100111100
011110011001110000
010101011100100111
100011010111111000
011100111100100000
110110011010111000
100110110110000110
011011100100011010
000101000011111011
110100111101110110
110001100001011110
011101111100101100
110001011001101011
000111000110010111
110000111101010001
101000001010100111
010101111001011011
001101111011101111
110010000110000111
001000111110110011
000001101101001101
100001100111100101
010100000111011001
110110000010110101
001010110010000110
000010111000111001
001001101110101100
100001010011101100
110110101100011110
100011011100000101
110001000001001100
101001001111101100
101010010000110101
111101100111010001
101011011011101110
111010110100011110
011010111001111000
111100001110000100
011010110110100000
100000001001001110
101001011110010111
100101100111111000
001110001011101010
110101100111011110
110011001001111010
111100001001001011
001001110111000010
010011010110011101
001001010000110100
111110000101111011
001110100000000000
011101001100111110
011111011001011100
110110101100010110
001101110101001000
110011110000011011
010100110000000111
001100000101101010
111001011100110101
100010010010001111
010110000001101011
100110111101110001
100010001011100101
110101011011101100
000000111010001000
111011000100000101
001111111111100101
100001101000101111
101000000100000010
001010001010001100
111001010010110110
110100101001110010
110100111111100111
010000011000010010
000011110010101111
001100010010100011
001110010110011100
101110110011000110
001100010110110010
101110111111000100
010011000110110110
111010010001101110
001110101000011101
001001010110011001
101010100101100110
110010110000111111
010100111010100110
010100110000110100
010100100110111001
001001111111011000
110011011100110110
100111000100000111
010010011011110010
001001001101111000
101110111011100101
101111101110111100
011011101011001100
010101110110101101
001110101001011101
100011100100000010
101011110100011111
010010010111000110
001010100100010010
101111110000010110
000111010010101111
100011010111001110
101101111011101001
010111110010110000
011110010001101001
111010000111111010
111001001001100101
010001100100011011
111010111110100000
001101101110100101
001100000101111011
010000100000101010
001011001001100101
111011111101010010
110000000110011111
010101011110011011
011101010111010011
100000001001101110
011111101010100110
011001100011001010
000010011100001010
001111111011010011
000101111111110000
001110010100000101
111110010000001000
000111000000100100
101010000100100101
011110111001011011
100100110001101000
011111101110111101
101110111000111101
101010101000011000
011110000111010011
011001000111000110
010000010011011001
010011011011110000
110101000011100100
011110010110001111
110001110100111000
110100010100101010
010110111100000000
100001100110101001
110011110111111010
010101001010110000
100111001010100111
101011011000000011
100110111101000001
110110011111000010
010011100111011101
000011100101101111
011100100110000111
011110110100001110
011110010000101010
011010000110110000
111011001100100011
100000000101101110
100110111111011000
000000111100111011
001000010001010110
010110000000010101
011110010011011101
011101000100000100
111011010010001101
011110011011000110
100000111101100101
010011000000001111
010000101011010111
010000000110110101
011011011100111111
101110100110001100
001000011110000000
110010100101010110
011100010011110100
101101000011011011
011010011010111010
100100000000011100
111110110001001101
010100101100000111
101011100110011011
011101001110011111
010100000000101011
010110010110000010
111111101111010011
110000000010000100
111111001101101011
110100001011000101
101110001101111100
111101010001111011
001000001010001100
001000111111100011
011110100000001001
001110010100000011
000101101011010100
010000001101111001
011011001000010100
010010011101101100
010001001001100001
000011100100100111
111001111111100110
010110010011010100
101111001101011000
001011110000100011
000000001010100000
101001011001000110
100000000111100001
001111101101100101
010101101111001001
001101101101100110
101111100000010011
100000100100010010
100011111011100000
001000000001011001
100101000011010010
110010000010111001
011111010111010001
100000110011101110
001000110011010001
001011010110100100
111101110111011010
001011011100111001
000010000111110001
101000100000100010
010101111110000001
010100101110001001
011001011110110111
111011110101011010
000000010110001111
101110001111011001
010000000111001111
010101111010110001
011010101101101110
000010010000000101
000100001010001100
000110001100010111
101001110010100101
010101001111110110
000001100111001111
110010100111110101
101100101100001100
001101011001111100
101100111000000111
010011000001101011
110100110010110001
000100010000001111
001101000001001100
011110001001000011
101000011111010010
100000101011001000
001011011110111000
100101001110000101
001011010101010100
010001001110011100
010100100011100011
011100111110011011
100000011100111011
010111101100001100
010011001011011100
001010110111001011
010000111100000010
111000100001000000
011101111100000010
100001111100010000
100001010010000000
110101010101000011
110101010001100100
100111110111111011
110010000001111010
001110101101111100
010001011011010110
101010010111101011
001000001110001011
001000110100101000
000011100100100101
010001010111101111
101101100101111001
001001000100011010
011111111011010000
111001001111011110
110100111010111101
000110111100100100
001111010111001101
010000101011010101
100000011001001000
000010000110011000
110111101100001110
100101110000011000
111111110111000101
001001110001000111
011100110001101100
000110010001101010
111011000001010001
110001010011110011
101000111010010011
100010011000110000
000101000010011111
110000100000100100
111011011110111000
011010010100000001
110100101011110101
111001111101101110
001001000010000001
111000100010101101
011000100001110101
101100000101001100
100111000000000001
100100011000100011
001110100110000000
001110110111001011
011100001010000100
111000100101010011
110101000000010101
001010010100000101
101100011101111100
001011001001111011
100100110010100001
110101000111011100
100001111111010010
111000001100010101
101000110011011001
010001000000011001
011111111100000000
010011011111011110
100010111000011000
011011100000101111
100011110001111011
101010110100011001
110001011010111010
111011101101101010
110000000010001010
010010000101010101
001110100011000111
001100111011101100
110001101100111001
001111001000011010
001110111101000110
001110000000111010
011100000001110100
011100111001101111
010011000101111011
010100001010101000
000100100100101011
111001100010101011
110110100100000001
110101111111100011
000011001100111101
001001101110100000
110010000011011000
000010111011101011
110000101011110001
101111101000111110
101010111111010110
001001000110011011
111011010100101110
100110101001100010
001010110010111011
110100110001010100
101001010100101111
010011100101101001
010100000111100011
010001011101110000
001101111010011100
111101111000010010
001011011100010111
111110011010011110
010100001000001011
001111111001111000
001110111100111000
101011010000101111
011001010100011010
011111001100100011
000001000110100100
010001010110101010
000110111010111110
111011111001101011
001111110110010000
111011000111010011
001100011010101101
100011100101110100
001011010101011101
101000101111101000
110100100100101000
101111010011000000
111111100000110010
011101110110010000
001000101001111100
000110111001010000
011101111111000001
011011010011100001
100010010001100111
100110010011001000
000010110110100100
010110011011111000
011000101001110000
111110000101000101
000111000101010010
001001010011111100
010000110011101011
111001101000000000
101000111101011001
001110011001111000
100110110000110111
101001010110111011
110011001011000101
111010011110010001
001101100010101111
101101110100111100
001110010011010100
001110101111101111
001100010010010010
010000111110101001
110010101101110100
110000010110111101
011101011011111000
110010100110100011
001010010101101111
010011000010000001
111010011110100100
111111000011111110
011010100110101000
110111100110101100
000111111101000101
011111111111110100
000111011110001100
111010101010111000
011000111110001011
001110011000110101
000111000100111111
110101111111100101
111000110010010001
010101100101111111
111100001000000110
010110100110111111
101110000010101100
001110001111001011
000111011011001111
110110101001110010
010100001111001010
111110111010001010
100000001101101010
110001101110001100
001011110111000011
101000000011111001
001001100100110110
101111001010000000
100100011110001001
000010011100111001
010111010000000001
100110001100010011
010010000011001001
110111011110010011
011001100110110110
000001101101111001
101011001001101110
011010110101110100
011011100100100011
010100011101111010
000010011010100111
110000100101011000
101010001111011111
011011111111111110
101011011010001101
010011110011001110
100000000001001001
011001101010111101
111001101100100000
100101010011110100
010111101110001001
101110100101011101
000011111000000001
011100011100100110
111011010101010111
000110010011001101
111100011111110010
010101110110100111
101101101111101110
010100010110111011
101110110110111101
110101010100111101
000111001010100000
001011101100001010
001011100110111100
011001111100100101
010101110000000001
001011001110011100
010110010000001111
110100001010110000
010111101110001100
111010111100010110
011111101000101011
100110000000111100
101101010111101110
111000010000110000
111010010010000000
101010111010111111
000011111100000001
010010011000011110
010001100011111000
011110011000010000
111010010100100011
101000000101000000
111011010110110101
100010011000110110
111010010111111001
011001101011110001
101010011001100101
010000010001111011
001010010000001110
001011100010100100
010010110010111111
101100000111100001
111101111001110111
010000101100111110
101000101101101100
010001110011110101
011000100101110101
111111100110110111
111100100101000101
101010110001110000
010111110000000110
011100010101000001
110100001001010100
101001110110100100
110111101100111010
001011011101010001
010011111000111110
001110001000101001
001011100101100111
111100101010111001
111111011111001110
110100011110111110
001001100100110101
101110000100111000
010101100011110000
111101101101101100
000101100010101101
010001101000100100
010011001001011111
110100110010100110
011101110100011010
010000111001011100
100001100001101110
100110011101100011
110010001111111111
001001011000110110
000001101001100100
010011000110001001
100101111111000010
111010010000101011
001011101111101000
110000110000110001
010010010101100000
100011001000010101
010010111101101000
111110100100000001
011111011000101001
000011110111001101
111111100101001101
101110011110010100
011111001100001101
100011110110011101
011110010111100011
111101100110110011
011111001101110111
011010000100110101
010010010110010101
100000001001111000
000111000000001010
011100110111010001
110110011100000111
011101010011011001
100101001001110100
100001000010010110
100111011000010101
001110101011101010
100000100111111011
011010110101101101
000101110010010010
101101100100101011
100101001000010010
101010000011011111
001100101000101000
011110011011000010
010000101101001101
101110010010101011
111110110000000111
000111011001001100
001010010101000111
100010000110110111
110001100101100101
101001010011011100
010101001111111111
011111110111110010
111000110110111011
101110000110111011
111000001011100111
010100110001111100
001100110110111110
010101111011001010
000001100010000000
001100101110001110
101111101011110001
000111010001111011
010001111010101000
101100111100100111
100100111101110011
100101110001010110
111111000111001100
110001010010101001
110011100000111101
011001001000100010
000100110001011110
110011001111100001
011001100000001010
001110101110100001
010111101010000100
010010111100110001
111001001110110000
000011011100100111
100111000111100111
010111000011110011
111001000011000000
001110100110100111
001110011011111100
010100011000000111
111010001001100101
001100001111100100
111001110010000010
101100010010110101
111010000000000000
100100101100010101
000010111101101010
110000011000001101
011011111110101010
110101001101011011
011100010111010010
010010010111011000
100101110001100100
111100101010011101
010000110101000101
110100111000001110
010010100101101001
111110001010000111
000010101011101000
000010111001001010
110010101001000110
101110101010000111
010011110110000011
001010001100001111
011100011011101110
001110101001001111
011000001000010000
010000101100110000
010010101010010000
110111111111001000
010111001011110100
010100101100011000
001110110111010101
011100101010001101
100000101011000111
010011011111100000
001011010000100111
011100111011001110
111100001011001011
000100000001010100
010010010010111011
101000010001001010
101101011000111001
011000011110000110
000110111010100011
011011010111110000
001001010101001100
000011011111010111
101010010000001111
010001001111011101
010110100000011010
001000101111001010
000110000010111011
010100001000110101
110111010110000101
111111101010110110
001101001100011100
010011011010000100
110010010001110110
010011001000110100
011111010111110101
111010111011010000
011110111100011111
110011110001101110
001000010000110010
111100011000101111
010000001011101111
111111010101111111
000110001111101101
100110101111101111
011101000111111110
110100111101101110
111001111101110010
000000011010011101
101111100101110011
000011001011000001
110000101011010110
111010001001111010
000101101000010100
111100101111100011
011011001000110000
010111111011111101
000100110001000011
100001001100011011
100111101010100001
111100000110010011
000111110111111110
010110100100110100
001110001101010111
100000101110011111
110110011101111111
111001111011000101
101001111011010000
100000010000011001
000111111101001010
110011011010111011
101101101111101111
011010101011101101
100101111111111100
110001000010001011
010010010110111001
000001100101010100
100100111100100000
101000111111110101
101010111100101111
100101110010111011
100111011011100100
100011111111111001
110111100110010100
101101100110010011
010101000110000000
011000110000111101
011011110001010001
101011100100111101
110000001000010011
000111110111011110
011010010010001111
001111100111111111
001110011000100010
110001111000011101
000110110101110100
111100001101110000
110001000110101100
000100100010001110
000111100000100001
101111000010101010
011101101001100010
000110100001001111
010000010001010100
110001011011001100
001010111101010110
000110110100110110
011010111110011000
001110001000000000
010111111111100010
010110100000100000
011100000110011101
111000010100010111
001011110110111010
110010110101101001
000011000001110110
011000010011010100
010110001110100111
110010101110101001
011110110000110001
110001000000011111
100110100001111111
000010111110111111
111011011001101100
000010000100100001
100000110011010110
111000100000111101
100001110011001110
111000011010110100
010011010011110001
011100101100110010
000001101100011101
101110111011000110
001100000111000111
001110001110011001
000001001001000001
011000001110011001
000011100001110100
011100110101111010
000110010111000110
001110001011100000
011111011000001110
010100100110110110
011000110110101011
011011101001101010
100010010011011111
010110010110010111
010110110010100101
111011100001111001
011000000010000110
001110111000110101
111011010111110000
010110000100100110
110000011110001000
100101110000011000
100001000100110000
100011000011001111
011000101101010010
011011100100000101
110001010100111001
010100111010111010
101000100110111001
010111100111101100
010111010001111010
101011101111100100
011011010100011110
000111001010100111
001111100101101000
001000011000110100
011110111101000110
001100001001101100
100010111110111101
110110010011010000
111101010001000001
011001001000000101
011010110101011101
111110110110100110
111000110111110111
111001101110111110
110001001001001011
000011110010111001
011101011010111010
111001111000011100
100111100101010011
011100111110110010
111100000111000100
111101110110011110
100110011011110011
100001011110010100
000011001111000111
111001100111100111
110111110000100001
100101011101100001
110001001010011101
001001101101111101
011110101011111011
001100100101011110
000111100101000000
010110110111110010
010001111000001001
000001101101000001
110001001000001110
010100001111101111
010111100111111001
111110011011101111
000101100000001111
011100000010101111
110001000110001000
101110010111011110
100011001011101011
110011010100010001
011010010011100101
111101000110010111
001111000110101111
100100001011001100
010101101001101111
110111101000010100
110001001101110101
100100110001011011
100010110110110011
010110001000111011
001101100111001010
110001001100110110
100010111001001011
101000011000101100
001011011000111100
000010110111110110
100101011010010111
011001011100011101
101011010011010110
100110000010010010
101101111110101110
111110111110111100
000001010110111110
000110010000100110
011001111001000100
110110001100101011
010010001110111011
001011101001101111
100011111011101001
000001011011111101
110011001001101111
100000111111000010
101011100110001100
000011010101011011
111011000100011011
100010000010100100
100100100100111100
011110110100110111
001001111111010111
000100011010100011
110111001111010111
101010010111011000
000000110000011101
010000100011001000
110010110100100100
000110010000001110
101010000011100000
000000010010011011
011110111110010100
000110111010100100
011001010001010100
100100111010101111
011101110011000011
110010001011100011
111001110110001011
000101011100010110
110011101001111001
101101110000010010
001010110101110111
101110001000101011
111110011011001011
000010111001000010
111010011000011011
100011101000000000
000100011110001100
111001000001010000
111111010100110000
011010001000110000
011001010110010010
011100110110100101
011100110101111111
110001000011001111
011010000000000101
001001110110001000
000000100011001111
011100111111000110
110101110010001010
011001110110010110
011110101010011100
000110100000110010
110111100101100111
110111110110110000
110011111011000011
111100101011000011
010010010100000000
101010011000101101
011111101101110101
100000000010100111
101011101001000111
010101010111110111
000011111111001111
100111101100000110
011010101111100100
111100011010100101
110111100111111000
001101000111101010
011100011100001101
100100011011000000
110001110111110101
010000100110100110
000001101100000110
111101010011101010
000100110011011010
010000111111011110
000010100101110011
110110101000001010
010010100111010011
001110110000000110
000010111100010101
100011000111001100
100000100010001110
111101110110111001
101111001110001110
101010001010000011
100011010100110011
000110000100110101
011010101100101110
010110010001101100
111011010000110000
010110110010001100
111001100000101110
101101000110001110
111111101000110011
000001000010001100
110011111111000010
010100101101001111
010100101011111010
001000100111100001
111001100111100101
001011000011111111
101010010101000000
010111010000101100
011010001111010011
100101000110001001
111110100011100010
100000001110001101
001001111010110100
011111110111100000
111001100101110001
100101101101110100
010100000010101001
011110000110011001
000001111011001111
110000000111100011
010100110011110110
011001011101000101
101111101100111010
010111100011000100
000100101111110111
000001101101110010
001111100010001111
110111110101111110
100010011110010001
000111010100000101
110011101011110000
111100110100100110
001100011100010100
111010001000011011
000100111110101001
011001101110000101
111110110111000000
100011011110011011
000111100101001111
011101111010100001
011000001010011110
100111101000111000
100111100010001110
011000000001010111
111010011110100010
000011111110100110
010011000111100101
101110001110011000
000100111001110111
110111100110111100
110111011001000100
001000011101111000
000001101000001110
110111000111110100
000010101111100000
000000101100111110
000001100101111010
101100010101010101
010010110101000011
110001000011010000
100010110110000100
111110110111111111
000001100111100100
001110010011011101
000100111111111101
000011100001100010
011110101100110101
001000000011100001
110011011100101111
010011110010111111
110101100100110001
010110000010100100
101001010001111000
011110101100110010
001001001111101000
001111101101100100
100011011101101011
001001100110111010
101110010011110101
000101110001001011
100011100101111001
011010101101111000
011000010010001100
100010100011101011
000100111111011001
001000011000011000
001111100011110010
011011110111000010
111011110010001101
011101100000001101
110110101111000101
100100101010001001
000101101001010100
011101010110000111
000110011000101110
111000001101100110
001001000000000001
011100101010101111
010111000101001010
110011001010000110
100001111001010001
101010000001010010
011000001000010001
010000000011100000
010110001110010100
001110101001101111
111111011110000010
101110100110101010
110001111011110000
011101110110101000
111000001110000000
101110011001010010
101010000110100000
011100111001001101
100001100010101000
011101010010100000
010100111111111111
010001001010000101
011110111100011011
111100011011111101
110011111000100010
111001101111111011
001100010111110000
110000011110010001
111001111000000101
111010011010111111
100111101000111101
111101110111001001
111110001001100111
101100011100001000
100000111000101010
100101010011000101
101001100000101111
110101000101110100
010000010000001101
101111010110000001
101000001000000010
010001011001110011
111100011000000000
101101111000101101
011110001110101100
111010110101000110
011001110011110001
111111010000101011
111111010001001001
011001011010101100
101110010001110000
011110001000110101
011000111001100100
110111110110110010
100100011111010001
011100001110101001
011110010010110101
000010000010110000
010011101010011100
011011000100010100
101110111101111101
110010000111100111
110111001011101101
000010000011001000
100001111000001111
010000110010001110
000000001010100011
110110001010010111
111100111011110000
100100110100000011
010100111100001000
110011111000011001
101101101010110100
100111110101100100
111100010101011001
111111111110001001
111011101100100010
110101100001001111
011100000100000011
110110000010111000
011111011010100011
010000001000010100
101110111110010111
001010001100000100
011001001001101000
010100011001110010
101011101000111110
101110111010000010
111011000011000011
110000101010010101
111111011011000111
000101001010111000
011111010001010001
100101000111010101
011100111000010100
111011010010001011
111010010011101110
111111100000001111
111110011000010111
011101001001001011
011111000110001001
001101000110000001
111011001000100100
000011001111010000
100011010110110010
110110100101000011
110111011111011111
100111111100101110
110011111101110100
111111010010011100
011111111110000111
010000011100001011
010110101000000110
100111011101001111
011000000000110110
011111110011111011
110100000000000100
000011110001100101
000000110110011100
110000101010010111
000011010010001011
000101111110101001
111110111010011100
011110111101010000
110101010110100010
111100000000100100
101010001000001110
111010010101010011
100110101101001101
111111010010111001
010000110100100000
000001011001001010
000000010001100001
001010010101011101
010110111101101011
110100101011111011
111111001010010010
010100000100111100
101101111001000111
101000001101011111
110111100110111110
101000110001001100
001111001010111000
010001110010000000
111110000111110101
010110110001000011
001100010100001010
010010101010011011
111011101000110111
010110001111010101
000110110111110100
011001100000110100
100100110100000011
110011001011100100
111110111001110100
001101010001011110
000101000100001110
110001010111000110
010000010101101010
001000100110011100
110011111111101011
111000101100101101
101011111100000101
010110000101111000
101111010011110011
001000001000000110
100100010010011001
001110000011101111
011001100000110110
111110100100001001
010010100110010011
011111101101010110
011110110100110011
010110010001011000
100100111100010111
101110000111111110
111011110101001011
111011000111110001
001100111011011110
111100100011010100
010101111010111111
110101100000111111
000110111001111110
101100010101000010
111111011100010111
111110001110111101
100011101011011110
011101001111000000
110111101010010101
011000010001010001
001100101011101000
011100101101100110
011111101101100111
100000010000101111
001000110101101011
001110011001111001
101100101000110100
100100110100010000
011011110011001101
110101000000011101
011100111110111110
100101111010001001
101101010001011100
011101001000101011
101101011100001001
011100011111010110
010010111100010011
011001101011001110
101101010101001110
101001111111110001
001000100111001000
001110111000001111
110010011101010000
111110000000011111
001001011010011110
001100010000001101
111100011001001111
011110000010001100
010111010000001011
101101000111101011
100010011000010100
000110101100010000
111100010110101000
010101110100001000
000101001100101100
101000010010101111
010011110100011011
100000101010011010
110110011011101111
010011010001011001
100101010011101000
101011100000010100
011011001111101000
000010110010101011
100100010001000010
011011100001110000
011111000101000010
101100111001010001
000111000000111011
000001111100111101
001011001010000001
001010100111000001
100100110001111101
000110000101010110
100000101001010001
110001011100111101
111000001101000001
011101110001001111
111011111101100000
100000011001111011
011011110110111011
011110000001000010
101101000001010001
000111010100001011
011110100010011111
111001011110110111
000010110011100010
010100101010010100
110001011001010000
111001000101001101
011010001010001100
000001011000100000
000111101001010111
000001100000011001
010111110101000001
000111000110100111
111101100111001010
111001100101010001
110011100000011010
110110011010100101
001001110100110010
010001101010100111
111101000011011000
001100101000100110
000000011101110110
001011000010111111
100111110011101001
000100011110110001
111011011011111001
111001100100101100
101001010111110011
111111001111101111
111100000101111101
001011110101001000
110010010101011001
011111001001001011
100100011000101001
100101111000101101
001001001011101011
000011101100100111
110000001001101011
101011111000000000
000111001101110000
000000100110111011
001111111101000010
101000000010010110
110000100110001101
010100000111100101
101110010111101011
011111001000001010
011000101000110101
000001011001000110
011011010110100000
000011101111011110
100011110010101100
100011001010110001
100101100100011000
011011011000001010
101111001110100110
010010101111000001
100001011101110111
100111111011000010
101101101011011011
001110110000001101
110001100110110010
100100110100100101
001011101100011101
100100010011000110
001011110011101001
001011100111001001
010011010100111111
001000101111100110
110011000000011110
101111100000010010
000000000011101000
000100001101001000
110011100010011010
100110100001100000
100100110010101001
100100000000100100
111100010001001100
100101011111101110
010101110001111100
001110010000110001
011001110110011011
011000100001111000
100101010001000100
111111010111010100
010010100110010010
101011100000111101
000110101010110001
111100111100101010
101001011111011110
011001101010110111
001110110100010101
111111101110100000
010010100010100110
111111110000000110
111011110010101011
110110011110110010
001010010111111101
010100110001001010
010000100111010111
110001000101011111
000000110110100000
101011110111100000
011000100011001000
111010100100000001
101100101110101010
010100011111000011
101101110101011111
110111111001100111
010000010000101110
010100110101100101
100000101010001110
011000111010111001
010100110100000010
000000010010110100
010101101111010111
000110011001100011
000110011001110110
010111100000110101
010001010001001111
100011011001010000
101100110011100100
000010000001000101
100101010010001111
010011001010001001
010111000111101110
000110111110111110
010000101001100000
111101001001100011
101010111100110111
101100000000010101
001100000010110000
000110110101011010
010000100000111001
001110000001111100
111000101110111010
111000100001010000
100100011101001101
101000100110101110
111011000110110010
110011001111001111
010101001101011101
110110010010000111
011001100000100111
110101011010011110
011110011111001001
010100101000011110
011011010110111001
010010110000000010
010110010101010010
000101000100111010
101101000001100101
101100011111111000
101010110110011100
110000001001001011
001101011010100010
101011000010011101
110000101000010110
010101110100110110
011110010111110110
000111110001100000
000010100010101000
101111010101011110
100101001100010110
100111100111000001
110000111111101111
100010000101010001
100001000110001100
001001110101100000
011110000110010100
110011000011111110
111010000010101110
111001111011101011
111111110110111110
110101100111100111
100110001000001111
101000001110111011
101000011011110000
101100101010101100
000000100010011110
000101001000011011
000111111011001110
001111000010010100
000110101100111101
010101100101100010
001111011101010010
001100100111000011
100001111001011000
110001101011110110
111010001000101001
111101000111000110
010100100011111100
001100111100110000
100101111000000100
100011111111111101
110010111100011101
011011001100000111
101100000101001011
100010111101111110
110011110110011010
000111010110100011
000000001100100000
101100111111000100
000110000111100110
001111011100110011
110101100001001010
000100101000010111
000111110111000011
101111101001110010
001000101101011010
101110001000000000
001111100101100000
101001101100010011
111010010100101101
110100110100100111
011010011100010000
000000101001001010
101011011101010010
011110101111000100
100000100000000100
001011100000000100
010010011001010001
100101101001110011
111001100001011000
010100110000101010
010010100110010100
000100110011100000
000000001001001010
111000111010100101
111110010110001000
001101010011000111
110011110010000001
101010010100111100
100110000000110111
010000000010000101
000011010011000100
010111011000000010
110010101010010111
010100111001011001
000000111011101101
010011101011101111
110010011111110000
101111100011101001
011011100000111111
110000000000111001
010011001001010011
111100101110001110
000010001110000110
011111000000001011
110100011111110010
101110111110110001
000010000100100100
111010001000010100
010011100000111000
010001111110100000
111000011011011010
110111010101111100
000110011000111110
111110101111001011
101111100100000011
011001011001100010
101011110100011111
010011110111010001
000011110000001110
111100111000011110
000011001110100010
101000010111000011
110000100011100101
010100011000011001
010000110111011010
011011100111111011
011011101011101100
000111011011011001
101110001111000101
000011101000011100
101010110011011111
011010110101100110
110000110111010100
000110100011110010
011111101011001101
100101111001110001
001000100110000010
101101001100011100
100001101011010110
010000110101110001
000110111010001011
111110101101100001
110101101000111111
001010110110111000
011110010111100011
110001000011011001
100111111111011001
010011011010111010
111010110101100001
001101001011010001
001100000010000010
010111010101011110
010101010000011111
011101111011001101
010110010010010100
001111110100010000
010011010001101101
100100110011110010
100010001000101001
100111110011010010
110111000111111011
110111111101000111
000100101011110101
100011101011101011
001000110111110000
111100110111010111
110111100011111001
011001000000101100
110011101000001111
001110001011001010
110011100110011001
010001000110111101
111010111011100100
111111001010111101
111011110110110001
101001000101101001
000101110111111010
101011010011011110
001101111100111101
101111001110101111
011100001111001001
010011101010101101
010010111000110110
110101110100000111
110000011111000111
001001110000101000
011000001110100011
110111110001110110
100010011000100101
101010000110111010
000111010010000101
111011001110111000
011011111011101011
101111001100100101
101100010100000010
010011110011101100
111110110100011000
110111111001111111
111100001100011001
011101110001011111
010000100001111001
101011010000111001
000110100110011010
011000101110111011
111010111011001001
001110011011011101
011000111110000110
010011010001001001
010100011110001011
110010100111110001
101100000011100111
001011110011100101
111111010010011101
110101011111001010
000100100001010110
110011000100011110
001101101111001111
010100101010101111
000100111001000110
010010100001111111
101011101011100101
010111101101010101
110010001000101111
011111000010111111
001100010110111010
110001010110111010
111111010001010011
100001101101101110
000101011011010101
110001001011110111
100011001100001011
110011110110110111
010100110001001011
100111111111000111
100111100101111110
001101000100101000
110110011000110111
010111000111011010
000000011000010101
011111000101111000
101100010111011000
011101111011100000
001100110000011011
111110010101101011
101001100110111110
111101010001111111
000001010111000011
100101101110000001
001000100011011101
000011111110100011
000000111000000001
111011000010011110
100011111001111011
111111011011011001
011100101111001100
011011100011001011
010011011100101000
100000010001111000
111110010110001101
000101111000101001
001000101110011010
001000100101100001
010110000011100010
101001101111111111
101001111101111110
100011001000000011
100000010101100110
011111110010010000
011101010101111101
100011010100110110
010111000111100101
111100000100111110
110101101010000110
101011001000100101
101111001111110001
000001000011000100
110001000011001100
101110111100010001
001111000011001011
010001010010101111
001001111101110100
101011000110010110
111001111011101111
101111110100010010
011111101010000110
001110101111001010
101110011000000001
001100111110000000
011001011000011011
111101100011001110
111101101010110110
010000110010010101
010010101011010100
001100001001000100
010011001011001110
011000110000101101
100100100000111111
000111101111001010
111110100011101101
001010001011101101
111010011110100010
000111010100100100
110001000111001011
000101110101101000
100000100011001001
111111000000010101
001100001011110110
010101100010010110
110000000010001110
100010000100110111
100111000000110100
100100111110001101
011000111001000110
011110100001100100
011000001010110100
011001111000100010
110110001110100001
110111110001101100
011111100101001011
110101011000000011
011100110010111001
011000001100101011
111110100111000110
000011011110010000
011010100101011110
111011111110100101
011100011100001000
111001001111010110
101010001000111111
110011101000010000
000100001011000100
101100101001101010
000011011100100000
101101011000101011
110010000101110011
100001001100001100
100011101000111010
000111110000011011
010000100010010001
000101001111110011
100111001000101111
000110100110000101
110010110110000100
111110100110110011
100000011100011100
011101011000111111
000100001000111100
110001011001001100
100111111110011110
101001001010010111
100111010110101100
010001100000000001
000000100010110110
010110001110010110
010101110111010111
010111101000110110
111111111101101011
111000001101001101
111010110001001101
001000100000001010
010000010101111110
011111000111110111
100011110110011001
001000000000110110
101010011111101011
010101000000000110
001110110110010100
110101000000011011
000110110010011011
100111001111110111
011101100111111001
110101001100010101
011111101000010011
110001100010101010
010000001001011000
001111001110111010
011101001000110100
111111011111011100
110111001101001100
011000001000010010
100001111111110000
111100110101011010
100000110011011011
101110111110110100
001011010111001001
000011101101110100
011100001110101010
101110101010111000
111001110101001111
011011001101010010
110000101000010001
111110111010000110
111010100100110000
010101000010001111
011100110001000010
100101000111010100
110001111000001010
000110101000101100
011101011010011101
110111111100110101
001110010110001010
100001010010000011
011011110111011110
010001011100000001
000001111111111111
001111011111101000
101000111000010111
011111001111101000
101110010011100000
100111001110111100
010100010001011111
111111100110001010
000101001100111100
111001011010011000
100100001011010000
000101000011010001
110111101010000000
101101110110001111
101100001110000101
000010010000100010
101011001000111111
101000101011001100
001000111111101111
110111000111010011
010011010110010110
100011110111011000
100000101101011100
000011111100110101
011010111000010101
001111001011110001
001100010101010100
110010011100000000
000000010001011001
011001010101001111
110001110000010111
000011011001100110
110101001011100010
110010001010000001
010101000000101011
111011100001000111
111011010011110000
000000101100110110
101111100010101111
101011101010111000
001001111001001110
110101001010010001
110111101011111001
011001111001101100
000001001110001101
011101010010000011
101001111011001000
110100100100001001
100100011010010010
001100000111001100
011010010010011100
001000000001000011
111100111100110111
111010101010100111
001111101001110010
011101110100000010
100000001110000111
101101110100100000
000101011000010111
010000110000001111
100001000100001010
101011100010001101
101111011010001111
101010000101010101
001011111011011001
111101001101001000
101011111111000000
110010111100000110
000100100011000110
100000100100010011
100000011010000111
001010011110001101
000110000111000000
110110011110110110
100001011001011110
011010100001100010
000101000000000011
011001111100111101
100011111000101101
000010001100111111
100111111111011000
001111110010111100
011100010011111111
011011010010101110
001100110100100111
100100000100001100
101100010100100000
011111010001000111
011100100011100011
000001111000111101
111010000000000001
011010111111010111
100011100001101000
100011010011001111
111101011101011011
110001010111111100
000010100000110011
101110010100101111
100010100101011010
100011001111111101
000011100010011100
010001001000111001
000101000001001001
111110011100010100
100110100110111100
000000000111101001
111011001000100101
100010100100011110
101011100101111111
011000001001100110
111001010110001110
101000001000100111
101000110100100111
000101011111011101
101111010001100000
101100111011100101
000110000001001001
101110111100010001
100010000011011100
001100111100110100
010111001100000100
100101010101011011
101100011101011110
100110010101110001
000110011110100100
110001110101111100
011010000111100001
110000010000001010
010000010010100110
101000101010011101
001100100000011110
110100011001110100
101010001110110000
100011111011101000
110000000011101100
101011110110110111
110011011111000011
001110101100001101
011110111011001010
011011000110111111
101100100000111111
111110101011011101
101010101000011000
110011101000101011
111101001100111111
101001101110101100
000011011110001110
000001011000000011
010110000101000111
011000011100011010
000010000110110001
001010000110101101
111100110001101010
111010000110110010
011000101000000000
000011000011101000
011110000100110100
111100000011100101
001110101100010111
100100011001101101
010011100101001001
111001100011100001
010110110011110000
000000001111011111
110010001011000110
001110011011111101
011000101010011111
000111110100101111
110011000000000001
001110000000101001
000111100110101010
111001110010110000
101001010011011101
001101000000000101
101011011001000100
000100111001101111
011100010111100111
110000111101110101
110100001010111101
111010001000000111
010001011110000000
011011100100000100
001110000110100010
111011001001100010
010011100000101001
100111010001010011
001101101011000100
101000001110011011
101000001000111010
001110011010101001
111100010100100011
111111101110100100
000001000110100100
000001010100010001
001011001011100100
101010000111011111
000110100111101000
011100011010101011
000101101001001011
101010101110110110
011000011011100100
000000111111111001
101000100010011111
010100101001001000
011010101010101101
000101001000110111
110100100111001010
111100100111100011
010000000010110001
001000101000100111
001100101010011100
001011010101001010
011011110001010111
101101111000110100
100011011100100010
010001101110001000
101101010101001110
111001111001110011
000100111110000011
101011010011110000
000011011000001111
010110111000000110
001010011110010110
101100001011110110
111100010011100001
101011000010010111
001011110100001010
110001011100111001
101110101010110110
001000110110110001
011001101011000111
000001010101000101
010001000001011111
111100010011110111
101011000011101011
011100101011001100
000110011000100111
001001011011011000
111101101000111100
100111011101101000
100010110111111101
010111000100010010
110010000010100110
101101110110101001
010111011101101111
101011110011111011
100100101000010111
000110010100000111
010110010011110000
100100011011010011
110100101011011101
011111001001110100
011011110110010100
010010000010110000
010101001001111101
100110011011110011
101111010001110000
101110011011101001
011100101110011100
111000000100001001
101011101111101011
110101001111111101
001010111001010111
001101001111111110
110000101011101111
111001011111100111
111011100000010110
110110010101101000
111010100001001110
101011011111101110
100001111101110101
001111101001111010
001100111100111100
010110011010001110
000111101110101111
010010000110011111
000001001111110111
001001110101101000
111101001111100100
100000101100011000
111110001111010111
101000000101001001
011010000011110100
111000011001011011
011111011011011111
010001111101001000
110110100111110010
111011011101000110
000001101000001001
101101111000100011
000010111011110110
101110000110010011
000010100011000001
001100010000001010
101100101100011100
100011010101000111
011110000000101000
001100011001001011
100111011101111010
001100000101110011
100110101010011110
011101100110001110
111001011101010111
101010100011000000
101101100001110000
110011000010001001
011110101101111110
101111101011011110
001000111110110001
010000100001011010
000110001010010001
100001100111100101
111001000100110001
010111001111010001
111110101100101110
110010111111010011
100011111101010111
000000000100100100
100010001000111100
011111110110100000
001101001001101010
100011001000101100
111010100111011101
010001100011111111
101011101110100000
001100000111110011
010000001010000110
011000100110100000
110111010000011010
100101100111110000
100110101011110001
010000110100111101
011011010010110111
010010000010010010
010001101010111111
100000111101001101
001101101101101111
011100100101011111
101110010100000100
001100111010001101
010100111101010101
111111011001000100
000101110011000100
010111000110101011
000000001100100100
110001110011001111
111101010010111010
010001101010100001
010100011111111100
111000010000111110
100111110101001000
101100011011111110
101000110110101010
011111111010111110
011000101101110001
111010111100010010
100110001010011000
010010010010100000
100011010001000100
010001110001111100
001101110010011100
101010111100110000
101011000110110101
001001110111101001
101110001011111011
001111101101001110
011001101000101111
011000100000101110
111110110101101100
011010001101111011
110011110000011111
100000010111110000
010111101010000111
111101011110001111
011110000011010101
100110001000111001
010100100110111010
001101000100100001
011100101101011000
100011010110000001
100000110010100100
101101010100100001
111110101101000000
110101011001100001
010110001001011100
110000010010010011
010011000100001011
101001101100100101
100101111111101111
000110001001101101
111000011001000111
010001101001001100
001000001110001010
000000110100011000
101110111000101110
010000110100111111
111000001100111111
110011001101001000
100001010101111000
011011100100100000
101000100101100100
101110100011001100
101001100111000110
010010101010111001
011000110101100000
101001110100011110
010000111001100001
111111010001011000
100110110110101011
011000111100011000
000010100111001000
000110010010001010
010110101100011110
011001010010011001
110100100101101111
101110100101111010
101111000100110000
100011001001000110
011000011001111100
010000110111100010
110010100001001100
111111011001100101
010100101111100001
110000100101110100
101111110111001111
001011000010111101
010110110010010100
000010111101100111
111000100000011100
101010001001000110
111111011110100110
000010100100110001
110001111011001110
011001101011111000
001000011110100101
010000001000110001
011100110000100110
001011000000110011
000010110010011101
001011000010100110
010001011100000111
001001110101101001
000101000001000111
101100100110000101
001101111000010111
100111101011110010
011110110111101101
000101100111011100
001100110010001100
010010010111001011
100110011100000110
100001000100011101
100101101010101000
100011110010100111
111111001000101111
110010000001111111
010000010011110000
001010010000000101
111001111000101010
001110000110110010
110101010001001101
011010010001001011
000000111101100010
100010011000100001
100000110000111111
101011000000010000
101000101101110101
101100001111011110
010000000011100011
001011111011101111
000110010001101110
100110101100001110
101001101100000010
010100110000010011
101011001010010111
010111111001010110
000101111111111101
111111101100111000
001111000101010100
101111101110000111
000001011010000010
000111010011001101
001011011011000000
111100010001100101
100011001011111100
111000001111100001
001011100001101000
000011110111100100
110110101011011101
100110001100101111
111000101000000001
000101010110000001
110011110100100011
111010011011101100
101110111111000111
110011101101011011
010010010110111111
111101011101010000
001100000100000011
110001011110100110
010101100000010101
010101010011010000
011001111110110001
000011101101110100
111001100011111001
110000100011001010
110001010010010010
011100101100101110
000001011111001100
010101000000001111
001010010000100100
111101011111110010
011010001000110110
001010001110100101
101100010111101000
010001100100110110
011000010010110100
101000110011101001
101110011111011101
001111000110111101
010101001100111000
100011100100001001
010111101001100000
111000001010001001
001000110010010111
011000010101110110
111100011100110000
101001010100110110
000000010111010001
100010100100011110
101110111111110110
010111111110100000
000111101011001100
110100111101110001
010100100000101111
101110110010111010
011110110010001111
010100111010010100
111110100011000110
110100000010110010
110111000111010111
110001101100110111
111111101011000111
011000110111111111
001001101110001100
011110110110010110
010011011001110100
001100001101111011
000010110011000100
000111010011011100
110111100001000001
100011110101100101
100001010100100000
111100000011100011
001111111100110011
110101001101001110
111001011011101001
000010100110010000
100100111110001110
011101000001110010
110111011010011111
111101110111010010
000110010101011101
100011010101101000
000101001110110010
001101001100111001
011111100110100010
100000001010110101
011011001100111011
001010011101100011
000011001100110010
011111110000011111
110001000110001101
111010100110101011
111001111101101101
001100101001111111
010100011000100101
010000000110011100
001010000110100111
001111101001101011
011100001111111001
111001010011101001
110001001101101101
101001111110001011
001010001010101100
000101000111001001
000110001111110010
100101111000000011
101111110010110101
011111001101011101
100100010111001100
011110110000110011
100100101100011010
010011011111001000
111100101010101110
110010111011100000
000110001100011000
011100000100000001
101000111011010011
100001000011100010
100000001110110000
011000110000010111
100110000010101110
001000010101000011
110110000100001000
110110100100111000
100101001111011101
011011001100011010
110100101100111100
001111011001101101
100101011100001011
000101111100001101
111111110001101011
111011001010011110
101010011101111000
111100000101101010
011101100011011001
011110110110010101
011010100100010010
111110000001111101
100011000011011001
010101010001100111
111100010101011111
111100011000101110
110010111100110100
011011010011010001
100100101110101110
000110001100011000
110010110011111110
111011111101100001
001101110101000010
111101110101100001
010000010111101011
001101111110001101
100111011011110100
010111110010101100
111110111111001110
110100001101110010
111000111010010101
001000010101110100
000101000110010101
011000010101111011
101110001100000000
010101001001000011
010110100100111001
001000100100100001
110110010111000111
011010000111100010
111010101110111001
111000110011000011
101011010100001110
101100001100010101
000100010111011000
111110111110011001
001001111001010111
011111011101110111
101111011011010111
010110000000101011
000100001010010100
111000010101010000
100110001100010010
101000001100001011
000010011001111110
010000011010110101
010001110100000110
100101001010011011
111010011010010100
001101100110001100
110010101100101101
110011011110000000
111100010101010100
110111011101001011
011011110111011110
100101000001111101
110110110100111010
000101100000100100
100100001111000111
111111011000100100
010001010111000000
010100011000111001
011100100010100010
010011001111111001
100111111000001011
010111100000000101
001000010011000110
110100101111101101
010011101010110010
111111111010000110
111101111110100101
011001111000011000
000011110101101111
101001101001110100
101110111011010011
000011001000011010
000101111001101010
001000101111110010
001110101000001111
011111010101111111
110111101010100010
001001110011101111
100111101101100110
111011101110001101
010100011111011100
011011110101001100
111011100100111010
011110011010100111
010100111011100111
000100011001101001
111000111101010011
110101111101010110
001010111101011111
111010110100110101
000011100111111001
001001010111100110
010110101101010110
100100001101111111
011011011010110000
001000000010100001
101110110100000000
010100110110111101
001001011010011011
100111111000110100
011000101110111001
010110000011101010
101101001100100110
000001101100011101
011110000010110100
011010010001111101
010110010100001100
111111001000001110
110010010100101001
111000100111100101
000111101011001101
011010010001011110
101111111110011001
010010010000000111
110100010000010001
001111001001111011
110000010100110111
111111110011100111
001110111011011101
110001100101011111
110011011010111011
011110111000011011
001000011000110000
001111001011000100
100101001111000001
010000000100010110
010001011010111100
111000011110010000
010111101100101101
101001111110010011
101001000001011000
111011001001010010
011101010001010011
011001010111101100
001000100111111101
011000010000110011
101001100110100011
110010000001001101
011001110010010100
001001110011000100
010111001010010001
011010110101000101
000001101100111110
000011100100001000
110100011110010111
011000001111101111
111001010110100000
000001010111001001
100100110000011001
100110111011101100
000110101110000101
000000000110001010
000010001001000001
001111001000111011
010101101001101000
101111001001110111
011000011111110100
010010111011010100
100101110111111001
110001001111000000
011010111111100010
100100001001001010
101011101100000011
110101110010111101
001100001011001010
110000011010110101
110001001010110111
110100000001110000
101001100100011100
111110001011111101
111011011011110000
011111001111011010
000010110000100111
011101101110111101
001010111010110001
001010001110101100
111011100111110110
001101111100011010
010111101010010110
010001110100011101
110000000011011101
001111011100001110
111011010110100100
110100100001110100
101000110100011000
011101010100101010
110110110001100110
101101001001111100
000011010011010001
100001111001011000
011000110000010100
111110010000010000
001100000110100111
110010111011011011
010111101111101110
000010110010101000
000110111000101110
100100000111001001
110000111100001111
001100100000010100
101000101000111001
010011011100000010
111011010010100011
101010000111001110
010101110111001111
001101101100110010
011010011101100111
110011001010110011
111110110110101011
110011010001001101
101001001100001000
001000100000001010
111001101110000000
011010011010010010
100100110001100110
101000010010011001
001000000010000010
111111011101001010
110010111101110011
100001000000000000
101000111001110000
001110000000111100
011101101110110011
000101101010011010
011111010010010111
000001000011101101
011000000001010001
110000000100100000
000101011001111101
000110010101010101
011001001111101010
100111100101110010
001100001011101010
100100111010011100
010101101101110011
011111011011111111
000000001001000001
001010000110101011
111001101111010111
001110111101011110
011110000011111100
111000000111101010
100000001001101010
001101110101100111
111011100101010000
000000010010011101
001100111111000110
111100000000011111
101101001111101011
001010011111110101
011111110110110101
111001010000000001
001111100111100110
000110010000000001
000111011100101111
010010101001110001
100100100100000001
111000101001100101
001011011000011001
110110001000011001
001001000101011011
011100110010111011
100111011000001100
100110101110111111
010000001000001011
100010110001001010
101111001101100011
010111101101010001
011001111010011101
100110000100111111
000001010100100000
010001111000101000
111001000111001011
000101000001111110
001000010100001000
110101001100110100
000111101111001111
010000011010110101
001010010101011000
011111010011011110
001011100010111111
110011000011011100
101100100010010110
101100001000100010
000110011010011000
111001100000110100
100100001001110000
111011111010011001
000111110100100000
000010011011011110
000001011001101111
011110000011011101
111010101101100010
001010111011001111
011000001010010101
111000010011110010
010110101000001001
100111010100100111
111100010111110001
101110011100000001
000001010111101000
001011111011100101
110011011100010111
000101011000010100
110001111000000001
000000010111011011
101110000100001000
110111111001001011
111000101110001010
011110111110001100
000100100101110011
001100000010100110
111000011110111110
110110001011001001
010011100000000000
010110011011110011
011010010010010001
010011010111110111
100000110010100110
000101101100001011
001000100100111101
101111110010011100
011010011010000011
000101000010110001
101000100110000110
000010100100100010
000100011000101100
010000110110011011
100101101001111000
101001011111100000
011010010100001101
110111101110101010
110100010010000011
011111111111100110
000011001100110010
100001111110001111
100100101100111100
001101010100011110
100010101111101110
010100100001010101
010110111001010111
101000111010011110
110000111001100111
101111100001100100
010011100001101000
000101001011111111
111110000011101110
100110100111100111
111101111011000101
011111100011100001
010001001110000111
100001011001010111
111100000101010010
110000001101100110
011011011101000001
010000001010000100
000010110101011111
000111010110001000
000101111111110000
100100010011101010
101000111001101000
001100001111011010
100101001001100100
001111000010111101
110010010111100010
101001111011101111
001000011110111111
100101000101010111
001101000010110111
100000111110011111
101101000010100111
010000101000011001
100101001111101101
111010111110011011
110101011001000100
001101010011000001
111000001101000110
101111101110111101
101110101110100000
111100110110110011
111001001100010100
101010110001100111
011001100100111000
001010100010010111
010000010101111100
011101111100000000
000000011011100010
111000001001110111
110001011111011001
101100000010101010
100001100010011011
000010101001010111
001011110011101001
011101111011111111
110110010110000000
111101111001000000
011100111110111100
011110010111000101
110010111011010001
010100100111011010
110110011100000100
001000010010111001
000010000011101011
011101011100011011
110011011001110101
011011110011100011
111001000110111000
111101011111010011
100010000110100001
110101011011110100
111001101010111100
110011101001101001
011111111100100011
110111010111011110
010110100010011000
001101001110111101
001111000111011100
101100110101001111
100011000111000011
101010011101011010
011101010000101000
111101100011011101
101000101001010111
100000101011100001
101011011100101110
000000001110111101
111001101011000100
010101111001110011
110111100000111110
001011011001000001
100000101001001101
101011001011011100
010111000001000100
100010000110001001
101100110010011110
011100100000110110
111011011010111100
010011111100011101
011100000111100110
001001110110001010
011101111110101101
111110000010000001
101010010011111100
001010100001000111
001001010101101011
011101011111110000
101010111010010001
001111000101101000
011100011111100010
010001011111111101
100011100110000011
011001110001001010
001010001111010010
001101010110000110
111101101110000100
101000111000110010
001010001101111001
000011100111000010
111110100011011100
010100001011110101
110101100001111010
111000111010101010
100100011010111101
110001000001010001
111110101010110011
101010111100100110
100001101001100110
111000000001110011
000100110111001010
011111011010001011
100111100011110110
100101000111111000
110111011111111000
100000111110110110
011111110001100011
001001110110010001
101000011101101011
111010111010001001
010111010011010101
000000001110100011
101111100101110011
110111011110100111
100001001111101010
001110000010110110
110110001011100001
100101101100001111
110000101111101011
001010100010000000
011111010111000111
010010100011001000
110000101110011100
100111010101010111
111101101010101001
010111000010010111
000010101110101001
110010011010000100
011100111011010011
000001000100101111
011110100001001001
101111110000101010
010110101111101011
101110101110101110
111010111001111100
100000100011011110
010011111111001110
011011110101001101
110000011011101100
101110110110010101
101111011001011110
111100111000100000
100001100001000100
001100101111010110
111100011011100100
011111100000110000
010011111011001101
111011011011100000
011000100010010000
000110110101001001
110011001001010111
100001110011010011
100110010111100010
110011111000011011
101110101101010111
111000111101111000
001101000010100001
011110010010000111
111001000010110100
001110111100001000
110001000100011001
100010100100111010
001110100110001111
000001110001101100
111100001011110001
100000110001111110
100000001010101000
000000110000001011
110010010000100011
010110101110010010
100010011010001100
110111011010011000
001010100101011011
101111001110101011
000011011111100101
110010100110101110
001001100011000101
110000000000101011
000110101110000110
101111010110100010
111001001011001001
011100100011100011
011010010111110100
001111011110101011
100001011011011110
111011110111011101
110111100110100001
001010000101000111
011101011011010011
110011000111010000
011101001010111111
101111000001000001
001010101011001110
011001101110101001
101011001110101010
111000110110100100
000110111100001001
100101110010000101
101010101010001010
111000111010001100
101100010100111111
100110000110001000
000110000011101000
100100111100010010
111110001011111000
110011100010111001
100001001010000100
111000010110111001
000110101101010111
011100000111100000
010001101001110101
000101000101101110
001011110110101001
011110101001011010
111101010001100111
011001000001100100
111101111010011100
111110010001100001
000011111100010010
110110011001001110
101011110011100011
001110011100000000
011111000110111100
100111101010000101
001010000011100000
101110011101111100
011101111001000011
110110110100100011
010111111100000011
111010001011001110
100011001010010001
010010011111011100
010111101100101111
010110111111110101
000001111000110011
001010001011000010
100111010110001110
101110001100110000
000011111111001111
000000111001011000
010010001000101000
011101000100011101
100001101110100111
101101111111001010
101111111001011111
000011101000101000
000101000101011011
111110000111000001
010001000001001001
001111001101101010
001001100100010011
010000010110000001
110100110110110110
011101000001100111
001010111001000110
100010011011101100
111100100000000110
101100110001011011
010101111100100100
101101011111000001
000010000100000110
011011100111011010
010000100110110010
011110011101100011
110100000010010101
011000011100001110
000111101011000011
110111111101111000
010010110011111010
010110001000101101
111111111010110101
011001101011011110
011000000000010100
100100111001100000
110010100111101101
011110011010111100
101111000001011001
001110110000010010
100001010101111101
010110000111110111
111000001111011010
011110011000111011
000000100000010100
010110111101110010
111010101100110101
100011001010101111
001000010101000100
011011000000101001
100111001000101000
011110010011101000
011100000111111101
011010101000110010
100001010010011100
101101101100110100
000111110111010111
001001001101111110
101111010010000000
001001111110110001
010000000100001001
011100110011110111
011100101010010001
110001011001000110
101100001100101001
110100100100011110
001000011010100111
111110011011111001
011111011001111110
111111000101011011
111111100000000010
001001011000100001
011010100010010000
111110100001011000
101010110010111001
111101100110011101
001010000001111111
100011111100100110
100011000001011001
010111101100111100
100010001010001110
111111010100010011
001110000000010111
100011010000011100
011101111110001111
011000111000101111
111110001011111001
110010001000101010
011001010001111111
111010110101011110
000010011001111111
010101111010000101
101111110111001101
010001100010000000
011000000001110000
111111111010111000
001010111011011000
101100011001100110
110001110100101100
111110111010011111
110001001010000101
010110001111000011
000000100000011010
111110011000111000
111111010100111011
111111000000100001
110010101100010100
000101010100100000
011010110100110011
011000101100100101
110111100000101100
010100111101100101
001001101100110010
110010110000101110
000100001001011100
000001011110011111
111010010110001111
000010011110111110
100100111111111011
010111010001001110
111000111110110111
100011110001100100
100010000011000101
110100011001100101
010100000001011100
011011011111100010
100110001000110100
001111111110100000
010011111010101001
011001000011010101
011110111001110001
110111011101011000
001101000011010000
101000010110000010
001111010101111001
011001111100010011
100000111010111011
100101100101000010
100100100000110010
110100100000110110
100101010001000010
111111001111001110
011100110110001001
101000100101011110
001010000010111100
110010010010110100
000101010001100111
111111111001001011
001101010101001111
101111111111001101
000000010100100111
000100001101011111
100111010111000100
100010111100111000
010110111100000001
110100001110101100
101000000111110000
111000001000110111
110011111011111110
101100110110010101
101100010001110011
011011011110110101
101110000000010011
000011001111111101
010010001100000011
100111001000010010
100110001111110001
111100110011010101
100011011101101001
010011010110000110
000101001101010111
011001000010100001
010111111110110011
010101101001101010
001010100000101100
001111000111101101
101001111010001001
011011001011100100
001110011010100000
011010101001100101
111010010011011100
101110010000110100
111111111010010010
000101011001010110
111011010011001100
111111111010011000
110011000100100101
100010101101011110
101010110101101101
001101011001001100
100100111011001001
001011011001100000
110101111001011110
010100011101101100
001111011001110000
101001000111011000
100001100101001100
011110000100010010
100110000100001110
111010101001000010
110100001101100111
100000010010110011
001111011111101001
Time = 30.51s
