n = 16, k = 6, m = 211
Expect Resample Times = 0.362433
Real = 4
Result:
0000101000000000
0100000000000000
0000001001000011
0001000001000110
1000000010000000
0000100010000001
0000000000001000
0100001000000000
0000001000000010
0000010000000000
0000000010000111
0000000000000010
0110000000000000
0000000000000100
0001000000000100
0001000000000000
1000010000000000
0000000100000100
0000000100000000
0000000100000001
1000001000000000
0100100001011100
0000001000001010
0000100000000000
0111101000000000
1000100001000100
0000000000000001
0001001000010000
0001000100000001
1000011000001100
0010000000000000
0001000000001000
0100000100000000
0010100000000001
0000000000000000
0000000000000011
0000000010010000
0001000001011000
0000000100000000
0000001000000000
0000000000011000
0000000100000000
0000000000010000
1000100001000000
0110000000000000
0000110000001000
0011000010000001
0000000000001100
0001001000000000
0001000000000010
0000000000011001
0000010000001001
0000000001000000
1001000000011000
0010000000000001
0000000000010001
0001001000000000
0010100000000000
0000000001001110
0000100000000000
0010001001000000
0001100000000000
1000010000101010
0010000000000000
0000000000000000
0010000000010100
0001000001000010
0001000001000000
0100000000100001
0000000010000000
1001000000000000
0000100010000000
0100000110001010
1000000001000000
0000100001001000
0000000000000000
1000010000000000
0110000001000000
0000000000010000
1000100000001000
0000000000000000
0000100000001000
1001101000001000
0001100000000000
0000011000000000
0000000100010100
0000000010000000
1000000001000000
0110000000000010
0100000100000000
0000000000010000
0000000000100000
0000000000000001
0100000000100100
0001001001000001
0000000000000110
0000000000000000
0000000000000100
0011001000100100
0001110000000010
0100000110010000
1110100000110100
0000011000100000
0000010000000001
0000000000000010
0000000100000000
0000000010000011
0000000100001000
0100010000000000
0000010000100000
0101000010000000
0000000000000000
0000000000000000
0000000000010000
0000010010110000
0000000100000000
0000001001000000
0000010100001000
0000000010001010
0001000101000000
0000000000000000
1010000000011000
0000000000000010
0000110000100010
0001000010000000
0000001100000000
0000000001000001
0011000000000000
0000000000000000
0100011000000001
0000100010000000
0000001011000000
0000000100001001
0000000000100000
0000010100000000
0000000001001000
0000111000010000
0010000000001000
0000000000000001
0000000000000000
0000000000000000
0011000000000000
0001001001000000
0100010010100000
1000000100001000
0000001010001000
0001100000011000
0000000010000110
0000100001000000
0100000000000100
0000000011000001
1001000000100010
1000001101000100
0000000101100100
0001000000001000
0100000000000000
0000000000000000
1000100000000100
0000000000010000
0000100000001001
1100010100000000
0000000000010000
0000000000010000
0000000000010000
0000000010001000
0000100000000000
0000000000011101
0010001000000000
0000000010000000
1100000000100000
0000010110000000
0000000000000100
0000001000000000
0011110000010100
0100000000000000
0000100000100000
0000000100001000
0000001000001000
0000000000000000
0000000000000100
0110000000010000
0001000000100000
0000010000001001
0000000100000001
0000000001000010
0001000000000000
0010010000000000
0010011010000000
0010000000001000
0000000110000000
1001000101000000
0000000100000000
0001000001000000
0010001000000000
0000010100000000
1000000000101000
0100100000000000
0000000010000000
0000000000100101
0000010000000000
0100000000000000
0000000000000010
0000010000100000
0000000000000010
0000000000000100
0010001000000001
0000001000000000
1000001100000000
0000100010000000
0000000000000001
0000000000000000
Time = 0.775s
