n = 11, k = 6, m = 150
Expect Resample Times = 0.36679
Real = 3
Result:
00000001000
01000000000
00001100000
01000010000
00000101010
00001100000
00000000000
00000000000
00000000000
10000000000
00010000010
00001100000
00000000010
00010001000
00000000100
00000000110
00100010000
10100000011
00011000000
00010000000
00000000000
00010101000
00000000000
00100100001
00000000000
00000100000
00000000000
00000100000
00000001100
01010000000
00000010000
01101000001
00100001100
10000000001
11110100000
10000000000
00000000100
00100000100
01000000000
00000000000
00100000001
00000010010
00000010000
00000000001
01010001000
00000001000
00000000000
10000000000
10000000000
00001000010
01000000100
00010001001
00010000100
00100000000
00011000000
10000000100
00010000001
00100100000
00010110000
00000010000
00001000000
00000001000
01000000000
00100100000
00000000000
00000000101
10000110001
00010000010
00000000000
00000000000
00000000001
01000000001
10000000000
00000010000
00000000110
10000001001
00001000101
00000001000
01000010001
00001001000
00001000001
00000010000
00000000100
00100000000
00100100000
01000010000
00100000100
00000000100
00000000000
00010000001
00000000000
11101011100
00100000000
00000001000
00000100000
00000000001
11010000100
01000001100
01000110000
10000000000
00000001100
00001000100
00100101000
00001000101
01000010000
00001001000
00000000000
00000100100
00100000010
00000000010
00000000000
00000000000
01000000000
00000000000
00000000000
01100000000
00001010000
00000000001
01001010000
00100000100
00000000000
00000100000
00010000000
00000000000
00000001001
10100000000
01001000000
00100000001
00100010100
00001010000
00000000000
00000000000
00000000000
00000000000
00000100101
10001000000
00000001010
00000000000
00001000010
00001000000
00010010101
01010000000
00100000000
00100000101
11001000000
00000000100
01000000000
00011000000
01001010010
00011000000
Time = 0.017s
