n = 15, k = 6, m = 201
Expect Resample Times = 0.365289
Real = 3
Result:
011000010010000
000000000000000
000000000010000
001000000000000
000000001010000
000000000001000
000100000000000
000000000000000
000001000000001
000001100001000
010001100000000
000000000010010
000000000000001
100000000000001
001000010000000
000000000001000
000000000000100
000000000100000
000010010000100
010000000001011
000000001000000
000001100000010
101001000000111
010000000000000
100000000000000
001000010000000
100000000000111
001000000000000
100100011110000
000000001000000
010000010000000
100000000000000
000010100001000
000001000000001
000000110000000
000000000000010
001000001000000
000000001000011
000010011000000
000000000011110
001000000000000
000000000000000
000100000000010
000000000010000
100010000000010
000100000000000
000000000000001
001000000100000
000000000000000
000000101010000
000111001000001
001000001010000
110001000100100
000000000000001
001011000010100
000001000100000
000001110100110
000000000000000
000000000100001
000000000000100
000000010010000
000000000000111
100000110000000
100000011000000
000000000001000
000001000001000
010001000000010
001000000000000
101000110100000
000000100000000
000000010000010
010000001000010
001001000000000
000000100000100
010100000000000
000000000001000
001000000100000
100000010100010
000000001000000
110000000000000
001000000000111
000000000001100
000000000000100
011000000000000
000000100001100
000000000000010
000110000000000
010100010000000
000000000000000
000000100100000
010000110000000
001000000000000
100010100000001
010000100000001
000000000000000
000000000000100
000000000100000
000000000010000
000000010000000
000000011000010
000000000000010
000000000000000
000000100000001
000000101010000
000000101010000
000000001000000
010000000000000
000001011000000
000000000000000
000000010000001
000100000000000
001000001000000
010000001100000
000000000000000
100010001000000
000100001000000
000000100000000
110000101000100
000000000000001
000000000000000
000001000010000
100000000110000
101000000001000
000000000000000
000100000000000
001000101000000
000111001000000
000001000000100
000010000100000
000000000010000
000000001000000
001000000000001
000000011000000
000100100000001
001000010000000
000000000000000
000000010100001
000001000010001
001000100000000
001000010000000
000000001100101
101100001000000
000001010000000
000000100000000
000001000000000
000000100001000
110000001000000
000000000000110
000000000100000
110000010010000
100000000000000
001000011000001
000000000000010
000000110000000
000001000001001
001001001000000
000000100000000
000000010010000
100001000010000
000110001010000
000001100010000
100010000000000
100000000000101
100110000010000
100000000001000
000000000000000
000000001000000
010000010000101
000000000000000
110010000000000
100000000000000
001011001000000
000000000000010
000000011000000
000001000100000
000100000010000
000000000100000
000000000010100
000001001000000
000010000000000
011000000000100
000000000000000
000101000000000
000000000000100
000001000000000
101100000000000
000000110000001
000000000100000
010000000000000
000000010000000
000000000011011
001000010001101
010001001000000
000000100101000
001100010100000
000000000000110
000000000000000
001000000100000
000000100101000
000001101110000
100000000000010
Time = 0.34s
