n = 8, k = 5, m = 89
Expect Resample Times = 0.35199
Real = 2
Result:
00000001
00010010
00100100
10001000
00000000
00000000
10000000
00010000
00000000
00000000
01000100
00000000
00010100
00000000
01001001
00001000
11110000
10011000
00010010
10000010
00000010
00000010
00000000
00110000
00000101
01001010
00000000
00100001
00000000
00100000
00000000
00000010
00000100
00000001
00000000
10100001
00000000
00000000
01000000
00000000
01000100
10010000
00000000
01000000
10000000
10100000
00001000
00000000
00000000
00000010
00001100
00000001
00000000
10011000
00000000
00000000
00100000
00000001
11000000
01001001
10010001
00000000
00000000
00010000
01111000
00000110
11000000
01101100
00000100
00000000
00000001
00000000
10000000
00000010
00000000
00010001
00000000
00010100
00000001
00010001
00000000
01100000
00000000
10000010
00100000
01000001
00001000
00000000
00000100
Time = 0.001s
