n = 14, k = 3, m = 82
Expect Resample Times = 0.429906
Real = 4
Result:
10001000000010
10100001100100
10011010100001
01000000010000
00000010101001
01000011010000
00100100000010
00011010111111
00000110011110
01000001000101
10000000000010
00100011001100
10001010001100
00000010000111
00000100101100
00000101010101
00001000100001
00101010001111
10000010000110
10010011001000
00000100001010
11000010000010
11110011001110
01001101000011
00000010000000
01001010100000
10000000010000
00011011000100
10000110100000
10011010000100
01100010101100
11001000100000
10111001001000
11001110000010
00011000101100
00000011000100
11000010000001
00000100111100
11100000001000
00001111001111
00000111100000
11000001000100
10001011000000
00000000000000
00000011010001
01000000001111
10110011000000
00011010001001
11000000011100
10100000001000
00100110001111
00101000000100
00100010000110
00010001011000
10000000011100
10001111101000
11001000000101
00000010011011
10010001001100
10000111001000
00000000000101
00000000000101
11100000001100
00000000100010
10000000000100
10111010001000
00110101101010
10010000101100
11000000010100
10110000010101
01000010001000
00010000000000
11100011101000
00010011000111
00000010010000
10010000000011
00100100000000
01111001010010
00001000010010
10000000000100
00000011001100
00011000111010
Time = 0.021s
