n = 19, k = 7, m = 3657
Expect Resample Times = 0.367617
Real = 0
Result:
0011101000111101110
1101001000110000101
0101100101001100011
1110101110000010101
1011000010101001000
1000111110111010101
1101001010011111100
1011010001011111010
1001011001110000010
0110000010001110010
1010001100110100000
0100111101010101001
1111001111001000011
0100101011001110110
1100110010111111101
1111100100100000110
1001110001101001000
0101111111001101101
0011001110011010011
0101001000001010011
0101100010100000000
1110001101010100011
0000001011000100000
0011111011110110100
1001101000100101001
1111111001110000100
1100101101100011100
1111100010011010110
1110101100110010011
1101111111111001111
1101101111101001010
0011000101011011101
0100111011000111101
1010110110101101011
1100100001000010000
0111000001011100001
0011111000111111011
0111000001110011000
1101010110100000011
1101110100111011110
1111110000001011111
1101011111010001101
1011001110010011100
1010010101001100101
0101100010001011000
0011010101101111011
1001100000010011110
1100011100001010011
0110110011011101011
0110111100110010110
0110110100000101001
0011000011010000100
0111111001111000100
1000101111101000010
0100110011110111111
1111100110100001010
1000011110001111010
1100101010111000001
0011000100000000010
1110010000010100110
1010000001010011101
1001011111110101011
1010011101100111110
1011111101011010000
0010001010010101101
1100110111100101110
0100110110000000100
0111001100011100111
1000110110111001100
0011100101000000011
1101000100110110101
1100001011111001101
0010010010010110100
0000111001111000000
0101010000100101000
1011100001101000101
0010000001010111111
0100100101111111010
1010001001111010011
0101100111100101010
1000010111101011110
0001101010001000001
1010111101001011000
1110101110010100110
0011100011101001001
0111101101010000000
0111111010101001101
0001011110011100111
0000101110100111101
0101011101100001011
1100101010001001010
0110101101010010001
1010101010011000010
1001011000100100111
0000101010010101011
0011111100110100101
1000100000011100110
1000010111101011101
0001111110111111001
1011111001011100001
0100100111101110111
0101100010110110001
1110011101001000011
0110110100111010011
1001011000011010010
1101101101111111000
0111100001010000000
1111000100001010001
1101101100100001110
0101100100101000011
1000101101010000101
1011111100111011011
1000001111000110010
1111000001101100011
0000010111110010011
1000011000001110110
0100110010001011011
1110111000101110101
1101010110110111001
0110110010100110011
1111111010011000101
1010110000011010100
0001110010111001010
1001010111110000101
0100101011110100001
0100110110010101011
0010001100011100110
0111100001010111100
0000111100111011100
0101100010001111001
1000101001111110000
0100110101010111100
0001111101110100011
0100111100011010000
1001001000111011010
0101001011000001010
1010111110100100101
1010110001110010010
1000110101110100011
0001100001001001000
1110101110111000000
1001110101101111000
1101111011000100010
1100010011010001101
0100110111011101001
0010000111110111001
1000011110100110101
0110101010110111011
0010000010111111101
1101000010000011101
0010110000011001000
0011010001110101011
0110101011001000100
1110100000100110111
0001110110111111101
0100000110110011111
1110110000110011101
0001101011111001101
1011101011111001100
0010101100110010111
0000010011111111001
0100111000001000111
0110000100001110011
0100100011011000100
0111011100010100100
0010000110100001011
0111111001010101100
1000001011010111000
1011100000100111101
0110110011100000001
0000010010011000000
1110101010010100010
0110010101001000011
0110111110111000111
1010001011110001100
0011110101110100001
1101001111000110101
1001101111010011100
0110000110100111010
1010000001001101111
0011110011001010001
1111001011111010100
0100111100010101110
1000100100001111101
1010010101011000011
0010011010110110111
1101010101111010111
0011000111110010000
1110101000010011110
1101001101001011001
0001000001000100011
1000010010000000110
0110011111010001101
1111010010101100011
1111001110010100011
0001011010001110011
1100001100100101000
1010111001000000111
0100101010011101100
1101010011000000100
0111100001100011110
1111001100010111011
0101001100101011011
1000100010000000110
1011011110110010000
1000010001011110000
0111110110110000001
1000011101101110101
0011101110010110101
1100110010011001111
0011001011101110011
1101101010000001100
1100111000100000001
0111100011011000010
0010000000010101101
1010010111011011011
1001000001111000001
1111010010100010010
1101111111001010000
1100000001001011000
1100011100010110111
1010000100000000100
1011011101011111101
0001111110101100010
0011100010000010100
1001101101111000101
1000100011100110110
1001101001101111010
0100101101010011010
0101100000111010001
0000111000001011010
1001000000010001010
1001101111100100011
1000001100011001001
1110010001111001100
0101000000000111110
1001011110101010011
1001011110000111011
0011010111110001110
1110010011100110000
1001011010111000010
1010010000001110111
1100011001111011101
0000001101101111100
0001000011111010001
0010001111010110010
0110111011010000001
1001010100100010000
1100011111100100111
1000010100111011000
0101101001011111111
1100101011000100101
0100100011110111100
0011110100011100111
1011010011111000001
1001101110111010101
1110001011011110101
1000011110010110000
0010000010001111000
0101011000100000010
1000110110001101001
1101011110111111111
1101010000011000100
0100010111110000010
0110101000010101110
1100111010001010000
0100101001100100100
0110101101101101111
1110010110000101011
1010110110111011100
0001110110010001000
0000111001010100010
1010011010001110010
1010011010101101000
1000001010111010111
1010010010010111111
0000011110101000001
1101011111000011000
0100000011111101010
0110111111100101100
0001111000100011001
1100110000010001111
0111001101010100101
1101000111111110111
1000011001111101001
0100011011010100111
1111101010011000110
1000001000100101111
1001100010110010110
0101100111101010011
0110000000000011001
0100101101100100100
1001000010011001000
0000001110110001010
0100011101010011101
1000110001010011001
0010111011001100101
1101001001100110110
1111111101110001011
1011110111100010100
1011101101111100100
0000100110101011001
1100010110100000011
0100101110111110100
1010011000100100000
0110111101000000001
0100100001111100000
0011100101100011111
0010001100001010111
0001111011010011101
1010001111010000101
1000110110011011111
1111101101000111001
1010000011111110010
0000110110010110000
1010100010000100010
0101010110000010010
0110000101000010111
0001110011101011101
1010011001110011111
0010001001001000111
0000010100011010000
1110000011110000111
1011001100000101001
0101000111100011100
0000001010111101110
0000111011111010010
1100001001101101000
0010011100111000100
0001100110110010110
1011010100001011100
0111011110110110001
1001100000011100010
0111101000011000111
0110010111010111101
1110001110101010101
1110110101110111111
0100110111011101010
0011110110111000100
1000111000000000101
1100010111101111011
0101111011000111000
0010100110111101110
0010100001000111111
0011000001010011010
1000001110111111101
0110000101011111101
1100110111101011101
1110000001000100010
0110111000001101110
0101100000001010001
0111001010100100110
0111101000001011001
1101111001001001010
1011010010110111110
0101001000101000100
0000011101101110000
0000011010011011111
0001100000111101100
1111011100100010101
1110011011110010100
1000110001011010111
0001110110010110101
0001111011011101000
0000011100010100010
0001100001001110101
1001011000110001000
1101001111100100110
0000110110101011101
1101010011000010011
0110000101010011011
1100000100011010000
1111111111111011101
1010101000111100001
1111111011101100111
1010111111000001010
1010010110110110111
1001101100000111011
1101010000001111111
0110100100001100111
1101000111010000010
1011100101111011100
0101110111001001000
0110011001011100110
1101010011110010111
0111010001000111010
0101000011110100001
1111001111110001100
1111101010011100001
1000000001100001000
1011101010111100000
1001101111100111111
1010111011111000100
0101001101110110111
0101111101000011011
0101010100101100001
0000101010010001100
1001010110100111001
0001011110001110110
1000010100110010101
0000101111110010011
1001000011011011111
0101011100010101110
1010100001100100011
1010001000001001101
0110100110001110001
1011101011101110111
0001010000001110010
1100101010100010101
0000011011011110101
0011000010100101111
1101000010000001001
1100000010001110100
0110100001101111001
0000100101010011001
0101000011110100000
0010111010001011111
1000101010000101010
1000010111111000001
1000110111111110100
0010000100100011101
1101110011111001011
1101110010101011110
0101011101110011110
1110110111000010111
0101001010110101110
1011000010010001001
1000111011111110000
0110110101000000000
1010000100010001101
0011011111101001001
0010000001110111000
1010010010011101010
1010001001010011010
1101010110000101000
0101011001101011100
1111100001110110011
0100110111100000000
1111001110110010101
0101110010000100100
0111011110111110000
0000111000100010101
0111000100011010001
0010000111100110110
1000000101101011000
0000111110111100010
1110110100101001000
1011101010011011010
1110111010110000111
1110010010011110110
1100101001010000110
1111000001110000101
0000100111100010000
1100110101101010101
0101001000001011000
0101110111001011100
1111011111100000100
0000010101110111111
0100111110011100110
0010100100110000110
1100011001100010001
1100111000111101110
0100000011000100110
1111111101001100101
0100011110000001111
0011011010011101100
0011001100111000111
1110111000110100100
1011110110100101110
1001100010011111010
0010110101101011011
1011000101011101101
1011110111010001110
1001111100111100000
0001000010111011101
1001101010001111011
0111000111101100010
1001001000001010011
1011001110001011101
1000110000011001010
0001111011000001100
0101101111010000010
0100010101110101100
1010011110000111101
0011011100011101001
1001101011000101011
0101111010111000100
1110000101000100001
0001001110111001010
1111001111111001010
1110010000111011011
0000100101101011100
0101111110010000010
1000010111000010011
0011010010100000110
0000101010011001000
0100110001111110001
1011010101111111010
0010110110001010111
0100111010011110001
1100011111000001000
1100000100111100001
0011001000001001010
1001110110000011111
0001001001001001011
1111001001011110001
0001011110111000010
0010000111011111101
0101110111110110001
0101011001110010110
1100010001010111111
1001100010111111000
0111000101011100000
0010101010010001001
0001011101110000000
1000101010110100011
0010010011001101111
1010100101100011100
0110101100101101100
0101010000101000100
1111110001010000100
0101011011011011100
1100101000110100100
0010101111010000011
0000000000010111101
1001101011000101100
0111111001010001001
0101010100101011010
0111000110000110010
1011101000100000000
0100011011100100110
0111011000101100001
1001100000010001111
0010110000100010100
1100110100011001001
0110100011101001100
1101000010010100001
0111100111100111001
0010111000010011100
1001101010111010100
1011111101111101100
0100101011100010000
1001011000101111100
0110010001100111011
0101101010001011010
1000000010000001000
0101011011000111100
1100011110110011101
0111111001101110111
1010010010011100101
1111110100011010101
0001011111101100111
0001001010110001001
0001010011011000001
0111110101110000110
0011101011100100000
1111100100110000110
0010100010110011100
0110100110000011100
1110111010011010101
0011110100001000000
1101011101100111110
1100010101011001101
1110100010000110111
0111011010110101101
0100101001110011011
1001110110001110001
0000001110000000110
1100100010010010001
0001100000011110001
1110010011100101111
1000111011000010111
0101111100001100010
1010001001100000001
1010110110101010100
0100100001010101011
1101001001101100010
0111000001101111110
1110011111000010011
1110011101000011110
1011010100010011010
1101011100100101010
1011010100101000100
0111010110001100011
0100001100100000011
0110011101100101000
1100011000101101111
0100010011001001001
1110010001101011000
0100110010111010011
1011010011011000111
0010101010110111010
0110100001001000010
1011010011000010101
1010101001100111011
1111011100010011000
0100011101010011111
0110101101111000110
1010111101100010010
0001110000001000010
0101100101111010011
1100011111000001010
0100000000000111011
1000001101011101111
0011011100111100101
1101011010101101001
1100011111000111101
0110110000110011100
1000001110110001000
0000000110101101100
0011001011000100010
1111111011100110011
1000011011111010100
0111101111010100001
1001010000101110101
1001000011101100010
0011110100101001011
0110111010100100100
0010000001000011011
0001110100001010011
1001011100110010100
1011110101011010011
0100101111101010111
1001011101111000001
0001011100011000101
0110101010010110111
0001000001000110100
1100001100001110101
1011000110100101100
0101011000010111001
0011011111110110101
0100100010010110100
1101110100101010011
1111011110111100100
1000000000010100101
1111001111010010100
0001010100011111100
1110011110010110000
0001000010000010010
1001011000100001111
1111011110110111000
0010011000000011100
0011100110100111011
0000101000001010000
1010001001011000010
1101001001111100101
1010101100000001100
0000101101000110111
1110011111010011011
0100001110110101000
0000010001101100100
1000000011001011011
0011000111010101011
1001000101000011111
0111000011011100111
0000110010100000101
0101000000001110010
0100110100011100001
0101001010110101100
1110111110001101100
0010010101011010001
1011010011110010100
0000011010011101110
0001101001111110110
0111111100100100000
0101010000110110111
0101000101101101111
0110110010000101011
1101000101101010111
0010011110011000110
0000000010000011110
0101100000101100011
1000110010000110111
0100110110110001111
0100111100101110110
0100111001111001110
0001101001001101011
1101010010000110111
0001000001000100011
1101011101101000101
1000000111010001101
0101010100110010001
0111101101101000010
0001000101110010000
0101100000110010001
0010111011100111101
0010111101011010010
0001110001100101010
0010100101000011010
0100010000110001101
0011011111101100001
0100000100011111011
0010111111101001111
1001001001010101100
1110010110001011010
0111110111100010101
0100100111100001011
1011001000000001110
1111011010101000010
1111100010111001010
0001110001111111000
0110001010001010010
1010100110111101100
0110001011001101100
1010010101010101011
1111111111000111111
0111001110000101011
0001100000110110101
0010101101111110110
1100110100110111010
1001000101011110001
0110011001011000100
0111001000010101001
0110111111101001101
0110000000101100010
0100000101011111000
1111100101111100011
1100110000111000000
1001000101001100010
0000101111100001000
1001001011100010000
0001011100010110001
1000011100001001100
0000000001011000010
1010101101101011011
1110110100011100101
0101100010100010101
0011110110100010000
1111111101100111001
0100001011001110001
1100111011011110001
1101101001000001101
1111001111000111100
0101100000111111001
1111111011011110001
1111010100001100111
1101011011000000111
0110101011110100011
1001000010011100110
1110101000111001101
1111010101011100101
0001100110110101011
1101010010001101111
0101001100100111010
0110001011111111111
0111110011100100000
0011101110100111101
1101101110000111001
1100010000110110001
1100100111010011101
1010000101111010010
1001110111001100111
0100000010110011101
0011111011110001100
0100101111000000011
1111001100111011100
0001000110011111101
1110110110110011000
1111000100001000101
1001000110000110110
1111100100001101101
0100101001100011000
0000011100110100100
0011011101010100001
0001001000100011000
1111111110000111100
0100100111010010101
1011111111111010110
0100101011101011111
0100010100001000010
1011100111000100111
0100011011100000011
0010101111000001001
0000110100101010011
1111111101001011100
0110010010111011010
1100001110111101000
0111111111010111000
1000000100100100010
0001110101100100111
0011100010100000010
1111010011010101000
0101011011101110110
0100110001101100001
1101011110111101101
1111001001011100011
0111010010111101100
0010100000011101100
0110010100011011111
0001111111101000001
0101111000111010001
1011111100001100111
1110100010011010100
0100010110110001001
1011001011000111001
1110011010101001101
1011100010111100110
1010000001001010110
0011111000101001101
1011011010011110101
0110011110110010010
0001111101100001000
1010101000101100101
0000011111100111010
0100110001100111000
0100010010010101001
1100101011111101101
0111001100011000111
0001010010111110100
0101000101101101000
0011111010000000001
0100111100110101100
1100111010111111011
0110101100111110011
1100100101001000010
1011010101110000011
1001011111010001001
0000100111011011101
1111100110011010010
1110100011110011100
1100000101000010010
0011101100011101111
0000011001010011000
0110011000000110000
0110011101111010100
0000111110100001110
1000101000000000100
1000101101101100010
0000110010100001010
1100111001100011000
1111111001110011101
1100100110100000110
1001110001100110111
1111111110110101100
1000011000010001101
1011000001110110100
1010001000100100110
1000001110110111100
1011001111001110010
0110011010001010100
1001001100000101010
0110111101101101011
0010100001001010110
1001001010111110011
1011101100000101010
0101000001111110100
1111101000110111001
1111011100000110010
0001100001101100010
0111001011001100000
1101101100011001011
0010111001011111110
1100110110101101110
1010101010111110011
1101011101010000111
0101001110101101011
1100011111111100001
0011001001000100001
0001110101001010010
1110011111011001101
0011110100100001011
1111100110010100001
0100011101101111111
0010000100000101101
1100011001000001000
0110111000111001110
1011010110001101010
1010100111100011001
0001110010010110100
0000010110100001110
0111100110000111101
0101100011110110010
1011111111101000111
1011010000111010101
0100111001011100100
0010001101001101100
1011000000100101100
0101011111001000101
0110001000001001101
1111101111111010111
0110010101110010000
1110101000101101110
0000011100110001100
0011000011110100011
1111001001010111100
0101010111001001101
1011100000101000000
0101111000000101100
0110101000111000001
0011111100111100100
0100010000010001011
0010100100110010101
1100010101101110011
0110010001100000010
1100111110010101010
1110110110111100011
0011011000101001010
1001111101010001001
0011100000001100101
1010000101100001001
0111001110100000110
1001101001000111011
0001100110110101011
0100101100100000011
1111010100000010111
1100101101011010011
1010110110010000001
0000101101101100000
0011001100101100001
0011010000101110000
0000111010010000100
1100000000000000000
0110100010011100010
1011111001000111110
1111001001000111100
0000000100000111001
1000011001010110100
1111001000101101011
1001010001101010001
0000000000010101110
0100111111001010010
1000100001101110111
0100110100000001010
1010000101100000100
0001001011000010010
0001111101100011011
1101111001111110111
0000000110110111001
0000000000001110110
1101111011000110001
1001000010110001111
1100100100110000010
0011100101010100000
1110010101101001011
1010010100101110001
0110000100000100110
0011110010110100111
1001011110100100110
0001100110110111110
1111000111011101101
1100001011010100101
0010001101111001111
1111111011110111111
0011010101100010101
1110101111011111000
0001011000001100001
0011111011011100000
1010110011111101100
1011001110011100001
0000101110000011011
0011100111110000100
1100000110101000010
1001001001001000110
0111011000000001001
0111111000000010110
0000110110111111100
1111000001111100110
1010110110111100111
1010001111010111100
1010001000111110001
1001011111000110010
0000000100010011011
0000101001001111111
0110100111111010111
0011100010111110000
1000111110111111000
0010100111011010001
1110000101110001010
1101001011111100110
0001110100000010111
0111101101011000010
0110000101010100010
0101000100000100110
1000000111011110100
1101011001110110110
0101100000100001000
1011100111101010000
0000101011010100010
0110011110101010100
0100011100101011000
0010100011010111110
1110011010010101100
1010010010010111110
0100110110010101011
0111110000010010011
1001010011001100000
0111010101111001000
1011111000101101100
0110010100111101100
1111001111011100100
1010110110011011100
1111110101001010111
0100000001110001001
0101011000110110111
1010100011111000001
1100000100011010111
1100010111101011001
0111001000110110010
0101001000001110101
0110100111001100001
0001000000000100111
0011010000000110101
1011101001011110110
1000111011100000100
1000010011111111001
1100011110010000011
0100011000110101001
0111110000100010110
0110101111000100010
1100010010011110000
1101000101000010001
1100000011111111100
0100001110110000000
1011011010110000101
0110101101111101101
0101011000101111010
0001001001001010001
0001100101000000110
1000110000101111001
1010111000010110111
1111011010100010111
0100110101001000111
1001111110110000111
0101010101110010100
1001110111011101001
0101011001101110101
1000110101011000101
1100000010011000100
1111101101100011001
0000011000010111001
1010001110010110110
0111000101010011111
1011010111100001110
0001010101100011110
1011111110011011111
0001111100010110010
0101111111000011100
1101100101011001111
1001011000101100000
0110001000100111011
1110000001001100111
1101111101100010110
0010101001011000100
0000110110000111100
1001000110101011010
1001000010001100111
1111000011001010010
0110100000011001000
0100010000100011011
1010101000111101100
0111001000011110101
1110101010000001001
1101110110011101011
0001100000010100010
1110101001011010000
1000101111010111100
1000011111100101000
0111010000111001001
0110110010010000000
0000100111110010011
0010111010000100101
1010100101001110101
1110110001110010001
0000010110000100101
1110000001111111100
1001100011001101101
1010010110010011011
1100011101000001100
1111000001011001111
1011111000010111110
0110101000010111111
1100100001001001110
1110010011010101011
1110011011111000001
1010011100101101010
1100010011111000111
1100001100001010000
0011011111100110010
1101000110101011111
1010111011010101000
0010101100001000000
1001111010001110111
0110110010010000110
1001011001110111111
0100110110110110011
1010011010001010101
0100110101000011110
1101101100011011011
1001000001111100010
0110001100100011100
0110101101000100101
1101101111010101101
1001001100011011011
0000010001100000101
1011000110100010101
0000101001100100111
0111010100111010011
1110011100000101101
1101100101000000110
1010010100000110010
0000110000001000001
1010011011010001011
0010001000010100111
0000000001001101100
1010101010010001010
1111111010011110010
1000101101000010111
0110101000001110101
1011010011111100111
0110111001101110100
1011101100000111111
0101101010110110100
0001101100010101101
0000001001000111100
0011110110101110101
0100101110100001001
0100111011100101001
0101000001001001001
1010000101010111011
1110001000111111100
0110010101111011000
1010011000011000100
0100001100011111011
0000000010001001100
1111101011100100101
1001010111001100001
0011101101111110101
1111101000001100101
0000000011111110101
1110100011001000000
0000000111111001100
0101000011010101000
0110110111011001110
0100000010000010100
1101111010110101010
0010111100111100100
0001001011111011000
1001011110101000000
1010110100110110000
0110111111000111100
1101100111101010100
1001001010110100111
0010010101000100111
1011110110111001011
1010111101001110010
1110011011111000001
0111111101111100011
1001010011110110101
0000100011010100101
0101000010000010110
0100110001101100001
1011000010010011110
1000100101011010000
0111111011101110000
0011011001111101010
0111001101111000110
0110001000000010001
1011000010001101011
1111101111001011101
0111011000100100110
0110001001101010001
1001011100010011001
1011011110111110010
0110000111111001001
1000110000010101001
1100011001011101100
0010001010001011001
0100110101001010110
0001111011001001010
1001001110100100110
1000000101010101110
1110100011101000000
1110010111001101111
1000011101000111110
0011011111100000110
0010001101011011001
0111100011010011111
0000001011000011100
1111110001011000011
0011100100010000101
1110110111000100011
1000101001010111011
0101110101111111111
0001001111000101010
1101001111101110100
1011010101101010110
0110110100110001011
1111111000100000001
0100111110111100111
0011100101101110011
1100011010000110110
0000001000110001111
1110000011000011101
1011101011100101101
1010110101101011010
0101000101000000000
1100010000010011100
0110000100001110111
0000100101111000100
1010100111100111111
1000101110001011011
0111100010101010101
1101000001011110111
1010111110100010011
1111011100000111111
1101011101101101110
1110100011110100000
0001001011101010110
1011011101000110000
0101001010010101011
1010111011100010001
0011111011001101101
1100100000101111111
1011000011110001001
1101110111101111110
1011100001001100101
0000001011100101001
1001011110100111111
1111000000100000001
0111001101011100100
1010111101011111001
1011011101101101000
0111001100010010000
1011001010001111000
0110001001000001011
1111000101011100110
1100111001000010101
0110111010000100010
0111101010010110100
1001100001011010110
0111010010000110111
0100011001011111001
1011001000010100101
1000010011111100010
0011010000000100011
1101011010100000010
1000010101100011011
1111011010110110101
1101101001101110100
1100011010111010111
0111110100101001000
0001110011000001011
1000010110011110111
0001101100100100001
0110100010111011101
0000001110011001111
1011100110100011000
0100010111010101110
0010110111101000110
0111110101001011111
1100010001110000000
1111000010111000010
0010001000110010011
1110000111011111011
0111011000100001000
1011101110111000100
0110011111000111001
0111010111101011110
0000000100110011100
1001001111011111110
0000011011111010011
1111001100011011001
0011011001110011101
0111001011000100100
0111001000010001011
1011101111100000100
0110001101001000011
0011000001000111111
1111011001100010101
1101000000101000010
0111010001000111010
1010011100111010100
1101111110010100011
1100100011111011110
0010100010110110100
1110111000100001111
0011011111111100010
1100000100101001110
1111000110000110101
0111111011011111001
0010000101100001101
0110010100100111011
1011011101011111000
1100100111111100000
1010011101101000001
0111100100100111001
0110100010001111100
0110100000010101100
1100100110111110101
0111001110000010000
1101011101011011100
0100110010011100001
1010001111100000110
1110110101001100000
0011000111110111110
0110111001001000001
0011110100011111011
1001100101010111010
1010011010101100110
0100101001010000110
1001001100111011101
1001010000110000100
0000001110101111011
1010110001100101000
1101010101101110011
1101100110011001011
1010100011001011011
0101001101101001000
0010110100010101111
0000000110110110001
1001000110111101010
1100011110101101110
1100100110000010101
0011110011001001100
1011010000110100001
0011110011011001010
0001111111110100011
1111110100111000101
1100111110000100001
0110101100101111000
0000010011011111000
0001010111011100111
1011100001000010011
0000100001000011100
1111010100010111101
0001110101011000000
1111001101101111000
1100101000100011101
1011101110101011001
1011101000011001110
1010100000011101100
1001000010001010000
1001011001011010101
1010001000001010011
1000001000101011011
0001010001000100100
1000111101001000010
1110001000111010011
0000010011000010010
1010111111111101101
0100001001010100101
1111000101010001000
1011110100000000110
0101010011011000101
1110001010100010011
0100011100110101001
0000101001110100110
1101001011101001010
1101010010001101011
1000010101001010101
0101011011001100000
0100101111000100001
0000011100100101100
1001101101101111000
0011000011011000000
0011010010100001011
0000010101101111111
1110001010110010001
1010000110100111101
0110101010101001101
0011101111100100010
1001111100010111110
0010100110101010011
1001101110111110110
1010110101000110000
0110110111111011100
1011101001000010011
0110101010000101111
0111111010011111100
0011000110100100011
1111111000001111101
0101000001100111110
0010000011100010100
0110111100011110010
1110011000010110100
1100011011101000000
0001011011010011101
0110000010000100100
1111110101110000110
0000111100010111110
1011110011100010000
0010000011001110000
1001000111100100100
0111110011101111100
0001111101001100011
1011100101110100000
1101011010011010111
0111111011100100000
0011011000101000011
1001100101100011101
1101010101100011110
0111111101000000011
1111001111100010001
1101101111000111111
1110111100100001110
0100011011100100010
1110001010100011101
1101011100001111001
0011111110101101001
1011110110100101011
1001110000110010010
1110001001000011101
0011111000010101101
0101010111100000001
1101000000101010001
1010111111100101011
0100001010001000010
0111000011011101101
1111010000100111110
1011001000000010111
0111000010001010010
1001100111011001011
0111101101001100001
0110111100101001111
0000011101100000100
0101101100011101010
1001100000000101101
1101101111111101010
1111011111100001110
0110110011100110101
1010110110011010101
1011111101011111111
1011110000110010100
0110101111000111011
0000010100011010101
1111001011100011101
0000101110111111100
0100011110101111000
1001110111110110101
1111001001110111001
1101000001010111101
1110010000011101101
1011001101100000110
0011000101111011000
0111110010100011111
1011111011010000011
0110100110010011101
0000100111100111011
0010011110110011010
1000100101000110000
0010010010000100101
0100101110000110101
1100100011101111000
0101011001000000110
1101110001111011010
1001111101111100010
0011100100110000011
0110001101011001001
0110111111001000000
0101101010010000101
0101010111111111101
1101001111001100000
0000001001110010110
1000000011111100001
0011111111010011111
0000101100101110011
1110110111001000101
1100010101010000000
0001001100110111111
0000001110110000110
1101110001110111110
1100011001100110001
1110111011010110111
0011111001110011011
0101011100100101000
0011101100101011111
0001100111100101001
0111110010110010110
0011001000111000101
1010110011110000111
0110110111001010001
0000110111101110001
1011100111100001111
0001100001001110100
0101111111000001001
1011011001010101011
1100101001000010101
1000111001011001001
1011010111100101110
0000110010100110001
0011011011101001000
1110010011010010101
1010101111110110110
0010011001011010000
0000110101101101000
1001011111010001110
1010100101010100010
1010000111110011001
1111100001001000001
1101110001110110011
0101100010011111111
0011101011110000000
0111010111101010100
0111001100011101101
0001110000100000011
0100101100111110010
0110011101001100100
0011001001101010110
0101110011111101101
0101011000000100111
0101111100101010000
1111111111111101101
0100111110101101001
0010011000100101010
0111100111000110011
1100101001111100101
0000111001010111011
1100000011001100101
1010110000111100010
1011001100000011011
0010100101000010000
0001100110101100011
0010010001100000111
1110001111101111101
0010101110101111100
1011000100101001011
1000000111011011110
1110011110000011110
1010010010110001000
0010000001001000101
1100001101001111111
1111110001000001001
0100010110100100010
0010100010100000001
0000111101101000011
1100100100011010100
0101111111001100111
0111001011001110110
1100101101100011001
1011010100011000111
0100111110110010000
1011101110000001000
0100010101000000011
1010010100111100010
0100110011100001100
0101101010110011010
1111001010001101111
1101000000100011110
1110010000010100101
1000101001010011111
1111111000001011011
1010001010011000011
1000110100011110010
0011101110100101011
1110000010011100110
1111101010010001010
0000011101101000101
1010100000111110000
0101010011111111000
0111010000010010101
1011001111101001011
0001101110110100110
1100110101010001000
0101000001001000001
0110001100010000111
1111010011100110001
0111010110100001000
1101010001001110111
1001001100101010011
1110010100010111111
0111011000101001101
1000111110100001010
1111101010111010010
1101001101110110010
0100011010011110101
1111100000001001000
0000111011100001011
1001100010010011000
0000100011101100101
0001111000000011001
0011011001100010101
0010011010001001001
1001100011100001101
1101000011110111000
0111001001110110111
0011100010111011100
1110110000001011011
0110001010101011110
0110110101100110110
1101011011111000101
1000100110000011001
0101010001001111100
1011001000000011010
1100101110100011110
0100100100010100100
0111000001010111000
1110111000100010000
0111100011111011001
0100000011011000110
1101000011011110100
0101110110011100001
1011100000111010111
0000010001011111000
1101010100111001000
0101100011111001100
1100101101110101001
0110001001010000100
0000100001010101000
0101101001000000010
0000010110111111000
0100010111001001101
1111000110101111001
1101001110011101010
1010001110000101000
0110001011101011011
1001001010101011111
0101000110111000100
0110111001001000111
1011010010000101111
1000011010011010001
1011100010101001101
1111001000001001011
0000110100111011101
0001001111101001101
0110100101000010100
0010010011011001010
1111000101100101111
0110001000110000100
1010101010101110110
1000110011110100010
1110001001001101001
0100011100101011001
0101111101001100101
0111010001001100111
0000001010001011100
0011001000101010000
1101001000011000110
1010100101101110011
0000111111001001111
0101010010111010000
0100011111111100101
1010011000000110101
1100010111100100011
1111110010111011111
1111111101010101001
1110100100101111001
0010100100000101000
1110011100000110001
0110011000101111000
0110101011100011111
0100001000100010011
1011010011111001000
1011010011011001101
0101011000011010010
0001000001100000000
1001011110111001101
1010100011001100000
0010110001100111010
1100100100010011101
0000101100100000011
1100010001101101100
1100110101101100011
0101011111100011111
1011001011100110011
1011100011010000001
0000100001000001001
0000101101100000011
1000100111000000111
1101001111110001101
0001101110111101101
1111111010100101001
0100001100110100011
1011111011110011101
0000010001110101010
0011011110010001011
1110010110101000000
1111000000101000001
0011100001011001001
1010011111000101010
1010010011001000110
1001101111001101100
1110110111100101100
0001100011010110010
1111010110011101110
0000011110100011101
1010011100111111100
0100111011000001110
0101001110111100110
0010010111010111110
1111000100100000011
0110111110111000100
1000111101010001010
1010101011001111011
1011000101101000001
1100101010000111101
0110110011101101011
1111100000011100110
0010001000001011111
0101001110101101000
0010010001010101011
0100000000100001100
0100110111111010011
1011011111010100111
1100001111001001011
0100000010011110010
1111000101110011110
0010111110101110001
0100100000001011010
1000001011001000111
1111011111110011111
1010110011000000001
0111110100111111001
1001001011000000001
0000111000111001011
0000000011011000110
1110010100100000011
0001000101010011101
1110111110110011100
0000011111001000001
0100111011101101100
0110001100010100010
0001011001101011111
0001010100110011010
0110001111000101111
1110101101110010001
1011011000101101001
0100110100111100010
1110100111101111101
1010011010100010110
1001000000000011011
0101110000111101110
0110110110010110101
1000111101101000001
0010110111000110111
0011000100100100101
1101110000101001101
1101001100110010110
1101011110000011001
0101101111010110100
0100100010001101001
1100000101010110000
1100011011110101111
0001110100101110101
0000110101010111011
0111010011101111101
1000000111000011111
1111010001110000000
1011001000001000100
1001101001110111000
0110000000100100010
0110101111100111000
0110100011111011010
0111000100001111001
0010110110011011110
1100001111101100011
1010001100111010010
1000000111101010010
1011001100010001010
0001100101100010110
0111001111111001011
1110000001011010101
1010100000011001010
0110010111100011010
1011101010011110001
0011001101111110100
1110110100110001000
0110111010011111011
0110110111001010100
1000010010010101111
1001000001101111110
0111111000110100111
0110101000000011011
0100110010101101111
0000000011011010001
0111010110110101000
0101001010110000111
1011000010001010001
1111100001100110100
0010101001111111100
1000010011100000010
0111011011000000001
1111111110101110100
0100011110000001101
0011010000000001011
0011110100010101100
1101101010000001101
1001110110001001100
1011110100101100100
0110010010101100000
0010111000100001001
1001111000100101000
1111111110110010000
1000110110101001111
1011000010011101000
0010100101001011001
1011111101101110011
1000001100101011011
1100000101111111111
0001010101110010001
0110011000111100100
1001001111110101010
1000101000010010011
0010011101110110001
1111111100100111001
1011111001111010110
1001111001001100000
0100010010111101010
1001000011010100101
1101100101010011110
1110010100001000110
1110000010001000101
1100100110010101111
0000011101001011000
0001111111101110010
1000100001110000110
0110100101010101101
0010011000100011001
0000110000010100111
1010110010111010000
0100010000110001000
0110000000011010010
0101001011001010100
1001010101101110011
1000000001001101110
0010101001010011010
0011010000101101000
1010100110000001011
0101101101101001001
1000011110110011110
1111000010100110110
0101111011100100010
1011101001010101100
1111001100011100111
1101001011111110111
0011100111011101010
0100010101011000001
0110001111101110011
1100011111110110100
1101110110010111100
0000001010001100011
1000111110011100100
0000100100011110101
1011000111101010100
0001111011111000001
0011001011100011011
1001111100011100110
0000100100111001010
1100000100000011001
1001001110111000000
0111010110111010001
0000111001001011100
0001000111001001101
0001011100001001110
1011111000010000110
0000110101011101011
0010100111101110101
1011001111100111101
0000000001000110111
0111011010101110001
0000110011100011001
1110111110110110011
1110001010100100110
1111110011100000101
1001101000100100100
1010010011111101011
0010011101100110111
0110011000011101100
1101001010000110010
1101101101011100101
1110001001110110001
1110101011111010011
1111011100101101100
0111100000000010011
1001010111010101101
0001100111101011100
1111001111100011110
0101101000111101010
0000111101011001001
0001001110000011010
0110011010110011000
1011101110110111100
0100110110011011100
0000100010110010010
1001010000101000101
1111110101111101011
1010011011001000000
1001011101110111111
0100011100110000111
1011011001000111100
0101111000001100001
1010000001000100110
1011100011101110000
1001011001011110101
0001100010000010010
0111001110100010110
0011100110100010010
1000011101110000111
0000100000101101101
0010000000011010000
1101100010101010001
0101001101010100110
0111111000100101010
1001000010111110000
0011110001001010011
1100010010011100111
1001010101010100111
1110110110011110110
1011010110011001011
1000010000011010000
1000011110101010001
1010000000111100010
1000001011010100001
0111001110000001010
0110110100100011001
0001000000000001100
0110111011010001011
0001110101111100010
0010000111111101110
0101100000110011100
0010001100011001011
0010011011001110001
0100100001011000010
0001001011011011110
1010001101111101100
0100001110010110010
0011110100111010000
1000111000101101011
0110010000000111110
1110011100000110011
1011110110110101000
1111011101000001100
1001101110010111010
1100111101000110010
1000011000010100000
0010010110011010110
0111101111101001100
0010110011001010011
0111011100011100110
1011100110000100110
0011111011100000010
1100011000011011001
1110011010110011000
1100101110110000111
0110001001111011101
1101000010100110110
0101111100000100100
1110111111000110101
0000000101000110010
0110000101000001001
0001101011010000100
1000100001000000001
0110001010001000001
1001000011110001111
1111010101101010000
1100001111000110010
0110011111000110011
1011110011001000101
1110110110011100001
0110110101101100100
1110001010100011111
0111111000010011010
0001101011001101001
1010101110001011011
1111100010010010110
0100110011110010101
1001001010001111000
0100111001100110001
1110101101100100101
1111100101001001000
1000111110001100000
1000101100111001010
1100100100001011010
0111101110000111000
0101001010011101110
1010101000101001101
0000111001011000111
1010100111011010110
0100111110110111000
1111011010000010000
1110100001011000000
1110011000101110111
0110100110000001100
0001000101011011010
1111001001101011111
0110000000101011100
0000000101111001100
1010100000001000001
0011110001011101010
1001011011110000000
0111101111000111010
0110100001100001101
0010101111001110011
0010111011011110110
1101101111010110001
1010010010001100111
1100101100001111000
0011100111101101010
1010101000011111110
0010010101100000010
0110011001001111110
0010111110010001011
0000111110001010111
1111000101000010100
0110010010000111010
0011101100010101100
1010100010111000110
0100100100111101101
0100001100101110101
1000001101101010001
0010111110001001000
1111011000011111011
0100100001000010011
1010011011010100110
0011101111111000010
0100110111111111110
0110001110101011100
1001110010010000110
1111111111011001100
1010110100101110101
0100011000110011000
0110000101110001000
1100010011110111110
1000000101100110111
0001000001110010011
0010000010000100111
1101101011111010011
1011110010010001100
1000010101011100101
1110111100100000101
0001011111000010100
1010100101000111101
1101001101011100111
0001000001001101100
0100111111110000011
1000001100100101101
1110000110000110010
0100100100111010110
0110001111101100010
1110011011101001101
1100000110100111000
0011010011100000100
1001100100011000000
1101111111000101111
1010011111000101100
0111110110011011100
1010110110000011111
0110111000100111011
1000100111101000100
1100010010101110111
1011000001001001110
0001001111011001011
0001001101010000100
0001111000101001000
0111110100011001111
0011000100111100111
1001000011000001010
1111011111000001001
0101001111011001100
1000101111110100000
1011000000001000101
0100110101100111010
1000101011001100100
0001011101101000011
0001011010110110011
0011011111111001110
0000110001101010110
1100111000000110000
1000100000011100000
0101110000101111010
1000011000001110001
1001011001011111010
0101001100111110111
0110000001111100110
1100101001000001010
1110011000011010111
0100111110011100010
0110101001100100011
0101010001111100101
1011010111010110100
0010000010101110001
1011001101001001101
0010111100100001011
0011001111001011101
0110001010010100010
1111010110101000011
1110000010111111000
0000001100010011111
0010111011110000100
1111100011101000000
0001010111011010110
1101011111011000011
1100010010101011001
0000010001011101010
0000010011100101000
1101000110111011011
1111010100000010100
0001100100100101111
0011100010000001101
1010001101100110101
1110111010011111110
0011110011001010110
1001010011011011010
0001001000111110110
0101111111011001011
1100111111101000111
0001000011001111001
0010000111110001001
0111100101111001001
0011000000010100011
0011101011101110110
1100000011111100010
1111010010001011110
1111111010110010110
0100100000100101110
0000111001000101101
1111000011011101100
0011100000101000100
1001111110011001001
1001111000110100011
1010000101010010000
0010010111000110101
1100001000111110110
1111001011011010000
1001100111100101000
1100100001111010100
1011000010100111101
0011100111101111000
1111100000100011111
1011100011110011110
0100110011110101100
0110010110011111110
1101011110100011000
0100110110101010000
0011010101110011111
0101100010101110111
1111001100010111011
1011101100010100100
1011001111100010100
0111100000011011010
0100101010100000001
0011011010001111010
0000100011100111110
1001111111101111010
1110011010000110101
1110110101101100011
0111001001111001100
1010011101110000010
0000001001111010010
0110011011011110011
1001110000110000011
0001100001010001100
1100000011100001011
0011010110001111101
0010011001111011010
0101101110110111110
1110010101101000000
0100101111100111111
1100110100000100100
1010000101111101101
1001000100000011010
0011011001101010100
0010011011111000110
0100001001010101010
0110010001111111111
0000001111001110101
0101111100001111101
1110010011011101101
0000001010000001100
0111001100111000011
0011101111001100000
1011110110011101111
0100110101001010100
1001111011111100110
0011111010100101100
0000000111010110000
0001101100010110111
1111000010111010101
1011000110011110000
0011110100010011100
0101010011100010010
0100001111110001111
1101101000111010010
0011101010001101110
1110101101111101011
1111110001111111100
1101111101111011010
1010010011001001110
0011100111111011001
1011101010001000110
0001111111001011111
0001010011110001000
1101011110100101100
1010101110100000010
0010011010001100000
1101110010010000111
0110111100110000011
1110011110111101110
1010010110100011010
0011100000000111000
0110010110111110000
1111000111011000001
0101000000000111111
0010011100101001100
1000110100110110110
1111010100011111000
0010001011010100001
0011100011110111011
0111101000111000010
0010111110010110101
0000110000110100000
0000110110011100011
1010010100111110100
1001110000101100110
1100111101100110010
1011101101001100110
1011010111101111001
0110100011000011111
1010111000111110010
0101100101100011001
1011100010100110101
1100000110111011111
0011001110111010000
0100011010001011010
0101110001000101110
0000101111100100100
1011001111000010010
1101111100111101110
0111101010011000000
0011111110011011000
0101011001001111110
0001001100101101010
0100101101011000100
1111100111001100000
1100110000110000101
0111010100101100100
1110010001010111111
1100001110111110101
1001110110100001100
0111010010010000110
1111100111001110000
0011001001101110100
1011111010100111010
1101010000110100110
1010000101000011011
0011111000011010010
1001101000011111110
1100000001011100011
1110110110000101110
0011011001100010000
0100110111101100101
1110111011100001101
1011011010111101001
0010000011010110010
0100011000111001111
0100001011111000011
1111100110111101010
1111010111010001100
1100100001100001110
1010010000110111101
0000110110100010011
0001011111110011010
0011001111100001001
0101111011010011001
1100000110010101101
0000001000001011111
1010101110100011010
1001101101000111111
0101100111011000010
0010101010110110111
0100100101001010110
0000000010100010111
1111100010111011110
1111011100001100011
1110111001101110100
0010111000100100001
1011101100010011101
0001100010010101000
1111010110111100011
1111110001111101010
1000000001001101000
0000111101011011001
1011011100111111110
0101010011010110010
1100110000111010010
1011111101011011111
1110011111100010000
0101011010100001110
0000111100010011101
0011100101100111100
1011011011010100111
1001000110001011010
1011100100000000101
1100110101000100001
1000001110110100111
0101100001011001001
1000011000101111110
1110100001011010100
0101001110110001110
0100000011000111010
0100000010110111110
1001110011101101110
1001100010010000000
1100000100101010001
1000101110110111001
0101010110010100101
0100011100110100110
0101000110100100101
1100010010111000001
0000011100011010101
1100000010001100101
1101011111010111110
1011101000001111111
0110000011110100101
1100010100111111101
1010000011100110001
1011100101111101011
1110100011011011000
1111110000100010001
0110000101111011010
0101111001011010000
0100101100110100101
1001010100100001111
0111111110001100111
0110010111111000111
1001000101001001111
0101100100111100001
1101110001010000110
1111000001100100010
1001100100000011100
0110111111000111001
0100011111000010111
0001110100000011010
0001001110010011010
0001001111010100111
0100111000100011001
0101001111110110001
0000101010000000000
0100111111100001110
1100100110101111000
1111111110010000001
1000111101110111010
1101000100011100111
1111001110000111001
1001100011000101000
1111111101100000010
1110110100001010110
1101110000100100111
0100000100001000100
1100010101010001101
0001110011000111101
1111110010111100010
0000101001011001111
0100000101111110001
1011111111000000010
0111101000111000101
1110101011000000110
1100100001101101111
1100001110000101111
1001011101000010001
0101100011010101110
1001111101010011001
1100001110011010111
0101001010001001101
1101001000001110011
0100110001011100001
1000100000100000001
0111110010010001110
1000011001111111111
1101111110111100011
0100101110110000010
0110010011001011111
1111101111001110110
1110100111111010101
0101010011100111010
0011011101111000000
1100111111110101110
1110011110101101001
0111001101100011101
1011011111001110110
0100101010111010000
0101100101000110011
0101011010100111111
1111001010011010000
1111001101010011111
1111001111111011100
1011000101111100001
0001111001101011111
1010001001010101101
0111000001010100001
0111000001010110101
1011101001100110101
1110000001101010011
1011010110010101001
0111011001011100111
0001101001100011111
1011111000100101010
1001111011010001001
0010110010001000010
1010010101010000110
0111110000110010100
1000101010001001111
0111000100110111001
1101111011101101011
1111111011101110100
1100001010100000010
0100011111100101001
0110001000000110011
1010000111001110101
0001101111001011110
1111111110010111110
1110000011110110011
0001011100111110101
0101100000110010010
0101101011100010000
0101100110100010110
1010111100111101011
0000101001110000010
1101101100100000010
0010011101111100111
0000001111000100011
0100011010010011000
1110000011100011101
0011100101001111011
1010001111100110110
1011101001111110111
0101110001010000100
0010111101010001001
1111110010101000100
1011111110100000110
1111001010110110000
0110111011110001001
0110110001100011011
1010011001000000100
1111100110111010101
1010010001101011110
0111000101010110000
0001111011010111101
1101000011011000101
0011010100111110111
1100000010110111101
1001000010101110011
1001010110101101001
1000011011001101110
0110011101111010001
0010000011000111100
1100010101010010110
0111100011110010101
1101111111010101100
1111011101111011101
1001001001011110110
0101011000110010100
0001101110101101001
1011100111011101011
1110110100100111010
1000001001110000100
1110100101110011001
1111011100111111000
1110110001111000011
1100100010011110011
0000100011001101110
1101100110011111101
1010101001000010111
1001010011101000100
1100010010110000001
0110001101101101001
0111001100111110000
0101100011101101010
0110011110101111010
1000111100001100011
0110000111110100010
1000100000000011110
0101110011111001110
0100110111111001111
1110100111111000110
1010110011100011001
0000011101010011111
0010001010011010111
0111000110111000111
1101110111011101110
1000001101010100100
1110001010101100011
0000110110000000001
1101000101011000110
0011000000000001101
1101011001101100000
0101010111101010110
0000000010111111101
1001010101100111111
0010010100010010010
0110101010100011101
0101011001000011111
0010001000110111000
0100111001011101000
1000100111111011100
1100110100010111111
0101011011110000111
1011100011110101011
0110111010000111101
0101010110000100001
1111001011011111111
0000010001110111011
0111011001001001101
0010101000111101111
1101100110110011000
0111111111001010000
0110010111100000111
0101001101001011010
0101011011000011011
0011100000110110011
1011010011101110001
0001010010101111110
1010000111100001110
1011111011111011101
0110010011000000000
1101100110001111101
1001101000110111000
0011011010011011111
0010010000100110100
0000000100110000111
1010100011000010101
1111101110011001100
0110000010001011000
0101000100011001000
1001000111111111000
1110011010000000011
0011000100010111000
1001001000011111110
1001101011011110100
1110111111100100110
1101010011001100101
0010111010101111110
0101011001000011001
0111100101100001101
0101011010101111111
1000110110110100111
0001011110011100110
1101100101011111110
0011111001110101111
0100011101101011010
0010000001110110101
0101010111100010110
0011111011110000110
1101100111110011101
1010001001011010101
1001111010001101100
1100000101001100100
1001111110111101100
0100010101000110000
0110011001100101101
1010101100011111101
1101101011011010111
0001010101110100001
0100000000110000000
1110100110110010011
0010010100011011010
1110001000011001011
0101100011101010001
1011110110101111001
0110100010011000101
0111110011001001110
1001101011110101101
1001111100000010000
1110111111011100100
0111111101110101110
1111100000010100110
1000001100011101100
0100101110011101011
0000011110001011110
0100101000110011001
1010111010001011010
1010110000111000010
1110000001110000011
0000101011111101010
1101100101000000100
1010010011100111010
1100001110011101110
0011010001100110010
0000010100000001001
1001101010011010010
0011010010100010101
0100101111100100100
1010101010010100011
0110010100010110010
1000101011111010001
0000111010010001101
0001100111010110101
1010101001001110101
1101010110011100101
1101110100101001000
1001110110001111010
1010010010011101001
0110100110100000100
1101101001011110110
1011101011000100000
0001100100101011011
0010100010100000110
1110101010111011101
0101111100110101011
1101110001110001110
0111000111011111101
1000010011100000111
1101000010001100111
0111000001011110001
1011001001100000000
1110001000010000100
0100000011010111001
0011001011010011101
0011010110000001001
0100100011011001011
1101100110010011111
0010110111111010101
1110011101001100100
1100100101010011101
0100111101001100100
0001100101111110010
1101010100101101100
0111010011011100000
0100111111010000101
0010100010100110011
0110110100100101101
0111101001010010110
1100011101110001000
0110110000101010101
0111011111100010001
0100101010111010100
0010101111100110010
0100000111001010001
0000000011001100111
0100110010110000000
0110101001000000000
0010110000010010100
1111001111110111011
0111111101011000000
1010100000101101000
1100110101011111101
1101110011001100101
0101011100011010000
1000111101111100001
1000010101000101001
1011010011011110100
1011110000101111111
1000111000110110011
0110101110110001001
0010011011100000001
1000101110000011111
1111100011111011011
1100010011100010101
0000111011011101000
1111010011000100110
0100110101110011101
0001000001001010001
1001001000001000000
1011000111100100101
1110010101001010010
0000100011100110111
1100001010100001001
1000010010001001101
1000010001101100001
0011110000010111101
0110111110100011111
1110000010011010100
1011010111111101101
0010101000000100001
1110001111010001011
0100001000111011110
1011101110011000111
0110111010101000000
0111101111011110011
0110010011011101101
1001101101010001101
1100101000101011110
1100000110111000000
0101100010111000000
1011001111010011011
1011111101111011001
1111011010101010100
0010110011010100101
0110010110001110011
1100100001010110111
0011110000001001101
1011111011100100110
1000010111011110011
0100110101101110011
0000101010000111011
1010010011011001001
0000001011010010100
1010000100111101100
0001011001011010110
1010010011110010101
0100000010100010001
1011011101001101111
0011011001010011000
1001000110010110111
0111011001000001001
0101001001111110010
1101010000000011100
0101111110110101011
1010010111000011110
1001001001010010100
0100000000000110010
0010110011100110001
1111110010011010101
1011001101001001110
0011110110000001101
0010100110000001011
1110001111100101011
0010000000011001011
1110100001000101010
1111111010100111101
0010111000111110100
1100100001000001100
1100111010000111110
0000100010110000110
0000011100011101111
0000010100001010001
1101011000011000111
1000000001000010010
1110001101000010110
0010101101010010101
1111100000101001000
0101011101001111100
0000100100101001010
0001001011000110111
1101100101000011100
0110001000001011000
0010110100001110010
1111000010100001001
1001011111000001111
0000000100111110000
0010101111010101001
0101001000111100000
1000110000111000110
0011010010100000111
1000011111100101010
1101111010000011001
1000010010000101010
0111001000000011011
1000000001011110110
0101110111100101100
1010111001010000000
1011001001101101000
1110001001100010110
0010111101100111010
1110101001010100101
1011110100111000101
0101111011111001111
0100010011010101110
1001110110111010111
1000111011011101000
0110110000001101100
1111111101110001001
0100110011100010010
0100000011110001101
0001100111110001000
0000110101110101100
0100010010001110010
0100011110100001110
1001000000010101110
0111110010011010010
1111010101101111111
1011000010010111100
0101100110100011110
1001101100000111100
0001010010000000110
1001100111001001111
1110100110010011111
1011100001011000001
0000110010001110100
1001110110010101101
1111001010100110111
1111101000101100010
1011000001000000011
1000000100011101010
1111101100010110101
1111100011000111110
1101101100110000101
0100100100001101111
1000100100000001011
1110001001110000111
1100000100111101110
1110011110011111110
1011001111101010010
1001011010000010110
0001001011010011010
0001011111101010101
1111010010000100011
0011001011011001111
1100010101000100010
1110100111110000000
1100010100101101011
0100111011100011001
0101011011100011011
0110001010110111100
1100110011111101001
0111100011110100111
0101001110100001000
1100010110100101101
1110100100101011100
0101111111001001011
1001000100001000001
1011111100111000010
0010011010010001010
0010000101110000000
1100111111101101001
0000111100110011000
1111001011111011111
0000101001001111100
1000010011000101010
0111101000111000010
0000100001011001000
1000001010101001000
1100100010101101111
1110101011110101110
1011101001101101001
0010000101010100100
0010100111111011111
1110110001100110000
0111010111001101001
0001000111101001101
1000000000100001111
0100101111110101011
1110100010101110000
1001000010000101111
1010110101111001010
0010100111011110101
1100000000010110111
1101111000011001101
1000001010011111000
0000110100101111010
0011010100110100000
0101010011000011101
0110111000001010001
1001100000001000000
0100001001000100000
0000111110100111011
1100111000000001101
1111101100000000110
1001101001010010001
1010011100101010111
1000111010011010101
0011001001111100100
1001010100101000011
0011111001010111101
1010010110110000011
1110100110100000101
0011100101000010101
1010010001000000101
1010000110011100000
0001110111101100101
0101101010000000101
1011000110000000100
1000011101110110100
1111011111111010101
0001100010111011100
0011100110110110000
1011110111010000000
1111011110101101110
1101111101010100011
1010100111101001110
1101101001110010101
1010100101100001000
1101001111111011000
0101101110000100110
0110011101110000111
1011101101101000101
1101010111000111110
0000101001110000110
0000001000101111111
1101110101011110111
0110111101011111010
0001011100110100000
1100101100111100000
0000110100010011010
1110101001000001010
1001101111101011110
0000100011111001000
0000110101111100101
1011011001110100101
0100010011111101100
1001001010100011011
1010000011010010101
0111110110100111100
0000101011001101000
0011010010011111010
0100111110001101111
1110100101011000001
0100100100100111101
1101100110010011010
1111111111000001100
0010100010001010010
1010010111101111011
0011001011111111100
1110100010100011000
1000010011010011011
1010001001110100110
0000100000101011101
1010001001100100100
0010000000001110110
1000111001001110010
1010111000111100111
0101111010100101110
0001111101100110011
1010100010000110011
1000100100000100000
0110101100001110001
0111011010010110010
0100111000111111101
0100111000111000111
0000111111100000000
1011101010011011011
1000010000100100000
0010110110001011101
0001101111011010001
1001100011111111101
0011000110101111000
1100001110110011011
1011100101010101011
0011010010110100000
1011011010100101001
1011000001010100100
1011010111111011001
1001111010010001001
0000010011111010000
1100001100010110100
1010111111101000011
1010001111110100111
1011111100010101110
0101110011001011101
1011110001101110000
0010010100001010111
0010000110000101001
1111000000011000011
1110001101001111101
0000111011010101011
1111111011101010110
0010101110101101111
1100101100110000100
0101000011000110111
1100101100001111001
1001010010110010101
0111101100010101101
1101100011011101011
0000110110011001010
0000000110111001011
1111011000011110001
0111101001101011000
1001000011111000101
1100001001010101000
1001111101111011111
0111100111001101011
0011010000000100011
1110100010011011110
0100110001011001111
1010111011111111000
1100001001010011000
0010101000100111100
1000111010110000101
0010011001110001101
1011110000110101101
1100110110000101011
0100111100100000100
0110011100110100010
0111011111111000100
0000101101001010101
0110000010100101011
1111100110111011101
1111000001001001010
1100000010011000100
0011010101100001001
0001100110001101011
0011000101011111101
1100001100101001111
1010101011001101001
0100101010011010000
1001010001001000101
0001001101001100101
0101100010111100110
0000001100000100100
0010101100111111110
0000110100100011011
0010011010111000000
1100111011001001000
0010001001000001111
0111110100101111100
1110000011000011010
0101000011000100011
0000001001100000000
1011100101111100111
0100111010110010110
1000100101111111101
1011000011001000000
1011110100010111111
0000111100110011101
1010110111000101101
0001011010101001111
1111011100000111100
1100101111111000100
0111001010100111111
1111011100010110001
0010100111101011001
1001110110100100001
0110101111001010001
0000110001000100000
1100011000001101010
1010111001101000110
0011011111100001011
0100011011000010111
0000001100000000011
0001100111000001111
0000101000000001110
1000001011010010010
0000100111110110000
1100100001000100001
1110000011001101011
0010011010111010101
0011001001100010111
0111010111011001111
0001101110000101001
0101100010001101101
0000110001000101011
0101001100000100000
1001001010010111000
0010110011011010101
0000000101001100110
1110001010010110101
1011000001110010000
1100111101000011000
0100101110111111000
0011100101101101011
1110000010110100110
0110111111111111110
1111110100111001110
1001101001111100100
0010101100100011011
1110010101010110011
1100001101111011111
0001010010011010111
0011100010111001001
1111110101111101000
0111100001010110010
0110001010100111010
0010101100100000110
0001001111101001011
1010011110010101010
0000001010110010010
0100110011010001101
0010001100011100111
0110000011010011000
1010011001011110010
0000111001110111011
0110101100001110001
1000111001000011001
1010010001100001010
0010001000111000100
1101101101111110110
0000110011111101000
0110111010001010010
1101111101000100100
1001001100000010100
0110111011101000000
0111101011000000111
1001010100010010010
1000001100011001101
0110010110000001111
0000001010110101011
0111001110100101001
0010011010101011010
0111100101101111010
0111110010100101100
1000110001101111111
1101011111000110111
1101110010101110010
1011110000000001011
1010011110100100011
1011010110011010101
1101110100011011010
0000110101010101010
1101000110011111011
1011001001100000100
0111001001100010100
1101000010000000011
0000110110100100101
1100110101110011100
1100001110111100000
1101100110110011100
0000000110000001100
0110001110011110000
1010101010100110100
1000010000111010100
0111110101111011000
0001100111111101111
0011010001111001010
0011001100000011011
0110000110111101000
1100110100001010100
1001010100011010111
1101000001010100000
0001011111010100110
1001010001111110100
0010010010001010000
1110100011100010111
1110001100011101001
1101100100010000010
1110111101100101111
1111001010001001110
0001010111011000011
0111111110001110000
1111111000010010010
1101001010110110001
1000101111010000111
0111010100010001001
0101010001101000001
1110111000000101000
0001001011101100111
1101100110010100100
0111010100001010000
0000011000001000110
0101110110000010110
1111111110100100100
0111011111110010011
0110000001101100011
0000110000010111001
1010000111000110100
1100101100000100100
0000110000001010101
0010100010010101111
0111000111010111010
1011000110011110001
1111011000100101110
1111101001000000100
1111100101011010110
0100111000001111100
1111000000101110000
1110110000011111101
0111100001101111100
0011011010101010100
1100010001011011001
0010110011000010100
1100011011101010110
0001010100010010101
1110110011101110011
0111101011001010011
1101101001100010011
1100111100001101010
0100111000111111010
1011110111001100001
0001000110100001111
0000010100101111110
0101110011111010000
0111011001001010000
0011110111111011000
1001011110100101011
1100110110111010001
1000110011111011011
1010101010001010001
1110100000101101110
1111010011101110101
0111111011100011100
0100110111111010000
0110111101010001001
1100000001011110000
0110101100011011011
0000100000110001010
1000000011100010001
1000011110000100100
0101001100100001101
1000011011111111010
1101011001101010011
1000001011000001001
0000101100001101011
0101000011101011111
0100010000001000100
1111100011011100010
1101011111110101000
0011110000111101001
1010101010101100011
1001101101011110011
0100001010010101111
1011011001001010111
1111001100010011010
1111000010111001000
1110100001111110001
1011011000110011110
0010110100100010011
0100010111111111011
1010010001000001100
1100110001010010011
1111000010010101011
0011101010110101101
0100010101100010111
0010001011101100111
0111011101100001101
1101000011111111011
1000000011100011011
0011001100101011001
1010101010101101000
1010111001110100010
0101000111100101100
1100111011101100001
0010111101110110011
0011001001101100111
1011110110001000111
1111111100110101011
0011001011101101001
0000110011100100100
0111010110011010110
0000100000000011110
1100010011101011100
1001001010101111010
0001011101000110101
0001100011100111011
0111001100010000000
0010001001001010000
1110000011000011110
1111111101110111001
0110001001100110110
1110110000011100101
1110010000010000001
0111111001011100000
0110001000111101000
1101100100101111010
1100010100001000101
1010001111111010110
1101100000111110000
0110111001001000000
0001001000110011111
0011110011000111011
1101100001101001001
0101111011010111100
0110110110011010100
0000011001001111101
0001010101000100000
1010001100001011001
1100100001100111111
1011010010001100000
1001101010101001000
0111011010111100101
0100101010100011110
1010100100011001100
1011000010010101011
0111110110101000010
1100000000111101110
0101100100100011001
0110000111000000000
0000111001001110000
0010101011010100010
0000101010010110000
0011110011100110100
1001110110111100111
1110011000010011100
1011011001001011111
0000010111111010001
0011011100101011110
0000000000001101100
0001011001001111001
1011000110000100010
1111101111100001001
0110111100010000110
1001010100001100001
1001011011001111101
0100100011010011110
1000111011001011101
1111110000000010110
1000101110111000010
1111010101000010111
0000100100011110010
1000101100011111011
0010001011111110011
0100100111110110110
0100010100110000001
0001111101110111101
0001011101101101100
1010010100110100010
1001110001000100111
1101011100110110001
1001111000111001111
0100001001001100000
0101100110011110000
1110001110001011001
1110011001101000010
0000011111110000110
1001101010000011011
0110110001001111101
1110100101101000000
0100110100111000101
1101100011111001111
0111101101000101111
0110100001100010110
1000110110011000101
1010101100111101101
0000010001010111111
1100111000011100110
0110110111000111001
1101000010101111100
1011011011101110001
0110001100010001000
1101001000100110110
0101010000110010100
1111011100000010100
0011101010110000001
1100011100011110011
0011111011110010001
0101011111001000010
0111100111001010001
0010011111000100010
1111010000010000011
1111010000111001001
0000010001010010111
1010010000100010011
1101101110000100101
0011000101001101110
0100100001101100100
0101101000111100010
1000011101111101010
1001110001110010011
1101100011001000100
1101000010100000010
1110010000001011011
0000101100011011001
1111000000111110010
1110010100000110011
1110000000001101110
1000111010000010110
1100111101111000000
0001101110100111100
1110101110111101000
0110001001110110010
1101010111001000111
0010011010001011011
0111000001010111010
1111010011100011101
1010111110110110000
0100000101011011101
1011111011000001010
0101110110100011011
1111010001110001111
1101111010110100010
0100100100000111110
0010101001100110101
1011111011001100111
1110010001010010010
0100001000110110010
0011100101010010010
1001110111010010100
1110111100110110110
1110011001001000100
0100101110110110101
0111010101101000111
0110110011111111000
1101101011101100010
0010101101100001010
0001101100100110000
0011111011101110110
1101100100100000001
0011100010110000000
0110101100100100011
1111000100111000101
0001101010110000101
1011010101001000000
1110000100111001100
1011000101001000110
0111011101000000111
1100111110111111111
0001100110010011001
1110111111100111010
0010001010000101001
0101001101111000101
0111010101101001010
1011100000101000010
0110111101011010111
0011110101100101000
1010010011101010000
0100010111101000111
1100110110100100000
0100011101010101101
1001011011001111100
1001011011011000110
0011111111010111010
1110111011100011010
0101010100000011001
1100111111001111010
1101000111000010011
1110001100100111100
1000100010110001100
0001001000000100110
1110010011100101011
0110110010011000011
1100111111100000000
0010110001000110001
0011110010100101000
0110000010110100011
1110100111000001010
0011110100101110000
0010101101010110010
0110000101010011111
1110000100110011100
0000010100010101101
1010111011000000101
0000101111110110111
0001111110100100111
0001111001111000100
0010110000110001001
1100101011010011000
1000100011000011100
1011011000000100011
0010100101101110000
0110011100001110011
0101011011111100001
0010100001000000110
0101111000111101010
0000000011011001110
0001010011101111010
1011011001110010000
0010100101110110110
1011100101111100110
0001000110111110101
1001011110110011111
1110000101010111001
0100011010111000100
0010101101101011011
1000010001011000101
1100000101001000101
1001100110011100001
1110111110100111111
0100100111110001001
1010111100011100100
1111111010100110101
1000110101101000001
1010011111111100100
0010010000010011100
0000110101100101010
0110001000101111100
1001000101110110010
1001001011010010001
0111101000101010001
1000011111000100100
0000000100001001100
1011101101010100110
1100010000011010101
1110001101001100001
0001000110011110100
0011101000101000111
0110111100101110110
1011000111110111101
1111011011100100110
0000111011110010101
1001100100100110010
1000001111101010110
1101101000110010111
0001110001011110100
0000111100101000101
0010000100110010100
0110000101111001011
0001100110100011110
0000110001010110011
1010111110010010101
1101100111101011010
0010110101101011011
0010101000010111001
0010010110100110111
0111001110010110111
1111011110001100011
0111000111000100100
1010011100010111000
0110110000011110101
1101101001011010000
0000001110010011100
0101011100101000111
1110100100101010011
1110100011101010110
0010001011010110011
0111011100101000010
1100100110110010100
1000110110010110011
1010000011110001011
0100001000111000000
1011000100011001100
0000011001111110010
1100000011001101110
1101110010011001010
1000000101001110101
0001010001100010010
0000000101010110000
1000100101011000111
0110101110111000110
1010110010100111010
0111011001110111111
1001100011111000110
0010111110110010011
1111110100000111000
1010011100011011001
0100010111001100111
0110101111001101011
0100001101111111000
0001011100011000100
1110010100001010100
0001101100001010110
1001000111010110100
1010101010110010101
0011011110010000110
0110001111000100110
0111011001001101001
1011000110001111000
0011110010100100100
0101010000010010010
1000010011010010110
0011001010101000100
1111011111011110000
0101001111010111110
1010011111110001001
0110000000001011100
0100011010100110011
0100001000100011101
1011100000111111110
0101000101010110111
0000011110011001111
0001001001100001100
0101000101100110110
1101110011101001001
1011011010000000001
0001101001000010001
0111111011000111000
1101111001001001110
0101101010001101101
0101100100111101011
0000111010001110011
1110101100010111101
1011000011100011001
0010100111101011000
1001001001111101101
0000101001111001110
0001101001100111111
1001011010110011001
0000110001101001010
1111100001011010001
0000100111110000101
0010111110001110010
1110101101001010101
0011110000011101000
1011000001001101001
0111110001001100110
0000001111011110100
0011011110011111110
1110110111010001101
1001101011000001100
0010111010110010011
1110111001100011100
0111111111111001001
0111101110001111000
0101111110001000011
1100100000100000001
0010000000100011010
0110000110011101111
0100000001100000100
1001110101111001001
1011100010111111001
0000010101000101111
0110110011000100101
0010010111000001010
0111100100101111101
1101111001100100101
0101010001001001011
1101000010111110000
1111110111010100000
1110001010001110000
0111011011100000101
1001100011000001011
0011010011100110001
0010011111100110001
1111000000001110100
1001101110101100001
1101101001001001101
0001111111110110101
1111110011000000010
0100011010100000001
0111111000010011100
1001110011001101110
1001011000000011001
0100111000011111010
1011101111110010001
1110011000111011000
1010000101101001000
0001101011011101100
0101001011001110100
1110110101000011011
1011111100100100100
0001101000011110100
0001110001100000110
1111011110010100011
1010011111110001101
0011110010010101110
1001000100111100111
1011110010100101000
1101001010110101111
0101111110111111101
0110100111010100111
1111110001011011101
1101110110110011101
0101001111001001010
1011010001100000011
1111110010111010000
0001101011110111101
0100111000101001111
1011101011001000100
0011101100001010111
0100010101000100111
1111110010111100110
1000001011011010101
1011000010110011011
1111110001001010111
1001010000001000011
1110000001100001111
0101110101001000100
0110111011000001100
1100111101001111000
0010100100001011100
0001000001111010010
1111101110100101011
1101101010000000010
1111100101111101000
0101110100100100000
0001010000100000100
0011011101101111000
1100100000000001111
0001101001110110001
0011001110010011100
0001100010011001010
1010001011000101011
1101110000110100000
1000101000100010000
0011001000001111100
1000101001000001000
1110101110110110001
0011111010001010100
1011001111100110000
1100000001010100010
0010101101101010111
0101010011101000001
0100101000000010110
1110001001010110000
1100011110000010100
0000000011011101010
0101001000101001010
0101000000011001110
1010111000110010100
0111011001100001001
1101000111110111011
1101101110101111010
0010000101100001100
0110111100001000101
0111001101100110000
1101010111101101011
0001111110001011001
1111000010111000011
1111101110000101001
1111010000101001010
1100001110111000101
0001101011101111000
0110110111000010001
1110101000111000011
0001001110110111000
1101001011101011101
1111000001100010000
1110001111010110011
1010100110110111001
1111100110000101010
0100010011000110110
Time = 27.84s
