n = 12, k = 9, m = 190
Expect Resample Times = 0.362553
Real = 2
Result:
000010000001
000000000010
000000100000
010000101000
000000000010
001000000010
100101010010
000000000000
000001000000
001010100000
000000010110
100000100000
000100010001
000000100000
000000000010
000000010000
000000000000
000000000010
001000000010
000000000010
000000000010
000000000010
000000010000
010000000000
000100000000
000100000010
000000000010
010000000010
000000000010
000000101000
000000001010
000000000000
000000000001
010000100000
000100000010
010000100010
000100000001
000000000010
000000000110
000000000110
000000000010
000000001010
000000000000
000001000010
001010000010
100000100010
001000100000
000000000010
010000000011
111000000000
000000100010
100000010100
001000000100
000001000010
100000000000
010010100000
100010100010
000000000010
000000010000
000000000110
000000000010
000000000010
000000000000
000000000010
000000000000
000001001011
000000000010
000000011001
000001000100
000010100010
000000000010
001000000010
000100010010
000000000010
000000000010
000000000000
000000000110
010000000010
000101000010
000001001000
000001010010
000000000110
000000000110
000000000010
000001000100
000000000010
000000000010
100000001000
000000001000
000000101010
100000000100
001000000010
010000000010
000000000110
000000000010
000001100010
000100000010
010000000010
000000000000
000000000000
000000000000
000100010010
000000100000
010000010011
000000001010
000000000010
001000010000
001000100011
000000011010
001010100100
000000000001
100000110000
000000100010
000000000010
000001000000
000100001000
011000011000
000100000010
000000000001
000000100100
000000000000
000000000000
000000000100
010000000000
000000000101
010010000001
000000000010
000000001100
100000000110
000000010010
000000010010
100000000011
000011000111
000000010010
000010000010
000000000000
000000000000
010000000000
000010100010
010000000010
010000100000
000000000001
000000010110
100000000000
000000100110
000000000010
010110001010
100000000010
000100000000
100000000000
001000001010
000010000000
000001000010
000100001000
000000000000
000000010010
000001000000
000001000010
000000000101
001000101100
000010000000
000000000000
000010000001
000000000110
000000001010
100000101010
000000000010
010000000000
000000000001
000000001000
001000000000
011000000000
000000000000
000001100000
000000000100
000000000011
000000000000
110001000001
000000000000
000000010010
000000000100
001000000100
100000001000
000000000000
000100000010
000000000000
110000000000
000000001101
000000000010
000100100010
Time = 0.006s
