n = 9, k = 6, m = 833
Expect Resample Times = 0.366967
Real = 0
Result:
011011101
010110011
001000011
110101101
000011110
000010110
110010110
001111011
101010010
111111001
001000110
001100111
011010100
010111000
010100101
010110101
101111001
010100000
110010010
001000011
111110000
000100101
111001110
010000000
010010101
110011100
010011011
011001000
001101011
010110100
101010101
110110101
111110100
011001001
000000101
010010010
000111011
100100001
100101001
101110100
001000001
000100101
001001010
100101010
000011111
010010011
111000111
011110011
110010100
011000111
100100001
001101101
111010110
000010110
011100011
100101001
110110000
011110111
110001100
110010110
011110001
110111010
111000010
000010110
101100010
000011100
011001111
110010100
100010000
011011010
001000000
101001101
111110100
010110110
100001000
111101001
100010001
010110000
100100101
010010011
011010110
001100111
001110110
001101100
111000011
001101011
100010110
110101011
000011001
110000011
100110100
001100010
100100001
110110110
011010110
110111011
101100101
101001011
100101100
011000111
101000110
111100101
101100001
100111101
011010110
111010011
010111100
011101100
111001101
001011101
100000001
001111111
110011101
100111111
011111101
001100001
110000011
111000000
101111101
001111010
101000110
001100101
010011101
011011100
010011101
010010000
100000001
101001110
101001110
101011110
101101110
010110101
011101100
101000001
111011111
110100011
000100011
101100010
000001001
110110110
010000001
110101101
000101011
011110100
000110110
011111111
011100110
110101001
011011001
000000110
110100000
100000010
101001111
110101101
010110000
110100010
101110011
101111110
010110011
000110101
101000001
001111010
001001001
010100010
010010001
001100011
100111101
111101011
000001101
110110101
101001001
100011111
011111111
110101010
011111111
011000111
111000000
111000101
101101011
100001001
110110100
111111110
010101111
010100110
011011001
111101111
111101000
100100011
111001101
011001010
001011001
001011110
101110010
100111100
011110001
110101010
101100111
100000101
010000000
011100110
011000100
011001110
010111111
001110010
110101111
010110010
100110100
111111111
000010000
111011010
000000000
110010100
101010100
101000000
101111001
110000001
010001111
111100001
000101110
101101010
110100110
010100010
111111000
000001110
011010000
111011010
101011111
001011100
110011110
010000010
000100111
110011001
100100011
001010100
011100101
001010110
010111010
010000010
110010111
100110111
101100110
010111010
110010100
100001000
110001101
010110101
100001010
101100100
111110110
000110001
110000100
100001100
010101111
110101001
100110011
101111111
011100101
111110000
011010111
101110001
101100011
111001010
001101101
001000001
110011101
101100001
101010000
000000111
001001010
101110100
011111110
101100110
000011010
100001100
111111111
010110000
011010111
001111010
011101100
000101111
110101011
011110010
111001111
000111111
011000010
111100101
011011001
011000101
010100110
111001101
110111111
111101111
011001011
100101110
110100010
101010111
110101101
100000101
111111110
100000001
111100000
001110100
011011000
010001111
001110101
011100101
111001100
100011001
110000010
001110101
000101111
001010110
010011010
101101111
011011111
100011111
101011100
011001101
010011010
111000011
111111110
010011111
100111010
010111101
100100110
001010111
110011000
101111100
111111111
011101011
110100111
001101011
100000100
110110010
100110111
100000101
101000001
010000000
000001010
000100000
100011100
110101101
010101111
011010101
010111111
001101010
001111001
101001110
010101011
001110010
100110010
100001010
111011001
011010010
010010000
101000011
000000100
110101110
101110111
010000110
011110001
110010110
010011100
000110110
110110000
110001001
101000101
001000001
001110110
010111110
010110101
011111110
001110111
100000000
011110111
101111000
110111010
001110100
001011000
001111111
001110111
010100010
000110011
010001100
000001011
110110111
011101010
011110110
101110101
101111101
011011000
101000010
110000011
000100011
010000100
111000010
100100100
000010100
101000000
101110001
000111110
010000110
010001101
111111101
111001001
100001110
101101000
101101110
010010111
011111100
001100111
010111001
111010001
100100000
101011011
011111100
010110101
101110011
100111011
110000111
100001001
001101011
110110100
011101001
011000100
100000101
000101111
001101011
111100001
000011100
111111101
110100010
111111010
000101100
101001101
001010111
000011110
111011100
010101111
000100111
010011000
101001001
111100001
100011111
000000000
111101011
100101001
101101100
100001111
010110001
110101101
100001000
111000000
000110111
011010010
101010000
100010100
101001111
101000100
011100100
101110011
000010100
010101100
010001000
100101000
100100101
110101010
100110010
110001110
000001101
000011010
111111101
001011001
110101000
011010100
010101100
100001011
000001001
110111111
001001000
110011110
010111010
100010111
111100010
001111001
001110010
011000001
010011111
111100110
100010000
111001001
111000011
001100001
110011001
000100110
001010010
000111101
010101011
001000000
000001000
001000101
010111100
010101100
101100011
011111110
010110100
011011111
001000010
010001111
000001010
010010110
001010111
100111110
011010101
100011110
000110011
111111111
110011110
111101110
001110000
011001110
111010010
001011000
100010110
000010000
000001001
100011110
111001101
100110101
101001010
001100111
111001010
101100001
100110000
010000101
100001110
100100110
110011000
100010110
101000011
100000011
001001011
100011000
010111000
111100101
110101011
011110100
010100101
100110010
010000000
000000111
001100100
100010010
101010111
111111011
101000110
111000011
100010100
001100100
000111011
101111111
011111101
010010011
010101010
110110001
101000000
110101110
110111100
100110010
100011100
110010110
111101101
101101101
111001100
111101000
011110101
101111111
011111010
010110111
101111101
010000101
001001101
000110000
101101000
111101101
001110100
110101101
000010001
100010100
000000101
100011101
100001101
011010000
010100110
101010010
001101101
111001111
000010100
010110100
010000011
110101011
011100011
000000001
100000110
100011100
101111011
111101101
011100010
000110100
011100111
100011000
011111101
101010100
000001001
010010110
010001110
100101111
001111101
101011101
110011110
000010000
000000010
101001000
000011000
001101110
011011001
101000101
110000011
011100101
000001100
001000000
111111001
010001100
111111011
001110111
100110000
110001011
001000111
101110110
100000101
110011001
101001001
110110001
110100011
001110010
100011100
100100010
000101110
010010011
011010111
110110111
011000010
001001100
100010000
100101111
010101111
100011011
100111011
010001011
110011001
010000101
010110010
010111101
111100000
000110010
111111011
100011001
111010011
001110101
011111100
010101100
011001011
010101001
100010001
000011110
110000001
100011000
000011101
011101100
001000001
010101010
101011111
010101010
000001101
100010011
100110010
001001100
101111010
010001110
000110110
001011100
010111011
010100111
001101101
100111100
010010000
000001101
011100111
011110111
100100110
110100110
010110110
010110100
011001111
000000001
000010000
111000101
001111110
110010110
101000000
001011110
100001010
000101001
101000101
010011100
000110101
011010101
011011100
101010000
001011110
110110101
101111101
101010110
000001101
011010001
000000110
011101111
001110010
110111011
100010110
101100101
100110110
110110100
000101011
000011011
100001111
011100101
001110110
010110000
010110101
000100011
110010011
111010001
011010111
001001001
111000001
000100100
010000100
101101000
010001001
111000010
101111101
100001110
010000010
110000001
001000110
010011100
001111101
110000111
001000100
010010010
000110101
100010110
000000011
111010010
010010000
010011100
101001100
001011111
000100110
101001000
100111000
011100001
110110111
110011001
101111000
111011010
100001111
111010101
100100111
010110101
110100100
101101111
000101001
110100010
100111110
111010101
011000011
011101011
000011001
111001101
011010010
000000100
001001110
000111000
111000101
110000110
000101100
101001110
001011000
010100010
110110000
100101100
101010010
111101011
100000111
011010001
010111010
010001110
100011010
100011001
011011001
001100000
010010010
000110001
101110000
000101110
001011110
001010000
010010110
110111011
010100100
101110101
011001011
101000100
001000111
101101000
010001001
010100111
001001000
011111101
111101000
010100100
Time = 0.005s
