n = 20, k = 2, m = 62
Expect Resample Times = 0.868232
Real = 1
Result:
11011110010110100111
10111010110011000000
11100100000010110010
11101000100100001101
00101101011010110100
10010001101000000110
00101011001001111011
00000010101000001001
01011011110101010011
01010111001100011000
01011111010000110101
10110111000101111010
01001110111100101111
10111001101011011001
11000101000011111100
10010101101111000110
11100101000010100110
01111010011000110010
01111100011001110001
01010010011011011110
10010100110100111111
11100101110101010010
01010010010011110010
00001110000101101001
01110111010000001100
10100111101010001000
00000000111101100011
10111010011010001000
11100000110111101111
01101011001011111010
11010010001001001111
00000111000110000110
11000101010100100110
10101111111110101101
01101100111100000101
11010110110010010110
00110110010001000111
01001101100011000011
11001101001110100010
11001010011000010011
01001111000110101011
11101001101101001010
10010001011010110010
01101110000001100101
01000010001000001100
00011001101100001011
00000011011100000011
10011011010010011111
00110110010001001101
11100101010101001010
01001000111101110111
01101000000100110100
01110011111010111100
00111011000011110111
11011110111011011011
01110001111111100000
00111101011100011000
00100001101001110100
10000111110001001100
10001111111100100111
00001011111101011011
01011111101010110001
Time = 0.014s
