n = 15, k = 3, m = 84
Expect Resample Times = 0.469087
Real = 6
Result:
110000001000011
100000000000000
000100011001100
000000101000001
000000001000110
100001100010000
100000101101001
100000001000101
100000010010010
010010000000100
000001010000010
010000001010010
100100001000000
100000000000100
001000000000000
000001010111000
110101101010000
100010001000010
101000001100000
000010000000011
011000000010000
101101000001001
000100000010000
100010010100100
100000001110001
000000000000001
100001100000000
000000001100000
000000100000111
100010100100000
110001100100000
000011000011100
100010010010010
000000000001100
001000000010010
000000000000000
010101100001000
000010000001000
010000001011000
010000100100100
100100000000110
101000000000000
000101001110100
010100101000001
100000110100100
000100010001000
100000010000000
000110000000001
010010000011010
000010000010010
000000000100000
110011101010100
000000000110000
001000100101010
101010100000101
100000011000100
000100000000100
011100000010010
101000001000001
001010000000100
011100000000000
000110101000100
100010010001000
000000010000001
100100110100000
001000000000000
100000100000001
111000010000000
100000001110101
000100001000111
000001000100111
001010001000001
000000001000000
000100010000000
000001000000000
100010001010001
100110001000010
000000000000010
001000001011000
000000000110100
001010001001000
000001000000001
001000100000000
000001100000001
Time = 0.038s
