n = 10, k = 4, m = 96
Expect Resample Times = 0.344366
Real = 2
Result:
0100000000
0100100001
1010001010
0001001110
0110001110
0100101100
0001110100
0100011011
0000100000
0010100000
0001101010
0000110100
1100101100
1100000100
0000101000
0000000000
0001001000
0010101000
0010100001
0000100000
0000100110
0000000110
0000100110
0000010001
1000101001
0100100101
0001011000
0000100000
0100001001
0000100000
0000100000
0100001111
0000100100
1000000000
1111100000
0000101001
0000110010
0000011010
0000000100
0100000001
0000001000
0010101011
0000100000
0100101010
1000111000
0000101000
0011001110
0000000000
0000000010
0010001000
0101000011
0000000000
1000111011
0001100000
0000000000
0010000000
0010101001
0001000000
0000101000
0000001110
0000100001
0000101100
0000101001
0000010000
0100000000
0000000000
0000110000
1100000101
1010001000
0010000000
1000000000
0000001011
0000111001
0011000000
0010101000
0100010000
0000100000
0001001110
0100001100
0001000000
0001100000
0000000000
1100110001
1010010010
0001110011
0010100101
0000000001
0000001000
0100101100
0000101000
1000000000
0000100001
1000000010
0100100100
1000100000
0000001010
Time = 0.006s
