n = 16, k = 2, m = 49
Expect Resample Times = 0.650604
Real = 1
Result:
0011011000001100
0100110010010010
0011011101111100
1000110110110000
1101000101001011
1101100000111000
0001011101001000
1001011001001100
1001111001110000
0011101100011110
0111100101111100
0110000111100100
0101011000101000
1011101001100110
0110010110010001
1010111100001101
1100011101100010
1000000000010110
0101111101001010
1010001110100010
1011110011101100
0000010000000000
0011011000101101
0000000100010101
0110010000000100
1100100110011111
0011011111010101
1010111101001100
1001010101110000
0101010000000001
0101010110101000
1100000000100000
0101111000101001
0111111101000000
1110011011001010
0100101011000010
0010011100001011
1101100001101001
1101011000101000
0100010101100000
0011101000101111
1110010101101110
1000101101000111
0010101001101101
1100000001110100
1010011000100101
1111110000101011
1110000111011000
0001011011100001
Time = 0.008s
