n = 14, k = 4, m = 320
Expect Resample Times = 0.387436
Real = 0
Result:
11010011000011
01100100001010
01001100011101
11110001101101
00011100011011
10000111110110
11000110000010
00111100110100
10111010110000
01010101100010
00001110010010
01010011101100
01101100101000
10100000011001
11001110100011
11000110101011
10100111011111
10011100010000
01100011011111
01110000110111
11001011001010
11100011110100
00001000101100
00000010111100
01011100110100
10000000101100
01000100010110
11111011001111
10010001011111
00011001000101
00001001101010
01111010011100
10100001011101
00111111110110
00010010110100
00101010111111
00011110111010
11111101011111
11010011010111
01110000000110
01100011000101
01011001111011
11000111101001
10101010111000
10000011001111
01111010111000
01100111000110
11100001101100
00111101110010
01000110101111
00111110111010
00100100010001
10110101000010
11011001001111
01101101000001
00010111000101
10010100101100
01001000011110
11011110010111
01010110001111
01000010101110
01110001011011
01111101011000
01011111010001
10101110101111
10011111110110
11110111110001
10111011111011
01010111001001
10001011000010
01111100011111
11110101000110
11101110011111
01110001100101
11110100001111
01001010011100
10001101100001
01111111011111
10011001100001
01101101101110
10100101110101
01001101010100
10111011110101
01100011111110
11010111111010
00100000001100
01011110000110
01100111111001
01110011011010
01100101100101
00010011011110
11010001110010
11100011001100
11110000001110
11011110001000
01111000100000
11010111011110
01010100100011
10111010111011
01011010101001
00000011010111
11011011000001
11111100000110
10000000110010
10000111000001
00111001110100
00101100110010
01011011010110
11100101110111
01101001101011
01111100011111
11001010011000
01100010111011
01011111011001
11011000001011
00000111001101
00000000101010
00000000101100
11000110001111
01000101000011
01110001101000
00011011110110
11011110001101
01010010101100
11010110000101
01010000111100
00010111001111
11000101100100
01100000011100
10110111101100
00000110110101
00000110010101
01100100001100
00111100011001
01101101100011
00110111101010
01100000010000
10001100001011
01010111100110
00111011000100
11001101011011
10010111010000
01111110011001
00011000101000
00111110100110
01101101000000
11110001000000
11100110011011
00101001000110
01001101100100
11111111001000
00101101110100
00001001110110
10100100100011
11100011010000
11110000100010
10100010001110
10000100010101
10111000000110
10011100110110
10001110110001
00001111101011
10100100100111
10001111100101
00011110111100
11011111110010
01001101000101
01001110110100
00001000001000
01000010010101
11001000101101
00010111100000
11011000100110
01010110010001
10010011011001
10011111110001
10111101000001
11000001110100
00011101101111
01010000101011
10011000010110
10111111000101
11100111110101
10011101110001
11011111011101
10000000100001
01001101100001
01110100011110
11110101111101
10100101110000
11011101011110
10001110110110
10100011001001
10110101001111
11000001100011
11000010010011
01110100101101
00010010100001
01100000000011
10100110011101
11001111000111
10011111000111
11100010101011
01101010100010
01010100100011
11010111001111
00001110100111
10011010110001
10001101111110
00110001111111
11100111100011
00101001010100
11010110011111
11101111110010
01010100101111
01010111011001
10010110101101
00101000111011
00100101111100
10010110100100
00101001111111
01111111101100
01011001000111
01001111101111
10101011100000
00010110001101
01001110100011
01111000111100
11100001101111
11100010100101
11101100101101
00111110101000
00100001101000
00110011101000
01000000001101
11010111111001
01000000110110
11001000011100
00001111110000
00000110100101
11010111011100
00010111101111
00101101101111
11010010000010
10110110001011
00000100101000
00000111110001
01011101011000
01011100100000
00100000000001
00000011011110
00111000010010
10110000011111
00101110000101
00110011100001
11111101010001
00010000011110
00110111101000
11001001011110
00100000001111
11111101101000
01011001000110
00010111001101
01001001010010
00100101101011
01001010101100
10001011011010
10010010101011
01011011111000
01100100101011
00001011100011
10000000000001
11001001011000
10011111011100
01001000111000
10011111010110
01010000001101
11110110110010
11001000101110
00011110100110
01001100101001
11000001100000
01010101110001
00110111010000
01100001101000
00110001110010
00101010000110
01111101101101
11000100101110
01110000100110
11111001010101
00001001010110
11011111101110
11100001000100
11010000110011
10011010100001
00110001110111
01101011011010
10010110010111
00101101110000
00111100100100
01011010010011
10100011110101
11110011011011
00000101010001
00010110001000
01110110000110
00011001001001
00111010100001
10100110001011
00111111110100
01011000110000
00110101100101
10011001001001
01011001011110
01110101000101
11100100001011
00010111000011
00111011000011
00100101000011
Time = 0.039s
