n = 12, k = 7, m = 185
Expect Resample Times = 0.357916
Real = 3
Result:
000000010100
001001000000
000100000000
000000101000
000000001001
000100000000
000000000000
000000000010
000000001000
010000000101
110000000000
000001000001
000000000000
000000000000
000001010001
000000011000
000100000010
000000000000
000000000000
000100000001
000000000000
100100001000
000000001001
010000000010
000000000000
001000000010
000101000000
001100000000
000000000001
100000000000
000000000000
000000000001
000000010000
001000000000
000000000100
001110010000
010000000000
001000000000
001000000000
000000000000
000100010000
000000000000
001100000000
000100000000
101001000000
000000000000
011000000000
110010100010
000111001000
100001000000
010000000000
000000000000
001000000000
000000000001
100000001000
001000000010
000000100001
000000100000
000000000000
000010000000
100000000110
100000000000
000001010010
000000100000
010000010000
000011100000
000100010000
000000000000
101000000000
100000000000
000000000100
000000010000
000000100000
100100000000
000000000000
001000001100
000000000001
000011010000
000000100000
100010000000
000010000000
000000000010
000010010011
000001000000
000111000000
000010011000
100000000001
000000000000
001000100000
100010000010
101000001000
000010011000
000100000100
101000000100
000001100010
100000000000
000000000000
000000000000
000010000000
000010000101
100000000001
100000100000
000000000000
000100000000
000010100000
000000000000
000000000001
000000000000
000000000000
000000000000
010000010000
000000010000
000000000010
000010100000
000100000000
100000100000
000100010000
000010000000
000000001000
000000000000
000000010000
000000101001
010001000000
000100100000
000100000000
001100000100
100000000100
000100100000
000001000001
100000000000
000000000001
000001000000
000010000000
010000000000
001000000000
000000000000
000000000000
001001000000
010001000011
000000000000
001000001000
100000000001
000100100000
000000100000
000000000001
000001000000
000001110000
000000000000
000000101001
011000000000
000000000001
000000100010
000100000000
000100000000
100000000001
001000000000
001000000000
000100000001
000000010000
000000010010
000000000100
010000000000
010000000001
000000100000
010000000000
000000000000
000000110000
000000000001
000000000001
100001000001
010000000100
000001000000
000000000000
000000001001
000000000000
000000000000
100000001000
001000100000
100001000000
101010000010
010000100000
000000000000
001000000000
010001001000
000000000000
Time = 0.027s
