n = 13, k = 12, m = 120
Expect Resample Times = 0.370625
Real = 1
Result:
0000000000010
0000000010000
0000000000000
0000000000000
0001000000000
0100000000000
0000000000000
0100100000000
0000000000000
1000100000000
0000000000000
0000000000000
0000000010000
0000000000000
0000000000000
0000000001000
0000000000000
0000011000010
0001000000000
0000000000000
0000000000001
1000000000000
0000000000000
0000000000000
0000000001000
0001001010000
0000100000000
0000000000000
0010000010000
0000100000000
0000000000000
0000000000000
0000000010000
0100010000000
0000001100000
1100000000010
0000000011000
0000000000000
0110000100000
0001000001000
0000000000000
0010000000100
0100000000010
0000000000000
0000000000000
0000000000000
0000000010000
0000000000000
0000001100000
0100000000000
0010000000000
0001000000000
0000010000100
0000000000000
0000000100000
0000000000000
0100000000000
0000110000000
0100100000000
1000000000000
0000001000000
0000000000000
0000001000000
0000100100000
0000000000000
0010000001000
0000000000000
1000000000000
0000000000000
0000010000100
0100000000000
0001000000000
0000000000000
0000100000000
0000000000001
0010100000001
0000000000010
0000000000000
0000101000000
0010000000000
0100000000000
0100000100000
0001000000000
0000000000000
0000000000000
0001001000001
0000000000000
0000100000000
1000001000000
1000100000000
0000000010000
0000000100000
0000000000000
0000000000001
0001000000000
0000000000000
1001000010000
0000000000100
0000010000000
0100000000000
0000000000000
0000000000000
0000000000000
0000000001000
0001000000100
0000000000000
0000000000100
0000100100000
0000000100010
0000000000000
0000000000001
0000001000000
0000010000100
0100000000000
1001000000000
0000010000000
0000000000000
0000000000010
0010000000100
0000000000000
Time = 0.002s
