n = 8, k = 6, m = 641
Expect Resample Times = 0.369521
Real = 0
Result:
01011011
00011101
01110101
00110000
10100000
01001110
00101100
01011101
01101111
10101110
11100111
10101110
00011001
10001001
10011000
11001110
11001010
10001000
10011001
00011010
01100110
01110001
11100000
01001111
11101100
00101100
00000010
10100101
10111000
01111000
00000011
00010010
11110100
10010010
11110111
00111101
00101100
11011101
10101111
00001011
01001111
00101111
01111000
00000001
01001000
11110000
00100011
00110011
01100010
10110010
11010101
00000001
10100101
10000011
00110001
10101101
01000010
11101010
11110001
01110010
10110100
00011110
11010001
00100000
11011110
00101111
11101110
01111001
01011101
00101000
10011010
01000011
01010001
10000001
10001011
01101110
00100111
10001100
01001100
01001010
10001010
00111000
10000111
10010011
11110000
01011000
10100010
01011111
00100010
10001000
01011010
10011101
00100111
11001000
10000100
00110100
01011010
00101100
01110101
11111001
00011011
01100110
01100111
11101011
10010111
10010011
11011110
01000000
00111101
00110101
11100010
01101111
01100001
00110110
10011001
01101010
10011000
11001100
01010001
01110001
01100110
01101001
00011001
10011011
11101010
01101101
00000001
11000101
01100100
01111110
01010100
00011110
11010101
01001001
00010010
01100010
00100101
01001011
11011000
10010010
11010110
01000000
11011111
10101001
00000100
11010110
11101001
11101001
11110110
01010010
11100011
01111000
11011101
11110010
00111001
10110100
11111010
00011010
10010100
11011001
10011111
00000000
01110000
11111110
00000111
01101000
11001010
10001001
01011111
10100100
10011101
10010011
00001100
11101110
00011111
01000011
11111010
00110111
11101000
01111010
01011001
01111110
00001110
10010111
00001011
01000001
11111110
00111000
11010100
11100011
00101111
11101101
10110011
11101110
10110111
00011010
11101100
10110010
10101100
01110111
11110000
00011100
01110000
10100001
00010001
10000000
10110111
10101000
01000001
10011000
01010111
01110001
00110101
10000011
01100001
01001001
01011101
01100011
10011010
00001110
11001010
10000001
10011010
10010111
00000000
00001001
10011011
10011010
01100111
01010011
10101101
00011111
10000110
11101011
01100110
00000011
11010111
00000010
01110001
01111101
11001011
11111010
01100101
01110101
10100101
01100101
00101001
01110000
11000001
10011111
11100000
00011011
01011100
01101000
00100110
11011100
01100100
10000000
10011011
10101000
10000111
00001011
01001001
11100101
10110010
01110010
01010100
10010111
10010000
10110101
00110001
10001101
00011101
00101111
10100110
10000010
00001100
11011101
01000110
01111101
10111110
00101001
10110010
10011000
11110001
00001011
10111001
01100111
10101011
11111110
11110110
11010111
01000010
01011000
00000001
01000011
00011101
01110101
00111010
00110111
11001000
10111110
01010110
10101101
00110011
11100001
11100010
01101001
00001001
00010000
11001001
10101101
01100111
00000100
00101100
11111001
00111100
11001111
00001111
11110011
10010010
01000110
11110100
00110111
00110000
10111010
11101010
01010001
10010111
01101111
10001111
11001101
11000110
10101000
11010011
10110000
01001110
11001001
00110001
00110000
00000010
11011110
11100010
00011111
01100110
10100100
11110111
10111100
10001100
11100000
11000001
00100111
11001011
11001011
01100100
00111010
00101010
10000101
01111001
11110101
11100110
00101100
11001011
11011101
01110001
11101011
10101010
10100001
11001100
11101001
01000001
11101010
10101111
10100110
10010001
11110110
00111010
11110001
01111011
01110000
01110111
11111100
11001011
11111110
00111101
11011111
10110101
11011011
01111010
10100110
10001100
01110001
00010000
11000100
10001110
01110110
10011100
00110111
01001110
00100000
00001010
10110001
01101000
11001100
11111101
00111110
10101110
11101111
10101011
10011110
10101000
10011100
11011000
11100010
10000001
00000110
11110110
00001011
10001011
10011011
01111000
01100111
01101100
10101001
00000011
01001101
10000111
11000100
10011011
00011011
01010010
11001000
00011000
01011010
01110101
01011010
11101110
00111101
10001100
10000011
01011000
00010001
11111011
01110000
01110110
00110011
00000011
10001010
10010010
10001010
00010000
00110101
00111011
00100000
10111101
01010101
11000111
01100010
11001010
11110110
01010100
00011111
00110111
01000011
11001010
10001111
10000100
10011101
01010101
11010001
00101011
01001011
01010010
00000010
10101100
10000010
01111101
00111001
10001110
00101110
10001111
00100101
11000101
11110101
11010011
00001010
11010111
01001110
10101001
10111101
10001011
10100000
00111000
10001100
10101110
01101000
01111010
10001110
11100111
10100001
01111110
01100001
01010000
00100010
11110000
00110000
11111100
00001111
01110010
11011101
10100011
00111110
01010101
10110011
01000100
10101001
11101011
10001100
01100101
10011110
11111111
00010011
11100111
10010100
01110010
10011011
10010111
10000010
00101011
11011100
00111000
01000111
10101011
11010011
11101110
00111100
00010001
00000101
10001001
11101110
11111010
01111000
00110101
10000010
00101010
10010101
10110111
00001011
01100010
11101111
10110101
11000010
01111101
10111101
00100000
10000111
10011010
11101001
11100100
10001010
00010011
11010110
11001011
00110010
10100101
10101010
01110001
10010111
00100001
01100011
01101010
01110010
10000101
11110100
10001010
00011101
10011010
01000011
01110110
11111101
00001100
10001110
11000000
10110100
10111111
10101010
10110001
10000000
10110100
11001011
01101101
10000010
11101001
10000001
01111101
01111111
01010110
00100000
11111000
00000011
11111001
01101010
00000001
01111100
10010000
00100110
00111001
10010100
00100010
00011100
10011000
10101000
01110001
10111110
00010011
00111100
10101011
10001000
01111100
10001100
11010100
01000011
01000100
11000010
00110010
01100010
00110101
01111011
10101000
01010110
11010100
11010100
11101010
01011000
00110011
11011111
01000001
00001010
00011111
00010010
01111100
Time = 0.005s
