n = 11, k = 4, m = 276
Expect Resample Times = 0.361504
Real = 0
Result:
11000101101
10100011001
11011010100
11010010010
10010000011
11111011100
01000001010
10011011001
01011010100
10111110001
00101010010
10111000000
11111000000
01110101100
11010011000
01000111010
10101000111
00111110001
11111001111
10110011000
01010011011
11001001010
11100001101
11000011110
00001000001
00000100110
10011000010
10110100001
00001100111
01000000010
00110100001
10101010100
00100011101
01110100011
10100110100
10111110000
00101100110
01110110101
00101101011
10010101000
00101010001
11010101000
11111000010
00001111111
10110011010
10011110011
11101011111
01000001000
00110111100
00101110001
01000110101
01101100011
10000111100
11010011000
11001010101
10110110000
01000110110
01000001101
10011011001
01011110000
11010111101
01100010011
10110011100
11110110011
10000111010
00001111000
10111010111
10100100010
10011011110
00100010010
10011000111
10110110110
01000111000
11010011100
10100010001
00010100110
10000011111
11101011110
00111100011
10000010000
01010011010
10001000100
10101010010
11111000001
01101010111
11010100101
00110011101
01011010100
01010001110
10001011011
00101001011
10111010000
10001001101
10101110100
00001100110
10101100100
10000110101
10011101101
01111100110
00000010010
01110010101
01010001101
11000011100
10011100101
01010010100
01100111011
10111110110
11110101011
01001110000
11010010011
00110100100
00100101001
10000000000
10110111011
00000001000
00100000111
01101100110
00001100000
10011001010
01010110001
11011011000
11010110100
10000011101
10101111010
00001000010
11100001110
10000010000
10011101110
10111110100
00001110000
10100101001
01110100101
10001000110
01001110011
11001110100
10011101101
01101000110
00110111101
01011000011
00011100011
00000110110
00010010101
10000001110
01001111001
10111101111
11010101010
00001111011
10101000011
10000011101
11011000110
11000000111
01110000011
01101000001
01001110011
10000000110
11111111110
01110111111
11110000011
11111000001
01010010001
11101001001
01110100110
11100100000
11000000011
00001011110
00011010001
01110000110
10100001000
01100111010
11101111100
11100111111
11011000111
10110001111
01010101110
11000011100
00011000010
00111100010
10110011100
10101101111
00111010100
00111000000
01110100001
10100011010
11101001011
01100101101
10101111111
11110011111
01100001111
01111011010
01001001001
00101010010
11100110001
00100010100
01011001000
11111000111
10111101111
00000000110
01100000000
10010011110
10100001000
10000110010
01000010101
11100111111
00110001000
10111001001
01001100101
00100110101
00111010010
10000111011
11100101111
00100110111
00000000011
01001011110
10100100010
11110100100
00111101000
01011011001
11001001011
11111010100
00010000111
10101010010
01110010101
11111101000
10110110000
01011110100
11011000110
11101110010
11110100110
10001011110
10001010001
00101110101
00001100010
00011010001
11110010001
10100100011
01000101010
00100101011
01010011010
00000000101
01111110101
11111010100
00010001110
11110111010
00101111011
11010110001
11101011101
01101000110
11101100010
01100000101
01011111100
01101111110
00001111100
01110101110
00111010010
10001100101
11111001010
11111000110
00111110100
01101000111
00001111110
01100010000
01011111001
11110001011
01100101011
11001011001
00001000011
10011001110
00100111110
11101001101
01011111101
11001011100
01111000000
10100111000
11000000100
10010001001
10001101101
Time = 0.01s
