n = 20, k = 7, m = 3787
Expect Resample Times = 0.36836
Real = 1
Result:
01111010011011101001
10101100011001100001
11000001101101000110
10001011101000010001
11110011100010000100
10001101110100011100
11100111101111110100
11100110001000110101
10001110100100100011
00011101001110001001
11100010111101101111
01001111001111101000
01000001110110110010
11000010001010010101
11110010010000110001
00101110010011111101
10110010001100110110
10000010100110101111
10010011001011111101
10101011001010010001
01110011011111001101
10101010000001001111
10010001011000111011
11010111011111111010
11011010110111100000
10101110110100011000
01111010111100100010
10010000100100010011
10000011101001011110
11000001000010110111
00000010010011010100
00110101011010101000
11001000110010110110
10111011110100101001
11011101111101000110
00101011110111100011
11111010001111001101
10101111111000000001
01101101111000111111
00010001101000111011
11111111011100100010
10111001010100010111
01111001110111001101
01011110101101111001
11101011100001000100
00010110100010001011
00000111011010100011
11010000100010011110
11010101111101100010
01010111010100101100
11011111100101001110
11100110110101010010
00110110100010010100
10010010011100001111
11011001111001101100
11111101101011000001
01110111101000000110
00000110111101010000
10010000100000001101
00011111000010001111
00011100010011100011
01111010000001110010
01100110101000001111
10000100110000011111
00111000011101110010
11110110110000010111
00001000001001001011
00000010101010110111
00001000001110111001
10000010100111101110
01010110011100010111
11011000100000101101
10001100111011000011
11111100111011111001
00011000000011011000
01011111001100100000
11010011101100110110
01001000000000101101
00101000010110000011
10001111101101010100
01110110110100011100
10010111100110001110
00110101001011011110
11011111101011001011
10001110010111101011
11011001110010111001
10101000111111111001
01001100101011000011
10100000101000011011
11100001101001100101
01100011101110100010
00000010100101101001
01110110110110101100
10101000110100111000
00010001101110101000
10100011001101110111
01110001110111101010
10011101000110111101
10100110001100010001
00111110110101110000
01100101010101011101
01011100011011111110
10111100000101101101
11011110000110001100
11010001001101010010
00011100010011100011
01110110110000011000
11000010001110010010
01000001011101110110
01101011111111001101
01101100110101001001
00101101010001101101
11111011110111100011
11100010110110011101
00111100100010100011
10100011101100010100
01011000110100110001
11100100011010011001
11110000010001010001
11010101001111010110
11100100101001011111
11110000001001100000
10001110000100111011
01101100000011100111
00000000101001000101
11110110000000111010
01100111110101101001
01101100100001011100
00101001100100111101
01011001001101010011
10011011010111000001
01110110101111110110
01101000111110110110
01101111110111010101
01110001100111010001
00011111101000010010
00010011010100001000
11100101001010100111
11011011001001011000
01111101000100010010
00101100111100100110
10000001100000000001
11011100010011001011
01010011100111101001
10111001001000010110
11110001110010000111
11111110111111001110
00000001110101100100
10010010110110111010
01110000011010111100
11100110110111100001
11101110010110110110
00010001010011000111
01011000101010110100
11100110010100011000
11010001110100111100
00011110010011111101
01011101010111001000
10001010101001101111
01111100110000010010
10101110111110011111
11100000000101111101
10100111011101101000
00011000110000100010
00101010011110101101
11100100101111000111
01111000000110000000
11010001001110101000
01110001110010101000
01000111111110010010
10100111010101100101
00101101110010110100
01001101001101101010
00100110110100101101
00000111110100010000
11010100110000111110
11011110011100110011
01000111101100110000
10010010101100111000
10110011000011110000
01111010010000100111
11000111010110000001
10011010110100011111
00000101110110100110
11110000010000000010
00110011001110000001
11011001000010110100
01101100101100110111
10001100011011001001
11100110001000101001
10111110010011110110
11110010000011001100
11100010100000101111
10111100100011100001
11111001110110110001
01101000011101100110
11001110001010110111
00110001101001100111
00101001000010110001
10000111010000011001
00101100101000111001
00110111100001010010
00110000101111101111
11001000111101010001
11100110110001111000
00101010010001111011
11001001101000110101
00100101000011011000
10110110101101110101
11100100011000000000
10100100110100100001
01101110111101100011
01110100011111110101
11100110110100101000
10100100111011111111
01010101000101001101
11111100100011000000
01001001100110100100
10101110010110011000
00100001101101000001
01000000101010111000
11111011110011001010
11111101000101010110
11011000100101011110
11011100110101011010
01110110010011100001
10111110000000101111
00000000000000010100
10101001110100101110
00001101010100111011
11010110101100110011
11101010111110010001
10000000001100011000
01001101111111100101
01010110010001000000
01101011111000011010
00110011100100100111
11111010110010010100
10000100010110011010
11010111101010011010
10110111101101011001
11111001001100110100
10100100011110010001
10010111001111011011
10101101111101110001
11000000111101001100
10000110010000110001
01111000000011110000
00011010111111000110
00001100100111101110
11000100111100010001
01111001100011001100
11001011000000111001
01000000000000101100
00010110000010110001
10101110111101000010
10100010100101110110
10010100010101101110
11110110100111110111
10010101101001011101
11110100111000011001
01110001111111001111
10100101111101011101
01111111110010011110
10010001001011101001
10001110001100010000
10001011101111000011
01100100000001101011
11001110000111100110
00000110111110001001
01110001001110111100
10000000101011001111
00011110000100000100
11110111100011001110
10110110110011111001
00100110011010011000
10011011010110101010
01111110011011010000
00110110100000010010
10000110110101000000
01000000000000001000
10101111011010010111
00100000000011100101
11011110001010101010
11101101000010001101
00011110101111111011
00000011110000101011
01110100000000000011
01101000111110000000
10110010000001110110
10100101111111010000
11100101110010100101
11001100010000101111
00110110000010010110
10100001101010001100
10001101111011010010
01101100101111001001
00101100010101010011
01011111111001000000
10111000110101011101
01001011100000100001
01100111111000100101
00101110000001101111
10100010100101100101
01011110110101100110
11111110001110010110
10011101100110010000
01100010110010100110
00101100100011101101
01000011000111010100
01100100101101001000
00001100011100011000
10110000101111001110
00101100000111100001
10100000111000111110
01000110100001101110
00000101100111100001
01101010111010111100
11110101101011110011
01101010111101000101
01110000101100100011
00010110101100100010
00001111011100110001
01110101101111110000
01010101110010111000
10000010101001001110
11011000001011000010
10001001100010010000
11000011011001001101
00110001101101100110
10011110110010010000
01100110100000010100
11000110100010100011
10000011000100000101
00010111110001100101
11111000100000111010
10000111111010101111
01011001000110000101
00010010010011111100
11001101100101110010
10100100001100000010
00011100001011101000
11001011010111100101
11111111101101011010
00011101001011001001
11111111001011010001
10100000110111010100
00100111001110001111
00010100101101111010
01101101010101111100
00101000000010100111
11111010111000111010
01101111101000101111
10011100011100001010
01001101100001100011
01010000010010111100
11010000111001100010
10001111101000100110
11011100100101011111
10001101101110100001
01000101001011100100
11000011011111001000
00011001101011100011
00110101101001110010
00010011011110000101
11111100011011111100
00000010100010001111
10100001101001100111
00001000110100101110
11101010011010100001
11111101001011101111
00000000101101101010
00000011001001000101
01101100111110011110
00011010000000100100
11110110011100111011
00100111000100100101
01010100100110001011
01110111101011100111
10101010110000001101
01111010011111100100
01011010101011110111
11111110000101010110
01111101100101100100
10010000010010111001
01100001010110101000
01111010011001011011
01000100100111110110
10010111101011011111
00110110000011001110
11110001110110100001
01101100011001101010
10010110110001110011
10101110110100011101
01001110000111101000
01100010110111110111
00010100101011001111
11001110011100010101
10000010101100101000
11101011101111001010
10110011010010111011
10111111111010010101
00111010010000101001
01111100010010010101
01111100101010111110
00100000000100000110
01010000111100010110
00111000010100110000
10100000000001011011
10011100101111100100
01001011000000000010
11001100011011111011
11110110100000010100
00100110000100111101
10011110000010011001
01000010010010000101
11111100100001111001
10010010000011001000
00110010101000011010
00010111001101011010
10001101010100001011
11101101001110111000
11100010101110111101
10010101100010001101
11110011000101100100
11111100100001110010
10000010001001000110
11101010001000110111
10000000010011001100
11011100101100011111
01000011011001101101
10100111111100011110
01100111110000100001
11110011111111011011
01011100110110011100
01011101011000000101
10111111010101100110
11100011000011101000
11010111110000100101
11011011110101101001
00010100100101110100
11011010111010101110
00100111111011011101
00111011000010000010
01101011010011010111
11101100001000110011
01111111110001010100
10111011111001001011
01111111100000101110
01110010010001011001
10011010100001100001
01000010100110100011
00111111101011110001
10010100111000001011
10111000011110011100
10011100110101111101
10111101110111001010
00100111110000111100
00101110101001100100
10001000000001111110
11101101000001010100
10110100100110000010
00010111001000010101
10010101001100011111
10101100000011001110
00101010000100110000
01011000001001010110
01011111111010010111
11011111100011000001
10001110101110010011
01001010101000100110
01110011110000010000
10100000111111000111
01000101011101111100
10101011011100110100
00111101100100110101
00011000110101011001
11011101101001010010
00000010001111011110
10110100110110111110
00101001000101000111
01010010100000100011
01001000011111001110
11011010100100111110
10011101001001101101
10001011001100101010
00100110000000000000
00000100111010110001
00001101100110111000
11011111101100011011
10100001110011001111
10111111010011100111
00000010111100110001
11011101111111101000
11011101010101010111
10010111100110011101
11100100001011110001
01001101110011100001
00110010011011111001
11101100111101010100
10101011101011010001
00011010001000001011
11100101101101100100
10110010000101111001
10111101010101010011
01111001100011111000
01100011000010000100
01111011000101111101
00001111001000100100
00111001110011001010
11111001101011000100
11100101100000010010
11110001100011000111
11011100101111101010
01101100111100101011
11110101100110010100
01100110001000000111
10010000111101101110
11100010110011000000
11011100111010110101
10010000010110010111
11111101011011010100
01110010110000100010
11000010001100111011
00011100000000010100
10111000000000101111
10100000001101010100
00101000001011100111
11111101001001110000
11100110000110101001
11100001001001101101
11101110100011111010
00100011101011011011
01100011001111111100
10000111101110011000
11111010000000101100
11011101000101000111
00101010110101010010
11111101000111011000
00111011001000000111
01000011100001001000
01011011000000100100
00111101110010100101
00001101000000001010
00111010111101011000
10000101100000011011
01111010101100100000
00101111110110101100
11010011011000011001
10011110000001100101
01100000111110111101
00110110110100011000
01110011010010100101
01001010101100010101
00111110010111110111
01100101111000100110
01000111110011010111
01110110111100010001
10001001011000100011
01001100110001100110
00011011010101111001
00011011111101101010
00001110011110011000
11110101101111100101
00111000000010011010
10011000110111111010
10000000101010010100
10111000101010110110
10100110011001001010
00011100110100110110
01000001011011001111
10010011100000110100
01100001010000011010
00000000001110111011
01001100110001001001
11100101011011000000
11000101000011100100
10101000001011010001
11100110000011001010
00000111000101111100
00111000111001011011
00011111001101100100
00000001111111111011
11011110101110011111
00111001010001001110
01010000110011101110
11011110000010000100
00011011000100100111
11011011100000111011
10100010101000110111
11011000111011001100
01101011110101001100
00111101101101110010
11011101010111011001
01100100101111100011
00101111010001000010
10010010110111010110
00010001010110001010
00100011111011001110
10100001000000110101
01001101111001000011
01010001111011000000
10100000100001001110
11111110111011000100
00011110001100101011
00111100111011111111
00000000011011000101
00110001110001000100
10010110100100000111
01110111111001110110
01100110010111000011
11011111111011101100
01000100001000100001
10011100111000011001
11010100010100101111
01110011111001101000
11101110110000110011
10001111011110100011
00011100101110110011
00100101110110000100
11011011110001001011
10001011100100010111
10110011100111010111
01011000111001111110
01011001100101011001
01010000101010000100
01111001000110011110
11101000011011110000
01100000101001110000
10110111110011110000
01001000100101001111
01000011000101111010
00001001111000110110
00110010111110100110
10101001100110000110
10001011010100001001
01000111010001100101
10010111100111010101
10110111011100010110
01010110100100101001
10001110010110011000
10000100111110111000
10010010010010111110
11100010010100011000
10111010111101011001
01010010100100101111
01100110001000010000
01010000001010011010
01000110001101100010
10101111110011100011
01010010001111100100
01010001010100101101
01010001100100101011
11000110011010111010
00010010011100111000
00111011011000101111
01101110101111111101
11100100110011001110
01010110011100011011
10111001001110001000
01110101110100010100
11010111110110101100
10000000101101010011
01001111101110011110
00111000111010111010
10101001001111110110
01001000011001111100
01111011100101111100
10101010100010011101
10000101001110011110
01011000010001001010
11011010000111001010
00011101111110100111
10000001011000001100
01101001000010010011
11111010111101100101
11000001001011101111
11001001000110001000
10100101110010001001
00011001110001010101
11000011001001100101
01000000010101111100
00011101001011110000
01100001000000101011
10000001111101101111
00100111100110111000
01101111010001110001
11011000000111100111
11011101000110110100
01100001010101010000
01010010001100000000
10011100100001000000
00101001010110100100
11111011101111001110
11110011000111011011
00111001000011111110
01111011000011100111
01000011011010000110
00010001111111000001
00001011111111101001
01011101011000000101
00101111101101011101
00110110011011101110
11110110110011011011
01110000010010000100
11000010111111010100
10100111101100000101
10101000110111001110
11110010011110010000
10010111000100101111
00100101100101010111
00011000101100001111
00100000110010010101
11110000001111110110
10101010101110100011
10110100101101101001
10101100111001000100
01111101001001111000
10000101110100000100
11101110011100111011
11110001011100100000
11001001101100011101
11010010001101010010
11101001011001011010
00000011010100110101
01001000011011001100
01110011101010001100
10111100001001100101
01101101011101100111
11000010110110001101
10001111001010010100
01100111001111110100
10111010100001111000
00110011111000001010
00000100010111100010
11000001101110011001
11110001001001011011
11111110011111000110
01110001111100100101
11101001110001001011
11001001011011010011
01000101000101100010
00011011011111101111
10100010010110001110
11010000000101110110
00001000000100110011
11011010000111110111
11010100110111101011
00010000110110000110
11000011001000101110
10110001000010010111
11110000101100001110
01010101010010110011
00011100110110010111
10000100011101111001
11010010111110100100
10010101010000110101
00011010001100011101
01001111111100001101
10011011110100000010
01101011111110010001
10010111110001111101
10001011100011100110
11000010100111001000
00010111111101110110
00110100010010101010
10111010101100000001
10001001000011101111
10011101111011000100
11100110111001100111
00010100110101100101
11100010011001010110
10011100100100111011
10101100001101100100
00110101111101100111
10111100001001010011
10010110010001010100
01001101110010011111
11011100100000001011
00111000010011101001
01000001000100001000
11010110110110001110
01010011010000101110
10001000100010111111
00111111100111010110
00101011111100110001
11011011010111000110
01100100001001000111
01110101110100010010
00010101000000101100
10110001001000101111
11010000100101010010
00101001101100001000
00110101101000100010
10001000110011010101
10000101010010010011
11001110110110001111
01010000101110000001
01101001100101101100
10110111011100101001
10110101110010011010
00111001011110000011
01010100100101011010
10011101101101000010
00000110000011000110
00010010001100111001
01110110011011110111
01010010011011010100
11100011100010101001
01000000011010001000
11010111001111110001
11000100010100011100
11100101001110100110
11110010010101111110
01101000010001000000
11001110010001110000
10011110100110111010
01100000101100010010
11100111110001110011
10100011111011101000
00000001010110000000
01110111101101101111
01000100101100111101
00011011001000110000
00000110110011010111
11101001101101110111
00001101111000011111
00100111001001001101
00000001110110101100
00100001000100110011
00001101001110001101
01011011010011001110
11001110001000101000
00000011111010101000
10011101001101101010
11000101101111011010
10000010010001000101
01110100110101010011
11110100111100011011
01100100010111001111
11011101101101101111
00000001110111110011
10111101011000111111
00100100110011100111
00000111000000101101
01010110001100101010
10010000111010111011
11101000000010001010
01101111111101010100
01101011000100001010
11001110001001011011
01101101111010111000
01001101110111000011
11011110010001011110
10001100101011000111
10000010101000100111
10111011001011011100
00001000001011000110
10111001011001011100
01001010101000010100
10011110100000001110
10000011100100000011
11111110011010110100
00010000010110011110
11010010101100010101
11010010001110000100
10111000010010111000
00011000101111000110
00110100000110111110
01010111001111001101
00010101101000111011
00111010010001010000
01001100011111010010
11110011100010111100
11001111110111001110
11111100100001111100
00011001011100001111
01001000111000011100
11100000101100010011
01110001011101110110
10110111101000101111
11111110110110111110
10111001101110111000
00000000111001010010
00101111001001100100
01011110001011011110
00111111011001010101
11110100110101110111
11011000101100010101
10000001010010000000
10111100101110010010
10011011010110001111
10100110101001011001
10001111110001011110
10000110110101111001
11101100101100110101
11100101111011110101
01101010000101100110
10000110000001100011
01010010100111100000
10000100011011010100
11011000011011110110
11101010101000111111
11101011111100100111
10110000011001101100
10111110100000010001
10110000000000001010
01000110010101010010
10011001100110000111
00001100101011001101
01100110111101001110
00000111001111100100
11011101001101111001
11101110001000101011
10011110001111010100
00111000111011001001
11100110100100100011
10010101001110100000
11000111000100101001
11101011000000111110
10011001100110011000
10111111010101010010
11000010011101001001
00110010101001011101
11110110011111110011
10011000100100100001
10000011110100010000
01110101010110100000
01100001000111000110
00110011100011000011
11011110101000010010
10000010000000001100
01111011000111000000
00000011011110101100
11000011101100011101
10101101000110111111
10001011011011100111
00100001000111111001
00100101111111000001
01011001000111000101
01010001001000000000
11111101010010100010
10111110101110000111
11101011011101011011
00101100010101101100
01010011010110010111
10111010010111010010
00011100101011011101
11000111111110010101
01001111111111010110
00011110000111100111
10101100111011100101
00001000110010101000
11010101101011100001
10110110010111100000
11011100111000001011
10111001100011110010
10110011100011111101
10100000111111011111
01101100100110010111
10010100101011101100
11110010111101001001
00001110110101000100
00000001110110001000
01110111000001111110
00000001111110110110
01001000010010011100
10110110001100111001
00110110101100011001
10100000011000011101
01101000110011110111
10001110111000101111
01011000000010001000
00000100001110000010
01001000001111100111
11100110100110001100
01011001001010110101
00011110001001101101
01101010011011100100
11011010010101011101
01010101111100001000
10011111111000101101
10001011010110110000
11100000110000011011
01101001111101010100
00101100000011101101
00001110011000100001
01110101001111111100
01011101011001010011
11111111101101010010
11011101110010110011
10111001000101100110
01111010001010101000
00001111110100000101
00101000101000001011
00011111010100111001
00000111001001101111
01111011010000100100
00000111110111000110
01010011000101101101
10010010100000110100
11111000101001111101
00011110011010011111
10000011111101101000
10110100001100010110
00010111000110000110
00111011100111001001
00010110101001101010
00110101100001101111
10110000111110100010
01010011100000011100
10001000001110010001
00001111110000011110
01110000100001110100
10101011110011011010
01101111001011110000
00011010111000000110
00101110001111100101
00101000011001101111
10000011110110100110
10111001110101110011
00110110000101010101
01011000011010010101
10101011010111000110
11000001110010111001
01110100111110110001
11000000001000011001
01111001100100100011
00000100000000011001
11101011011100111011
10001011010101001101
11110000100000000001
01101110010100010111
11111010001010100010
10100111111011101110
11001011011011100110
10010011100110100111
10101011101001010110
10010100100000101001
10000010001101111111
11011011110001111101
10000010101010001110
11110001011100001011
01011111001010010001
11100001101111010000
00011100001010110100
10010000111101111111
10100110010100001001
01111111010001100101
01010100001100110111
10010000011011000100
11000010010110101100
11111110011000100010
11011001110001000001
10011101110101011100
00111010000101001000
01111001101001000101
00110110100111000011
00100101011101001010
11110001110001111110
01110000101011000011
01111110010000110011
00000101110011011011
11001111011100010000
10010000111101011100
10011000111100101100
00110100001100001100
11011001001000110110
11101111001100110111
10010101001000110101
00001001010101011100
01111100100101001001
00100111110101000010
11101001101111110111
00111111101111101000
00111111101110000111
10101000110011100001
10001101011101101001
01010010111011111001
01101111110011110101
11101100001111100110
00100010111011010000
10000100100101101110
01110100010110001111
11001110010001000101
00011010011001110000
10000011110110011001
11100001111110101101
01110111001100101001
11001110001100000100
10011100110110001100
01101001101111110011
00101000110000011101
11011011100001101110
00011100001111010110
01010100010110100010
10101111001000000011
00010000001111001101
11011101101110011101
00100011110110101111
00101111001001101100
00100110111011011100
00001110011001111111
10111111110010011010
11101111000010001110
01000010010110110011
00111101011110110000
11101000100001011001
11101111010011100111
00001000011000110011
11101000101001101001
10000111110101101111
11000110000000010111
01111101000000110100
01111000011001101000
00100001010101010110
10101100110011101010
00111001001111100111
01111110100001111000
01001111001101010010
10100000111011011011
11010111100001100011
11110001010101101111
01111100110101010111
01101101001000000110
11011100110110011101
11001000101110110101
10000001000010000100
11101101101110101000
00100000000100000010
10101100110011101100
00000110000100110101
10100101010001100111
01001111010111110001
10010011111011110101
10110101101110000001
01111010111001100011
10100110000101110111
11100110111011010000
11000000000101000111
01101001100001111011
00010011110110100011
11110100000111010111
00101101101100000010
11010010010011000010
00100111101110010010
10000111001010111111
11110111111011100000
00001010010101100110
11000010010000111011
00011100000101001010
11011110100100101010
01011010010000111000
01100010100100110100
01001110110100110011
10000111111101100010
00001011101010011010
10001111111000110110
00010000101101101000
10011001111000100101
01101001001111100101
01000010011100110011
00111111100000110110
11100011011001100101
00100110110001000011
11111101101110000010
01110000101010010000
11000110111110110100
11000101011111110110
11001001111111000010
10000010001100101111
10010110101101111100
10010001111010101100
00100110111111010111
00110011111011101011
11001000111010011010
10010100110110110111
00100111001101001110
10000010010111101011
01101000011000111100
01110110100001111111
01101101010011010001
01000001011111001110
01100011110111010010
01000010010011011111
10000100011111101101
01111000110111011111
00000001001001011111
00101110010101110101
01001111001111010001
01101010111101101110
11101001001001111111
11110101101011111010
11010001101110000010
01010101110011101100
01010110110101100011
01101000011100110010
11100110010010011100
00110101110000110010
10110100110010001111
01110001101110011001
11101001000111101100
10001011000111100011
01110000100010110011
01001001001100101110
01100101101111010100
11100100110010101111
11001000011110000110
11110001010110100111
00110110101100000101
10000100110111011101
00000100000011111101
10110110001011001111
10110000100001110011
01111110110101010010
01101110111000011101
01110001000011001111
00101100110100001000
11011111001011001110
01010010000010011010
11010111010110010001
00111111001011101100
10010010011100101110
01111000001100010001
11000010010101100100
10101100111001100010
01110101010011001010
10010101011101001011
10010010101111100000
01001001010101111101
10001110100000001111
10001001101111111110
10001010100110000111
10111010010011001001
10010101111111011001
11011100100101010001
11110111010111101010
01001111010011001100
11000101110011001010
10000011010010100011
10111011011000100011
00001010110101000000
11110101101111100100
01111001110000110001
01110010010110100111
00000011111000110011
10101011111111010101
11101101111101010011
00000011000011001111
00011101100001011101
01000011011100011100
11100000111011100110
11111011010101111001
01001001011110100011
10111100001111011010
10100110000001111001
01011010000110010010
11001100010010010101
11111000010010001001
11110100011111001010
00000111010001000100
01011111101101001000
00111010101001100010
01110110000111010010
10101000011111001110
01001100010001001111
10000111010111010010
11011101000101011111
10111001110000111111
10010000001001101001
10011111011111110000
11011000010001010110
00001000010011111110
00111100101100001000
11001111011011110101
01100100011001010110
10101111100011011101
11111000000001000110
00100001011110001101
01011100110000001111
11111101100100011101
00010011000110001010
01101101001010011110
00000101010101101100
00000100001110100111
01001101111110100000
00110000011100010101
01111010011001100011
01101000000100011100
01101111110100101111
10100001110001011011
00101000001101010011
00101011000111001100
01101100010010000101
11010100110000001100
01011011010010011100
00100101011111001101
10010011011101100100
01011100100001011101
01101000110101001100
11100010100100000110
00001111110000000000
11011110010010010011
01110100100010100100
01100111000011011010
11101001111101110001
10001100111010010000
01110000001010110101
01100011100000110000
01101001100000110111
10011011011101101101
10011100000100010110
11101001111011100011
11100011001001110111
00000110100000110001
11011000011111101111
11111010111100001110
00100010011000001010
11110000011101010110
00011001001011101010
11010110101101111100
10100011000001001100
01111011011010000110
11011000110101110110
01101110101101001100
11000101000011000101
10101100000010000010
10000001011000010110
10110111110000011010
11101000111011101011
11100101011101101100
10110010100011010011
01001010011001000000
11100100100010101010
11000011100100001000
00101011010011010010
00011110100111000100
00011110000001110110
11001000010110010101
11111011000100010111
11011101111101111000
01110100101001100111
11101111110101010001
11011110111100011001
01110110100110111000
00100110001011101110
10010101100101101101
10000100101110111111
01101110011100000111
01101010110010110110
01111110110000100101
00000011100001100001
00100000010101010011
11111010000010111001
11111000001011110010
11110101110000100001
11001110011111001000
11001000111100000010
10110111110101111000
11110101000100000001
11001110000111101011
10100101001010001100
10001100001010011110
11111111001001110110
10000110011101111010
01010010011111011011
01100010011011001100
11001111011110010100
10010000000101011010
10101001000100101101
10010001001110000111
10111101100100100001
10011111100111001001
01010111111110100110
11000011000101100001
00011000101110001100
11110010110010110111
11010011010101010100
00110110101010001110
10101100101111110111
00110101110011101010
00011101110000001110
00001110101010011100
10111011111001101001
11001000110100100101
01000001101010001111
11000000000010001000
11011101100110111011
10000110000010101100
10101111010001101100
10000101010100011111
01110011101111111011
10001001110001010000
01100101101000010101
00011110001000000001
11101111011011010101
10110000111101111110
01011010010000011010
10111000001000000101
01100110100011110000
00001010111011000111
01001010100101101101
00100101011111110000
11011101001101010101
01010000100000111100
11011011010011100011
01001001010000000010
10110011001001011100
10110010100100110101
11110110110010110010
01101001001101000001
01111010101000101110
10101010010110011001
00100001110011001000
10011010111100100101
01100011010000110111
11111100101111110001
11001010000000001110
00001110111000101000
00111110010110100011
10010101111011010011
10010011110001011010
00101111111010100111
01110011110110111010
10111111011101011111
01100000001011001110
10000101101001011001
01011111000100101110
10110111111001011011
01110000110000000010
00101001111001111001
01001001101000111101
10110011110100010111
11111001010010101110
11011100001011100001
00001101000010111001
11011000001011110101
01000111001100010011
11001110110100010001
11001010001111001111
01101000111011011001
10011000010100101001
01100001111101001000
11010001010101011111
11101101110111111010
00001001110001110010
10011011111101000110
01101000111011101011
11001110000101000100
11101111011111101010
11001011101011101110
01101001110011001110
11011111100110001110
01111011001111100010
00010001100101000001
11000000111111101010
00011010110000111000
11111010011010100011
10100000111111100111
00010101101010001011
00000100011111000010
01111111010011001100
10000010000111000010
11011100100111110111
01001101110100000111
10011101000010000111
01100010010100101110
01111010001111111010
10110110010100100111
01110001001100100000
10110101111110010010
01100100010010000000
00010011111101011001
00001001011011000001
11110001100100011110
01001110001001011101
11111111110000001011
10111100111111101101
00101001001011101111
01010100001110100010
11101011010110010011
01111010001110111001
01101011101110101110
10101101110100000100
11011100100110011110
10111011100010111111
10111111110110111011
00010011001111011110
10100111110001000100
11001001100010101001
11111010101111110011
00100110011111000000
00110110110111111111
01110101110000101101
00000001001100010001
10001100111100100101
00010111010000110000
00100100101011011111
01111110111001010101
10010101011010111111
01101000101111110001
10010011000011110110
00000100001011011001
01001110110110001001
00000101111100010010
00101110001011110100
01000001110000000110
10100100100011011000
00110011000001011000
00100010100001011001
11001111100010011011
11000011110001011100
10010010011111010001
11011011000101001011
00010100000010100110
00001001110011110111
01010110110000111111
01101100110001111100
10101011001111111001
10001001100101001111
00010010101010111010
00100000010000110101
10000000010000101000
10010010110101110010
01100110110100110110
10110001111000100010
01001111110011101110
11101010100011000110
11111110111110010011
11010001001001010101
10110001010011110011
10010001110010111100
10100101111110110110
11011110011110011011
11111110011010101101
10110110110110101101
10110011111111011110
11011011100011101111
10000110110100110100
10110000001110101100
10010111111110101101
10000001010011010011
11101100000111010100
01010111101001111000
10110010101100010111
11001001101011110111
10111001011010101111
01110000010101111100
11001101100111000101
01011001100010011100
00101000110100001010
10001011010010010110
11000110111000001110
11101111111100010010
11110001010010000111
10001010000110011110
00111011111000100111
00111110000001111010
11111101111010010101
11101001000101110100
01011000010111110110
10011111100100010011
00011000101011000011
01010000001000011000
11001110010100000111
01011100001101001101
11101110000000110011
11110101100010100110
00100101001101110110
01111111001000000100
11010100010101111100
00110010010010110111
11001100000000011111
11011001000010100011
10101010101111010110
11111011100011011000
11100010000111110111
10011110101000000111
11011001100111101011
11010010101000100010
10110011110011010010
10110111111010000101
10010111011011000110
11111101111111011000
01100001011110000001
10111110110000111100
11101010110111000010
11110110010110011111
10110001000000100000
00101010101110010100
01111101010001011100
01010101001010111100
11010100010110001000
11110001010001101010
11001101010010010011
00011100111101010100
01000101100010111111
11000111111100100001
01010010000111011010
10100000101111100000
00111001011000011011
00000100101110010011
10011001101111000001
10000001100010111001
10001100111000000111
00000000000111100000
11101001010000010110
10100010001001101110
01111101010111111000
10110111110110001001
01100110001011100010
00111100000011011011
01000100001000101100
11110111101110011011
01100010000111111110
00101010000110110000
00110011110111100011
11011011111011111111
00100100111100100111
11010011010000000101
11011001110100111001
10010101000000010000
10010110001001101001
10111010111001111100
11100000011110010011
01101000000011010000
01010000100110100001
01000100111100101100
10101010010110110110
10000100101100010111
11011011010110000010
01010110000101010000
00001010111110011011
11110100100100000000
00010000010101101000
11000111111011000100
01011001110101011001
00111111110111010001
01101001100010101110
11111000101110101101
00000010010110100101
11111100100000001111
10011011110000100010
00101100000010110011
11111011111110111100
11110110101000110000
00110001101100010010
10101100011010001010
00010001111000101000
00111000110100110010
11111011100100101111
01111101000100011100
01001101101110100000
00111101001001110111
01111011110110111110
01001101111010000100
10101100100010110001
00010000001111011111
01110000110000100001
00000011101101011100
11011110011011101111
00110010101101000010
00100110000111110001
11001101011101010110
11000110011111001000
01011011111100010010
10101011000010000100
01101000001110011010
00001000011011110011
11101010010111001001
00111100100101011001
11011100010011001110
11100101101011111011
01100010111001100111
00011101100111000000
10010010001111011100
10011011011100111110
10001111110101110011
11101110011100111110
10001001110101001101
01100010011111000000
10011010001101100010
01100001101000110100
00110011001110110100
01000001000100100000
11000010000011101110
11100011101010011100
10101101100001100000
10000011010101011111
01100000111001100110
11011010010101010110
11010001101001000011
00000011000110110010
01101100001111000001
10001110110000000011
10101011111100110110
11100000011101111011
11000011111100101011
11001101011000001111
10100100101000100010
10000110011101100000
10110001111110111011
10111101110001111011
00100010001110101000
10110100011000111010
11100011101111101101
11100001110111011000
10000110001011111110
01100101111101011101
01100001101100101000
00100010110111110110
10110001111011010011
11101100110001100000
11101100111011010111
00010001100000000100
11101110100000010100
11100001100110001011
11000111100100001001
00101100101001000010
01011110111000100100
01001110011100110111
10001001011000100101
00110110101110010110
11111001100001111100
11010001000000101111
11010100111011001111
11000000101111010000
11001100000110011001
01100010111011111111
01101110110001001101
11101101001100000001
00100101000000011010
01011011001010110001
00101010011010010101
01110110110000010110
11000000010111100111
00010110101100010010
10101111011010001100
01100110100000111011
01101010100111111001
00000111100110110011
11100011001011000001
00111010100011110101
11010101100000001010
10101000110110111001
10110011110000001001
11001000000101000011
01011010011101100111
01110010010110000101
00011000011100011010
11000110101000100010
00111100000101010011
10110110001001001100
11010110011011001110
00101111100111100001
01100000011110010001
01100011110110000101
11111011010100001100
01001101011000010100
01101101101110110111
10100000010000001101
10000100000000001101
00000000110000110000
11101101001001000011
11001001000101101011
11000001001100010100
01000010000011111010
01010001110010100101
00111001110101011001
10101110001100000000
01000010000100000100
10000011101000001001
10001001011110111100
01110000111000100011
10110101001111110011
01111110000110000111
11111000001100000001
00000001101100111010
10100110011011000110
01001010101101100101
11111010000010101100
10011110010111111110
00011110110101111110
11110110111001110101
00000011010001000000
10110001001101001100
10110110111000111011
10000011001000111001
11100111000111110101
01010100000000000111
10000111001100100011
10110001011011001010
01010011100010100001
11110001000100000000
11110111110111001010
10001000100100010011
01111001100111100000
00001110101001111011
01010110001110001101
11011110010001001000
11011011100010011100
00010100001111100100
00010010011101001011
00111100100011110000
11000010101101000010
11110110101010100010
01000110011111100000
00101110000000100010
01001011111110011001
01100101111001100100
01011010111100001110
00011101010001101101
00111010100010111111
10100010111001100100
00110111111001100000
10001101101000000001
00000101000000011010
00101011000111110101
00000100111110011001
11110100000101101001
01001100110001101010
00100000000111010000
10000111101010011110
01100110000010010110
00011010100101110111
00100100010110100101
01001101101010010010
00010000111001010110
00101111100100000010
00110100001100001100
01111100101010101101
01101011100000000100
01011101110011100100
00110011001000000001
01001111000100100001
11101100111000000001
11111011100010000001
01111101101110111000
00100000010101011111
01010011110110101100
11111100010110000000
01110111010001000111
11101101111100000100
01110010011100101101
11010000000110000000
01100111100000001100
00001000101100101110
11000110110001100010
11011101001111011111
01000111011010010110
00011010101001010010
01101101010110010000
10100011000000000111
01000010010101110010
11000011010000111010
10011001110111101100
10110011110001101000
11100001101101100000
10010110100010111111
01011110100101111000
10110000000001010000
01100000011101100010
11011001111011110101
10101011110001011101
01101111100010011010
10011101010100101110
10011000101100011101
11000111011111101100
10100001011011111111
11010011100011110111
01001100110001000011
01001100100101011101
01111110110010010010
01111010100101101110
10110100111001101001
00111001110001111010
10110110010001101111
01010001111010111010
10001111101101001011
01001010111000001010
11110111100101110001
10011011010100011100
00001110001101100010
10101101110100111001
11110111100010001000
01010001000001000010
11010011100010010001
10101110000110100001
01010101100111011110
10011011101010001010
11101001000000111001
11011111100000010011
00000100101111010110
00111101000111100100
10000101001010011010
10000010011000001010
01000101011110100010
11111001001010111111
11010011001000111101
11111101110111110100
11010001101011010111
11111101110000101001
00100100000110100010
10100001010000110110
01110001100000111010
01011011101111010100
10001111001101001011
10110000001010001111
01110110100001000010
00001111011111001110
01111011100001101001
00110101111111101101
11100001110100101011
10001100100001001100
11110011011111111001
10011010000100001001
11101110010011101011
11110110111011010000
11101010010001000101
00001111000101010111
11110001010001111100
11100111000100110110
01001100000100011110
11001111010000100000
01000101000100100010
10111110110011101110
01111100011111100101
10001100000110001101
01111101001000011000
11101011000001010100
11101000011100000010
11100101010011010010
10011010001010001000
11110111110001001101
00111011010000000100
01100110101101101111
01101000110011000101
01110011111000010010
01001001111011110010
10000100001100001101
01111001100101011000
10001100110101011100
10000111011111101110
10001111000101000011
11101110100110110101
10000101011000001000
10101010011000111110
11010000011110001000
10110001100000110110
11100010011010011101
01011101011000000010
10100010111111010010
01100000110100101101
00110011010001111101
11001100011011001011
10100010101100110101
10100111001110111010
10100000011110100101
01010000110111001111
00000000011000011000
11110110001011001101
10100101000110011110
10101111110111110111
00110001110110111010
11100001101100101010
10101010001000110101
00110010011000110100
11100010011011100111
11110100100110100011
11011100100001100010
00101100011100111000
01011110010110101100
00011010101110111000
11001010101101001010
00100011011111010101
10010000001001110111
11000001111001111110
01001000111000001001
10001000000111101111
01010101111100100011
01010111010001111011
10110110111011111100
11011001100110110100
01001011001001001101
10111111100011111100
10100111011001011001
11001001011100000101
01011011000101011111
11000011100010010101
01000000101110110100
00011101001100100001
00110011010101000100
11101101011111011110
00111100010101011110
01001000100000011001
10110010000100010100
01101111111110010100
01011010001000111100
11011100110101111010
01011010111111000111
01111111000111000111
01001011010011111011
10011000000110100111
00011101100010011100
00101000110000011000
01111000110111010010
00010001110001101011
01110001000111000001
00010010100010001100
10110001101001001110
10010001111100110011
00010010001001101010
00001100001111110010
01011101001111011000
10111010011101001110
11111101000110000110
01101001110011100001
00000111011100010100
11101011011010001101
11001010101101000010
00111010010000011101
00001101000111001110
11000111110100110101
11011011100101110001
10001011111110101101
10010100100001101101
11010100000101110001
11110001000001000011
11001110001110000011
01110100000000010100
00100110100011001110
11001000101011000110
10100000011001000010
00101100110011010000
11101000111010000010
11000100100011010010
00110010110101110100
00001110100100010000
01000010101111101100
00101100101000110001
11010010000100000111
11010110101100010000
01010110100000011001
11111001010011000010
11010111110100110111
10101010100101000010
00001001100000011011
11011001001010010110
00101011101101111011
00111101100110110001
01010011010100110011
10111101100011100110
00001101110101000010
01000110111110011101
01000111000001010111
11110111101011011111
00001110000010111011
11010111000101101111
01010100011010101110
10011000110000000101
00000101010110010001
11001110111001010110
01100011000011011000
01000101010001101111
01110110110101000111
11001110011010011110
11001000100111001000
00001110111000011111
10101101110011101101
10110011011011101011
11000011000000110011
00000010011101010010
11010001011001110110
10100100011011101111
10111111011111011111
10111101111100100000
01100011011011000100
10000001001010100110
00101111001110111010
11101101011010010111
11111110011011001100
00110101001111000101
00110101101001011001
01100010100000011101
00010000011010001101
00101110100110011000
01011110001110010011
11101001110000001011
00110100100001100110
01011011000001001010
01001111000011001011
01111110100001101100
11100010111111001010
11001010101110110001
10101001000111100010
00000000100010010000
00111000010101110010
10110000000110100111
00011000101101001111
00101111111110110010
10011100001101110101
10000001010001010000
10011011001011011010
10011111001000111010
11101111000000111110
10111001110001100110
10010101011101000000
11000001000000011001
10110111011000010100
00011011110001101000
01011111111101010100
10001001010110100100
01110010011000001100
01001110000110001001
00010100110110110010
01110011000010100101
10100111000011111101
00101110101010100111
11100110011000001110
10101101010001000001
11001000101111000110
10011110011101111110
00000011010101111011
00111111101011000010
01001001000011100000
10011010011000001010
01000111101000100100
10000011011000010101
10011111100011010010
01011001010010101011
00000000001101011110
01101011000010001110
00011010110001010010
00110000101110111110
10010100010011010100
00000001111100001010
11100001011001011001
10111001001111100000
10101110010111001001
00001000101101100010
11110111001011111001
01011110110110001011
11110100110010111011
10011001111100100010
00110001110101110011
00000010000011101001
00111111111000101011
00000101101101000001
01110100110000111000
01111110101010011001
10000100011001010110
01000001101000001111
11101001100111000101
01111100011011111000
11100001010011001101
00101111100011010110
00110011110000011111
11001001110011101100
11010101101110110110
00010000100100000001
11111100000011110010
10000110010010100011
00001111011111010000
11001010111001011011
11000111100000101011
00111001111010000110
01111011011101101111
10011110100011010001
11100111000010000010
00110101000011001100
00000111001100110010
10011000000111000101
11100111000001011010
01110100110011100111
00110100110100001011
01101101011101000000
11001010111100100110
11100111110011001101
10001101110011001010
11010011011111001111
01010010001110100001
00011101010000101101
00100011100011001011
00000101010101011100
00000010001100110110
00010010101001101100
10100011111100011101
10000000110100111111
11001101101100010101
11010011011011111000
11110111000101100000
01111000111101110111
00010101110111011011
10111100011101111001
11011010101111100000
00101111000110011111
00101000000110101100
00111000010100101111
00011010000110101111
01001001011101101010
00001111111100110110
10010101110000001101
00101010110111101100
10101100000101000011
01001100000100000011
11000110111000110110
01011010001111100110
11011001110100110111
10110011111110011000
10100001111111100101
00011111101100101100
11010010011011100111
00100001011100010110
01000010101011110010
01001110001110001011
11100111100101010010
00110011101001100101
00111010111000000000
10010000010100110110
10101011110001111000
10111000111010101101
00110110100100100100
10111000001001101110
11011110001000111111
10010000101111111111
11001010011100000100
10010011001110110101
10011111101010110000
11101011110101001001
11011101100000111011
10110101001110010101
01001111001110100101
11010000101111110111
00101111011111000001
01000101001110100110
11101001100000000011
10111110101100111110
00100010100010101101
11001001100100001110
00011001101001001101
00000101001011011000
10101010010110000110
01001011110100101101
00111001001111001111
01000110100010101101
00100100110011110001
00100000110010101101
01000000000110100001
00111101001101101000
10000111110001000011
00001110010010010010
11100001100110011111
00011110011100010010
01011010011101001011
10001000000111110001
10110101001010110001
10010111011111101111
11010101111100110101
01111000001101111111
00010000111110011100
10011100110001101111
10110001100010110000
01100111111111000010
11001111010011110001
01110001010100110000
01000111000000011111
10111000001110111010
10101011000110100110
00100111111011011101
01001010000110001100
01011110101101111010
10100001111011010000
11101001010011101100
01011101101010110010
10101101100011001010
01000100111100110101
01110010110001101011
10000000011110000001
10100011010001100001
10110000010111101000
00001010001110011000
01000111011111010000
00010011011001101110
01101000011101110100
01000110101001000100
11110011000100111001
00101010111100001110
01110101010100101101
11101111010111001010
01100010000000101110
00110110000111011111
01010100100001111110
10101011011101111110
10010100010101010000
00000000001011010111
10011110101000111011
01111110101110101101
01100001110100111011
00011101001111000011
01000000010110001010
10100011001000001010
01011101010110101001
01011001110010110110
01101101111100100100
00111111111100000001
10100110010001011001
01001111010011110111
01001001101001111010
11101011101010111110
10101111000001101111
01011111101110111111
01100010011000001110
00001010110101111010
11110111011000101100
01100000001101011001
11001101100101010011
10100011010001011111
11011010101100110001
11101000010101011001
00000000010010001011
11000101011011011001
01000110101110110000
00010111010000010010
10000010000100100101
10001110111010110011
00000111100101010110
11100111111011110100
00001011010001001000
00000011111111001001
10110010000100000100
10101001010110000100
00100010000010001110
11111110000011011110
11100110010011100011
01100011001111111101
00100111100010111101
11100000101100111000
01110001111011011100
01100101100101011001
10011100110010000100
10111010111100001001
10101110111100100011
10111111100111001011
10111001010001111110
01011101011101101010
11010010010001000010
10011010110101001110
00111011000101011011
00010100111110110111
01111010101011110111
00000010010100010011
10000101111001000110
00010110010001011110
11110100100011011011
11000100100100001110
00000110000010010000
11111000011010110010
01000000111100100001
01001000011001111010
10001001000001100100
10100101001001000111
10100101000101111000
10101110110000011111
01100000101010110111
00110111001011010000
11101011111011010111
00011100000011011101
01010110011111100100
00010101111100101001
11100100001100000001
00100101111011001011
11111000000101111000
10010110100100110010
11100111110101001001
11101011011011000001
01000001111001101011
11101011010010100101
10110111010111000110
11100010001100101000
01100110011111110010
01010101010011001011
10011110101001101000
00010100111101010000
00110100011000100101
11100110010101111110
11011110101011101000
00101110101100101101
10001011000001000011
00111000111101111100
11100011011010001010
11101011100000000011
00010111101111101101
00010110110110000010
01001000101010011010
00011100000111011010
01101010001101111010
01000111101011100010
01000111001000000111
10101001110001101100
00111000011010110111
11001111110101011010
10000000101011010111
11010100000001010001
10011011001000000111
01100110001011001001
01111010100101100000
11100000100001111100
11001101111011111011
10111100010101111000
10011010001100100001
11000001001110001101
00101100110000001000
11101001000011111100
01000011010000110101
01100101110110100101
01001011000010000110
11010101011001110110
01010011110011000100
01011111010111100010
00101010011000100010
00010110100101100010
01000010110001101010
00011111011010100110
01101111101110100100
11001110110101100111
01111110101111101000
00110110101100000011
00111000011110001001
00111011011010000110
00010101001000110110
01011010111111110101
00010011100011011101
11010100100001100111
11010110100010111011
10110010000011001110
00100110001011001010
01110101000001110110
11010000111001100101
11110111100100000011
01111101000011000010
10010001101001001111
11100010111001000110
01100110111000011101
01100011110100001101
10111110111110000110
00010100101011100001
11110100101011010000
11111000001100001010
00110100110001100110
01110011111000101101
11010100111111100001
00001111011101110001
01000110010100001101
11110000010000001000
00011110010010001010
10000111100001010111
01011110000100011111
10000011100101110100
11000101001100111111
01000110100011001110
11111000111000100100
00101110100101101010
10100101001110110111
01010001101101100101
00101001010001101111
11011001000010010100
10111010010000111100
11010101010111110101
01101001110001010110
11011000100111010010
01001110011110001001
11011011010011000100
01000000110001101111
00100011111110101111
01000100011010001011
10010010110001010111
00011111001000110010
11011011011001111101
01100010011010111101
11001010111001111110
00110100111010001011
10001000001111010001
00111101111111011110
00101000001001011100
01000011111100011001
01111001101101010111
01110000011101000101
11010011110011110001
10011100001011011001
11101011101101010111
11000101010100010010
00101110001010111010
00011010011001011100
11010010010100101000
11011100001000111111
11111101101010101000
11001100000101011100
11001001110111010001
01000010010011101100
11100010101101111110
01011011111111110001
01011011101001000110
11001100111111101110
01101101111110110111
10110110000000000110
00000010100000011111
00010111100011100011
11111110011100000110
10111000010101100011
00000000000111000110
01001111000110100100
00000101101011001110
01101100101011110111
10100111001100011011
01101010001010100100
11010010111101101001
10101011101001001100
10001001000100110111
00011000100100000000
01010100100000100110
11101100110110001001
01011111000110110111
01010110001110111011
01100011010000100111
11000100001110010001
00001111010010111111
10111111001110000101
10111001000000001000
00000101001011001111
00111100101111100010
00111000101001011010
11010001111011011001
00111111110000100101
00001110111110001011
11100101001001110100
00001100101111100100
00010100000000110100
10001101110001001110
10110001111011100010
11010100001000101111
10101101011011001010
10001100110011010000
01111111101100001101
01110110001010101001
01011010110010101100
00010111111010011101
10101111000101001111
11001111010111111101
01000001110110000111
01010010000000101111
01000110101101001001
00101000111011011111
01101001101001101111
11111101011110000111
10110011011010100100
11001000100100011010
10100111001010100110
00111011011010000001
00111110000000011110
01010110001000100100
10110011000000001100
01100111111111000111
00110001111101101011
10110110010001011111
11110000100110110001
10010000011000111000
11000000000110010101
00100111000001100010
01101100100000001000
01110011111000101100
11011010110000100110
01000001100111001101
11001110010000011111
10100111011111110111
11000100110011111010
00100011100010001101
01111010001001110110
01011101111010010000
00111010011011110101
10110110101101101101
10010100111110011011
10000111101000000001
10010111110100000000
10000100000101011001
11100000011001101100
11100100100001101111
00010000111000100011
11000011111011010001
00111000010111111001
11111110001011000101
10011011001101010001
00000101101001000011
10010111100001010111
10110001110000100010
00100100111101011100
01111010100011100101
11010101011101000010
11000001011001100011
00001110001110101011
01000101100100101011
10111010011011011100
10000001000011000100
10111111011110101100
00010110100001001110
10011001111001100110
00110111000010001100
10110111110111100010
00101111111100011100
10010001100101101010
00000101110111100101
11110000111000110011
00000110111110000010
01011111011001010010
00000000011001101011
01011100110100110100
00011111100010110001
10110111010110001010
01101101001011111011
10000001011101100011
11110001000001110101
10100101111100101010
00000001001000000100
01011111111101010110
11010101000111101100
11010010110010010010
11011110001111100010
11011110011010001000
10110100110100111011
01010101010111011000
11110011100000001011
10101100101011111111
01110000011010111110
00100001011010111000
11111111111001100101
01010101001110110010
01010111110101000000
01101101101010110110
11101100010110000001
10011111101101001110
01111110010010100101
11101111011100101010
00101011101101011001
01110000110000101011
01000011001111001011
00011011101001101101
00010101011111010110
00010010111011101111
10110101000000100001
01011111010110100110
01010011011101001101
10101001010110110000
00001010000010010000
11100111101111101101
01111111111011101001
10010011011001001010
01101100111011100000
01001100010101011101
01111111100010000111
00010101011100000110
00100011100100000101
01011001101010011110
10011000001010011001
10110100001110011101
10110100001101000000
01111011001011000011
01010011110101100110
00001010111011111100
01111011100001001011
01001100111000011000
11011000000011101101
00010100011010000100
00111110100000101101
11001011101111001101
01010110000011111101
10010000011100010010
01011011011111010111
10100100110001001111
00000000001001001110
01010000100000001101
11110110101100001100
11000111100101010001
10010011010111001010
01000111111001111000
11000001010100110101
01110101110111101101
10101100100000100101
01000111111111101001
11001111000010110101
00110111100011110111
01001001010100001101
11100101001011000010
01110101111110011000
00011101110101010101
01011101000100100011
11110001001001111001
00011011001001110101
00111101011101101000
10110000100010110001
11011110110110010100
10110101110010010000
10001000101011011100
10101101000011100100
10100001010000111001
10010001000101000011
10000000000010101010
11010000111010000001
01010111110111010011
00001010111010110010
11111011011000011111
00100010001010010110
01010100010011010000
10110001110100011111
01100101011101011101
10001110011011011010
00001111010111010101
00101111000001011100
10011111000111010101
10101111110000000111
00010000010110000101
11110011100111010011
00110011000100011110
01011010011111100011
11010111001011111000
00100101001011101011
00110001000111000010
11011001011100111010
00000001100011011001
01111010110000110010
00011011000010000001
11010101111110110100
11110000011110000100
11001001000101001101
01001100001100001101
01011001010000001011
00010100001010110011
10001111010101010110
00111110011111001100
11110010010101000110
10100110100101011010
01110000010011100010
00000001001111111101
11100010001001100111
10000001000011001000
00001110010110110110
00000111111110110001
10101011111010010001
00010010101110011001
01010100011110000100
00001100001010010111
00101100110011001000
01001011110000100111
01111000011000001100
10101111010000011011
01111110100100001001
01110010111001110100
10100011101011001010
00111101110110101001
00100110001111001011
10010011010110101111
00100101110111010010
00101100101011011001
10101000000010110011
11110001110011010110
11111110000001111101
01110110100111111011
00111011001000101010
10000010110000010101
11000011111010101110
01111101001101110000
00110111100111001111
10000110110100111110
01010101110100000110
11100011010011100101
11000111100000101100
00011100100111110001
10111100101100000110
10101010000110110110
11001010001110010001
11000100100110001110
00100001011001110110
10100110011001011001
11010011010010101100
01100100100000100001
11001001111010001011
11010101001001100101
01010110110011000110
10010110100010011000
01110111011101010100
00100111110011100111
01100111100101100101
01011111001101100110
10101001110010011110
11100100111000111000
01001000111101101111
11101100000010001001
01011100101110010000
00001001100110100010
11011110010000001000
00001101110101000100
01111011111010000101
10101111011111111111
11000111111110101111
10010000010111001101
10010101101011001100
10000001011101111010
00000010110000100011
11001100001111100011
10100000110001011101
00110100101011000001
10010001000011011110
00101001101000001011
10101110010110110110
11001111101011010000
01000101011110110011
10111000100100001101
00010101111111111101
00000011111000100100
10001110110011111000
01001101010110010101
11101001110101000111
10011001101111010100
01000000100101111000
11111010010101111001
00001100011001001001
01010111011100011001
11001110100110001010
10100100100010100111
11011011111111010100
01111000010100101101
01111101011010001010
00011000110101011010
10001101000111010101
00101000101000011110
00100000101110000011
00111000110000111001
00111000001110111100
11011000101101111010
00000000100100001001
00100101110011001111
11101101010000010111
00111001110110111000
01110011110110110010
00101001101111100001
10100100001101110111
10101101010101101001
10001011111111100010
01110001110110000101
01010001011110000100
00101100001110111000
11100010011111001011
01011111100100110111
10110000001111110011
01010001010101100011
00100001100000010111
11010100001011111100
11110101000011011011
00001110100001000111
10001111100000000100
10001001000010011111
01011110101101100100
10000100010110001001
00011111010011010110
00100110100000001111
00011000001011011100
10011010110100000101
01000110000000010000
10101111010010111111
11011100110011100101
10011100100010011111
01110011011001010010
01000010111011011100
00000111100000010101
00001100110000000010
11100001010110100000
00001100010111001001
10100010111100111100
10011011111100011111
00010001101001111000
10010000101011001011
10010100011111010010
01011100100001111000
01011010111001000110
00110001000111101111
11100100010010011011
01010011010101001010
00001101011101111100
11010010010011110110
01000100111011001110
10100011110100111000
11010000100001010110
00010111010101011000
01111100000100000110
00000100000101100010
01010110101111100110
10001010100011111100
00001001111001100011
11111100000011101100
00100001001110111000
11011000011111001010
00011110001100010110
11101001000100011111
01001100101011101101
11100011000011111001
01111101011100111010
11110000110000100110
01000110100010100000
01100101110110111111
00101011011000101111
11001101111000101000
00011111010011010111
11100111101010101101
10110000111100011111
01111010100100001010
00010110001110101010
11000111011101100111
01010101111101111111
01000011001011001010
11010001101010001110
10001010101001011110
00010111101100101000
11001011100000001001
01010001000010111110
00110001010101111110
00010110101111101100
10110110100111010011
10000111010100001010
01011100001001101110
00001101010011101001
11110111000110010001
00011111011100101000
10001100010010000010
01101110001111110011
11111101001100010101
10000110110000010011
10001101101111111111
00100000111100101101
11101111110010000100
01110101110010110001
01010100100001001110
00000110000110011111
00110101010111000110
11110000011110010111
10001000100001101101
01100101111101111111
11101001100101110010
01101111000101110001
11100101101110011110
00010010101110010000
01001100110001111010
00010100110110111010
11100111100101100101
11001101111111011000
11011100000110001111
01001101110000000111
01010000110110010111
11100001011010100000
11101000011011111011
10101010001110000001
11100011011000101111
01000010111101100001
01100110001111001000
11011111100101000000
10010100011100001101
11001110010000111001
00010011101001101101
10101100000000111000
00010010111000000101
10010011100101110011
00001011001111011111
10010001010100000101
10101010011000100101
01100011100000101111
11101010011011000111
00011011000001011000
00100101001001111000
11110110101110111001
00010000111101011000
10000011100111010111
00001001000110110110
10010111000000011010
00101111010111001011
10110011011101101000
11011001110101110111
00011011010000001111
11101111001000010100
00101111001110011101
10101101000000101011
11100000100001010101
10111010101000000101
11010100111101010100
00111000101000111011
01101010000000111100
11001000100110110101
00100010101111111101
00100110100111000101
11100011000111001001
11010001000110110101
01000111111000110111
11001101100000001100
00111101011000110011
00001100001101100001
11011011100111011110
00110011110000110110
00101011011010011000
10110000001110100000
00101001100011001111
00110000011011010100
01110010111001110100
11101101111000110111
11001010110100001011
00000001001100001011
00001011001110100100
00100011000101110001
01000001100011111110
00000101110101010000
10000111100111100110
01111001100111101011
00100100010101110011
01010000111101111100
11101011010101100100
01010100010100001011
00100000010011101111
00001001110010010000
10100101010010101101
11000101001010101010
01101000111010000000
01011110101010000100
10011100100001011110
01101011010010101111
01010100101011110101
00011101110111111100
00001111010010100000
00100101100011011110
11000110000101000000
11010111001101011011
11100011010010110011
10111100000101110001
10011011010111010000
10111101101010111110
00111110010000110110
00110101111000011010
00110011100011111100
11010010001100110010
10011110000000110011
00000010000110011000
00001100011100110100
01001111101100010110
00000000001111110110
00110100000010111010
10111110011101100011
10000011110110010110
01010000100101010001
00110110000001011000
01111100100010111111
00100011011001001010
10000111100011000100
00111101101010110001
00000000111111100000
10001100101110011110
01001011001100001000
00001011101010111001
11100000111011011001
11001001000010000101
00111011110011110101
01011110101000011000
01100101010001101011
01101011101100011111
00110101111011010010
00011000110010110110
00001011001010011011
10100001010011001110
11101100101001101110
00010101111000111111
00000101000011001110
00110110011110011001
11110101110101111100
01000000100000000111
11110001110000111101
00101011110000010100
11110011010010001011
11101111001101001110
10110011100100101110
00000011111001100101
11010110001110101001
00110111111100110011
01101110110001110110
01101100111111011100
10001000101100011111
10010010111100111110
00100111111001110010
10100100011111001001
01101101110100111110
01000000100000011101
00100101010011001101
01011111100111100001
10011001001001100001
10101100011010101001
11110101001100100111
01000110101001111010
01110011111010101111
01011110010110011011
00000011011010010000
01110100001110010100
01000000111101101000
00100110010101001100
11111110011001111101
01000001111000101110
11010001110111110110
10101100010000010001
10111000001101111011
10000110001101001100
10000011011000101000
00011000110100110110
01000000001110000001
00000100000110011100
11010110010010010000
01000111111110111001
01001011001011010110
10010000000000001000
00111000011100010101
00010100100001011100
00111001011101010101
01101110100000101000
01101100000001110010
10011110101111111100
10011000000010010110
11000101010001100011
00110111100100000100
10100010001100010010
01101011011001010110
10100110001101100100
10110010001011010110
01100010110111010111
11001110100010101111
00000111110010111100
00111000111110100101
01101100110010111110
11010100011110100111
10011111000111011110
01001110010101101101
11110000111001101011
00001111100111100110
00010101010010111010
11101011001010101100
10101110100111100111
10111110001100100000
10001111001010000001
11010100110010000000
10011101010010101101
11111101011111001101
00001000110010100001
11011110101011111011
01001001111111111101
01011000110101000111
00100101110101010000
11101101100111010011
10110111000010011100
10110100110110111000
01110100010101010101
10011000000011001111
00010101011011110101
01101101000000011011
10011101110111010011
10000111101010101110
10100000110110111011
11111010111010001101
11110000101100000010
01111001110011001100
00001101100100010110
10101011011001100111
11100111010100110101
01001111101110001110
00000010110110001101
01010011110111101000
11000000000000111001
01111101111101000110
01110111110101001011
00100011101000011000
00000000100001101101
11001101000001010101
01100100011100100110
00110011100100100001
10110011111111100101
01001111110100000010
10001010101011111110
10001001011101100010
01101010000110000011
01000000111111100111
01101111011101100100
00010011011001100110
01011000111111011101
10001010000101001111
00000110011110001011
00001001000011000110
11100010110001110101
11101110001010110101
00101011111101011111
01101010010111001011
10110010010011101000
00100110100001011111
10110011010100001100
10000110100011110010
11101000110110001100
00111100101000001011
11001111001000011101
11001110001000011100
01111100000010011111
10111001100110100100
11011000111000001011
11111101011011100100
00110000001001101010
01000011111101001110
11111101001010110100
11111100000111011101
11000011000000011011
00101100111011000011
11100000101011001000
10110001101101101100
01110111001100100000
00100001000001101110
01001111111001101011
00010101001001011110
00000010110101100100
01001011011111110011
01100001111100110111
01010011110000010010
11110000000101100111
11000001100111001001
01000000110010111101
10010000000011110110
11000101000011011110
10011101100100001000
11000101000110000010
01011010100101000111
00110110100000000001
11101001010000011100
10001001110010100001
00000000011000010101
00111111111011101001
00111100011000000101
00010010000000011010
01110010100111000111
01001100000100011000
10110000111010000010
00010101110011101011
00110010000111011100
11011000011100101100
10011001110100110010
01001111110100001000
01100000111000100110
11011111111010000101
11011111100101010010
10111001010011111110
01001000010100101101
11011110000001110000
10011111011101100011
10110000100100000011
11100100010101011011
10011110011111011010
00000110111011100110
10101111100101001110
11010110101001001000
00011011111110101100
10010101010011100111
10110101100100111011
00001000100001001000
00100101101101100111
11010000000010101010
01011100110111010110
11100110111001101010
01110100100100000110
00110010001111011001
11101101011111110111
00100110001100011000
11010001110111000101
01011010001110111000
10111011011000101000
11011100101010011001
00111010100001001101
11000110010111000111
00101010001000101110
10111110100011101110
10110101000110011101
00011110001001110101
00011011110100011011
01010110110100110100
11110010011101100110
11111011011000000010
10111111000010110000
00100010101100000010
10101111110001100110
01011010101011000010
01011001010000101101
01101101010111011100
10001000010111111010
00000001111010111010
00010111111100100100
11000011000000010000
00000100101010010010
01001110101010010100
01000001100010110111
11111111101111000111
00000001111011101111
00101001000011000001
10100101010100010100
10001010001101001111
00111100001010101111
10000010101000110001
00000001010010000110
00111011000100101101
01101001011001011111
01000011101101010110
01001000000001010100
00001101000000100111
10100011111010010101
10111001000111110000
11101011100111110111
00001101100101111010
10010100011011100110
10001010011111110101
01011011111000010101
00001100000011100110
00010110100101111011
10111011111000110100
00011010010011011101
10101110110111001111
00101011001001111001
11101101000100000011
10001011111110000100
00001000001110010001
01001101111000000011
11111000011101110101
01111101111110111101
11000100011101011110
01011111100011011110
00000011010001001101
11111011001000010110
00110011011011001011
00010010100111111110
01000110011101100100
00111000010011010100
00110011100010011100
01001100010100000011
10110100110111000010
01110111001010111100
11110001110100010011
11010001101110110010
01001101111100010111
01000000000001111111
01100000011111011010
01111011110110001101
01110100011100000000
00000001000111101000
00100110011100110110
00111110110111110000
11100010000011110000
10100110000011011001
11001001011001101011
01010010110101001011
11010011001001000010
01100111011110110111
10010100101011101110
11100110001000111101
11100000010010001111
10110100001010100100
01110001001000011011
11101000001001001101
10101001101100000110
10010000000100001111
01101010101110001101
01101000011001101101
01111101000100100110
11001000101100101101
00100111100100011100
00011010100100111101
10101100001000100011
11101001111000110001
11100000101001010111
11001011110000010100
10111110111101110100
10100010001000110011
10000001111111111001
10010010110100000101
10100011001000010111
10011010110101010011
01111111110010101100
01101111010111000010
01101001101111110000
11101110000110000001
10010010100010011100
11110000000101111010
01011000011111100000
10011100010000010011
10010100000001101110
11111001110001000001
10101101010100101100
10001100010110110111
10100100001111100011
00011010100111000101
01111001011100010111
01100001111110001111
00100000111110110101
11011000100011010100
11001101100110000011
11010111111111100100
10011010111011010011
00011100101000100011
00001110010110100000
10100001110111100001
10000111001101101110
00111111110110000000
10111100101110010110
01111011101001100001
10000010100001010111
00101111110000011110
11010010011011000101
00000100010000110110
11011100101100111111
11001100101010110010
01010110011001010101
01001101011100111011
11001011001100110001
00011111010111100000
00001011011110011010
10000111100101111111
00010010001011111011
10010101000000100101
00011001110001101000
01000010001111110000
00101101010011101010
01101000110101010111
11010011000101111100
10011111001011001001
01110101001111101011
00101111110010100111
10111111100111111101
00101111100001011011
10110011000010011000
00010010001000011100
11001001110001101001
10111011111001101011
11111110001110110111
10110110111011010000
11000001100001000010
10100001111001100011
00010010000001100110
10110011101000000011
00100110100100000010
10000110001001011010
01111100100000011001
10100000101000000011
10010101000000011010
00000000000110111101
01011011101000011110
00100110100010110110
10011110101000010100
11011000110111101101
00010010110011000001
00111010110010000011
10100011100010101100
11000110110001100000
10000011000100111110
00010110110001101111
10110010011111101011
01001110010010101010
00011001001110010011
01111011101000001100
00010010111110111111
00101111111110001001
11011101011100100100
00001001101111110000
01110101100010000100
11001101100001010101
10001110000101110011
01111011011111110010
11000001010101100000
11001110111111100010
00010110001101011110
11101100011010111011
10001100010011100110
00000101010000100101
01101101010111111101
01000011100001111111
10010011001011000010
11101100110111001101
01000111011101000001
01100000100111101010
00111101111011010010
01010111101000010010
00111000100011100100
00011111100011100100
11110010011110001001
10010011101110010101
01000110001100100100
00111000011010111101
11100111000010000000
01111000001001011110
00101010101110010101
00000100000111011111
11001001011000111110
00010001110010001011
10001110101011110111
01100001110010110110
00010011100100001001
00011110011110010110
10101100011111011001
11111011011100010111
11010000110001011000
10001111000110011111
11000101001111011100
10111101101100001111
10011010111111110000
11101001111101100111
00011111001110011000
10000111101110101111
11101100010100000010
10111101101011011010
10010000000111110001
00101010000111100010
01110111101110000101
10001001100000010000
00010010000101101010
00100100000101101110
10010101001010011011
01101010100100010000
10000101000010010111
01010110101100111000
00101101000001001101
00000110010011100111
00010111111000011000
01101111010001100101
11001110101111000110
11111100011110000111
11010001001001101001
01010010100000110100
01111111111101111011
10100011111000110110
01011101001010101111
01110101010001111011
01100101101111000111
00111011000100010010
11001010001100001001
10001110011111000010
00110011110011100001
01010010110101011111
10100111011011000101
10111001000111001010
10110010010001100000
00010001110010101010
10001110111001011110
11001101000000110100
00101001010001000000
11001011000001100001
11000101010010011001
01010000110111110100
10110111111011011111
01101010101011000111
00110110010011110000
10010101000010000100
10000011010011010110
01001101101101001010
00000100001000001100
10101001000101010110
11110101000001100100
00100100110011010100
00100001000110000010
00001001111001010101
11010111110101001101
01100000011010111010
01100110110001110101
00101010011110011110
11100111111010011100
00001101100011110000
00101111001001101100
10110101111111110100
00110110101000110011
10100111110000111101
01111010001011101101
00101100111111110101
11001001101110100101
00001010001001100001
00110011011000111010
00010001000011111000
01111110110101000110
00100011100011110011
10011000001001110011
10011000011010010001
00101001011100000110
01110000000101101100
01010101111110111011
11011011101110010010
11101111010100101101
11111101111010110000
01000000110100110011
01110110100101010111
01100111110111110010
01111010100001100011
01001010000000000001
00110000100101101110
10010111001011111001
01001110110111111000
10011111110011011100
01101011010001001100
01001101111001011110
00000011111110001001
10100000001011111000
00000011100111110101
11000100001101010110
11111100011101111111
00010010110100010101
00000100101110101010
01100110001100011100
01101111101101010001
10010101000000000000
00001110101011001011
00111000010101011111
01100011011010101001
01000011010110100010
11100000110011100001
01011111011001001100
11011000111000011110
01110101101011000100
00100110110110000001
11011111111111100000
10011111010110011111
10101001000000010101
00000100110101101110
11100110011001110011
11101111111011101011
11101010011100001010
11111011100000010001
00000001110011110000
10110010100111110101
00011000101001100110
00011110101011101101
01011110010011110011
00000010010110101100
10111110000000011000
10000011101010100100
01010010111001100100
11111010111101001110
01100011001100100000
01111010110111100100
11101010011000001000
01110100010001000110
10101011111001010110
00011101111101100111
01110111110101100111
01010001011000010011
00101110001101101110
00001010101110111101
10001111011110100100
01101001000001110000
01100101010001111101
00110110001010010100
00000001001111001111
11111100110111100100
01001001111101110110
10101110111100101111
01101100010000001101
11110001010001101010
10101101110100100110
00011001111100001000
10100101001111000000
11110001000000000111
11110101100010111101
11100110001111110110
00111011011110010110
10100110001110010100
11111111001110110100
11010100101110100100
11001000101100000011
01101101000101010011
10000110000000110010
10010101110011101111
10010001100111001101
00100100000100110100
01011110000000001100
11101010111001000001
01111000010000010001
01011010000001101110
00110111001011010101
11110101010011110010
10001101111111001101
11001100001100001011
00001101010101011011
00010110011000001100
00101011010001000011
01000101010101011010
01011111101110100000
10010101010011010010
01111111001000000110
11101000010001010110
01110111100110001001
10011101111011101000
11011001010100111110
01010110011000110110
01111011000110110000
10110100001100000101
00000001010111110010
01111001001100100010
01001000110001101011
11010101001010111110
00011001000001111111
01001001110010111011
10000110101000110110
11001011001101000011
01010101001010100101
00110110100011100101
01100100010110011001
01010111100011001101
11010010101110001101
11100001110100000101
00101000011101110110
00111000111101111110
01000001101110011111
11111010101010010011
00001010000101011100
00001001000001111011
00010011110110011001
01011110011110000110
11110110010111010111
11010000111011001000
10110011111110011011
10000000000001000000
11100101111001101101
01100110101010000001
11100100100110011001
00111000100011000111
00100100000001001100
00000011000010111001
11001011001001011101
01100100001000100001
10110101100111001000
00100011101100000000
10001011101011011010
11001000001000010011
11010000010001010111
11111011001001010011
01100011100111010100
00101110000011100010
00000101101100101100
11001011000101000101
00011100010000001010
10001011000000100110
01000110010101000001
00110000111001110100
10111000000001110001
01111110001010011001
10000011101101011101
10101011010001011011
01001100001001101010
11100110100100010011
00110110101101101100
10110010111101110001
10010011100101101011
00111001111100111011
01111111010010011101
11101011101011111000
01110010011011001010
10111100111100100010
11010010110110010000
00000100101111010010
11101111100101010111
11101001111001111111
01010110100110001111
01011011100111100011
00101010001100011011
00100010011001100011
01110010110010110011
01111111011101011100
01101001000010011111
10001010101001111001
01111101001101010001
01100000111110011010
10110000111100000110
00010110001000000111
00011100111110110011
01101000100010110001
10001000111100101001
01000100100100010110
10110101001010000110
11110101111100111111
10110010011000001011
10000110001100000111
10011010100011100101
10111001110111111111
Time = 89.552s
