n = 12, k = 6, m = 1227
Expect Resample Times = 0.366762
Real = 2
Result:
111101110101
000011110101
100111011110
101001001101
001001001011
101000011000
100101000101
011101101011
111001101001
110011111110
110001010110
011010101010
111100110111
111111001110
110110101000
001000111011
001010000111
001000011101
000011100010
000010001111
001000110000
101011001111
010111010100
000000100100
001011000101
001100110000
111010110101
101001000110
010001001110
010011101001
101110000111
000001101100
000111001110
000101010011
000111101000
011101011110
100011001101
111110010101
001101010111
001000010011
000111000110
000001110100
011100100111
111100011000
000110111100
111110111100
001111001001
000101110101
101000100001
111111001010
000010110110
111001001011
000011100100
010001100000
110111001001
111110000011
011000110110
011110000000
110101011111
000000000111
110010010001
111100101011
001100000000
000001000110
001111001001
110011101110
010100011101
100111101100
110010100100
101111100010
001011000100
001110011111
000100011001
011010110011
001001000111
111100000111
101110001001
010001000101
000011001110
111101101100
110111101111
011100101010
001010111000
011001001000
110110110101
011010000001
011011100111
010000101010
010010011000
010111110111
111011011000
011010110100
001001111000
001100000100
110110001110
111101101100
111111110101
001100000011
110110111111
101111100000
111000101001
111110011011
110011110110
101011011000
100000010111
110111010001
000101010010
011000000101
011100100011
000000000110
001011011100
101100010110
100110011111
001010011011
000111001000
011100000101
011011111111
101111010011
010000011111
001010111001
101001101111
011101000001
010011010010
001101010111
011010100110
111100000110
100010011000
110110010101
101101011110
000110010100
100110110110
111010111101
010100010100
001011101110
100100101000
000000101110
100011000100
110010000010
010010100011
111001011110
110100111101
010011110101
100110110101
011110111111
111011010001
110100000001
010100100011
100101010011
111110001000
000110100000
010001000000
101110011000
011001000001
010011101000
101010000100
100100010000
110001001001
110001000110
110010000010
111011110100
010111001011
000111111110
111001000111
111110101100
011111000101
011000010011
111101010110
000111001111
110001001011
000010111100
100100101111
001110010011
010001000100
101101100100
011011011111
000010010000
110011111000
101011101100
011110110110
110110000110
110100011110
111111010111
010010010010
100101011101
111100101111
101010100111
010001001101
101111010111
001001000101
110011000001
000110010011
010010010010
011011100000
110110110011
110001110101
100110000100
010000011111
101111110101
000011011000
101000111000
010010010011
100111010111
000110011011
110111001010
000001000111
001111110010
010011000110
100111000100
001100111101
001111011010
011100100011
110000011101
111111100100
110011000100
010101001110
000001001010
001001101000
100101111011
011000100001
000111011100
111000011110
111010000010
001011011111
111011000111
011000000010
000011110110
100010010101
001100011111
100011001111
110010011001
011001001000
000101011101
001001001011
100111111101
110111101110
101010101110
010101101100
100100111101
100101110100
011000010101
000101101001
010110110000
111110010010
010111011111
000000111101
101010001010
000011110011
100010111101
000101101011
110011110011
000001111100
100010110100
100011110001
111000010011
000011000011
110010101110
010100110011
010101010100
111101111000
100110101111
111111100011
000111011101
001100110110
111000010110
101111101101
110101000110
100010011001
001011000110
011010101110
001101101000
000111010011
100010110111
011100001011
110101010011
101000100111
101011001100
110110111000
011110101001
001010100001
001000111000
101101110101
101100110101
111111001011
110100100100
110111010010
101101110001
001001011010
010011001110
010111001010
001101111011
110010101000
111000100000
110100101001
111100011100
010000100001
100000000011
111000110111
011011011001
100000011001
101001001010
110011100010
101100110110
000000110111
010100110100
100100111101
101010100000
110010110111
100000110101
111011010110
001010100010
100001110010
001101101111
000000010101
101100011101
100111111010
111011100101
001001111101
111101111101
000111101011
010111101011
010100010100
110110000110
001001001011
001111101101
001111100110
000010010111
100101100001
011100100010
100010111101
011111010100
110110010111
101100000011
100110001110
111011110011
100001110110
100110101010
111110011100
111000111101
100000011010
100100000011
001101100111
011000011101
000101010111
000011111111
000100010100
101001010010
100011110010
111100010100
011110110011
101000001110
001101111100
011010101100
101110101110
100011011000
011101000100
001011011010
000011000101
110111100010
000011000000
010100110101
110000111001
100011000000
111010010011
010011111110
100010110000
101111000101
110010110111
011111010101
011011111100
110010111001
111100100110
000111011000
101010001101
111011100101
100111111111
010010011000
101101001001
111111110001
011000110101
110101001001
100110101010
101010111100
110101100010
010011111000
000001111110
101111011000
001001011100
011001000000
110111000100
000110001100
011111101111
011110010011
111101001101
011100000101
000101111000
011000101101
110101000010
100110101110
111011100001
000111001010
010010111000
011010001000
000101100111
000011010010
001111111101
000110010110
101101001100
100000011100
011100001011
000011110101
011110110011
111000011111
110110101101
111000001001
101101111110
101001010111
101110101100
100111111010
110101001001
100010111111
100100001000
000100101101
010001011000
111001011101
111001011001
101011010010
011001000100
010001001001
011100100111
011110101001
011101110111
010000111101
110111100010
100001011100
001111010000
101110010100
111010010010
110001110111
001000111011
101110010101
100010001001
100000110000
110010110101
001111100101
000001000101
111001010111
110100011010
001110010011
101010110010
110100111111
111100110000
110101011011
011001000100
110100110001
000010001000
011011000101
000010000000
010100001001
100110000101
011010101001
000100111001
010010100010
001111000001
011010011010
111010100111
111000101100
001101111100
111000010101
011001000001
100110001100
001101100100
001100111011
110100001001
101011001011
000110001110
111101001111
110011101010
100111100000
010111011110
111001010111
000001000000
110101000001
000010100000
010001111110
000011100010
100111001111
100101110100
101010001101
011000010110
011010101101
010111001000
001100001110
011110000111
001101011010
100011110111
110110110101
011110110000
011111100111
111001011001
010001000000
111100110010
000111010110
000000010000
110010000011
011100111111
000110010010
010010100000
110110000101
000000011101
111010011100
010011101001
000110110111
101011000010
000000000011
100101101010
110111111101
001111110101
111010011101
001111010000
000110011110
110110111010
110000100001
100101010101
101100100110
010101010101
111101101000
101000100011
000010010000
100010100011
010101000110
110110001101
000111000001
110010011100
111101010001
111100101101
000101011110
101001101101
100100011011
001001111000
111010111011
100011101001
110110001011
001101110110
010010110101
101100111000
011111110110
010100111110
111001011000
111111001011
101011010101
011111001000
010010000010
001000000011
100101111111
110110110001
011111101010
100011011011
010101000000
001111111001
000000011110
110001010100
110100100010
100010100111
110101100111
111010110010
000000111000
111111010100
011001100001
100101100001
010101010010
110010100110
000101011000
111010110100
110000001110
001010100001
100001011000
001011111010
110100010001
011011011010
110000010101
101101100101
000101110100
111100011011
110011101110
000001101110
001111100110
010110010010
100011000110
010101010011
100001011010
100101110001
110011011011
011001100111
011100011101
010011010010
111001100010
001101001101
011000101011
010101011001
111111000000
110011001010
011111111000
111110110001
100110110001
111100110111
110001101001
100001000101
010110000000
100100010000
111111010110
011000011101
100000111100
110001001110
001101101000
100011010110
010001001110
001010001011
101110101010
100000000010
110101100100
101010010011
110001111110
111010111011
101010000110
111101011100
110110110001
110110100010
110001000100
010001000100
010000001111
101110011001
000001010111
100111100010
110101010111
110110110001
001101001010
110110000000
101101110010
010110101011
100110010001
111010011101
110110000100
010011111010
110110101011
101001011010
001001010100
000100001100
001100100001
000000100010
101111001100
010101011100
111100110001
101100000010
010010001111
101000111111
100100011100
111011010100
100001100101
011100110011
010001101100
101011000101
111111110110
010010111010
100100110111
100000101010
110010110110
011001000111
100000001100
100101000011
100001111000
101010011111
101000011011
000101000110
001001101100
000001100011
111001111111
011000111000
111100001001
001110011001
011111110110
000110100111
111001110001
100001110000
010110100011
100111000000
111111110100
110001010100
110000111101
010000011110
110100111110
100010100100
001110011100
110000000011
110111110000
010010010011
011001110111
011110000001
111001100011
100110011001
100110011011
010101101111
010011111010
010101001001
111110111100
000010100011
101111010011
010101101111
000011001110
111010011001
011000001110
101110001111
010110001111
100101100010
111001010100
000111010111
000110000100
100110000100
101111111011
110001011110
100011001000
011001100011
101010001000
000111101011
100100111100
110111101010
110001100111
010011101110
010100011010
010000110100
010110010101
110101101101
011111011001
111001011010
100100110100
001111111110
010110000111
010001011001
011110111000
110011000000
010111111001
111100011001
111001111001
000011110001
001001110001
011101011101
000010011111
111001011000
000011100111
111101101011
101111110111
011100111110
101011000000
111010100101
001001001111
001110111111
000101011000
100111111010
010111110010
011111010000
000010011010
000011100101
100100001101
100000110010
010111011001
011110001111
001111010110
010111111100
111000001110
111000000101
100001000001
100111100110
101111110100
101110110001
010110001100
000001011100
010010111110
010011001111
001010010011
011001100000
111011000101
000000101000
101010101010
110001001110
010010110111
110011000101
101001101110
001011101101
011100110011
001100110000
000101000001
101011010001
010001110100
000011100001
011111011110
111100110001
010001100010
010000001100
010110010101
110011010101
010110011100
100001101010
100000001101
000001001000
000110000100
111100111101
001010101110
001000101101
000011110110
101000111001
010110111000
010001000000
001011000001
000111001010
010011010001
110111100001
011100100101
001011100110
011111111100
111010011010
000101100011
011100010100
111011011000
101000101100
010110000001
100001000000
010110110100
000000000111
110101011010
000110101101
011011011110
110101101110
010011111000
011011111011
101100010101
100010010000
010111010001
100010000011
010010010100
001011010110
001000001011
100001101111
111001101100
100101101101
101101010011
010110001110
001110011001
100110110101
101001001110
001010110100
010111001000
011001010000
011001101101
101000110111
001100011011
101000111010
110010001000
100111001111
100011010011
111110111000
100100010111
100100000111
110000110000
111111001111
011010100100
100110001000
000010110111
011001000011
000000001000
000011100010
101010111110
100111110010
010001000011
001100011001
100110001010
110001110001
110000010100
110011010101
100010010101
100011111010
000010110101
010001111001
101100001010
000100111000
000111000100
110101101110
001011111010
010000101011
110010001011
000100111101
100111101000
011100001101
001010111000
100101100001
111110011001
000011110111
001101100101
101010000101
001101110001
101101000110
010011111111
100001001100
101100110010
001111110010
100100010000
000000000110
100111000111
010101100001
111110001101
100100101100
010111011000
110100100111
110110001000
000000101100
110100100011
011000111011
000100111100
001000011001
001000101111
000001010100
010111010111
111001001110
010011100100
111011000111
001001001000
111010000001
111010101101
011011101000
000010010110
101000011101
000101000011
001100111000
111101000101
000001010100
001011000001
000000000101
111100110010
101010100010
011000110100
110101010011
101110111111
101101010111
100100111110
001001001000
101001010100
110011101001
010011010000
001011000001
110100101101
010111111101
010100110011
101100000000
111110000001
011101100100
101111011000
000011111001
011010111001
111000101010
001110111000
110110111001
001010000101
101111101000
111011000001
011111110000
100101101000
111110000011
000000111101
110000111100
111100010000
111110100000
100000001110
001101110010
110101100000
010111101110
100101001110
101100011010
110010000001
001011110110
100100010101
010110110001
011011111111
111110110010
100111100010
111101110110
000000101100
110100111100
011101010111
001010111001
110110100010
110010011010
111000011011
000100110010
001010010110
111010100101
111000011100
100011101000
111111101000
110010101001
001001101111
000010111001
010100100100
000110011110
111011111100
110011010010
010100101110
110001100100
010101111100
011011000001
010111010000
110010111101
111100110100
101000010100
100110100101
111011110001
010000100100
111111010001
111111011010
111000010000
001001111100
011101100111
010101010000
011011110010
011011000110
010100111001
010001010000
000111000000
000100110100
000111110010
000010100010
000011000011
110101110011
111110011111
101001101111
110011010000
000011000000
011111101111
100011000000
000010111001
100000000101
010100101110
111010111110
011011010011
111000110111
011110100110
010101011010
110010100001
010011011000
001101001101
001001011001
000000101111
100101010101
000011000110
110101110100
110110010101
111010010101
011001011101
101010100100
100111111001
011010100000
101101000100
010111101000
001110001010
011010110010
011111101001
111011110011
100010010011
011111010000
001000111000
100111100110
110100111010
110010110000
111110110100
101000000111
101111000010
011000100010
011001111001
000101101100
001110101000
011100000000
000001000000
100100110101
011100011000
100001100011
010100011001
100001110100
011001110100
111111101111
111000100111
010100101101
110001001111
110000011101
000011001111
001010111011
111000101001
010111110011
101100100110
011001001100
011111010010
110101001000
111001000011
101110101011
111010100000
011111111100
111101010010
110100101100
001101101111
010101011110
010010001000
000011001000
001111111101
011111010110
110010011101
101100011000
001011110010
001001011100
010011111101
010110110100
011010000011
011010110011
010010100101
101000100001
100001001100
011001101011
111001010110
000000011110
001001010010
000010000101
110011010011
111100001011
111000011010
111000110100
010111001000
010001110011
010011110101
010110011001
011011001010
010100100100
111011100100
101011101000
011100110111
001101010000
110111010000
111111000101
010100011001
000010010111
001011111000
010101000000
100110011000
010101000111
101011000110
001101100011
110110100011
011010001100
001010110000
000000101011
101111000110
011000100111
101111000001
100011111101
100010111101
000010010110
101000100101
101010011001
001001010110
001100111100
100101001001
101000011100
010010100100
001010000000
011110001111
101000101110
000000100001
010111111110
110001011100
011000101100
011011111000
110111111001
010000001010
110010111001
011101111111
111111010011
100101100010
111010010001
010011101111
111100011100
011010111011
111101100001
000101100101
010101110011
111100011011
100000000100
001000011011
010001001001
100101101011
000100011110
101111111101
110001100001
110001110010
010000110101
110101110000
010101111011
000110101101
110000011010
000110000110
110100101011
001100110011
000011101101
010011111100
000110110011
010110111001
100011011101
101111000110
100110011110
100101011110
111110101000
111100000111
001001110110
110101001011
010110100101
001100011010
100000101101
001100110001
011010011011
111010110111
111111111011
001010001101
101100001110
110110110100
Time = 0.248s
