n = 15, k = 8, m = 265
Expect Resample Times = 0.361941
Real = 3
Result:
000001000000001
000000000000000
010011000100000
000011000010000
000000000000001
000100001100000
000000000010000
000001001001000
100000000000010
000000100100000
100000000000010
001000000100000
010000000011000
010000000001001
000000000000000
000000010100000
001000100000100
010000010000000
011000000000000
000000000001000
000000000000001
000000101101000
000000000000001
000001000000001
000101000000010
000000100000010
000000100000001
000000000100001
000010000000000
100100000100000
000000000000000
001100000000110
000000010101000
000000000000000
000000001011000
000001000001010
100000000000000
000000000000100
000000000000000
001001000000000
100000001000000
001000000000000
000000000001010
000000000000110
010000010000000
000000010000000
000000000000000
000000000000010
000000000100000
100000000000001
110000000010001
010000000000000
000000001000000
000000010000001
000010100000000
000001000000000
000000000000000
000000000100000
000000000000000
000010100001100
001001001000000
000000010000000
000000000000000
000011000011000
100000001000000
000000000000000
100000000000010
000000000000000
000000000000000
010000000000000
000001000000000
100000000000000
100100000100000
000000000000000
001101000001000
000000000000000
001000010000000
001000100000010
000011000000000
001000000000000
100000000101000
000000100000000
000000100000000
101000000000010
000000000000000
000000000000001
000000100000000
011000010000000
001001000000000
000100000000110
000000000001000
000000000000000
000000000000000
001000000000000
010000000000000
000100000000000
000000000000000
000000010000010
000000000110000
000100000000001
000000001000000
100010000000100
000000000001000
001001000000000
000000000001100
000000000000000
011000100011000
000000000000000
100000000000001
001000101000000
000000000000000
000000000000000
001001000000000
000000000000000
000001001000000
001000000000000
000000000000000
000000000000000
001000100000000
010100000010000
010000000000100
000001000000000
100001000100000
100101000000000
010101000000100
000000000000000
000000000101000
000000001000110
000100000000000
000001000000000
000001001000000
000000010000000
010001000000000
010000001000100
000000000000000
000000100010000
010101001000100
000001000000001
101100010000000
000000100000000
000000000001000
000000100100000
000000010100000
010000001010000
000000000000000
000100000000000
000000000010000
000000000000000
110000000000000
000101000100000
000000001000000
000000000000000
000101000000101
011000010000010
001000000000001
000000000000000
001001000000010
000000000000001
000000100000000
000100000000000
000001000010000
000000000000000
000000001010000
010000000000000
000000001000000
000001000000001
000001000000010
000000010000001
000000000010000
000000000110100
000000000000000
110000000000000
000000000000000
101000001000000
000000000000000
000000000001000
000000000000000
000100000000100
000000001000000
000010000000001
000000000000010
000000000000000
000000010000000
000000011001000
000000000000000
000100000010001
000001100000000
000000010010001
000000000001000
000000001000000
000100000000000
001000000000001
000010000000000
000000010001000
000100000000010
001100010000000
010000010100000
000000000000110
001001000000000
000000000000010
000110000100000
000000000000100
000000000000000
000000000000000
000001000000000
100001000010100
000000000010010
000000000000000
011000000000100
000100000000000
000100101001000
100000001000000
000010000000000
001000010000000
101000000000100
000100001000000
011000000010000
000000000000001
000000000000000
000000000000001
000000010000010
110000000000000
000100000000000
101000000010000
000001001000000
000110000000000
000001000011001
000000001000010
000000000100000
011100000010010
000000000010000
000000100000000
110100000000000
000000000000000
001100000010000
100000000000110
000000101000000
000000100000001
000100000000000
000000000000000
100000010000000
010010000011000
000000000000101
010000000000000
000000001000000
000010000000000
000000000001000
000010000001010
000000000010010
000000001001000
011001000000000
000000000000000
001101101000001
001000000010000
000000000000001
000000000000000
100000010000010
000010010000001
011000001000000
000000000000000
000101000000000
001000000000101
001000000000010
000000000010010
010000000110100
Time = 0.434s
