n = 15, k = 9, m = 287
Expect Resample Times = 0.356964
Real = 2
Result:
000000000000000
000001000000000
100100000000000
100000000000000
000000000000000
000000000000000
000000001000000
000001000000010
000001000000010
010000010010000
000000000000100
000010100000010
000000000000101
000000000000000
100001000000000
000000000000000
000000000000000
000000000000000
000001000000000
000001000100000
000100000000000
110000001000000
000000000000000
000000100000000
000010000000000
000000001000000
000010000000000
000000001100010
000101000100000
000000010011000
000000000010000
000001000011000
000001001000000
000010010000000
000010000000000
101001000010100
000000010000010
000000000000000
000000010000000
000000000000000
010000000000000
000110010001000
000000000010001
000000000000000
000000000101000
000001010010000
000001100000000
010000000000000
000000000100000
000000000000000
100000000000000
010000000000000
000010000000000
000001001000000
000000000000000
000000010000000
000010000000001
000000000000000
000000100000011
000000010010000
000000000000011
000000000000000
100000000000010
000000001000001
000000000000000
000000001000000
010000001001000
000100000000000
100000000000100
100000000000000
000000000000000
000000000010000
100001100000000
000000001000000
010000010000000
001001000010000
000100000000000
010000100000000
010000000100000
000000000000000
000000000000000
000000000000000
010000000000000
000000010000000
000000010000000
000000100010100
000000000000000
001001000000000
000000001001000
001000000100000
000000000000000
000001000010000
000001000000000
000000000000000
000100010000001
000010000000000
010000000001000
001100110000000
000001000100000
001000000000000
001000000000001
000000000000000
000000001001000
100000100010000
000000010000000
000000000000000
000001100010100
000000000001000
000000100100000
000000000100000
000000100000000
000010000000000
000011000000001
000000000000100
000000000101001
010000000000000
001000000000000
000000000000000
100010000000001
000001000001000
000010000000000
000000000100010
000000000000000
000000001000000
011001000100000
000000000000110
000000000010000
000000010000000
000000010000000
000000000000000
001000000001000
000000000001001
000000000000001
010100010000000
100100000010001
000001000000000
000000011100000
001000000000000
000100000000000
000000000010000
000010000000000
000000010010000
000000000000000
000000000001000
000000010000000
000000001000000
000000000000000
000000000010000
000000000110000
000000000000000
000001000000000
000000000100000
000000000000000
000000000100000
000001000000010
000000000000000
101000000000000
000000100000000
101000000000000
000000001000000
000100000100000
000000000000000
000001000101000
001000001110000
100110000010000
100000000000000
000000000000000
000000110000000
000010000000000
000110000000101
000101000000000
000000000001001
000000000001000
000000000000000
000001100000000
000000000000000
000000010000000
000000000000010
100000000000010
000000000000000
000000100000000
000010001000001
000010000000010
000000100000000
001010000000000
000001010000100
011000100000011
000000001000000
010000000000000
000000000000000
000100000001000
000000000001000
000010000010000
000000010010000
000000000000000
000000000000000
000000000000100
000000000100000
000000000000000
000000000000101
000000010000000
000000000100000
000100000000000
011000000000100
000001000000100
000000000000000
100000000010010
000000000000000
000000001000000
000000000000000
000000000000010
000100000000000
110000000000100
000000000000000
010100001001000
100000000010000
000000000000000
001000000000001
001000010000000
100000000001000
000000000000100
000000000000000
000000000000000
000000000000100
000001000000000
000001000000000
000000001101000
000000000000000
010000000000000
101000000001000
000000001000000
000001011000000
010000010000000
000001000010000
000000000000000
000001000000010
011000000010000
000000000000100
000010010000000
110001010010000
000000000000010
000000000000000
000000000000001
000000100000000
000000001000000
000000000000000
010000000000110
000000010000001
000000000000010
000000000000101
101000000000000
000000101000000
000000000001000
000010000000000
000001000000000
000000000010001
000000000000000
000000000000000
000000000000000
000100100000101
000100001010100
000000000010100
000100000000010
000000000001000
000000000000000
011000000000100
000000000010001
000000000000000
001000000000000
001000000000000
000000000000000
000001000000001
010000000000000
000000000000000
000000000001000
000000100000100
010010000101000
000000010000000
000000100100000
010000000000001
000001000001100
000000010000000
000000000100010
000001000010001
000000000000010
000000000000000
000100000100101
Time = 0.246s
