n = 9, k = 4, m = 88
Expect Resample Times = 0.341242
Real = 3
Result:
000000000
001010001
001010000
010010100
110100000
000001100
000010101
000000100
010011000
000100001
000000000
000010000
000000100
000000000
000000000
000000000
000000000
100000000
000010000
000101000
110010000
100000000
000000001
010000010
010000000
010001000
100000000
100010000
000000100
100000001
001100000
010000000
101000000
000000000
001010100
000100000
000000100
010000100
100000000
000000000
010011000
001000100
000110000
100100000
000100000
110000000
000000000
000010000
010100000
101000000
100001101
000001000
110000100
000000010
000100001
000001000
100011000
000000010
000000011
100001100
000010000
101001000
100010100
001000000
000001000
000000000
000000001
001100100
000001010
100000000
000000001
001001100
010000000
010010001
000101011
001101000
100000000
010000100
100000000
000000011
001000000
010010000
001000010
110000000
000000000
001001110
000000100
000000010
Time = 0.005s
