n = 9, k = 8, m = 1636
Expect Resample Times = 0.383073
Real = 0
Result:
111110000
010010100
110110000
110101101
110111101
110011101
010011101
111001000
101000010
111000100
101000100
000000011
000001001
100110000
000010101
011010000
101111001
000101001
110101000
110111001
001100010
011010011
000011010
111001111
001010111
000110000
011100011
111100010
001111000
000001000
010001000
111101010
001000100
010101110
100010011
101010101
111111010
101101011
101011000
111001101
001010011
001111010
001110111
000101110
111111101
100101011
010011011
111100000
100000110
011001000
111100011
101010101
000111110
101011001
011111000
010111011
101010010
100101110
100100000
011111011
100110111
010111010
011111010
001001010
111111000
000000101
010100011
101011101
111100101
110001011
100000110
001110101
000011111
101001110
101111111
100000000
000110110
000100011
110001110
010100000
100101010
111111000
110001101
010011101
101101111
101010010
000111011
010111011
001100010
101110011
001101010
111101001
111110101
010010100
010011011
100011111
001000010
100011100
101100100
011001100
110100001
010111010
001110101
110101010
110001001
011100000
001010001
101101110
011001010
101010000
000000001
100110111
100100010
010001011
010011011
000011011
011011101
100101110
100110101
101110011
101010000
000111011
010000110
011010000
111101100
110010001
000011111
001110001
110100001
000110101
000010000
000100101
101110111
011001100
001111011
110010001
000101100
100100100
011100010
110101000
000111101
000100110
000011000
001101011
101000010
101110111
100000111
011001011
011011010
100001001
101000000
001101000
001001000
001000010
100010110
011111001
100111011
110101000
010111110
110010001
000000100
001100000
111101010
111101001
101011000
100001011
100010011
111111100
011101110
110000101
011001001
001111100
010111111
111001101
010010000
111110010
110111000
001110110
000010100
110111110
001111111
010000101
111000111
000110011
101100111
100111101
111010001
001011010
111100111
001100010
101111100
100100100
011101101
001101100
001110101
110011101
010110011
110010000
101011011
011000101
010010011
100101011
100110101
000101110
001001010
100100000
001001000
101011110
010010010
011011101
111100111
010111101
100101100
101001010
000010101
101010110
001001101
010010001
111100101
111110000
100011001
111011100
000000111
010010110
100101010
010001011
111011001
001111110
100010011
010110111
011010001
100000010
100110111
011110101
111110000
101111110
100101100
111000111
000001001
101101110
110110000
100000110
011011001
101101110
110100010
111110111
111010110
001010101
001101010
101000111
001001100
111101111
000011010
111111011
100011110
100100000
001101111
001110011
001011011
001100101
111010110
010011011
110100010
000101100
011110100
001101011
000110011
000000001
100101110
110100000
111100100
001011010
110100111
110101111
101001001
111011100
111101101
001010100
000110010
010111001
001101011
101001010
010110010
100011000
110000110
110011001
101000000
000101001
010000110
100101100
001101011
110011010
100000110
111010011
001001010
110000001
010110011
100001010
000101011
001101111
100000001
100001000
110111000
101110110
101011111
111011010
101110001
111101110
000001000
001001000
100001110
111011010
111101100
001100100
110111010
011110111
000000000
111100111
001000010
000111001
010010001
100110001
110001001
100000001
001101000
011111001
100100111
000010011
011000000
110001010
111000000
111110011
101100000
100101000
000111011
001100100
101101011
000101111
011000010
000010011
111010100
100011100
100101110
100010110
011001000
110010011
100000101
010100001
001101010
000000110
100100000
111110111
010101111
011010000
010111110
101101000
101111011
101111010
001110001
001011011
010100110
010001001
010010111
001100010
100110010
100100001
001100111
001110100
110001100
111111100
111101110
111100100
111100000
100001010
010101101
000101011
010011110
001010110
000111000
011100010
000110000
011100000
010111001
100000110
101100001
010101111
111000001
001001000
001010111
100000000
101000011
011111101
011001101
000011000
111110000
010110010
001110111
101000000
000000110
001010011
010011011
010111001
101011001
011001100
011011010
000010011
110011101
100010111
110011011
101110000
010000110
000001000
010001011
110000011
000000101
110110101
001101110
001101101
010010000
110010110
010101110
110111001
101001011
001001101
101001000
111000100
010110001
101000001
000100000
110001111
001110001
011110010
101000000
101010101
101000100
001100011
101110010
000110011
100111010
011010001
001100100
101111100
111010110
011101001
100101101
111011000
000100011
100100010
101010111
100001010
111011010
100011001
110111100
111111110
010101101
111110111
111101111
010000101
101100100
001010110
010001101
100100111
011001011
000011000
110101000
110100010
010101100
110110101
001111011
000010011
111110101
101000111
110001010
110110010
011110111
111100001
111110100
111010011
000001001
101010011
110000000
001101010
000111000
111010101
000101000
110011111
100011010
010000100
001001110
000111000
101000001
111001101
001111010
010110111
010110111
100111100
010011000
101101110
000101000
100001010
000111000
000001000
011101010
101010001
101011011
010100101
000001000
000100100
010010010
101011111
000011100
011001101
111110011
010101100
011100010
000000001
101000111
110110101
101111111
010001110
101100001
101110010
010111100
111001001
010011111
101100010
100111111
000011100
110010100
111011001
110111000
100110101
101100100
100110001
010111001
000010011
000001010
000001000
100111100
110100100
000001100
000111101
110010111
111101000
010011001
111101111
011011100
001101011
000111010
100011101
111000000
001010111
111100000
000110110
110111001
011100100
100101001
111001100
100101010
101001110
111110100
001011011
000010110
110100100
101011010
111001001
000000110
101111011
001011011
000011000
011111110
100001100
010001110
010001110
111010110
010110111
110111111
010101111
000101100
010110110
111100111
100001110
001011100
001000100
101110110
101111010
101100110
111010101
101010001
010100101
100101001
101001111
011000000
110101110
101110101
101111110
011111001
111111001
101010110
100111010
110010100
011011001
010010101
110011110
101011000
111100111
000011001
000111010
011001101
000001001
000011110
110010011
100101011
000001110
110000100
001110101
001011100
111101101
000000101
110010011
001000111
100110101
110010111
100010010
101100110
111111100
000111010
011000000
001000110
010101100
011011111
110011011
000000101
001111100
011010010
111110110
110110010
011010010
000001110
001001101
000100001
111110100
111111101
010100111
011110001
100000111
001101011
011010101
010010101
111011000
011010101
000011011
110101011
010000100
110110001
100010101
110101100
110000100
100011100
101101000
000100001
010100011
000010011
100110011
100000010
111111001
110110100
100110010
101011010
010101001
101001000
101011111
110111110
011011110
011101110
010111100
111100000
100100100
000010000
100000111
101000000
100010100
001011000
001111110
000001010
010100100
111111100
010011111
000101011
001000010
001111110
000001100
001001010
100010100
000111001
001000111
110100110
101011000
111011011
001110111
010100010
100110011
110001011
011101010
100000000
011100001
100010110
111101110
101010100
011011010
110110000
111011100
111111100
111001000
111010010
111001010
111000001
001110101
001000001
110011101
000000101
001101100
010110100
010100010
010101010
010100100
000110011
011011011
110110111
001110010
001000100
000101110
000110110
101001000
010000010
100011010
011010100
000111111
101101100
110110110
000011100
111111010
101100100
111111110
001100011
001101111
000011110
001110100
011011101
100100110
010001111
110101010
100100101
011010101
001111000
100101111
010011001
111000011
100111001
000110100
111001100
101100101
000100011
100101110
000010000
101111100
111111010
011000100
001101111
101000100
100101100
101001110
011011110
010001100
011110000
110111010
001000101
000010110
100000111
101011011
001100110
001010111
101000000
000101100
010101111
011100010
011010100
110011100
101100010
001100100
111010101
010100110
100110000
110100101
000110100
100011111
101100000
100011001
001111111
010001001
100101010
101010100
011000100
100111111
000001001
100101110
100111001
100000001
000100101
110111100
110101100
111011011
100000101
100001011
101001010
010001101
001101100
100100100
100000110
010101001
101010101
101001011
010010001
001010001
011000100
011101111
101111110
111111111
000011000
111110110
110110111
110000011
011010111
101110101
111011000
100011101
000011011
101001101
101101111
000001010
100010000
001011111
011000111
011100110
011010000
100111110
101100111
001001101
010001100
001101011
101000101
101011111
001110000
000000011
101000111
001110001
100000100
111100101
101001111
101111101
011101111
001001001
010000100
110000110
111101100
010000001
101000000
011110001
111111011
101001111
111111101
100100100
110101111
101010000
110010111
101111101
101011110
001011011
110110011
011001110
000011010
101010001
111001001
001101101
100100110
000011001
101011010
001010101
110100011
011010111
100000010
111110110
100011111
110101111
100111111
001001011
001000001
001100100
010011111
000000111
001011100
000101100
110011111
111110001
011011110
110111101
001011010
000111100
010110000
101110110
011101011
011011111
101011100
010000111
010110110
001101000
001010101
001100101
010011000
010110001
110001010
100000101
111000011
111000101
011110101
001111101
101011111
000001100
100101001
001001101
011011001
101010111
110011111
110010000
111101001
001011010
111010000
011001000
110111100
000011110
101100000
111001001
110011100
000000001
111101001
011110001
010010110
010101101
000111011
000011100
100001011
011100101
000001110
111000001
010011011
010111110
111000010
010001010
010100100
011110001
101011101
100111011
101010011
011000010
101101111
010110111
110001110
001000001
111101101
111101111
000000101
011110010
100001111
111110100
001101101
100100010
010101001
100111100
010111110
110010011
010100001
010101110
001001000
111101101
011101110
001010100
000001010
110101100
111101000
000110110
010111111
001001100
110111110
111010001
100001100
100101111
001111011
000110110
010000000
110011010
001100010
101111010
001000001
101100100
110011001
010111110
000110011
101100000
110101111
110111000
010111101
011000110
001001111
101100011
101111100
110110011
001101000
100110111
010111101
001011101
101010100
001101011
110000100
000010011
011101011
011101011
001101100
111011011
001111100
101110101
111100100
010111010
000010111
111100001
001011011
001111110
001000000
100000110
100111011
101101100
100011111
100111100
111010101
000101110
011011100
000110101
000001000
100001111
011101101
000010011
010010011
010001101
011001100
011000001
010110100
110111101
000011111
101101010
111110011
111100100
000110011
110100111
000000000
001010001
101011100
011001100
101100110
100101000
111001100
011000011
000000001
110111000
110111011
000110111
001111110
011001001
100001100
110111100
100100000
110111111
000010000
101100101
010110110
101101111
110001101
001001111
100100001
111010111
001001011
101110111
100000110
001110110
000001011
111001011
011100101
010101101
010110000
011011100
111101011
011001000
001000100
010100001
000011011
110100110
100000001
111001111
100010111
000011011
110000101
011011111
001101111
111110010
110011010
010100001
010010010
101011000
001000001
001101111
110001100
001001111
110111001
010101011
011111111
010010100
000110101
100011011
100110101
111110110
010011001
010111111
001011000
110110010
100110110
101011010
110111000
011001111
010000011
100111000
100100011
011001001
010100011
011110010
011011011
001110011
011111110
011011000
001011101
000000011
111000110
010110010
011101001
010111001
111010011
110001101
010000010
111011110
110100100
110011110
010110111
100010001
101000001
000100101
110010011
111111010
000110100
011000010
001000000
001111110
001100000
000011111
000110110
101010111
101001000
000000111
101110101
101010001
100111101
110111000
111001111
101000110
001000101
110101100
001010001
111110111
000010101
011101001
111100110
010111000
011110111
110100100
110000110
111001100
010001001
101111110
110010010
011101110
100111000
101011001
100100011
001110101
010010111
010110111
011100101
110111001
000110001
100000101
101001000
010010011
110101011
100110000
101000000
000100010
101100100
100110110
111010011
001110010
011001110
100100001
000100000
110101010
011011000
101100101
111100011
110110110
001111010
110001010
001000110
111011011
110110111
010000110
101001011
000101101
101001100
010010110
000111110
011010010
110010000
000100101
001101111
010100001
011010010
111101100
110010110
101000001
011010110
001001101
000100000
100010000
001010101
110011101
100100111
011110000
101010001
101111101
011110111
111101111
011001011
100010111
101100111
100010000
101111000
110001111
001010010
011101011
100100000
000101110
100001011
011100101
110100111
000010100
000010101
001011100
100001100
011000101
101111101
111110000
000001010
010011001
101110100
101011101
111110001
111001101
001010011
011101010
100001011
100011000
101101100
110101111
000001110
010000010
101110100
110100100
010110100
010001101
111001111
110011100
010011100
101110111
001111101
111000110
111000110
100111011
001001001
111110101
001101101
010001101
000000010
001100001
110010001
010100110
010111101
001011001
010000100
111010001
011001011
111111110
100110110
010110110
110000110
111101000
101101101
010100111
110110001
110000110
000110000
110101001
100011001
100000110
100110011
001111100
001101011
111111100
001100000
011100111
010010111
010001110
010100101
111111101
000010011
000011010
101111110
011000100
110011100
110001010
101111001
001100001
101001001
001011011
011010110
111101101
111001111
110010111
110010011
101011101
100010100
111101011
101010011
011011110
111001111
010100001
111111110
010100100
110101011
001110100
100001110
001101101
011000110
100000110
111011110
011000011
110101111
000111011
111111100
111000100
101110000
011001100
011101010
110100011
110110011
000111100
001001001
011111100
101100111
101110000
100001111
010001110
011101101
100010010
101110100
101000110
110111100
001000100
001010111
101011100
011010000
111001101
010101000
110001101
101101101
000100101
001010101
000101010
001101101
110100110
110101100
100000111
111100000
000000011
100010110
010010000
110111111
111011010
110110110
101011111
011010001
101001000
000000001
011011101
111110110
010111101
010010011
001000110
110000001
111011010
110100101
001011010
000111111
101011001
010111001
111001000
111000011
100001110
101111100
001101001
111100001
111000010
111100100
011100000
000111100
010000110
100101100
110010001
000101101
110011000
101001000
110111011
011110110
010110011
010010100
011011011
110000011
101100000
111100110
010101101
000100110
010000110
001001100
101011101
010110000
111101011
111000000
100111110
111110001
001111110
100011100
001011000
000000111
101110000
000010101
010100111
110110001
101010110
011001100
010001001
100101110
111111011
110011100
110110111
001110000
100111000
101000100
100111001
110110011
001001101
101101111
011100110
110010000
110001111
000111110
100100100
001000000
011111001
010100110
000010011
101111010
101011001
011110110
111101100
101111101
100111001
010101011
000000111
100001110
000001011
001110111
001000000
100011011
101111000
111111101
110001000
010101110
100101000
111110000
011000111
100101000
001100100
111110000
110110110
100100001
010101110
110000000
100011011
000110100
001001010
010001101
100110011
001011011
000101100
011010100
111101100
101111100
000101101
100001001
000000110
011000011
101011010
011100001
111011001
000110000
110011111
111000101
110100000
010000111
000100011
110000111
100100100
100011101
100010100
111010010
000101110
101001110
011101011
010000100
010000110
100110011
010110010
111110001
110000100
000011111
001111010
100111111
100110001
111010100
010010100
000011001
100111110
001000100
111010101
111101001
101100111
101100111
010101010
000100111
101010000
010100001
000001110
000010110
001111001
100110111
111001101
001010100
001010111
000011101
001011011
001001101
101111101
010100111
101100010
011010100
010110001
110111111
011101001
101111010
100100101
101001110
110000100
100010101
011111110
111100110
111100010
111011100
000011101
101011100
110000011
011000111
011101000
101000101
000010101
111111011
010011110
110001101
100111111
110001000
110011110
110000111
010111011
111111000
001101001
101011100
111111010
010010000
101100011
100111100
001111100
001100000
100101001
110010001
111001000
001010101
001100111
100011010
001101001
110010101
101101010
111011110
110110001
Time = 0.005s
