n = 9, k = 8, m = 73
Expect Resample Times = 0.370005
Real = 1
Result:
000001000
000010000
000000000
100000000
000111000
100000000
000000100
000001000
000000000
000001000
000000000
000010000
000000000
010000000
000000000
000000000
000100000
100010000
000000010
000000001
010010001
001000001
000000000
000000000
010110001
000001000
001000000
100000000
000000000
000000001
001000000
000000000
010000000
000000000
000000100
000000000
010000000
000000000
010000000
100000000
010010000
000000000
000001000
000000000
000001000
000100000
100000000
000000000
000000000
000100000
000000000
001100001
000000000
000000000
000000000
000000000
000000001
000100100
000000100
001001100
010000000
000000000
000010001
000000000
000000001
010101000
000000010
000000000
001000000
000000000
000000001
000010000
110000000
Time = 0.001s
