n = 8, k = 3, m = 60
Expect Resample Times = 0.349487
Real = 3
Result:
10010001
00001011
00000001
00001100
00000000
11001001
00010100
00000000
01000010
00000001
01011000
00101100
00000000
00010000
01000100
11010000
00000011
10011001
10001011
00000000
11011010
10001000
10100101
00000010
00000000
00001001
00000001
00100101
00001000
00010010
00000001
00000100
00110000
11000100
00000001
00010000
00110000
01000000
01000000
01100001
01011010
01100010
10000101
10100101
10000001
10000000
01100000
00000010
00001100
00101010
00000000
00000000
01100000
00101000
01100110
00100001
00100010
00000000
00110001
00000100
Time = 0.002s
