n = 10, k = 2, m = 41
Expect Resample Times = 0.503311
Real = 5
Result:
0101110110
1101100001
0100100100
1000001100
0001000010
0100001000
1101001100
1100101011
0000010010
0110011111
1001001011
1000000100
0111100001
1011001000
0101101000
0100001011
0001000011
0000000000
1010010110
1010001110
0000110011
1010011110
0100110110
0000010000
1010001000
1100101111
0101101100
1010110110
0111100100
0001110100
0011000010
0000000101
0000000110
0000011111
0001111001
0100011010
0000101111
0111000110
0000110000
0010100011
0000010000
Time = 0.001s
