n = 8, k = 4, m = 78
Expect Resample Times = 0.356773
Real = 2
Result:
00010000
00011000
00110000
00001000
00010010
01101000
01000000
00000010
00110000
00000010
11000100
00000000
00001000
00000001
00110010
10000000
01011000
00010100
00010010
00110001
01000000
11110000
00000000
00000010
00011000
00010110
00000100
00010000
00110010
00000000
00011000
00010100
01100000
01000000
00011000
00000001
00100010
00000000
00001010
00000000
01001000
00010000
10001010
10000000
10001100
00010000
00000000
00000000
00010000
00010100
01010000
10000000
00110000
10000001
00010000
10000110
00001000
00000000
00010000
00000010
01000000
00010010
00000000
00100000
00100000
01010001
00000000
00010000
00000001
10000010
10000100
00000000
01010000
10010000
01011000
00010010
00010000
00000100
Time = 0.002s
