n = 9, k = 2, m = 47
Expect Resample Times = 0.474894
Real = 0
Result:
001001100
111000010
111000001
110011111
101000001
100000110
111111000
111000000
110010011
010110110
001101001
001110000
111110011
000000001
001110000
110010001
001111101
000000110
111111101
000110101
100111001
110010010
001011001
100111011
101110000
100100010
000011000
011001000
001001010
011001101
110100000
000000001
101011110
001110100
000111011
010011000
100000111
100000100
011100011
111110101
000100001
110110011
010111110
110101000
100000110
000011101
101010101
Time = 0s
