n = 11, k = 8, m = 163
Expect Resample Times = 0.363924
Real = 2
Result:
00000001000
01000000000
00000000001
00010110010
00010000001
10000100000
00000010000
00000000000
00010000000
00000000000
00000000000
00011000100
00000000000
10000010001
00001000000
10000000100
00000000000
00000000000
00000000000
00000001100
00001000000
00000010000
00100100000
00010001000
00000000000
10001000000
10000000000
10000000000
00010000000
00000000010
10000000000
10000000000
00000000000
10000000000
00000001000
10000010000
00100000000
00000001000
00000100001
00000000001
00000000000
00000000000
00000010100
00000000000
00000000000
11101000000
00000000000
10100000000
01000001000
00000000000
10000000110
10000010101
01000100000
00000000010
00001000000
01000000001
00000000000
00100000000
00000000010
00000000010
00100000000
00010000001
00000000010
00001000000
00010000110
00010001000
00000000000
00011000010
11011000100
00100000000
10100000000
10010000001
00000000000
01000000100
00000000000
00001001010
00000000000
00001000010
00100000100
00000000000
01000010000
00000000000
00000000000
10000100000
00000000000
00010000000
00100001000
00100010001
10000000100
00000100000
01000000000
10000000100
00000000100
00000000000
00010001000
00000000000
00100000100
00000001001
00000000000
01000010000
00000001000
01100000000
10001100001
00100000100
00000000000
00000000001
01000110000
00000000000
00000000000
00000000100
00000001000
00000000001
00000000000
00100010010
00001001000
00001000001
00001000001
00000000000
00000000000
01000001101
10000010000
00000000010
00000001000
01000010000
00000100000
00000000000
00000000000
00100000010
00001000000
00010000000
00000000000
00000000000
00010000001
00000000000
01000000010
00010100010
00000000010
00100000000
01001000000
00000010000
00000010000
00000100000
00000000000
00000100100
11000000000
00000001010
00000000100
00000000000
00000000001
10000000000
00000001001
00000000000
00001000001
00000000000
00000000000
00000000000
01000010000
00001000000
00000000010
00000000000
00000000010
00000000000
10010000000
Time = 0.005s
