n = 14, k = 8, m = 244
Expect Resample Times = 0.366825
Real = 3
Result:
00000000111100
10000000010000
00000000000000
00100001100000
01000001000000
00000000000010
00001001000000
00010101010000
00010000000100
00000000000000
00000000100100
00001100000000
00000000000000
00000001000011
00000000000100
01000100101001
00001000001000
00000000010000
00010000000001
00000000000000
00000100000000
00000000010100
00000100100000
00101010001000
00000000000000
00000000101000
01000000010010
00010000000010
00000000001000
00000000000000
00001000000000
00000000001000
00000000011000
00000100000010
00000000000100
01001010000001
00000000000000
00011000000000
00000000000110
00001100000001
00000001000000
01000000100000
00000100100010
00000001000001
00000000000000
00000000000000
00001000000001
10000000000000
00000000100000
00000001010000
00000000001000
00000100000000
00100000000100
00000110000000
00100000000000
00000000000000
00000100000000
00100001110000
00100000000000
10001000000000
00000001000010
00000000000000
00001000000000
00000000010000
10000100000001
01010000000000
00000000010000
00000100000010
00000001000100
00000000000000
00000000000000
10000000010000
00100000100000
00000000100000
01000000000000
00000010000100
00100000000000
01100000000000
00100000010000
00010000000000
00000000100000
00000000100000
00001000100000
00000000000011
01110000000000
10000000010000
10010000000000
00000001000000
00000000000100
00000000000000
00000000000000
10000001000000
01001000000000
10010000000001
10000000000000
00000000000000
00010000000000
00011000001000
00000000000001
10000100001000
00000000000000
00000000000000
00010000100010
00000000100100
00000001010000
00000001000000
00010000000000
00000100000000
01000000100000
00001010000000
00000000000000
00010001000010
01100000000000
00000000000001
00000001000001
00001001000010
00100000000000
00000100001000
00000000000000
00010000000000
00100000000000
00000000000000
00000000000001
00010110000000
00000100000001
00000000000000
00000000010000
01000000000000
01000000100000
00000001000001
00000010000001
01000000000011
01000000000100
00000010000000
00000000000010
00100000000000
00100100001000
00000001000001
00010000000000
10000000000110
00000000000000
00000000000000
00010000000000
01000000001000
00010000000000
10000000000000
00000000000000
00011000010000
01000010000011
00100000000000
10010001001000
01000010000000
00000000000011
10110000000010
00000010000000
00011000001000
00000000000000
01000000000000
00000000000000
00000000000010
00000000100000
00000000000010
10000000000010
01000110000001
00000000000000
00000010000000
00001000001000
01000000000000
11000000000000
10000000000000
00000000000000
00100000001100
00000000011000
00000000000000
00000000001000
00100000100000
00000000000000
00001000100000
00000000110001
00001000000000
00000000000001
00001100110000
10000000100000
00000000001000
00000011001000
10001000000000
00100000010000
00001000001000
01000000000000
00000010001000
01000000000000
10000000100010
10000000000010
00001001000010
00000000000000
00000001000000
00100011000000
00001100100100
10000000000000
00000001000000
00000001000101
00001000000000
00000000100010
00000100000000
00000000000000
00000000010010
00000000000100
00000000110000
00010000000000
00000000000000
10000001000100
00100000000000
00000000000000
00010000000101
00000000000010
00100000110100
00000010000000
01000010000000
00000000001010
00000000000100
10000010000000
00000000000000
00100001000001
00001000000000
00000000010000
01000000010100
00000000001000
00001000000000
00000000000000
10100001000000
00000000000000
00000000000010
00001000010011
00000000001000
00000000000000
00000100011010
00000010100001
01000000001100
00000000000001
00000010000001
00000001000000
00000010000100
11010110100001
01000001000000
Time = 0.157s
