n = 16, k = 6, m = 1567
Expect Resample Times = 0.368073
Real = 0
Result:
0110101100001101
0011010111100101
0011001100000101
0010010111101011
1010011100010101
1011110110010001
0111111011101110
1010110100001000
1111110110001100
1010011000101001
0000011000101111
0010001011111010
1101011100100010
1000001111110111
1010001001001000
0001000100000000
1000010100000110
1010001000100101
1001110110000000
1110111110111110
0100010100111010
1100110101101000
0101100010110110
0010110000100110
1011011001110001
0111011100101110
1101101010001111
0001110000111110
0110010101010010
0111011101101010
1010001101000110
0101010110011111
0011101111000111
1101101101000101
1010100000110110
0001101101101100
0110011000001000
0100100011111100
1001011010000100
0000000011000111
0111001110101010
1101000110100011
0010101101001100
0111101010110011
0101100010000011
1000001000000100
1101100111011001
0110000111100110
0001000011011011
0000111100001010
0010000001000100
0111110011110001
0100110011010001
1010001001001101
0110010111011000
1001101010110100
1111111011101010
0100100010110111
1011111111010000
1000111100110110
1110100111001011
0000010110011010
1111010000010111
1010101010100110
1111001101011110
1000110001010100
1101110000110101
1100111011111101
0101000111011110
1101111101100011
0011010011000001
0011010111000110
0110110110010101
1110011000100111
1110101101011000
1001101010111110
1111010011101110
0101011101100011
1100111110111110
1001010110110101
0010000011101011
1001000101001011
0101001110111110
1001000000011111
1111000010010010
1101001001101100
1001011100011000
1011000010001111
1001100110011110
0000101110100101
0011010110000010
1000111100010001
1001110010101101
0011101001010101
1001100011010011
0000001000100011
1111000110010111
0011011010000000
1100101100101011
1100101000111111
1111001110110010
0001011111110011
1101000011001010
1010010101110101
0111110000011101
0000111001001100
0101001001101110
0100110111111111
0101000111010111
1011011110011101
0000011011010010
0101111110001111
1000011010011110
0100110001000110
1001111000110010
0000000001110101
1110100100100001
0101010011010111
0001110110111010
1111010110111101
0101011000001001
1011011110111100
0000000101110110
0000110111110000
0011101111100100
0110110111100110
0100010000101110
0110000001001010
1001000111101011
1001000011100000
0110011100001001
0000010110101100
0000010001110100
0101011111110001
0110011001100011
1001101110110111
1101011011101100
0011110001100110
0011011101101111
0110111100001010
1000110111110011
0010101010001010
0011010100000111
1001110001110101
0111000101001001
1010011110000001
1000000110110000
0110100100000000
1010001101111011
0110101010111011
1111111100100001
0010010110111000
1001000101110011
1101111001101110
1110110100000100
0001101011011010
0000110110100101
1010110001100101
1111101001110000
1000010111101110
1000011010010110
1100001010111001
0110110011010001
1111010101100110
1000100111001011
0001101010000011
0011000011100000
1111011110001011
1001111110000010
1100001111000010
0001000011100000
0000010010010100
0110101001100011
1011011011000000
0100101001011011
1010011101010011
1110111010011001
0010110010010000
1011110001001001
0111011111101011
0111111011011000
0110101010100100
0100110101100111
1101101000001101
1111000111111101
1010010001001101
1001010010001111
0110011111101111
1100000010011111
1110100001101001
0101101000000010
1110100110111101
1101010000000000
0001001110011001
0000010000111101
1110111001001001
1110101101110010
0110010000011011
0001001110000011
1110011110000101
0010000001011110
1011000110010000
1110010101100101
0010001000101000
1011010101000000
0111101111111111
0111110010011101
0111101001011010
1111010010001011
1100000000011010
0110110101000100
1000000110101010
0101001110010010
0010010101111001
0011101111110011
0100111010110101
0011100100010001
1111000011111011
0110001100011110
1011110001101000
0000011110010101
0100011110110001
1101000011011001
1011001101011001
1011010011101000
1111100110001011
1111100010111110
0001001111000000
1001000110111110
0010100011000010
0110111110001111
1010010101111110
0110100010100001
0000110000010000
1001111111001010
0110000110001101
0110101001010101
0111110100101110
1011111011100011
0100101010010101
1100111100010010
1100010100111001
0111100101010100
0011110010010011
1100110101011110
0100001110100101
0000010011101100
0011010001000111
1111111001100110
0010100111000001
1100000110011010
1101100001100011
0001101001110000
0001001110101010
0000010101011011
1110111001111110
0010001000011010
1111111000110001
0000111101111000
1010100000010100
0101100000100010
0010010101100001
0100001111010101
1010001011100000
1010011101110011
0101100111110001
0100110010100101
1010001001110000
0011101100110011
1101000111100101
0001101011000000
1111110010110111
0011100101001000
0101010001000100
1100000010100011
0000010000011010
0110100001111001
0101110000111110
0100011100010100
1101000000101010
1110001011110100
0110101011110000
0010100100011000
1001000100011101
1111111110001111
0111100001110100
0010000111110100
0010111011100111
0011101100100001
1110101111000111
0011011000011001
1110110110001101
0100010000011111
1101110101111111
1100100101011110
1100011001110110
1110001101111111
1000101111101100
0011000110101100
1100100101001110
0010110011100000
1001100101010101
0100111111101011
1100111101110000
0000100110100111
0111110001001101
1101011010000011
1100111011101101
0011101111101110
1011101101111010
1000001111110000
0100111011011010
1111000011011110
0101001110011010
1010000110101011
1111011111110111
1111001111000110
0000111000101111
1101111000101100
0000001101110100
1000100001100011
0110110111100001
1111110100101000
0001001000000111
1111010011000010
0100101100100011
1010000010001110
1000001000111011
0101111110111111
1110011001010100
0001000110111101
1100000101010101
1001011000000100
0101010001100101
0011100001011110
1000110011101010
1011100001010011
0000010000100001
0111000100001100
0111100010100110
1111001010110001
0111000010010111
1011000000001000
1001111100010011
0011001110001001
1011110111101110
0101011000001011
1110010100001111
0010111101001100
0111100100001111
1101000010011100
1100010010100100
1110110111110111
0111101100111010
1001000101100110
0000001010000101
0111001001100110
0100110000000110
0000110111000111
0110110011110110
1110100000001000
0011101101100100
1111011111101101
0010111010001100
1111100101101011
1011000001101001
0101010101101101
0101110010000011
1100001000000011
1110000001010001
0101001010110111
0111001101000101
0011100010101100
1110000100001000
1010100111001000
1010111101011111
1011010010100001
1101011100100101
1111101001101101
0011001110111000
1110101111010010
0101011111001111
1111101111111111
0111111011111010
1001110110110000
1001000001010011
1011010010111001
0011001101000111
0010011111001110
1001111110101100
0001001110001101
0100011011000010
0010111101011000
0111000010111001
0010110101000101
0001000001011010
1010110100011001
0011101111110010
0011110011001100
0110011101010011
0001100001000101
1101110110001001
1001100000100110
0101010000101010
1110010001100010
1000110100000000
1011111110111101
0110001110111000
1010011111010110
0100111011011011
0001110010101111
0001011000101000
1010101100111000
1110001101101101
0011110101100100
1000100000001110
1111110100110010
0101010010110101
0101110101000011
0101011100100101
0101010101001000
1111011110111011
0011000110001010
0011101101101000
1000101010001010
1111000110000111
1110100011101000
0111100011000110
1100110000011011
1011111000110011
1000111000000111
0010101100010000
0000010010001001
1110110100001100
1010000101101101
0011011110111100
1110101100101001
1000101111111000
0000110010110000
1110011000101011
0000011001011111
0010110110000001
1111011010010000
1111001000100100
1000100110110001
0100111000010110
0001011011100011
0000010101001111
0001010111101010
0000100100011110
0100010001010011
0010010011001111
1111110011010010
1111101111101100
0010111101011100
0111100010101111
1000010100100110
0111000100110101
0110101001010011
0000000110111110
1111101010001110
1011011101110001
1100001101110010
1101010111001011
1001000100101000
0110101010010111
0010011001111111
1110011011111001
0010100001000101
0110010111101100
1110100111010000
0101011110111001
1001000000010111
0010100110110010
0010000000101010
0001110101010011
0010110011010111
0000110010001101
1110010000111110
0011101101011001
0111100110010011
1010101011000000
0010100110000010
0011111000110101
1000000110111001
1011111100000000
1110011101110111
0110110101000101
0101011110111000
1011011000111111
0100111001101010
1100011000001011
1111000111000010
1000010101001000
0110100010011111
0011000110001100
0101110111100110
0000111111011001
1100100011011100
1011101110001011
1110111111010011
1100101000101111
0000001010111001
1000010100110101
1100110110000011
1101000011001110
1100011110111011
1100110011000111
0100010000010110
0110000101101010
0111101111110111
0000101111000010
1000110111000001
1100011111101011
1000000010011000
1010110001111101
0000011010100011
1010100011110101
0011110111010001
0101100101100011
1101100111011001
1101100000100101
0110011101110011
1110010100110101
0110011001010111
1010101001101100
0110111000111011
1101111000011010
0110100000101100
0101110000101011
0101000001011000
1100000101010111
0000010111000011
0000010101010011
0010010000100010
0000100011100101
1101000111001111
1001000010001010
1011111000110001
0000001111000111
1011111001000111
0110111011011000
1100110001010011
0001100000100001
1101010001000010
1111010110111001
0011111001110111
0011001000110101
1100110011000000
0100011110010110
1111010111110000
1111010100010011
1101110000011011
0110010110001110
1010001001000010
0100101110010011
0110010111100110
1110110000111110
1110100111011000
1101010100011011
1100100100111110
0001000100111110
1110010011110101
0001110111000001
1001010110000010
0100011001101110
1101011000011000
0101011110111001
1100111011100110
1100111110100011
1001111011100010
1100100010100011
0110011011101101
0111110001110001
1111001101100010
1101000011001001
1101101001000001
1011000101100001
0111010100110100
0001111101000101
1010100011000010
1110100101010100
0001100001101010
0111011000010100
0110001111001000
1111010000001100
0010111011001100
1001011001010010
1011110100000011
1110011010101001
0000011111110010
0110011000000010
1011001100011010
1011001001001001
0111011001000110
0101101111010000
1110000001000010
0001111110011011
0010000010011001
1010000100101011
1001101011100001
1000111001011101
1000101101100010
0001110101010111
1001100100101001
1011110010001000
1000001100110000
0010111101111101
0011010001000111
0000110100100011
1110010101110110
0101001101111111
1000111111011110
1010111111111001
1001011111010010
1001010101000111
0110111011100000
0110111100011001
0101110001010011
0110101101000011
1001110110101011
0111100000000000
0110000110110010
1110101011001001
1000100101011000
0111000100100011
1110011010101100
0011101000001111
1011001100001111
1100011000000000
0110000101000010
0100101001011111
1100011000011001
0001000111110011
1010001010000100
1101111010110011
0110000000011111
0011110101000110
0000101110011110
1100001000000110
1101010110010110
1010101010010111
1011101010011001
0001011000110111
1101000001100001
1010011100111000
0011101110000011
0000100001101111
0000110100101011
1100000111001001
1000110111010110
0001110001111111
1000101001111110
0101011111011111
1011000101111001
1010110110000111
0010111011001010
1000011000011010
1011001100101100
0110000011010010
0000111111111000
0011010011110011
0000011000100010
0011001001110001
1011101111101111
1011000001101111
0101001010100100
1001000100100101
0001101011001111
1100100010101111
1001011100000000
0010110001100111
0001001111001001
1111100101110110
1101010000011010
1101101000100111
1100011011001101
0101000100010001
0000001010110111
1101010001001111
1101101011011111
1010001010010111
1011100010010000
1001111001111001
0000110000011001
0010011100010100
1010101100111011
1110010011000101
0011110011111010
1101111100111011
0001001001000000
1111010111001101
1101110111111100
1001111011101100
0000111011110110
1100111010001110
0011001000110111
1001101010000110
1010100000001011
1110100010110110
0001111001100010
1001111101111110
0001010110011000
0101111011011000
0010110001010011
1011111100100100
0010010110011101
1000110001110101
1111001100110111
0110001001000011
0010101101010111
1111110000100010
0100001101001101
1000000011100001
1110000100001101
0001001011100001
1011100100010010
0011101101010110
1111100010000100
0010000111001000
0111001100000011
1111010100000010
1100011001011100
1101101100010100
1100100010010010
1111001111101000
0100110101000000
0000110010001011
0011111000110100
1001110011011100
1110011011000010
0011000110000001
0000100001011101
0111000110110100
1110010110101010
0111101111011011
1011101111011110
0100010110111111
0100011001001111
0001001100100111
1101101100101111
1100000111101100
1101010110000010
1100011000010101
0001001011110011
1010011000101101
0011011111101111
0011101011001011
1011100110011100
1011100011100000
1101011110011110
1110001110110110
1111110101110001
1010111110100011
1001101100010101
1100010000000100
1000010001011111
0010010101110000
0001001111001110
0000011011100010
0110110100100100
0000101101101111
1001000100011110
0111101011100000
1000000001111001
1001111011010001
0100011001010110
1000101011000111
1101101010001110
1011011001011100
1101010110100110
0100011101001101
0011011000111000
0001010111110011
1111100110111001
0010010010001111
1101110101000110
1100111111110011
0101100101011000
1101000010101010
1111011011111001
1111101001000000
1000110110011011
0110001100000101
1010101000100001
0000010000111110
1101111010011110
1010111101011001
1110111010010001
0011100001110100
0010010100010101
0110011110111000
0000011100000111
1111010101100011
1011100100011001
0110110111110100
1110001100000101
1000011100101111
1101010011000110
1111000101110010
1110100001010111
0001011001011101
1110100011010000
0001010110110111
1111011101111000
1011111000110100
1000000101111100
1101101110110100
1101001011011101
0101101101101110
0001000011010100
0000011100011111
1100000101011001
1000101001010110
0001111110101001
0000011111000111
0110100000101001
1000110001110010
1001111110101000
1110100011111100
0101101101000101
0110010110000010
1111110011010101
1001110010111110
1010010010000010
1000000101101110
1001110000100101
0111011111001011
1010100111111101
0011110011100101
0011101001100010
0000101011010101
0100111100000011
0010110001011111
1100110101111001
1010000001101111
1100110111111000
1000101000101011
0011111101101011
1010011001001100
0101110001011100
0001011110010000
1110101011001011
1000010100101101
1101010011100000
1011100101101000
0000000111100010
1101000100000011
0010110001101101
1100110101110001
0110101010100100
1000010011001011
0100100011100010
0110110000010000
0011001101100000
1001010110101100
0010100101100001
0101000001111010
0001001010110101
1011100001001010
0000011101011010
1001100111111000
0101100001000000
0011101101010001
0010111100011100
0011101011101000
0000000111000010
1111011010110101
0010000000111101
0100011000001100
0110111110100011
0101010101110101
0011111111011110
0111100110110000
0001111110111010
0000110000101100
0001101111100001
0000101010110110
0111101010011010
1110100100001111
1000000011101001
1101010000010001
0101100100011010
1011111001010010
1011100100011000
0010111010100001
1010100101100001
0111000010100000
0000011101000101
1001101100011010
1010000111100011
0110110001111100
0101111000101101
1010011100100001
1011001111110101
1001100110101000
0010010001011011
0111010101110111
1101111001010000
0010110100001011
0011000010110001
0100010001101010
1100111000111010
0010100110101111
1111101111011111
1001110010100101
0001110001001100
1101000001101100
0011010001011100
0100101101110101
0101011011000111
1101011000001001
0101101111100110
1010000110011100
1010000011011001
0010100010011111
0001111011001000
0110111110010101
1011111101110000
1100001011011100
1000111010100110
1001010100101010
1101000001001100
0110110010100101
0001011010010000
1111101000011000
1101100001100001
1111000101000011
0101010101001001
1000111100001011
0111000001101111
1001100110011100
1000101110010110
1001001100010101
0011110101011000
1011001111001100
1010010111111011
0110100111000101
0110010000100010
0111011101100111
1101101001011111
0111000111110101
1111000000010111
1101101010000000
1011100010011010
0100101001100000
1111101100001100
0100111111001100
0011000110111101
0100100110011000
0011011000111100
1011110100110000
0011100010100010
0010000101111111
1000101101111000
0010001001010111
1000001000011011
0111011111100100
1110011000010000
1110010101001001
0110100110000001
0010101011110101
0011110000101111
0010110001011001
0101011001000111
1011111010110010
0000101000111010
0100010000011100
1001000011010110
1110000001101111
1010010010011110
1111010001000101
1011101111111101
0101111000010101
1001000100010000
0000000000100110
0001101001100111
1101010100100110
1101110011100000
0000100111010111
1111111010100100
0111000110001000
1011100001011010
0011000100101100
0111011110101011
0100100000101101
1110110000011111
0001110110001101
0100101011011101
1011110100110111
0111011001011110
0011110110011100
1001110010010000
0100110111110111
1101110101100100
0010011001100000
0000001111100110
1011000000101001
1100001110100110
1111101010010010
0100110110101100
1001110010010000
0010101011111101
0100001010111110
1011011001111000
1100110101010011
1011101100111100
1010000010101110
0111000111101001
0000000011110100
1110110101100001
1100111000100010
1100111110100011
1111010111110100
0100010011011011
1101110001111100
0101000011111100
1010011101101011
0100000111011011
0101100110010001
0110011101010100
0000100001000011
1101011000110101
0001101011010010
1001111101000010
0000010011100010
1010001010011011
0001011011100101
1001110110000000
0001110111111110
0101000110100011
1001100011111010
1000110001010110
0001110000001101
1011010010100000
1101101111001011
1101011100000110
1100000111111000
0111101101010101
0111011010110110
1110000111101010
1000011110000001
0010011011000010
0111100110001010
1011011000001110
0000000000011001
1100110010001001
0001001010110011
1011000111010010
1001110010001101
0101010101100011
1100110011000001
0001001100000010
0100100100011101
0011001011010111
1101101010101010
0011001011110011
1110101000110010
1111000111100111
0001010100011100
0000110000110111
0110100101100010
0001011100100101
0010100001010101
0101001111010101
0011111110000101
1000101001111100
0110011011000000
0000010110000011
0011000011110110
1011110101001011
0010101001101100
1101000011100001
0010110000001111
0000111101101111
1000110101110101
0110111010010000
0001111011001000
0000010110010011
1000011001011100
1100111110011001
0001110000101010
1010111000111000
0100110101110010
1101010011011010
0110010010001100
1111010111100110
1110110111100000
1010110011110001
1100000000001010
0001110011010010
1011110110001010
1100001111111100
1100001101101100
0110001001111100
1000111110101111
1101001101001100
1100111100111110
0100011110001110
0100111111010101
0001001000110100
0101101010111000
1010100100010000
1011101110000101
1011101100001110
0101111000000010
0011101010101000
1010111010110011
1010011110101100
1001000000000010
0011010100110000
0111100010101000
0100101100110000
1000101000110101
0010111010100101
0000111110001011
0011111000110110
1000101111011100
0110010110111111
1010011011001111
1000011001010000
0110011000111000
1001111011001010
0001100101011000
1111110000101011
1100100111001010
1100111110000111
1101101011001111
0011011100111100
0100111110111001
0100111011101001
0111111100011010
1000010001010100
1010000110100011
0011100011011100
1011010001100101
0111101001111000
0000001011011110
1010011011010110
1000000001110001
1110111100111010
0101111000111111
0101111001101001
0110111010111111
0110111100111001
0011111110011110
0110001101000001
1010011000101010
0101111010101011
1010011100011110
1110000100010000
1111101001000110
1000001110001111
1100010011010101
0011010100000101
0010100000110000
0110111000010010
1000111101011011
1001110010011001
0101111111100011
1010110011100101
1001011110101110
1100100111111000
1111110011101101
0000110010001111
0000011010101001
1010011100000000
0010110101000001
1001100000001011
0010001011110111
1000111001000101
1100110101001100
0100000001010001
1000000011111101
0111011000011010
1000011101010111
1100010001100010
0111100001100000
0011101011101000
0000010010100000
0011000100111011
0111110001111001
0001000111000000
1101010110101110
0111111100000101
0100000101011011
0000110111110110
0101100000000010
0000110010100011
0100111110100110
1101110110000111
0000101111011010
1110010101000000
1111011010100001
0001010111000010
0011000110011110
1010100111110111
1001111100111001
1111000101111101
1000000101011011
1010111101101100
1010100000011000
1001010101000011
1101101000100000
0111110000101000
0011011110011011
0001100001111111
0001010111011001
1100010011110101
1111001110101110
1010010011101010
0001111101011110
1111010111001010
0001111011111011
0101110011000010
0000110001000001
0101111001001000
1100111110111000
1111011110111010
0000010011101011
0000101000011100
1111000011001111
0101000000110011
1100010101100010
0000001101111111
1001101001011100
1000110001010100
1111010011001000
0101110010011011
1000010110011101
1000100111001101
0110000010011010
0100010100010101
1001100101111100
1100101011010000
0010010100110011
1001000010001000
0100100000100110
1110111001101111
1000101001001111
0111001100111101
0111000000101111
0001000011111101
1001110100101111
1110100110100110
1001010011101010
0100101101111001
0000010110001101
1110111010000100
0000001001011011
0001011010011001
1101110001010101
1001000110111110
0011100110000101
0100011001110110
1011001111010101
1011011011010011
1101000100110100
1001111110000001
0001101001000011
0001111000101010
1000101101010001
1001011000100100
1110101001010100
1100101100001001
0010001101010011
1011011110111011
0011001111101101
1110110001110001
0000011001110011
0011101110000000
0100011000011000
1110101101111100
1111100000101010
1110111011000010
0110110001110110
1111010101011001
0001011001110101
0100111110100100
1111011100011110
1010000111100101
1111011110111011
0001101010010100
1010000110100011
1000001001001100
0011000000010010
1010110110100111
0101110011111111
0110000111110010
1111111111111001
1001011010000110
1000000001001110
0100011000011001
1110100101000100
0100001101001000
1101000001010101
1101100111011111
1001101110011000
1001100101110000
0010000101100111
0100010111101101
1010111011000011
1000010110011100
0001111000100111
0011100001100110
0011110100000100
1100010010010101
0100001101100011
1000100011101000
1011101110000010
0111110011111000
1011110000011111
0100000010000101
1101011011000001
1101011100101010
1101000101000000
0110011011111100
0000110111001000
1110111000000101
1111110010010111
0001101001011001
1001111100010010
0101011111001010
1011101011011010
1010101110010111
1101000011000011
1100111101011010
0010110010110011
1011101110000011
0001110111011101
1111011010110110
1111000111110100
1110001110100000
0011111110110100
0100000011011111
0101110101011010
0000111100001001
0010000100001010
0100100010100000
1000000000000110
1001010111011001
1101000011000111
1001011111000101
1010101101011010
0001110001110010
1010111100000101
0000010101001001
0111001000101000
0100101111001100
0111010111000010
0001100011011010
1101100100111111
0110101010001000
1001010100100100
0001110100110100
1100110001100001
1100010011001000
1000000111100010
0110001001010010
0001010110101011
1101000110111100
0011010101110111
1110000101011100
0100111111001010
0011110101110100
1101011011110101
1111010011010111
1110101101011111
0000111001111100
1111001101000101
0010001001101010
1011100010001111
1010010010111001
0101110000001111
1111110111100110
1011110101010110
1110011101000010
0011110100111110
1100010011001010
0000111100010100
1111100000100100
0010101000101011
0011000110111010
0100010101100011
1110001000010010
0001011011100111
1000110011010111
0011101001101111
0100000100110111
1001111000101000
1101001110110101
1000111000100001
1001101101110100
0001010001101001
1001111110110110
1110001000110001
0110010111110011
1000100111000001
0011110011111011
0000010100111010
0101100111011100
1111010000111101
1110011100100011
1010101001101100
0100101001001001
0011100011001010
1011010110101000
0101000111011101
1111110001011000
1000001101100001
0110000010111100
0100101100010000
1111011101010110
0110001001001010
1001011110011111
1111010000100100
0110011010010001
0000111110010101
1110010000001010
0101110110111001
0001111001011010
0100101100101110
1010111011100011
1010010000000000
0100011100010000
0101001110000000
0111110011110111
0010010111010111
0000111110011001
0101111101001111
0011100011011010
1111111010100110
1011111000011101
1000011010101100
0001011010000011
0011111111110010
1111110111011000
1000011010011011
0001110001011100
0111111110000001
1011000100010000
1001001000010001
1100001100100111
1100101110110111
1000010101110101
1101010001110011
1110100001001011
1001011110100000
1100011001001011
1010101100110011
1110100010110001
0100111110100110
1101000100010110
1001100001110111
0001011000010100
0010111000110111
0000101011011010
1010001000010000
1010111100000101
0101101110011000
1011100010011001
0001101100101101
1100000110100001
0000110011101011
1001000100100011
0001011011010010
0100111101110111
1110111110100000
0110111011100100
1110110000010110
0110011110111110
1111001100100111
1000101001111110
0001001000000101
0111010000100110
0100011011111001
0000111000110100
1010000011110100
1000111101101000
0001101000100110
1010110011001100
1000110001101000
0010110101110000
1111011100111111
1011101101110100
1101111111101110
1110111001010111
1011010110110011
1000110111001100
0100111101101101
1001100011100001
1010011001100101
1111000011011010
0110001000101110
1111010111011101
0001011011001011
0011101101110100
0111101101101000
0101000011001111
0100100100100100
0110100101101110
1001100001110010
1100110000000000
0101101111001010
1100101100010110
0101110001110011
0101111010010101
0110001001000110
1001110011110100
0000111101110111
0010101011000101
0001010110000100
0110001010011011
0010001000010110
1110010101111110
1111001011001101
1100001101100010
0101111010000111
0011001010011001
0011000000000101
1001110001110110
1010001100100111
1000111001101101
1100011000000011
1011000101000110
1101110100000010
1000110101101111
1001001001111011
0011101110011001
1010000010010001
0000111101110011
0101111010111010
1010001110111011
1001000011000111
0100000000101101
0100111110011001
0111010111100110
0100111101001111
0110101100010101
1011010111010110
1011001001011000
1001101100110111
0001010101011000
1110101011000010
0110010100111001
1001011110001010
0100100011000000
0001101010001101
1001011011111001
0100101010100101
1100011000110111
0100111111100101
0001100000010110
0011011110111111
1011000001100001
1100010001000110
1110000111000011
1101110001001000
0101101111011000
0011101111000000
0101100010001000
1110011011110110
1000101010100011
1100110000101110
1011001001001001
0011011110101001
1101011101000010
Time = 2.711s
