n = 6, k = 5, m = 178
Expect Resample Times = 0.38716
Real = 0
Result:
010011
010100
100010
101001
100011
000101
010011
001001
001111
011111
000110
001111
111110
011010
100010
011011
100100
100110
111101
000000
100100
110000
011000
011100
100001
010100
010100
011011
101010
111100
100011
101011
100001
000001
011011
101110
010011
011100
010000
011100
010110
000001
111101
000000
010011
000111
001001
110011
100011
111011
001101
000100
010111
110101
110111
100101
010111
011001
111110
000011
111100
110100
010011
111111
000010
000000
011111
010001
111101
000101
000110
001110
000010
111000
110101
110000
011000
111000
110100
011001
100101
110001
100000
111100
101001
011110
100110
011110
010010
101011
011101
000100
101110
101101
111001
011000
000101
111010
110010
101000
101001
000100
100001
001000
001110
000100
111011
010000
011001
010101
110101
010111
010000
100110
101010
101001
011000
111100
010100
001010
100101
101100
010001
101001
100110
000000
100111
011010
011100
101010
011111
110111
110011
100101
100000
100110
110101
111001
100000
010010
111011
011000
000010
110111
100110
100000
010011
000011
000000
001001
101111
011001
110011
010010
111000
101000
001101
010110
000010
011100
110110
001001
101101
001111
011010
001110
011010
000111
010001
011111
010010
111111
011000
111101
101010
100000
100110
001110
Time = 0.001s
