n = 14, k = 7, m = 221
Expect Resample Times = 0.354623
Real = 3
Result:
00000000000000
00000000000000
00100000000000
00000000100000
00000000100000
00001000100000
00000000001000
00001010000000
10001001000000
00000100101000
00000000000001
00000001100000
00000000100000
00000000000010
00000110000000
00000010000001
01000000000000
00001100010000
00000000000101
00001000000100
00000010000000
01100000000000
10000000100000
00000000000000
00110000000000
00100010110100
00000000000000
00000001000100
11000000000000
00000000100100
00000000001000
00000000000000
00000100000000
00010000000001
00000000000000
00000000100100
01010000100000
00010000000101
00000000000000
00000000100000
00000100000000
00001000000000
01000100000001
00100000010000
00000100001000
01000000000100
00000000000000
00000000000010
00001000000100
00000000000000
00000000000000
01000000010000
00000000100010
10000000000010
01001000000001
00000000000000
00100001000011
00001000000000
00000000100000
10000100000010
00000000000100
00000000110010
00100000100000
00001100000000
11100101000000
00000000001001
00010000000011
00000000001000
01000000010000
00000010100100
00001000000000
00000000000000
01000000000100
00000001000010
10000011000000
00001010000000
00000000001000
00000000000000
10000000000000
00000000000000
00000100010000
00000010000000
01000110000001
00010000100000
11000000000000
00000110000001
00000010000000
00000000000000
01000000000000
00000000000000
00000000110000
00000100000000
00100000100000
00001011100000
00000000000110
00000010001000
00000001000000
00001010110000
00000000000000
00000100001000
00000000000010
00000000000000
00000000000000
01000000001000
00000000000100
00000000000010
00000001000000
00000000000010
00000000000000
10001010101010
00001100100000
00010000000000
00000000000000
00000000000100
00110000010000
00000000001010
10000011000000
00000000001010
00000010010100
00000000011010
10000000100000
00000000000010
01000010000000
10000001010100
00000001010000
00100001000010
00000000000000
10100010001100
00000000000000
00000000000010
00100100000000
00001100000001
00100000010000
00000000000001
00110000001000
10000001000001
00000000000000
01000000000001
00010100100011
11100000100000
01000000010000
00000000001000
00000001000010
10001000000100
00000000000000
00000000000110
10000000000100
00000000000010
00000100000000
00000000000000
00001000000000
00000000000000
00000001100000
01000000001101
00010000000100
01010001001001
00100000000000
00000000000100
00100000000000
00001000001000
00000100000000
00000000010000
00000100010010
00000000010000
00000001000000
00000000100000
00000010000000
00000000001000
00000000010000
00100000000001
00000000000000
01011000101000
00000000000100
00000000000001
01010000000000
00000000001000
00000000000001
00100001110000
00000000100000
00000000000000
01001010000000
00000001001001
00000000000000
00000000000000
00000000000001
00000000000100
00000000010000
00100100001110
10000000000000
00000000010000
00010000100000
00010001000000
00001000000000
00001111100000
00000000000001
00000000000000
00000000100001
00000000010000
00000000000000
00001000000010
00000100000001
10101000010100
00100000000000
00000000000000
00000000100100
00100000000000
00000000000000
00000000000000
00000000000110
00010000100100
00000000000000
01000100000001
00000100001001
00000000000100
01100000010010
00000010100000
00010000010001
00000000000000
01000000000000
00000000001000
00000000000000
Time = 0.193s
