n = 15, k = 14, m = 145
Expect Resample Times = 0.369869
Real = 1
Result:
000000000000000
000000000000000
000000010010000
010000000000000
100000000001000
000000000000000
000000000100100
000010000000000
000000000000100
000000000000000
000000000000000
000100010000000
000000100000000
000000000000000
000000010100000
000000000000000
100000000000000
000000000000000
000000000001010
000000000000000
000000000000000
110000000000000
000001000000000
001000001000000
000000000000000
000000000100000
000000000100000
000000000000000
000000000000010
000000000000000
000000000000000
000000000010000
000000000100000
000000000100000
000011000000000
000010000000000
000000000000000
000000000001000
000000001000000
000000000000001
000000001000000
000000000000000
000000000000000
000000000000000
000000000000000
000000000000000
000100001000000
000000001000000
000000000000000
000000000000000
000000000000001
000000000000000
010000000000000
000000000000000
000010000000000
001000000000000
000000010010000
000000000000000
000000100000001
000100000100000
100000000000100
000000000000001
000000000000010
000000100000100
000000000000000
000000000100110
000000000000000
000000000000000
000000000010001
000000000100000
100000000000011
000000000000010
001000100000000
000000000000110
000000000000001
000000000000000
001000000000000
000000000100000
000011000000000
001000000000000
001000000000000
001000000000000
000100000000000
010000000010000
000000000010001
010001010001000
010000000000000
000000000000000
000000000000000
000000000000001
000100000000000
010000000000000
000000000000000
000000000010001
000010010000000
000000000000000
001000000000000
000000000000000
000000000000000
000010010100001
000010000001001
000000000010000
000000000100000
000000000000000
000000000000000
001000010000000
000000000000000
000010000000000
000000001000000
000000000100000
100000010000001
000000010000000
000010000000010
000000100000000
000000000000000
000000000000000
000100000000000
000000000000000
010000000000100
000000000000100
000000000000001
000000000000000
000000000000000
001000000000000
010000000000000
000100000000100
000000001100000
000000000000000
000000000000000
000000000000000
000001000100000
000000000000000
000000000000000
001001010000100
000000000000000
000000000000000
000000001100000
000000000011000
000000000001000
110000000000000
010000010000000
000000000000000
000100100000000
000000000010000
000000000000000
Time = 0.001s
