n = 20, k = 4, m = 380
Expect Resample Times = 0.446548
Real = 1
Result:
01001100110111001000
00100101010111011101
01011100010010010100
00000000001101101111
01010010000100110110
01000011010110111100
10001000001011111111
01100000000011010101
10011000100010111100
01010100110011010001
00011110110011011000
11011001110101101010
10010110011110111110
01101010011010010000
00010111000100011011
11111111001001110100
11011010000011001110
11111111111000001101
10111010111101100100
10000011010101000000
10000101111011001100
00101111100000111010
11010011001011011001
01011001010011110111
10001101011100010100
11111110001100100000
01010001110000000100
00101011111001110100
01110110110100001100
00010001001000001000
11111101101001111110
10100110001000001011
00010000100001011000
11101011010001100100
00110010100101010001
01100011001010110111
10000111111000001110
01111111100110110100
11011000010100110100
00100001110010100111
00110000000010010000
10010000001010111000
11011000110011101100
00001010000100101100
01110110111010011000
00100001100011000010
00110111100011001100
10011100101110011110
11100100001100001101
10111001101000001010
00101100111001111001
01000100100111001010
01101000000011101001
11011110100100101111
01111111001110100011
01111101101111111101
10101000101000110111
01001111000000100110
00001001100001000011
10100011001001100011
10011011111011100100
10011000011110110110
10011111100100011011
10110001000011101010
00001001100101111101
01010000001000010010
10001110100101001000
10011000111111100101
01011000000000101100
00111011110101110100
01001011110011000011
00000011111011110011
00011101011101000011
01110110011010010101
10110100011011001000
10100001000111111111
10101011010100000101
00001011110110000111
00010011010110011011
00011110000001000001
11110001101000010101
10011011011011010000
01100001010001100110
11100110011110110110
11010011110011101011
10111011100000011100
11110010110001001111
00001011110010110000
00110100011100111000
11001111110011011010
10100001110111001001
11000011001001011100
00101000110100100000
01011000101001110101
10010111001010101100
10001101000011000000
01111011010100110100
01110100100011111110
11111001001001011011
01100010011100000110
01100110001010111011
11111011111011111110
11111110100001010100
01111001010110111011
11010110001000110101
00101110101011101100
00001111000110111000
10101101001001011100
11000011111101110101
10100101101111111001
01010110101000100011
10111010100000101000
10001100000011100001
01000101000001110110
10000111001011111010
11001101011101011111
00101001010011001111
11001101100111000101
01000011010101100010
11011110010110110001
10100001100010001101
11000100010001111000
00011100101011101000
11000101110101010001
01000110000110000100
11110101001010010010
10010110110001000011
01011101100101001110
01010101101000001011
00010001101111000011
11110010100000100000
01000001110011000100
01001101001000100000
01000000110100010000
01100101011100101011
01010111111000111101
10011111000110100111
00110100111011110010
00000011101100011011
11000110111100000110
11111000101000111100
00111100001011001010
00001100101101010100
00111011010001110010
11001000001010010000
11000000010010010110
00101011011000011110
01110101011111010111
11110011011101111010
11100001010011100100
10010110001101110001
10000111001111001110
01111000100111101001
00100010011011110011
01010110111110010101
00001000100110110010
01101111000001011000
10111000011000100010
11011110001111000011
10110101011100010000
11010101100111111010
00010011000100110010
01101010010001111101
01011010100101111011
00110101101101011011
11001001000110110110
01100110011010001100
00010110010111100010
10000011010100100010
10001010111011110011
11100011000101111000
11110101110001011001
01111100011011111001
10000011011001001111
10110010011011100011
01110110010111101000
10111101111101100010
00010110100100110011
01111100000000001110
00110000100111100110
00110100011001000000
00111001101100001010
10001100001001001000
00000010011110000101
10000111010000010010
01010000000100000101
11111100000100101001
11000000111101001001
01011101101100100010
01000100000001001001
11111111010000111010
01010101011001100010
11000100001011100011
00111111001011100011
00100101010001110011
00110100101000110001
11011010001110101011
10100010110100001110
10010001111001101001
10010111011101001010
11000110001111100111
11111110011110110010
10111010011100010000
01110000001010101010
11011000010110001100
10100010001101011011
00010010011001000011
11100111001011111110
10010000011010000011
11101110101110111100
00010011001110010100
01001110101000110111
00011010000000101011
10100100100110101111
11010110110111010010
01111111011010011110
00110010001010001111
10011111110001111100
11010000001000101110
11111001011000000011
01001011011110001011
01010011100000010111
00110001111111010011
00110001000110000111
01001011011110110001
10001000111101100111
11000110101011111001
11011000111110010011
00100000100011111111
00111101100100100001
01101010110110111011
00110100110000001000
00010101011011110110
10111101100011000010
11100111011001111011
00001011100111101100
00001111100010001011
11010101000111100001
10111110010011110110
11100011111001111011
11100111110010111100
00011111111101011010
01010111101101000001
11000100001001000010
01011001000110000110
01010001101101001011
01011010100000010111
00111111111011000110
01101001100101100001
00011001100110001001
00011110111010010010
10000110110100110100
00000111101011100011
00110000100011001100
11000111010110011110
01110000111101010010
01101010110110100001
10011000110010000010
11101101100001111111
10101001000111111100
11001011100111100101
00101110100101111000
00011000110110111100
11010111010000001011
01101101001000011010
00100110011011001100
11001111100110011001
01101010011111111110
10100111111011100011
00000000010001101100
01000001011011111001
00101000010100101111
01111010101001111111
11010010010100100111
10111010010110001111
11111101111000001000
01101100111010001011
10000100110001011110
10100001100001101010
00110101000100000000
10100100011010000010
01011011010111010100
01111011100101001010
00110011100100110000
11001110110100011110
11110110101001001000
11001001001001000010
00010011001001110000
01000101101111111110
11010001011001011110
00000100110011011001
10100001000000100101
00110111111000000001
00111100111010000111
11111011110001011100
11000110000101011000
01001010101110000100
00001100101010010101
01000100001011001100
00100100111000110111
11001111110011000110
00011010100111111111
10001001000100000011
01100101010001001110
01000101010001100010
10001010110011000100
00101010000011110011
00100111001011111100
00001100000011111101
10110111010000000111
10000110101001110110
01011010001000010101
11001011111111110110
10011010101000111111
00011001111100011010
10000100010101011101
11110011110010101011
01100111011011101100
10110110111011010111
01011110011100111000
01110110001010011111
11110111010111011001
00011001011010011110
01110010111010101100
01100000011001001100
11110111010010000010
10100011110110001101
01010000000011111011
00100111000101101101
11110101010111000110
01000011101100001110
00101101011111110010
11001010001000100010
00100100110001010010
01101000000111000100
00000111100101111100
00111101010001001000
11110000101100011000
11000101101101011011
00010111110001111110
00010000110001001011
01101001011011010100
11001000110011110110
00001101101000111001
01011111100011000000
01101000111100101011
00111000011001001101
11000010101000101010
11100111100111110101
01001000111101100100
11101111110100011000
01000010000001010010
00001101001000001100
11010010011001010100
10010110000010111011
01000111111110111011
01000110011111001100
01000000001011111010
00011100010010111001
11111010000011011011
11101010011001101101
11110111001111010010
01100100101100100010
00111010001101110100
00011101001011101110
01110101111110010001
00010101101111001111
00101111001001000001
00000010100101111010
11110100101101111010
11110111111000100000
00100001111111100111
10110100100110010101
11000011110101000010
01000101010001011010
11000010001001100110
00111011001000100101
10011110110011101101
10001011010100001100
01001101101001100010
Time = 0.812s
