n = 12, k = 4, m = 292
Expect Resample Times = 0.37287
Real = 0
Result:
011100101110
011101110011
111011111001
111100011001
101101001110
010101011001
101010000001
110110000000
010011000110
000110111101
110001010111
111110101011
011110111010
001110000111
011110101100
110111010101
111101001100
001100010010
100100010000
100000111101
101110000000
011000111011
110101101001
010111100100
110010000010
001000110101
111110110111
110110101110
000110111011
101100000011
100001001001
001011010011
011011101011
111101001111
111100001001
111001100100
010000101000
110010000110
100101000011
000000100000
010011100001
000001101110
000111111010
110101100111
111111110101
010010101111
000101000110
111010001010
111100101010
011101001101
000000010101
011001111100
011111101110
110110010100
010010100011
110100111110
110100000001
011001000001
100001010010
110000101000
010001001000
101101011101
111001000010
110100000111
110110110101
101000001110
011100100000
000010101000
101010100011
110000101110
111001111110
001101010010
011001000110
000100110000
000000110111
011111111000
001101011100
010011010011
100110001010
001100000111
001101011010
010111100100
011110110111
101010000101
100010111101
001010111100
001010101101
110000011100
001000111111
010011001111
011110100000
101011011001
100101010010
000011111001
100001111100
000010001111
001010001011
000001100011
010000111101
011101010101
001111010110
000101101110
100010000110
011000111011
000011001010
101110110000
110011101110
111011011110
010011011001
101010010101
101000000000
100101100001
000100100001
011011000010
101000101001
101101011100
010010100010
101011011001
011000000010
100101110001
000010100100
000101101100
110011110111
001101011111
000000010011
001011000011
111010001011
100110011010
101010001111
001011010100
001010101000
010110101100
110001111111
010000010010
101101010110
101010011101
100100110111
111000110101
000000101010
001011110110
111100100111
110011111111
001001111010
110010110001
011011011001
011011001101
001110101110
110110010011
111101111011
110000101001
011011001000
110110000100
011110101100
111011101100
010011000010
000011100000
100110100110
111111011101
010000111100
010011000011
101110110001
001011011011
001011110010
111000010101
100011000101
101010100010
000000000011
100111011110
101001000111
111000100100
011010111010
100101100101
010000110101
001111001100
011111010101
010110111100
100111011101
111000001001
111011100111
011101111010
101111110111
100111101010
000111101010
110001101100
010000010100
010101110011
101000001010
110011111110
111110001011
100111010101
111011001000
001111100101
001001100110
110111010100
111011010011
100111010100
010011100100
100111101110
011101010010
001011000100
100000001000
100001101000
111110010011
110100010101
001111110000
111010101110
101101011110
110000101101
110000011110
110010010010
011001010111
110011100110
111101010111
001000101111
101000001110
011111110101
010100001000
110001010111
101010011100
011011100110
010110010011
111010110100
110101011001
111101100100
000000110100
010000100101
010101110010
011101011101
011100111101
110011010101
011110100000
011101001100
010111000110
110100110101
010110101000
101010110101
100001011111
010101011111
001110100000
101111111000
000110011110
010101101100
111101010011
000011110001
001000100010
100000000110
111000011100
000011011110
110110111101
101001101110
101110000101
011000011011
100010010001
001000101011
101111110011
000111011110
111011010110
000111011011
101110111111
000011010111
111010001111
100011111111
011100101001
011110011101
110110111100
100001010000
101110001011
100100100110
011011100110
011000001011
110000001001
110010111001
100011100010
010111000111
000000111001
011111001001
001010111100
101000101000
111001000011
010100001011
000111110000
000011100010
111110111100
000000010110
001100011011
111110001001
011110100010
100010111010
101101000001
101011110000
000111000001
010110000110
Time = 0.018s
