n = 13, k = 4, m = 114
Expect Resample Times = 0.377532
Real = 4
Result:
0000100000000
1000001000000
0010000000100
0100000100010
0000001100000
0000000000001
0010000000101
0011001101010
0010001000010
0000100010000
1000100000100
0000000011001
0000000000000
0000101000001
0010001000010
0100000010001
0001010000110
0111001100000
0010010000000
1001000000110
0110100001000
0000000000000
0001101100000
0000010000000
1010000000000
1001001000101
0000001000000
0000000000011
0100100001100
0000000000000
0110110010001
1100000100000
0000000000000
1000000001000
0000001000000
0010000100100
0011001100001
0100100100110
0000100000010
1001000010000
0000001000000
1000000000000
0100001000000
0000000000100
0000000000000
0000010001000
1000000000001
0000100100000
0000110000000
0000001100100
0010111001101
0000111010010
0110001010000
0000001010000
0000011000000
0000000010001
0000010000010
0100001100001
0100101000000
0000000000000
1000001001000
0000000111000
0000000010000
0100000110000
0000101000101
0000100000100
0000000000001
0000010010001
0101000100100
0100100110000
0011001111000
1101100010000
0010000000000
0000100000001
1000100000000
0000010000100
0000001100001
0001010110000
0010000000000
0000011001100
0000100001000
0100000000000
0001001001010
0010100011001
0000110000000
1000000111100
0000010000000
0010000000001
0011000000011
0101000000101
0100001010000
0000101000000
0000010000001
1000000000100
0010000001100
0100000011000
0000111110000
0110010000000
0010010001000
0000000001100
0100000100000
0000000000100
1100001010000
1000000000000
0001000000010
0011000111000
0011000001000
1100011101000
1010110000000
0101101101010
0000000010001
0000010000000
0010000000000
0001000000000
Time = 0.038s
