n = 14, k = 12, m = 208
Expect Resample Times = 0.364556
Real = 1
Result:
00000000010000
10001000000000
10000000000000
00000000000000
00000001010000
10000001000001
00100000000000
00000001000000
10100001001000
00000001000001
00000010000010
00001001000000
00000001001000
00010100000000
00000001000000
00000000000000
00000001000000
00000001000000
00000000000000
00010000000000
00000000100000
00000001100000
00000000000000
00000001000100
00001001000100
00001000100000
00000001010000
00000000000000
00000000000010
00000001000000
10001001000000
00000001000000
00000000000000
00000000000000
00000001000000
00001000000000
00000001000000
00000001000000
00000000000000
00000001000000
00000001000100
00000001000100
00000001000000
00000001010000
00000001000000
00000000000000
00000001000100
00001001000000
01000101000001
00000100000000
00000000000000
00000000000100
00000001000000
00100000000000
00000001000000
00000000000000
00000010000000
00000000000000
00100000000100
00000000000001
00000000000000
00100101000000
00000101000001
00010010000010
01000100010000
10000001000010
01000001000000
00010000000000
00000001000000
00000000000000
00000001000001
00000001000100
00000000000000
00010000101000
00000001000000
00000000001001
00000000000000
01010101000000
00000000000000
00000011000000
00000000000010
00000001000100
00000001000000
00000001000000
00001001000000
01000000000001
00000000000000
10000011000000
00100000000101
00000000000000
00000011010010
00000000000000
00010000000000
00001011000000
10000100000000
00100000110000
11101001010101
00000001000001
00000101000000
00000011000000
00000101000000
01000001010001
00100001000000
00000001000000
00000000000000
00000000000000
10000000000000
01000000000010
00000000000000
10000001000000
00000011000000
00001001000000
00000001000000
00000001000000
00001001000000
00000000000000
00000001010000
10000000110001
01001001011000
00000000000000
01000000000000
00000000000001
00000101000000
10000000000000
01100000000000
01000001000000
00010000000000
00100001000000
00000001100000
00000001000000
00000001000000
00000001000000
00000000000000
00001001000000
10000011000000
10000010010001
00000000100101
00000001000000
01000000010000
00000001000000
00000001000000
00000001010000
00000001000011
00100001000000
00000010000100
00000000000000
00000000000001
00000000000000
00000100000000
00000000000000
00000000100000
00000000001000
00000000000000
00000100000000
00000000000000
00000001000000
00000000101000
00000001000100
00000001000000
00000001000000
01001001000000
00000001000000
00001000001100
00000101000000
00001000000000
00000010100000
10000000000000
00000000000000
01000000100000
01000000000000
00000000000000
00000001000000
00000001000000
00000000000000
00000001000010
00000001000000
00000010000000
01000000000000
00000001010000
00000000000000
00000000000100
10000001000000
00000000000000
00000001000000
00000001100000
00100000001000
00010000000000
00000001000000
00000000000000
10001001000000
00000100000000
00000000000000
00000001000000
00000000000001
00000001000000
00000001001000
00000001001100
10010101000011
01000000000010
00010000000001
00000000000100
00000001100000
01000001000000
00000001100000
00100001000000
10000000000000
00001000000010
00100000100100
Time = 0.003s
