n = 15, k = 6, m = 1494
Expect Resample Times = 0.367041
Real = 0
Result:
010011111001010
011010111011101
001011111011110
001101101101011
011001100110001
001101100011001
111001011000111
011001101101010
110010101111110
001100111111000
111111011111010
001001101011001
000101011001111
110010010000110
001011101110111
000111011101011
000111000010100
100111001001000
101000010100100
100101010100000
111100011000001
011110001011101
010100011100110
111101000100010
011010101011011
000111110010010
010010010000000
111111111110010
111110110101101
010111011101101
001100110010001
001111100101111
000000100010000
101010101011010
001101110011000
110011111011100
000011101100010
100110100101111
101011101101000
111111100010111
110001110100011
010110101110000
001101100010001
001100100011010
011010111100101
000100111011100
101101111001011
010001110011101
010100000111001
011001110010101
100000001110011
001000100111100
101000011000110
010010100101010
110110110000100
010110101110011
010110010001101
101010100010010
000110101001111
100000010001110
110110100110001
010011011111010
001001010101011
101101110010001
101110001110001
001000101110000
011000101011100
100100110111110
110101100110001
001011001000111
001111110110111
011010110000100
111010011111011
111100110000001
000000010010010
111111100101100
000011000110001
100110110101000
010110011111001
011111010000111
000111101001111
101111010001001
000101001100101
000100101101111
011001110011011
000110110001111
001010110101110
101011001101101
011110010100110
010011110101111
010100111111110
110011000110101
101110011100001
111001101001101
000101111101010
110010111101110
001111110101100
101000011010011
111111110101000
111101011011111
100010010110011
111010010010100
100101111001110
110000011100000
110001000110001
100101010011100
001000001100010
010110100010000
111001011110001
001100001010110
110100010111010
100100101000110
100111001010111
110110011000101
000100110111110
111111100001001
110010101101010
010110010100101
111011101100010
000111011100101
110100000010110
011000100111111
001100101001100
001001101000001
111000100000010
001110000111010
100000101010110
011110100011111
110011111110010
101000110110110
101001010001110
100010110000000
011011010010100
110100010101000
110011010000111
001101001101000
001010111000010
111110000111011
011011010010110
001001010111010
001010001001001
110110100010110
110001000111001
000101100011101
101101110010101
001001011010111
101101001010010
001100110001111
110011101101000
001101000101000
111010001111001
111110111010010
101011011011100
000101111010101
101001000100101
010000000010001
111000001101100
010011111010000
100000100000000
110100110010100
010100000111000
111101011101110
001001001000000
001100010001111
101000011011001
001100110110010
011010011000011
000001001000100
001101000100100
011001011000000
010011101010111
001000010111110
011111001001111
010110010010111
000101011111111
100111011101001
000110001110101
111101110100110
111000000001101
000111111100010
011100000011100
101000011000001
100011100100001
011000100001011
001000001011101
101000111010001
010011111111101
000001110100110
100101100001111
110100001111000
000011010001010
110100100111100
000010111111100
011011000011101
100001010010100
110010000011011
111110011100100
101001100010000
101110001001100
011101011100010
001000010010011
100011111000110
011011100000111
111011110011010
110111001110101
101001101101110
011011100001110
110101000101011
010110100100101
001001101101000
000010000000001
011100100010111
011101011101101
000110000000110
001110111000110
101110110000101
110001010111100
010011010000111
100110011001100
001100011000011
100101010000011
000010101011100
010011000010001
100001101001100
111001000011001
111011001001010
100001100010000
100111111111100
000011001111111
110101001110010
010000001110001
010011100110101
011000101101110
011100010100000
001110001011011
100111011011010
100001011100011
101010101011000
010101111010011
101010010111101
010010001010000
110111001001100
111111001011100
011001000001011
010111001100010
010110110110100
011001001111011
111001111101100
001100110011110
101000000101101
111110111010000
000010001001000
100010111111111
101000100100000
101011011011010
101010100010110
100111111111101
101010010100111
100100001110010
000110000110100
111111100110111
001011101011100
101101100010001
001000000101111
000111010101011
000011001010001
111100011011001
100111000001011
101101111000110
101110011101101
100011100000101
110001000110110
011100111010110
111111010100000
101011100111100
000101000010100
011010100101010
111010010010011
000001100110111
001000111000010
000100101011100
000001110110010
010001111101111
110000101010011
000011110000010
101001100100111
100100000101001
011000010101111
101010101000000
011000010101101
000110010011101
010110010000000
000011010110011
101111110101100
010011110110100
100101001011000
001011100001100
110001100011010
010101111101001
100110001011100
010101110000100
110000111111101
001101110000010
010010111011111
010101111101110
001100111000100
100001100101100
100001011101111
100100101110010
010100110101000
111100100110110
011010100101110
111110001111001
001100010111011
011001110100101
000101001000001
110000101111100
001110110001111
011011101011110
111001111110111
000111110100010
010000110011101
111001101001010
111101110110000
011001111001001
100111100001000
010110010101100
000000000100101
110010010000100
101100001101010
100011111111101
001001111111000
011011101000011
001001011101100
111010111000000
011101110111010
010001100111101
000001010101011
110110011011010
000101000110100
010000100101001
100010100010110
000001000001110
100100100100100
101110101011100
101101101010010
110001110010001
110100111111011
100101010010101
011000100010000
011100001110011
001011000101010
011100100011101
111001000000001
011100011100110
001001001010010
100111111011010
011110101010010
010010111000110
101001100011001
111110100101010
111111010111110
100000011101011
100000110111101
000111011100111
110001101100110
100101110110101
001110010100001
101100101010001
101001010101110
000011101010111
000011000100011
111010111110001
010010010010001
111000000011101
010011100011110
000001110111001
101100111000010
000110011111110
001001001011111
000010001000010
110000111010110
111111100011101
000011111111101
010101000010111
010100001111110
000110110000110
100101110100001
001001111001001
011001111110101
010101111011111
110101110100111
100010100011000
011111110100001
010110101010000
111110000011001
010101101010111
100100010110100
001001001001010
000001101111011
101000010011010
010101100000111
101000111100101
100101110101101
111100101111011
111100101011010
011100001011100
110010110001000
100110110101010
111001010011101
010101100110101
011100100001111
001100111111001
110001101100000
110111111000100
011000110010110
101010110001101
000001010000101
101101000001010
000100100000011
100100111100000
101101111011000
100100011010110
100100101001100
111001111101101
110010000000000
011000111111111
110011010101011
000000110001000
010001111010100
100001011001001
001101100000111
001011110011011
110000010101111
101100010101110
000010101111011
010100010010100
010101010000110
000111110001011
011110101101110
101101110011010
101000110011000
101101001101110
000110010101111
001011000001001
000010010110100
100000111010000
100100001011010
101011010001001
101111010101001
110011010111101
101101100001101
011010110110110
000101001010000
000110101011001
000000110000110
011100111010111
000011111000001
101100010111110
111010001000011
100101010101100
111110001010101
010101110000110
010101011100100
111000010001101
110000010001110
011111011110001
000100100101000
100100011011100
001000010111100
000011100011111
001010011110000
100000101101010
101000111010001
000110110011011
011100111101101
000111110010011
101100111010111
111100100111100
111111001011000
100011111110011
101111000101000
011110001101010
111011001000000
100010100010100
000100100100000
111111001111101
010001000001000
000110101001001
101001110110000
111000010010101
001101101000010
101011110110101
100000000101010
011111010011110
111000011000100
001100011100100
100100011010101
110010101100001
011010011000111
100011001111101
100000111001111
110010100011000
100010111101111
010110111000001
011010011010010
111000001000010
101001011001010
111001110010010
010011010100100
101110001011010
001110111100011
011010000010101
111011101011011
011111000000011
110011110101100
100010101001110
010101101000001
101110110101110
010011010010100
000010011001111
011110100001110
010001101110010
011011000000101
011110010110111
101010110010011
101101111111110
001010011000110
110011100111011
110111101001110
110000010101100
100111000110100
111110100011110
010101011010110
111101101101111
010100011110111
101010000000000
111000001110000
111000000011110
001011011001011
011000011011110
011001111000111
010101110001001
011100111100100
001111101010010
110001110010110
110000010100111
011011000011101
011110011000011
101110111110100
100111111011000
110010100010011
011110110010101
011010010010000
010011100011110
101001010110011
101101001010010
101100010111000
001100110000011
010101011010101
000101101100110
100000111101110
100111011101001
001110111101111
100110010000010
100001110010011
010011000111111
111001110011111
100000111001001
111011110100001
101101010000000
010110100110011
010000001001111
011001000100100
111011111001011
110110011000101
001110110110111
100011110011000
001110011011001
101111111011111
100100110111011
110100101111011
000110001011111
100101111100110
100001000100100
000100111110001
010010101111101
011111010111001
100100100101100
100111011101100
111000011111011
011100001110001
110011111111110
100000111110010
010100111110001
110011100111011
111011101010111
001100001100101
001000101100100
001110010000010
011110001100000
110101111011000
101000111001011
001000111010011
001111010111000
111100111011011
010100001001001
011110100001011
100110011110010
100001111110000
101001101111011
001101000010001
001100101100010
010001110010010
100010111111100
111110110010000
010100110010010
100000101100001
011110101111010
110111010001100
111001010110010
110101111000111
110011001101011
110011111100110
001100111100000
100011000110100
101001111010111
101100000000101
100110010100100
111010000100011
100111000000111
000011001010110
111010100001111
001010111011000
011101110011101
101101000100010
110010100001101
100100100010011
101100000110110
010010111111001
100010000110000
100110011010100
011110010111010
010111001001101
111000101100110
011000110001010
100111010100100
001110111100000
001111001011000
101010010111110
110110100110101
101001000110010
011010101101011
001001111100011
011001100010011
010101100100101
100111010010000
101111000100111
111101110110101
011011110110100
011010101110011
001111001111110
110000000000110
010011100111001
101001011011110
011000110011011
010010111100111
011111101010010
101101110101111
010010011010010
101011100001001
101100011111000
100110010001001
110011001111111
000100111011100
000001101001000
111011011110101
011001001111101
110001100110011
101001100010011
111110011101100
000101010110110
011010001001000
001011010011001
010111111010111
010001010101001
111001010000011
010010000110011
101010000100000
110001111001110
001001110111110
101111100001111
001111011011001
101011110000011
111110001010001
000101110001010
110011001100001
001011110001110
101010111000000
111100110110001
111110001101101
111010001101100
100000000010101
010010101101111
001011000101001
001111000111101
010010001001000
110111011001010
100011010100100
000100110000110
000010101110101
100001100100001
001100101111001
000111000100101
000100100011000
110001100011101
100101101010101
100111110000000
000000111100010
110001100101011
101101011010101
101000000000011
000111110110110
111110000110100
111000010010100
110001001101111
000110010001100
111101111110000
000000110011011
010101011011110
000110010100101
010001000111100
001001110010011
001110111001010
001111100011010
000010100110000
100010101011011
001111100001010
110011110100110
110001000100010
000110100000100
100000101011001
010011011010001
000000111001100
100110001011001
010111110011011
111111100010111
000011000000001
100011000001011
001001001010000
000011011101100
100001001011011
111010011111100
111101010010000
001111100011111
000000101110111
101111110110100
000111000110111
101111011000101
110101010011010
010111110010011
011011011011001
000100101111001
010010101010011
001011111010000
111110010000111
100011100100001
000010000000100
001110010111110
101111101110100
001110101000011
011111000100000
000000011101101
111110111110000
010000001001110
111010000100010
011101110011100
101001000000110
001001011101001
100001010010001
101001110011010
111000010000110
100101001000011
101011111110100
010110111101001
010100001111110
111110011110101
110100101001001
111100111011110
001010100010011
111000010101100
001110000000101
111011011110100
010001101010100
000111011110001
100111110111101
011001110010000
000000011011001
000011000000101
010011011100101
110111110000000
001011101111000
010000100000010
001110001011000
001100111111110
111101111111101
001000100111101
010001101010010
101111011001110
010111110010101
000010111111111
111111100100000
110101001111011
100111000011000
111100010100100
111000011001001
011100111101110
000010010001111
000101111000010
110010110110011
011010111000101
101111000101000
101110001111101
010010100010111
010000001101000
011111110110011
110011110000010
001001101100111
001001111001100
010111010101101
010000110010110
110010000100000
101001010000100
111100110011011
101000110001011
011001111001101
101110011010011
111110101101100
011111010010000
100101010011001
000110100011010
011010001010011
011011101011101
110111011001000
011100101001100
000100000111000
111101111000101
111101111100100
001000001001110
111100011110110
111010010000110
000110100110100
100010111000011
100001011010010
000000111011110
011011000110101
000111000010001
010111010110111
010011111000110
100011010011110
010111001011011
101101011001111
111111100100101
100000010111000
001111011001010
100110011010101
000000000000011
111110001000101
100001011011110
011001000000101
101000100100100
001001110010111
110100100000111
001101101010011
110000111001101
010101100101011
100011111000100
011000000001000
011000111110000
111111100111110
000111110000001
010000000101000
010011000011011
111101010000100
011011111110111
000011111001110
110010111010110
010001010101001
011000011000010
010110010001000
011110010010101
000100110111100
100101001011100
100010100101001
000100110011100
000000010111111
011000111111000
110110110011011
011101001001001
011001100110110
011011100100100
111111100100000
111100101110001
110010011001101
101000101001100
100100011100100
011111101001011
010011010111010
011101111001110
100010000100010
011001110100101
111000111100000
011000001101001
110011100001010
110101000011110
101010000111100
100011101000000
010000101010111
101100100001111
001000001011110
111110111000001
110001011111111
011100111110111
000001100011110
011101001011100
011001010000010
110110100110010
010011101000011
100101001010100
011101001110010
010010001111000
010010010000011
110100101100111
001110111001111
011001001011000
011100111110011
001100100100101
110101101000001
000101111101000
011001001001011
010101101101000
011100011100100
000110111101111
011011010100001
111100001011000
101111111011011
101011111001100
010011101001101
111100101110100
000100110111100
111011101100011
001100000011111
011000110000010
111110100101010
010110000101011
000110101101000
001101101101010
100001010110101
001101100011010
010001001100110
001001001101101
101100001011100
111111110110000
001011111000010
000100010101010
011101000011010
010000100101111
001110100011010
000010100000110
100001101100011
010011101110111
110001100101010
100011010010101
110101110101111
001011001101001
000001011000111
010101010101011
001111111010010
000010001001111
100000011001101
101100100011100
110111000110000
010110100010011
010111001010111
000111110011111
010010001010100
001111000101100
010001110001100
110011011110000
011011111010110
111010110110010
110110100100001
001100010000100
001000011101100
110101001101101
000100100110011
010100111010110
110100010100011
111100011101101
000110011000001
110111101101000
000000110101011
000010101011110
001110110001001
111011100000001
111011100111000
000110111011001
011010110000110
101110110011010
111101001011111
011010000011000
011000100010001
100011110001000
001010001011010
101101100010111
010101001101100
101100111000011
111101101100111
000110000011010
000011111100110
000110100010010
110101011011110
111110111100010
010111100100001
100100010001110
101000110110001
110100000001011
101110010001001
001101001011000
101110100011100
100001011000111
010001110101011
101011011111111
100110110011000
001010110101110
001110110010101
110100001000000
010100010111111
100110011001110
011010010100100
110100111111111
001110100000110
011010101110111
010100000111001
101101011000111
011011010111010
110110110001101
101010110110111
011011000001001
010000111011111
111010010110111
000010001001111
100110100101110
111111101001001
000111001110101
101000110010000
011101111000100
101100110100010
010010110000000
101101001111110
010011001011000
101110111010001
011110101000100
100000011111111
101001010111101
110101000000010
111110010010000
000101001110110
010010010000101
100011110111010
110111011101011
100100010100010
100101101101111
101011100111100
111110011100100
000111001001100
000001101100100
000101011010111
110011001011101
110001000101100
101100100101101
000100011010000
111010101010001
010001011110001
011101000110001
010111000100101
000011011000000
101010010011101
010011101111001
100111110100100
110101110111000
001001101011010
001100010001111
110111110111110
000001000101000
100110010010010
100010111011011
101011101011101
100010110100110
110110000011001
010101011011111
111010101011000
001111001000101
000100000110010
111010101010001
011100010011111
010000000110101
000101100110101
011101111011101
101001101011001
011010011110000
010100101001010
100111110110100
110011001010101
001000101010111
101011011010110
000110110010001
100111011111100
011010111110101
000110010111101
000011000001011
110000000110010
110110000011110
101000101000011
001010101000000
001000101110111
000010011110011
000111001011100
111010101010010
011010001011001
010110101000010
101110111011001
110001111010011
010100100101101
101001100001000
101010101111001
011000001100011
111100110011110
110110010010110
101011000100011
110001000110101
001010010110010
101011101101111
111010111111101
001110001100100
000101000000011
111100000000110
111001001111011
100001001001000
111000111011000
010001101000000
000110010000010
000101110001101
111010011001011
110010111011010
001110110111001
000010101011000
111110010001010
100111011100100
001001010000011
010001011110011
000000100101010
100100110000100
100101100111100
001001011010000
101001110101011
111001010111111
001000011000011
101011010111011
100100001100100
010110001001101
100001011100001
111001111100101
001000010100001
001100001110110
110100010011110
001110110000110
110011000011110
010000000111011
110001010111110
100000101010101
101000011010011
010010011111100
100001111101011
000000100111010
111001100110001
110011001101101
000110000000001
011111100010011
111101001010011
111101011101010
100111110010001
100110010000110
010000110101000
110001000110110
100101011101000
001101111101010
010011100010111
001110011001001
011111001100001
110010010001001
111010100000010
010000001111000
100011010101100
110001110111000
000111010111111
011111010000001
110100111110010
101000000111000
111010101111011
101010001110111
000100010101011
111101100000111
010010001000101
111011100011000
001001001011111
011111111010110
111100000111000
011111000010011
101101101010011
010111011011101
011111001010100
010000000110000
000111000001100
011010010001000
011101110011010
111111010010010
001110011000010
010011010001100
010110111100110
101010100110110
100000101110100
010011011100110
101110010001010
001000101000100
011000010101100
010010001100001
110011001110010
110110011101001
100100101010110
110110110010001
001110111000010
001010010010011
110010101111110
001011111001011
000010011101011
001000110011101
100110010110010
000101001000110
101011110100001
101011011010101
000010011110001
000010100100011
011101111010011
110010110101011
100011000011110
100010010001111
010000110001011
001011010111010
110110111001100
001111110010010
001111101001010
110000111101001
011011000000011
101100000100110
100011100010111
001011001101000
100101101101101
101000011000110
100011001001010
001011101011010
110010111001000
011000010111101
100010100010110
000000000011010
111000111101111
000110100110110
110100101110100
101110011110101
100011011000110
010001100100100
111010011011011
010110100010001
011111001110000
111000011011100
000000100011111
001001100101010
010111111110111
101010110001111
111100100111100
010010100111010
111100101010111
110100011011111
110011011010010
100000011100100
100100011110001
110110001000010
010101010110001
100101111010011
101100001011011
110010011101010
000100111100011
001100111101011
011001010101010
101111111000000
001010010001011
010110010010111
011010010010011
011000100011000
100100110101010
101111010010000
010000001101101
010010101011010
110100010110110
111101000111111
100001110000100
000011010100011
011001110000000
111111011101000
011010010100001
100101000010001
011101001111011
011100011000110
010110100110111
100011100101000
010010010100000
101010110001100
101111011111010
111010111111101
011100110010000
110010110001001
000010101010111
000010110111111
011100010000110
111000111000001
110001111011001
011101111010001
101110110011111
111001101110001
001011001010111
111111011100111
011111001101001
100101001101100
111111101100010
010110001111010
010100001101001
010111000010100
011100001100110
100110010101000
100100010111101
001011011111101
110000010111101
111010100111101
001001101010010
000000001001011
000110110111100
111000000000000
000100010000101
010101010001001
101000000001010
000101011110111
111101111100011
100010001010001
000000100010000
101101101111000
000011101011010
101001100111001
001001111011000
010010000110111
101001110011011
101101000011101
010001110110001
100000111101101
000010000101101
111011010110110
010110101011001
100000111011010
110111000100110
111110100100011
110101010011001
001111011001001
000110000011101
011100010111010
100100010110010
001011010001000
110000101001000
101110010001101
101001011000111
011110011100001
010100101000101
000010011001010
000110100111101
100001111111100
100000001011111
110110000000011
011010100110100
110011111011001
011101110111101
110111100101001
101001100011110
000110110001010
101011000101010
000110011000011
001001001000100
001010100000111
011110001000111
101101100010001
100100000011101
011000001010111
001100010011100
010000101111111
010000101010110
011110011111111
110010111010000
110101000001110
101000100100000
000001111110101
001110101101111
010001101011001
110010001010101
101111010001000
111010101101010
111100010000110
110010001110000
111000000000101
111001111000100
110011111101011
000011101110110
100101101011101
010010100100011
010011110000100
101100011110100
011011100001100
000101011100000
100101010100010
100011001101111
101011111000001
010001010011000
100101111001110
101001100101011
011011110000101
111100100110000
111001010001010
111010010110001
101111010110101
110010111010010
001000100010001
111011100111101
111000000000000
110111100111010
111010111011011
010100100111111
011011010000111
101011111011011
100110001111110
111000001100010
000000100010011
110101010110100
000000011110110
110100101010110
000010110110000
011101101001101
011101000100101
011010010010011
001011011001010
000100100001011
011011101100100
000100110110111
000000111001100
011100100111111
001010100010110
100011000111000
000110001011010
110010000010011
110111000000100
000001000001101
001011000110100
001000111001111
001010000100001
100100000100011
110110000101100
010110100100110
100011101001101
101100001110010
110000000101101
011011100010111
101001100110001
010100111101111
001101101100000
110100100110110
110010101110001
111010000011000
111101101101101
001110000100111
Time = 0.795s
