n = 12, k = 7, m = 2373
Expect Resample Times = 0.366561
Real = 1
Result:
111101100011
110110000000
110010010111
100010100101
101110001100
110110101100
011001111111
010000100010
110001011000
110111111110
010011110011
000000001011
101001110110
101110001100
010001011100
111001100011
100111101011
011001010101
000100001010
011111011100
010010001110
011011000100
100010110001
010110111001
111001111010
110111000000
101010001100
011000000100
100000010110
001110111011
100101011101
011110010110
110111100010
001110100100
000110101000
110110011111
000111011011
101001101001
001010111110
001110010111
010010110001
100100000110
000000100000
000111001110
101101000001
011000110000
001101101000
101001001100
011010110011
010101010011
110010100000
000101110100
000101010011
101101100000
000101110011
101001100001
000100100100
100111100110
000010010100
111110101000
110110000001
000110101001
110101000111
001101001110
110011000010
110011000100
010110111001
011111101010
110100101000
101001110100
011001101010
110110000001
000000010011
000100111101
010010111101
011000101100
100011101110
011100010111
011000100101
001100110011
101100110010
000111110110
000011100011
001011100010
111000101010
010101101100
001000010111
110001110111
001101000001
000011011101
101111010101
110010100100
101110000100
111011100101
000100001001
001011110000
000011110101
100011000101
110100000010
111001111011
000101011110
001101111111
010010110111
111010110011
101101100010
110000101111
100010001011
010100010111
110111100111
100111011011
000000100101
101001000000
111000000010
101101111010
010001011001
111100111111
000111001100
000101101111
001101110110
111001100011
100110110010
110001110010
110111010001
010100011110
010101101010
110011001010
100001111000
000000011011
010001001101
101100100011
101101111011
100001100101
110100010011
000111110100
010001001111
001110001001
001100111001
010000011101
010011011101
101001001000
101001111111
100010001100
100110100000
101101000101
110010000011
101010011010
001010101101
100101111111
001110101001
001101100100
111000001100
001000011010
110001110101
100101110101
010110010001
100101110110
101000110110
101111111100
000100110111
110010001000
101111011001
010000100110
100111010101
110110110110
111110111001
100100101111
010110101111
111111100101
101010111111
111011000101
110001000110
101101101101
101110100010
011001111000
111000101010
001011110010
011010001111
111111100111
110100111010
111110010010
100111111110
111000010100
100101000011
100011110001
001001110011
000100011101
000110100001
101101100000
011000001000
010111111110
010000101000
011011011110
100000101111
111000001101
010010111100
011011001110
000011101010
101100110010
001101010101
111110101011
001100001000
110100000001
011111111000
111001000010
100010001000
011000100001
001011010111
100100011111
010000111111
100100000101
110001000110
111110110101
110011010101
000111001011
001010010101
000100010001
001101100101
000001000000
011100011011
001010000010
000010010011
111110110000
101010101110
100001001010
000001000010
000110010000
011000001001
011100000111
000000000010
011110100110
001010001010
100101101100
110100110000
111111100100
011101010010
001000111001
011111111110
011001111001
001000010010
110010001000
001000000111
010000001011
101010110111
000011001100
010101011110
010101010010
100001011011
010010110111
101100010111
011100010100
010110011101
010010111001
100001000010
100010110100
001100000100
111000110010
000101010011
001101111001
000100010101
001100001100
100111011011
100111110001
011001010010
111011010000
001110001010
101010100001
001101010011
000000000111
111000001110
100100101001
100011101101
100110100001
010000010010
001100101001
000010101000
010100111101
101011011001
110101110010
111101010000
000100010100
001101110011
011111000111
100101010010
001001010000
001001000000
010010000111
000001111000
011001000011
111000101100
000000110101
010011110111
100010110010
110111000101
000000000000
101100110010
011000101100
010110001001
011101111010
101100000101
111110101100
101000101010
101100011111
010001001100
101101011100
001011010001
100111000011
001101101000
100111010001
110111010000
110011010001
001100111100
010100001000
101000001011
110010110010
110011010101
101010001011
111000010000
011110110001
100111100100
011001110101
010000110110
001010011001
101011100010
101001001010
010100100110
100100101011
000110100101
011000000001
110101110011
111101101011
100011110011
101100000011
000110011100
110100101100
101110001000
101010010011
111111000001
000001101000
110010101110
011000000100
000011101010
111100001101
101111010101
010010101000
011101111001
000100110011
110010010111
110011000100
010111101010
111010100100
001100000000
001011010010
101000011001
100101001001
111100000011
010000100001
100001111111
111110010110
101000100101
111101010110
111111010010
000011110111
111101001101
000001011100
001111001101
011000101101
101111111001
001010010000
101010000001
110100010010
001011011010
111111111110
101110000111
000101101000
010011010101
111110000011
110100011000
000111101101
011100001010
000011101001
101001100010
110000010000
100001000100
000101101010
001101100110
100101000100
110000110011
101010000110
111011100111
000100100000
101001011110
011101001001
101001010101
011011101010
010111101111
110110011101
101011001110
101011011110
110100011101
101010110000
110000011110
010101010010
001001100111
100000101111
010010000001
111011110010
010010010111
010000101101
000000111000
011100011001
111100001001
110010010010
000101001010
111000011011
100000001101
000001111010
101010011010
011010001011
011000111001
110111011010
101100101000
101111011111
111110000001
001110100010
101100101100
000101101011
011011010111
100000100011
101001111111
110100010011
001110001100
001000110101
100110010100
111011000111
100110110010
011010101010
000100010000
110101100011
011111011000
001101111010
010101111001
110110011100
010100001010
101110010111
010000101100
110101011101
011100111011
111100010010
000101001100
110010000011
100011000010
100111011011
100001100100
101110001000
001000101100
010011001111
101110101011
000111100011
010101101110
101100010100
100000010011
000001111111
010110110110
000000001010
000010111110
001011111011
110010011001
100000100011
010111011100
000111111101
101001110001
000000101101
011011010100
010001001010
010011101110
001111110110
011110000010
100011000101
011101000010
001101010111
001111110111
011101101010
110110101011
010111011100
000000000100
111011000100
011101001110
010010010101
101100000100
001001011110
011000111100
010001010110
101110110100
010100111110
101111001010
010110001111
011110110000
100100111010
101110010000
111011001101
100110001110
111111100101
010100110001
100110100101
011001110001
111000101010
100100111000
000011110100
000000101110
101000110111
001101101101
100010110111
010001010000
010100111001
010011111110
100101011101
001100111101
100010001010
010110001100
101100110011
101100110110
001100110001
011000011011
100000110100
110011101001
100111111111
010000001000
111101111111
100000001110
110111011111
011000011101
111001100100
010011001011
011110000100
010001110011
010111111010
011111011011
000111010101
101010101001
010111111111
100110000001
010011110111
100001011111
011000000100
001001001010
001111111100
000111011110
100011010100
111110100011
001111110010
111011101100
101110111111
011100110110
101010101000
111011101110
011000111000
101100100011
000110010111
001000001111
101010100011
001011100011
110000110001
011101111100
100100111010
110010100111
010010011010
001111101100
100011010101
101100000011
110100110010
011010110010
010011110000
000111110100
101100100000
010111010010
111101010101
101010111010
101001100101
011111001111
000001000101
111010110001
011100011010
001100001011
001111000110
000101111010
000101101010
010000100101
100001110010
001100000110
010001101110
001110000010
011000101000
011001110010
100100000000
010111000011
011110100001
111000000101
110111010011
011110100100
010010000101
010111001100
110100101001
010001100001
010110101001
110000000100
011000000000
100101110111
011001110100
011100010100
000101010001
000111000100
111111001001
010110110000
111000000011
110001000110
110011010100
011101010100
011011100000
000010000111
111000101111
110100100010
000110010110
100101111100
001110110001
011111001111
010101100110
101010001010
110101001111
001010100111
000001101011
101010100101
011101011111
001011101011
111000111101
101010011011
111011110011
010100011111
010101101111
111100010001
011100111111
000001111010
110111001101
011010100011
010110011001
010010110010
100001100100
010011101100
100011110111
011110111111
010100011011
110111010011
111100100011
000010001011
010001110000
001011100110
111100110111
100111101000
001010000000
101001000110
111000111111
000101111100
011011101000
111111110101
110101101011
011001101101
010110000100
111100011100
000010111110
000000101011
000000000000
111110011011
011111010111
000001010010
100101101000
111100011001
010010110000
010010001110
000001110011
001000110000
110111111011
111010110001
011001010100
110011000000
100010111101
000010000100
001011010001
010100110000
101101011101
101100011011
100000101000
101111111000
101110000010
110011010110
101101110110
000010111100
010010010110
101100110111
001000100000
001100000001
110100110110
100110110011
101010001000
011101111110
000010001010
111010000110
101110110111
000010001001
010111000011
001010011110
000100101110
010011101100
011000010111
010111101000
010010111110
000110011001
010001000010
100110001001
111111110000
001110110111
011100101000
011100110011
110011001010
100001001101
010011111110
010010010010
011101100001
110010100000
110011001011
010000010101
111101001101
111110000101
001100010110
101010011111
001000000110
010111100010
011011001000
100111111101
101100101001
111010101110
110110110011
011011000001
001010111111
100001111100
000010110100
000001011000
110001011100
000110110110
101011010111
110100011010
101011110001
000111000000
100100000111
110010100001
101011001110
011011011001
111010111111
111111101010
111110100101
111000101010
011011000010
011011000001
011001111011
100100000011
000011001100
101100100100
000001000011
111010000011
010101011110
110010000101
101101000010
000000101000
110100100011
111001110000
100011010100
001100111110
011110000100
000001111100
110011110111
010001111101
110100011011
000101111110
000111001111
010101111111
001001100000
010011110100
000100100100
011010100111
110110101000
010001001100
101111001001
101001111000
011001010010
000101010111
000111101010
100001101101
111101010110
100010101000
011001001000
010101001011
001000110000
110011000101
001010010011
100000011111
011000011100
010011011010
001111000001
011110110011
111111110010
111111110000
000110100011
001001000100
110101100110
001010101100
011010000100
110101001110
011001001000
101000001100
101111011100
000011101001
011100000000
011110110011
011101011001
110111010000
111101110101
001111110110
100100111111
000000000010
001100000011
110010011010
001001000100
111010100001
111010000101
001011110100
001001000010
000011111001
001001001101
100110010011
010010101001
111100010000
011111101001
001101100010
011111101011
110011110001
001011000100
000000101111
101100100010
110100111101
010000000110
000010111010
011001111110
010000100111
011100110011
110101010000
001110000110
110000100110
100000001011
011101111110
110001110111
000000111010
001000100101
001001001111
000011000111
110011010110
111001010100
110001110000
110100000001
011100000110
100100101011
001110011000
101110110111
000010110011
001101101011
101011111001
111011000010
101000111000
110011101100
100000111111
001100001110
110001101100
111011111001
000101100001
010111010111
101011111011
000110011110
010101011001
100000111011
010010101011
111110101000
000000111011
100010101001
001010011010
101110010000
001100110011
001100100100
011010101111
111001000101
111000110001
011010000011
110001010101
001001000101
000000100111
010100010110
111010000110
100000011011
110110000111
000001110001
110000000011
011011100110
000001000110
110100110000
010101100101
100000010011
010100010000
100000000011
100100010110
110100010000
011110110100
000000001000
101011110010
111000001110
100011001011
000011011110
111110110000
000000010100
101000010011
000011011011
110110111110
001101011110
010111011001
101000011100
101110011001
011001000000
001000101101
111000101110
001011110000
110111001010
001000110110
110001000010
001101101111
000011000001
000000100010
100101010111
001101010000
101000000011
100101010111
010111100001
110111110010
101001000010
100011111111
110011111111
001010111011
100111110010
110011110011
100111100110
111110000101
100010011111
010001000001
101101010010
101001100110
110011111000
000000011001
011111001001
010001111011
101110010001
101110110000
011001001010
011101000110
111010111111
010001101011
111100100101
000000010111
000111100110
110001011001
011000111101
000011010011
010111111101
111100001111
011001010111
000000101100
100111110100
110101110011
001111101101
101111100001
001000110000
100010010010
000110110011
100011010111
010010101010
010011110110
000010100111
101101001010
010001000011
111101110110
100010110010
011000010100
000100010011
010011100000
100101010010
011101100000
010001101010
001110011001
100101101010
111101001001
011000010000
101111001101
010011100100
101111100011
011011110010
100011010011
000000010001
011111000101
010001000101
100101011100
001011000000
011000100100
110011100111
100001100101
111011000111
000111111001
001111110100
001100101111
111011001101
100110100011
000110000101
000111100011
011000101000
001001000101
100110110000
111110011111
110010001110
100101001111
110110100111
010110001110
101010101000
110110110000
100010011100
111010001111
010001000001
101110101100
101111110000
011011110000
000100101101
010000010101
000101000010
011100100101
010111101110
100100011010
100010001100
110001111011
010101110001
101000110001
101000000111
100101101000
100011000100
101000001011
101101111011
001101010110
100010111110
011110011100
100010011011
000110010011
101010100111
111111100101
010111110010
011010101111
011100110011
010001111001
010000110101
000011101010
111001110010
100111001101
001100110000
010001000011
101101001100
010000001011
000011001011
101011011000
111111010010
101011010110
011101100100
111111101001
111000110010
111100100100
011001111111
010101110010
000000101101
110010001110
101000110100
111100000000
101100110010
001000011011
110111001000
110111101101
100001111011
101111110101
000101100111
001111000000
101011111100
001011000000
110101110101
101001111010
010100101000
111111011000
000000010100
000000111110
011011000101
010001100110
101101010100
011001110011
110010011001
000101111011
001100011011
111000110101
100111010011
011010100011
111100111101
001100011100
011101111011
110111010000
010011110110
001110101101
110011110110
101101010010
001011010110
100110001001
011110100000
111001011100
010010010001
111011001100
010101100011
100000110100
011010101001
000001110001
111101110111
111011111100
000100110111
000110011000
100101001000
000011110001
100010111100
101010111111
001111101100
001100101100
101100010010
011110011011
000000010100
100101100010
100011000111
000100011110
110100001101
111001010101
011001101101
100100110011
101011111100
011100100101
110000100001
101100110101
000100011010
100101001011
000001000001
110011010000
010110111011
000101011110
000101001111
101000001011
001100010101
110111100001
101111000111
100100110010
111100000000
010001100011
110000100010
011001111111
100010011010
000000110101
000111101111
100110101001
000001011101
110110111001
100110101001
110011001000
000110001010
110100100010
011010111110
011100100011
001011010100
001100011111
001001010000
010011010001
010110000011
001101011011
100000001011
010001010110
100010011001
110100001100
101000100011
100001110110
001010111010
010001011000
110010001011
000011101100
110001101110
001000010000
011001001101
001010100010
100110101010
110011000011
100100101011
100011000100
000110000110
000010001100
110000010111
101011100010
110001100011
101010100001
011101111011
111111001110
000011010101
011111000011
111000001000
010001001111
110110100000
110001100100
001011111110
101001011010
001011110111
101010010101
010101111100
111101110000
100101101110
000101000000
110110101010
100110101011
111001011101
101111111010
011011101001
011111001101
010101000000
110110100100
111011100000
101010000101
001011100011
010110111001
111100101011
101000110010
111110111111
001001000001
011000101000
000000110111
011000111101
000100000000
111111110011
000101100111
101011011011
100010000001
001010110001
110010000001
101111100101
101001001001
100011100011
111011100000
010010010111
000011101111
101000110010
100000001100
011010000011
001110100100
001110011000
010010110010
110110110110
001011110100
001010011110
010100000100
111011011010
101011001011
111000111110
010001111010
111010001100
010101011110
100010011001
101000100111
011011100000
110011011000
011101101100
010001011000
111000011001
111111011011
001011110000
101110001111
101001010110
100101100100
101010111010
010001101111
010111000010
011011011111
101100001000
110110110001
111000101100
011000001010
110011110000
010100001000
110010000100
111011000101
101111011000
001000010111
000000011110
001011001110
001011011111
011011010100
111110000001
011001001010
010010011011
101111101000
010001110011
011011010011
011111110111
010111111001
011111111110
111000000101
001010011000
101100001011
011101001010
111101100001
110110010000
111111110100
010010110000
000001011010
100100100011
000110111100
011100010000
110001101100
010110111011
001100100000
000100110010
001001100111
001101001110
011001110100
100101110000
001101111110
011000110000
001010111110
111101011111
000101011111
101001011101
110010000100
101110111010
101011011101
000111000101
100111001101
100100010101
111110011000
101000100000
011110111111
011000100011
100010001100
100001111111
110010001001
101101101000
100111101111
111100100111
110001100011
101101010111
000011101101
001111110100
010110101111
101011001010
110110110110
110010101001
000011010100
001001110100
010000111011
110001010110
111001110000
100011001100
101110000000
010011010001
001011101100
100100111000
100110110101
011011010110
101010100000
011100110001
001011010110
110111111000
001000111100
101001000111
001100101010
110000111101
110001001111
001111100110
101111010010
111101110101
101100011101
101011000000
011111011001
011011110011
001010011010
101101001100
111101000001
010000010010
110101010101
000011110101
010001110110
111100000000
000110010001
110100111101
111110111110
100010111110
010111111011
111101011010
111010000111
111010000010
000110111101
101011111110
111111010000
000000011010
000000101111
000011111111
001010010011
100000001111
100100111110
010110000110
001101000110
100110101000
001001000010
101010011010
101011010011
010111101000
101010100100
101111001100
011100100100
111111100001
010011001111
010100000010
110111001011
101001100011
001010110110
000001111010
010101100001
010110001100
011010110101
101111011011
010101000011
110000000110
001101100001
011001000101
000000011000
010100101011
101100001000
101000111011
100101110011
000110101111
001011110101
111010011000
011100111000
010010011100
110010010111
000101101110
101110000011
001110000011
101111100101
010111010111
010000100000
011111010010
010110001100
111010011110
000010111011
001000011011
010000110011
011101010111
000111011100
110001110010
111111001000
101100111110
000001011010
100010100110
111101011101
101001011010
010111110110
010101001110
111001100001
011111011110
000010001100
010110100011
101001011100
101000111110
111001000010
110101111101
010010110100
111001111101
001110000100
000111010110
111010011111
000011011011
010110000111
010011001101
101100010001
100001101011
001000010010
011111100110
110110011101
000110110101
000100101100
001111111111
011011001100
010001110100
010101011011
111100011001
011011001101
001100110011
111110101110
100011000010
010010011010
010111100101
010001101111
111110010110
000001100111
000100111001
001101101110
110010110011
100010011110
000000110111
101111010001
011001011100
001011001100
111110100001
001110010101
110101111011
110001101000
010101101100
011010101101
101010111101
110011110111
101110000001
111110010011
100111001111
011000001001
110110000110
010010000100
100000100010
111010011111
100011100111
110110000110
100110111101
011100111111
111000010000
011001101110
110010010101
101010011011
010001110111
110111011001
011111011100
110100110011
011110010010
001111100010
010101001011
010001100111
101101001001
001100000011
101110010110
111011011100
111001000000
111100100100
000000011110
011111010100
010011101111
010101000011
100101000111
000000011011
011000111110
101001110000
101001100110
111110101000
011000100111
101010000111
000010100111
111111000010
111011101101
101100010101
011010101000
000010011111
110110100010
001010010100
111100001001
010010101001
110110011111
101100000110
111101111000
100001011101
111001000001
010010110100
000001100110
111011100101
110111100011
000011001100
101011110101
011101110010
010101010100
001011000111
101001111111
000101010001
101100101010
111111110001
000101001111
011011011101
111001100110
100111001011
011101100000
001000001001
011010100001
110010100011
100001001001
100011000100
001010110001
001011010110
000001011101
000100101011
000001100100
011100101100
101010000101
110010010110
111001110000
011001011010
111110110100
100010000001
001001011000
101011000110
010111011100
010110111111
001010011001
100000100000
100010110000
000010001000
110001101000
110110110111
000010010011
000101100111
100100011011
011101000111
001010011110
001111111111
111100000101
011111110111
010011111001
110000100110
110111111100
011100111010
010101101011
011111111000
111011001110
001110110000
001010101110
101000000111
110100101111
101111001011
001111000111
111101110011
011100011100
001111011000
001110011000
001011011001
010110000010
010001101111
001010001001
011111101101
111010011101
100011100101
001101100001
111010001101
001100001000
010011001010
011100010101
000110010010
001001111011
010111110110
001110010001
100011100000
000000000110
101111110011
101100001001
001001011000
010001010010
100010101001
011000011010
001011001011
000011001111
101110110101
001000001100
001001100110
111111011100
011000010101
101001011100
111010101101
101001011011
000011011001
011110100010
011011100111
001000010111
110110000000
101011111001
100000111100
110110010101
110110100011
101001000001
101100011110
111101101010
001011101010
000010000010
100110111100
101010110001
010010111011
001011010111
100101001110
001011001001
011101101111
000110101111
010010011010
001010011011
001010110001
110000110110
001000000101
000001000001
111111010001
101101111010
101010100000
001001110010
000011100011
101100001111
000001011001
010001011101
101011111110
001110110001
011101111110
000011100011
000010001010
100000001111
101101111111
101001010100
010111000101
001011010100
111010011010
011100000011
000100010111
010001011000
011111001111
111010110010
011001011001
111100111001
010111001111
001010111001
011100011101
011000100101
100001001010
000000000100
110100101110
010001001101
011110000111
101101100100
010111001101
000101110001
111100111101
000010110000
101000000111
010001111100
000000011010
010101100011
111111111000
011101111010
111100101100
110110100001
100100011001
101010001010
001000111111
001001001111
000110001110
001011100111
100000001101
111001000011
100101001000
010011100011
011001001100
101010100100
111101001010
010011110110
011111001010
101111011111
000100011011
000100101110
110011100111
010101111111
010100110110
001100010111
011111010010
011100100101
111110110010
011100101000
000001001110
100010000011
101100000011
010001101000
011101001001
111011111000
011001011100
111101001001
101001110110
100010000010
111011010000
111110101111
000001111000
110100100110
000001111010
010001010100
111101100001
011111001100
011111111001
010100010100
110101101110
111011100101
100101011111
100000001101
001001011010
001011111110
110001000101
111011001000
110111000011
000110110111
010101010110
000101010111
110110000101
011010001101
110110101110
010011000011
011011110111
001001010011
011100100000
101011100010
001011110011
001100001011
111011001101
100010000010
101000000001
011111110010
101000000000
110111110011
100110000100
111000101101
110100000000
001101011101
000111011001
101000110101
101110001011
001101010000
111111111010
010001101011
100100100100
100010110110
011001110110
101110011010
010010101110
011110110001
101100010001
111000010101
000000101001
010001011010
010111100111
000111010001
011110000110
010000011000
110001010111
110101100010
000010101000
001101110011
011010000111
000110100111
100001101010
111101111110
010011100100
000101001100
101010111101
110111010011
100011000001
101000111001
000011101101
111011011011
110010110010
110011100111
000001100001
101001001001
101110010000
101100011100
110100010110
111110101111
110101111010
000111111011
001110011110
111010100000
110110100010
011101001111
001001000100
100101110000
100010100101
011101000100
010011111001
000011010101
010000010100
000000010010
001000101001
001000100011
100010011110
101010101101
000000111000
101000001101
110101000101
010010101000
000100011001
100100111001
011101001000
011111101101
000111111100
111100011111
000110010111
100101001001
101100110101
101100111001
110111101010
001010010101
100110011001
111111000100
101011010000
101111011011
001110110011
001101111011
100001101110
111100011110
110000100011
101010100000
110011001000
111000010101
111110100111
011001010111
100110110001
111100000001
011101000110
111111000100
011000100100
010101000100
001011100111
000001110001
110101000100
011101100010
011101011111
011101101110
010000011110
100011011010
100110000001
100100011100
011011001101
000001011110
110100010101
010100010110
111011000011
000011000101
100001001010
111011101000
011010010000
011100010111
110000001100
100100100110
011001001100
010011100110
110000100001
010010110010
111001100110
010111001100
100111100001
100000111100
101010101111
000111010001
111001101100
000000101101
100000000011
011111001111
001110000000
100111000100
110001000100
111111001110
101000000000
010001110010
001000011110
001100100101
001100101111
100101011101
111111100000
111110000100
000000101011
100001101111
110010101000
101100011110
110101000000
101100111100
111011110101
001111011011
100011110110
000010111001
000110111101
101011110111
100110111101
010110100010
100000001001
111111111010
000110110100
110111100101
111101010000
010011110100
010110001010
100100100111
010011110010
110111000001
000010101001
001111101100
001011110101
111001111110
011100101001
101001100111
001110110011
100000101111
000100010110
100101100011
010000101001
010010010001
111010010111
010001100011
000010100011
101111101110
100001001100
111110011110
111000101111
111110010110
111101110011
000101000000
011000010110
110110000110
110010101100
001011010000
000100111101
110110101110
010110101011
101110001100
011101111010
011100000011
110001101000
110000011001
010101101001
011000101111
101011000011
100101011011
000011010110
010110101110
010110110001
100011111110
000001000000
111100000010
010011101010
111110111010
011100000001
010010011011
100111000001
001010111011
001011011010
010000011100
010000000001
101000101101
100101110011
111011100010
101111100000
001100101001
011000101000
000011001101
000000000011
111110011101
001001101101
100011011100
101000111111
110011110000
001000000110
111001010010
111001000101
011001001111
111111000011
100010110110
111110011011
011010110111
001100111010
101001110000
100100100011
010110111001
001111100001
010010011110
100101010100
011101100000
000100000000
001001010101
110000011110
100010001000
100000100011
101000001010
110001000111
101110101010
000011101101
001001110110
100011100110
000011100100
100010110001
000111110001
010001110010
110000110000
110101100111
110000111000
010101000101
000101110010
110101101111
011000011000
011001010100
000101001001
010101000110
100001000100
011100111111
010011001001
011000011000
101111100100
111001111110
111010100000
011011111101
001111101111
000011000000
100001001110
111010100010
111011000101
010110011000
101001110101
010010101011
101101110001
111010101010
010110001000
110000010010
010100100100
101011001100
000111100100
011110111010
011000000101
001101100010
011010010110
101010011010
011011101010
110101101010
111010111001
110001101010
100110010101
101111001000
111111100101
010001010111
001011001110
100001011001
000000100111
000010011001
110011010111
011101110001
111101000011
010000011000
000100100001
010010111111
100100100100
000001001010
101111011100
101011001000
111101111101
011001010000
001101000111
010110001001
101011001011
001111111000
110011011101
011010010010
011000100101
110101011110
010100001100
111001001111
100001101111
001111101011
010010011111
001111010001
100111010011
111110010110
001010101111
111010011111
111001000010
110011001010
101100000011
101000001111
001101101110
100000111100
111111001110
010010011110
101011100011
101101101100
110001111010
011110000000
100101100101
110000000111
001110001101
010101010100
001111001111
011101110000
010100111010
000011010100
111000001000
010100000000
000110000011
101111010010
011100011100
110010011011
000100110101
001101000100
010001110110
011011101011
110100101011
100010010001
011011110011
111111001111
011110000111
111110101111
010000000110
011010010010
110011000111
101010100001
110010001010
110110001101
010010101000
111100111111
010000001001
110110000101
100110110110
010000110111
100011101001
110111110000
001110101001
110110111001
110101001100
001010010011
011010000110
111111111101
101111101111
111000011100
111010111010
011110001010
110011011000
110000100101
101110010110
101011010100
100111010011
001001010011
110111010011
011010010000
100101110011
011000001110
010100100010
010001010001
010000100111
001011001011
010001010110
001101001011
101000110000
100001000110
011101100100
100111111010
111010001010
001101100110
010100001000
001110000010
011011111011
011010101011
000100000001
100101001101
010110101100
110010100111
011011101101
110000110110
011101000100
011101001010
000101011010
001000100000
011101010011
011100000101
001110010011
100001110000
110111110111
011100100000
100011010010
011111100000
101011000010
010010101001
001111100001
000101010110
011101001001
010100110010
010011001000
000111001011
100100110101
101111110101
101101011001
110101000101
110101000111
001001011011
000101000111
100000001011
011110000101
111010111001
110010010001
000100101101
010011111011
010001001001
111010110010
100111011011
000111001011
100000110101
010100101001
001100000101
001101111010
000111011110
000101000001
111000100011
100001111010
111011001010
101010100111
000010001100
111011100101
001011000110
100111110110
111101001110
101010001110
011100010011
011100010101
100110101111
110001001010
101111001011
011111110101
101010010101
111010010000
011010000101
100001010110
000010101001
100101101000
101010110001
000001111111
001001010110
110101111010
100110010110
110011100110
111101010011
100101100000
011010110101
001111011110
110000101011
011110111111
000010010111
010000101000
100100011000
101110011110
111001011101
100101110110
001011100011
110001100000
000100001111
Time = 0.225s
