n = 15, k = 13, m = 230
Expect Resample Times = 0.365246
Real = 1
Result:
100000000000000
010000000010100
101000100000000
100000000110000
100010000000000
000000000000000
100000000000000
000000000000000
000000000000000
100101000000000
101000000000000
100000000000000
100000000000100
100000000100000
100000000000000
000000000000100
100010000000000
000000000000000
100000001000000
100001000000000
100000100000000
100000000001000
100010000000000
100000000000001
100000000000000
000100000110110
010001001010000
100010000001000
000000000010000
100000000000100
000100000010000
100000000000001
100000000000000
100001000000000
100100011100000
100000000000000
000000000000000
000000000000000
000000100000000
000100100000000
100000000000100
101000000000000
000000100001000
000000000000000
100000000000000
100000000000000
000000000000000
100011000000011
100000001000000
100100000000000
100000001000000
100000001000000
100000011010000
000010000000000
000000000100000
000000000100000
100000000000000
000000000000000
100000000000000
000000000011000
100000000000000
010000100000000
000000000000000
000000000000000
000000000000000
000011000000000
100000000000010
100000001001000
101000000100000
000000000000000
100000110000100
100000001000110
000000100100000
000000000000000
000000100000000
000000000000000
100100000000000
100000000000101
000010000001000
100000001000000
001000000000001
100000000100000
000000001000000
110000000000000
000100000000000
000000000000000
100000000000000
000000000000100
000000000100000
000000000000000
000000000100000
000000001000000
100000000000000
000000000000010
000000000000000
000000000000000
000001000000000
110000000100000
010000000000000
100000000000000
100000000000100
000000000000000
101000000010000
100000000000010
100000000000000
100000000000010
100000000000000
000000000000000
000000000000100
000000000000000
000000000000000
100000000000001
100000001100000
000000000001001
100000000000000
100000000000000
000000000000000
100000000000000
000010000000000
000000001000000
000001000000000
000000000000000
100000000000000
000001000000000
100000000000010
000001100000000
000000000000000
100000000000000
100000000000000
100000100000000
000000000010000
100000101000100
000000000000001
000000100000000
100010000000000
000100000000000
100000000000000
100010000000100
000000000000000
000001000000000
100000000000000
000000010100010
000011000000000
000000000000000
000000000000000
100100000000001
001000000000000
000000000100010
100000000000000
100000000000010
000000000000000
100000000000000
000000010000000
000001000000001
000000000010010
110100001000000
100000000000000
100000100000000
100000000000000
100000000000000
000000000000000
100000000000000
000100010100000
110000101000000
100000000110001
100000000010000
100000000001000
100100000000000
100000000100000
100000000000000
001000000000000
000000000000000
001000000010000
100000001000000
100100000010000
100000000000000
000000000000010
000000000000000
100000000000000
010000000000100
100000000000000
100000000000000
100000000000000
000000101000000
000000010000000
100000000001010
100100000000000
000000000000000
100000000000000
101000110000000
000000000000000
100000000000000
000000000000000
100000000000100
100000100000000
100000000010000
000000000000001
001100100000000
111000100100000
101000000000000
000000000000001
100000000000000
000000000000000
101000000000000
000000000000000
000000000100100
010000000000000
000000000001000
000000000000000
100000000010000
100000001000000
000000000010000
101000000000000
000000000000001
000001000000000
000000000000000
100000100000001
000000000000000
100000000000000
101000000000000
000000000000000
000000000000000
000000000000100
100000000000111
100000000000000
100100000000000
000000000000000
100100000000000
100000000000000
000000000000000
Time = 0.003s
