n = 9, k = 5, m = 105
Expect Resample Times = 0.347776
Real = 2
Result:
000010000
001010000
011110100
001000000
000000000
010001000
000000100
000000000
001000100
001000000
001100010
000010100
000010000
100000000
000000010
100100100
000000001
000101001
010001011
010000000
000000001
000000000
000000000
000000000
000010001
100000010
001000000
000100100
000010100
000011010
000101000
100000000
001101001
000000000
000001010
100011001
000010000
010000001
000100010
100101001
000010000
011000010
100000100
000101000
001000000
000000000
001000001
000100000
000011000
001000000
000000000
101010001
000000000
100000011
000000000
000101000
000000000
000000000
000100010
100000100
000000000
011001000
010100100
100000000
000001010
000000000
001001000
010000100
010100000
000001010
000010000
010010000
000000100
000000000
010001000
100000000
000110001
000000110
000010101
101000010
000000000
000011000
000100000
000000000
000100000
010000001
001000000
010010100
010000001
000010101
010000000
000000000
000001000
000000000
000000000
000010000
000000010
000000000
000010100
001001000
000000011
000000010
001000010
000000010
001000000
Time = 0.006s
