n = 14, k = 6, m = 191
Expect Resample Times = 0.349078
Real = 4
Result:
01000000111000
00001000000000
01100001000000
00000100000000
00001000000000
00000010110000
01100110011000
00010000000000
00100011000000
00000001000010
00001100001010
10100000000100
00000100000000
00000000000000
10000000000010
00000100100100
01000100010001
00000000000100
00100010100100
01010001000000
01000000001000
01001100000000
00000010000000
00000100000000
00000000001000
10000000010100
00100000010000
00100000000100
00000000000000
00100000000000
00000001001000
00000000000000
00000000001011
00010100000101
01000000000000
10000000000000
00010000101000
00000000000000
00000100000000
00000100000100
00000000000000
00001001010001
00000100000000
00000011101100
11000100011000
00000001010000
01000000000010
10000000000001
00000000000000
00000000001000
01000000000101
01101000000010
00000100000010
00001001000000
00000010000000
00000000001000
00100000010110
00000000100100
00000001001000
00101000000000
00000001000000
01000000000110
10010000000100
00000000000000
00000110000000
01000000100000
00001000010011
00000000000000
00000001010000
01010000000001
00000010000001
00011000111000
10001000010110
00001001000100
01000000010000
00001000000000
00000000010000
00000000001000
00000110010000
00001000000000
10000000000000
00000000010000
00000000000000
00010000000000
11100000010000
00100000000000
01011001010000
10100010000000
00000010000000
00000110010000
00000000001000
00000101000010
00000010000000
00010010100100
00000100010100
01001000010010
00000000101000
00100000000100
00000000000000
10000000000000
00000000100000
01010000010101
00001100011000
00000000000000
00000000000000
10000000000000
00000000010000
10100000001110
10000000100000
01101001000100
10000000000000
00000001010000
00000000000000
00000100000100
00000000000000
00000000000000
00111010100000
00000000000000
00001010000010
01001001100000
10000000000000
00100000000001
01100000000000
00010000000000
00000000110101
01000000001000
00000000001000
10100100000001
11000100000000
10000000010000
00100000000001
00000100000000
00000001010100
00001000001000
01001000100000
01010100000000
00000000000000
01011000100000
00001000000000
00101011000001
00000000101100
00000001000000
00000000100001
00111000000010
00000001000000
00010000000000
01010000000000
00000000100000
00000100100000
00000000100000
00000000100000
00100000000000
00000010000010
00100100000001
00110101000000
11000100001000
00000000000000
00001000000000
00000000000000
00000000000001
10001000100001
00011100000000
00000000100001
00100010000000
00000000000000
01000000000100
00000010000000
00000000010000
10000000100100
00000110000000
00010000000010
00000010010000
10100000010000
00010000000100
00100010000000
10001000100000
00000000100100
00000100000000
00000001100000
00000000000110
00001100100000
00001000000100
10001000000000
00000100000000
00000010000000
00000000010100
00100110000000
01000001100000
00000000000000
00000001000000
00000100000000
Time = 0.222s
