n = 12, k = 11, m = 108
Expect Resample Times = 0.368883
Real = 1
Result:
000000000000
000000000000
000100000000
000000000000
000000000000
000000100010
000000000010
000010000000
000000000000
000110000000
000000000000
001000000000
000000100000
000000000000
100000000001
000000000100
000100000000
000000000000
000000000000
000001000000
000110000000
001000000000
000000100000
000010000000
000000001000
000000000000
010000001000
000000000000
000000000000
000000000100
000000000000
000000000000
100100000100
000000000100
010000000000
000100000000
000000000000
000000000000
000100000000
000000000000
000000001000
000000000000
001000010000
000000000000
000000001000
000000000000
001000000010
000000011000
001000000001
000000001000
000001000000
000000001000
000000001000
000000000000
100000000000
010000100000
100010000100
000000000000
000000000000
000000000000
000000000000
000000000000
000000001000
000000000000
000000000000
000000000000
000001000010
001000000000
000000010000
000000010000
000001000001
000000000010
001000100000
000000000000
000000001000
100000000000
000000000001
000000000000
000000010000
001010000000
000000000000
001000001000
000100000000
001000000010
000100000000
100010000000
100100000100
100000000010
000000001000
000001000001
000000100000
000010000000
000001000000
000000000000
000000000000
000000000000
000000000000
001000000000
000000000000
010000100100
000000000000
100000000000
000000000000
000010010000
100000001000
000010110000
000000000000
000001000000
Time = 0.001s
