n = 9, k = 5, m = 459
Expect Resample Times = 0.365974
Real = 0
Result:
011101010
110111010
000100010
110001110
101110100
011011110
010011101
101011000
011101111
110011111
110011001
000100110
010111011
110100100
100110111
010101110
011010111
001010100
010001101
001111001
101101001
111010001
111111111
111100000
111001000
111011010
110101110
111110001
011010000
110100111
000110000
111110011
100100010
101001000
110000010
001010001
010010000
101111100
001101000
110100011
011111100
000100111
001111011
010011111
101110001
011000000
100011110
101011100
000101011
111101100
010111101
010001000
101001100
011110110
111111010
110101110
111000101
010010110
101111111
100110110
001101110
100001000
100101001
011110001
000100000
010001011
111001010
000010000
000110111
001101101
101000111
010110101
100100101
110010001
111111110
010000100
101100010
010100101
111010100
101000110
000001000
110001011
110101001
111001110
000110010
010100100
111101001
010100111
011100100
010111110
101001110
111011100
100101110
001110010
100011000
100000000
010000001
100011110
010001101
010100010
100101101
110110011
010011100
001111001
011000101
010000110
100011111
000101101
011001101
011110110
011011100
001010111
011100011
110001111
110101001
010111010
110010010
100110001
101001011
000001010
110001100
111110110
001001100
010000111
000110111
101010001
001010011
001100011
111100101
011110101
010110001
100001100
111000100
010000100
100001000
101100011
100110110
110011001
100011001
011101011
011010111
110011011
000101001
000101001
101101000
100100111
001111001
110110000
101110110
111011100
100011101
110000110
011000000
011100011
000010000
011100100
001010011
101011101
000100100
100110010
011000010
101111001
110101011
001001010
010100000
001101000
100000110
111010000
011101100
011101101
111001110
101001101
011101010
000101111
110111011
101010010
001010001
111110010
101010111
110001001
101011010
110010011
010001000
000110011
101000000
010001110
011010100
010111011
000100101
110101101
101010000
011110111
010100111
000010000
100011110
110000101
100111011
001001000
100011000
100101110
110010010
111110111
110100101
011111101
001111110
101001101
011011101
011010110
110001110
010101010
100111010
010010111
011010010
100100101
010110001
010110010
111000010
001010111
000110110
111000011
111001000
000001011
111110110
110011011
110010101
011010101
011110100
111011100
110011100
011010110
001000101
100100010
000010101
011100110
111001010
101000110
110100111
001111010
110111011
001000110
110110010
111010110
111110001
000100100
010000111
111110000
100000010
101110111
101101000
011101010
111100101
001011011
011000100
101101001
010001100
000001100
100100000
010101111
101101101
101101001
011101010
011101100
110101001
000000000
010100011
110101000
101001110
111101111
110000110
011100000
000110001
100011001
000110000
100100111
010011111
010101011
000101111
010100000
000010000
011100101
100101110
000111100
110101011
001101010
100101011
110001001
110001000
110111101
000010100
111110001
111010010
000101001
011100110
111010000
000110001
000010011
010011001
110111001
111011010
011010011
110000110
001101100
011101011
100110101
010000101
110111011
010100100
111110100
000100111
100100011
000000001
100011010
100101100
001000011
101110101
110101101
010000100
110000110
011010000
000101101
010001100
101110001
110101001
100011000
101101001
110111101
010111111
001100111
001110011
000001110
010110100
011001010
010011110
010011000
100100011
110010101
010010000
101111111
010000111
100011011
100001001
001011010
111110101
011011110
001001100
100000110
011110111
101000001
000010100
011110011
011100001
111011001
000001000
000101100
010010100
110111110
111000001
101001100
010001100
000010001
110001011
101110010
011000100
001110110
000000111
000110010
100001100
100011001
001001101
001111111
111011001
010100110
111000000
100000111
011000010
110001101
000011111
101000000
100011010
101000010
111011000
001111001
101010101
011011110
010011101
001111110
001001101
100100000
100110010
000111101
000000110
101110010
000101111
100010010
101011100
100011110
100001101
010101100
001011110
110111000
101011011
001101100
000001100
000000110
100011100
000011000
110010011
000000111
101111111
010101010
111110000
110111010
011011110
010000000
001111101
011010101
111001001
100000001
000100001
000100010
100100011
100011111
111101011
110110010
100100010
000010001
101100111
010101101
111111101
110011000
001110110
001000000
000100110
100000000
110010010
101011010
001110010
011111000
111000011
101111001
111101010
101101110
011111111
100100111
000011000
000111101
111111010
000101011
001001000
000101010
111001110
010010100
100010100
101111111
101110001
101101100
000011011
000001011
010000011
Time = 0.004s
