n = 15, k = 7, m = 236
Expect Resample Times = 0.357164
Real = 2
Result:
000000000000001
000010000000000
100010011100000
010000000000000
000001000000000
000000010000000
100000000100010
000000001000000
001100000000000
010000000001001
000000000101000
000100000000000
000011000000000
100000000000100
001000000011000
000000000000110
000000000000001
000000100010100
000000000000010
000010000100011
010001000000000
000000001010001
101000000000100
000000000000010
000000000001001
001000100000000
000000001010000
001000000000000
000010010000011
101000100001000
000000000001000
000000000001000
000000000100111
000001000000000
000001000000000
000000000000000
000000001001010
000000000000010
010000000000000
010001000110010
000001001000100
001000000000000
000001001011000
000000000000000
000001000000000
000010000000000
000000100101000
010000000100000
000000001000000
001000000000100
000000100000010
100000001000000
010000000000000
000001000000000
000000000100000
010000001000100
000000000000000
000000000100000
001000000100100
000000011000000
000010000000010
000000000001000
000100000000000
000000000010000
000000000000000
000110000000000
001100000100000
000000000010000
101100000000000
100000010001000
001010000001001
011000101001010
000001000000010
000000000000001
000000010000100
000100000010100
000000000000000
000000000000000
000010000000000
000000010000000
011010000000100
000000000000010
000001000000000
010000000000100
000100000101000
000000010000100
000000000000011
000011000100000
011000100100001
000100000001000
000100000000000
010100001000010
000100100000000
000001000000000
000000000000001
000000000000100
100000001000000
000010000000000
000000000000001
000000010010000
000101010000000
000000010000000
000000001100001
001000100000010
000110100000010
000000000001000
001000000010010
000000010000000
000001000000000
000001000001010
010000000001100
001000000000000
000000000000000
000011000000000
000010000000000
000000000010000
000000000000001
000000001000000
000000000000010
001000000100000
000011010100000
001000000000100
000000010000000
000000000000010
000000000100000
000100000000010
000000000001000
000000100000010
010001000011000
000000000100000
100000010000000
000000000010000
000010100010100
000000000000001
000000100100000
000100000000010
100000001000000
000000000000000
010000000010000
011100001000110
100000000000100
000000000000010
000000000000000
001000001000000
000000000000000
000110000001001
010001000100000
000001000000000
000000000000000
000010000000000
100000000001010
010000000000000
000100000101000
000000000000100
110000000000000
000000000000100
001101000000001
000100000000000
010000001100010
010000000010000
000000001001100
000001000000100
010001000001010
000000010000000
000000100000001
000000000000000
000111000100010
000000000100000
000000000001000
011000000000001
000000000000000
000001000010100
000001000000001
000000000000000
011000000000000
000100010001010
000000000000001
000101000000001
001000001000110
000010000010000
000000100001001
000000111000000
101000001010010
000010001100000
001000000001100
010010000000000
000000000000000
000000000100000
000000100010001
000000100010010
000011000000000
000000000100010
000000000000000
001000000000100
000000000000000
001000001000000
100010100010010
000000000101110
010000000010000
000001001000000
010000100000100
000100000100000
000000000000010
000001000000010
000000000000000
000000000000000
000000001000000
000001010000010
110101000000000
000010000000000
000001100000000
000000000000000
000100110000000
000000000100000
000000000100000
100000000000001
000001000000000
000110000000000
100100000000000
001001000100000
000000000100000
000000001000000
000101010000000
010001000010000
011000100000000
001000001010011
001000000000000
000000000000000
000000000000000
100000000000000
000000000000000
000000000000000
000101000000000
000000010000000
000000000000000
101000010010000
Time = 0.359s
