n = 14, k = 13, m = 132
Expect Resample Times = 0.374427
Real = 1
Result:
00000000000000
00000000000000
00000010000100
01000000001000
00000000000000
00000000000001
00000100010100
00000000001000
00000000000000
00100000000010
00000000000001
00000000001000
10000000000000
00000000000000
00000001100000
01000000000001
00000000000000
00001000000000
00000000000001
01000001000000
00000000000000
00000000000000
01000010000000
00100000001000
00100101000000
00000100000000
00000000000000
00000000000000
00010010000010
00000000100000
00000000000000
00000000000000
00000000000010
00000000000000
00100000000000
00001000100000
00010000100000
00000000000000
00001000010000
00000000010100
00000000000000
00101000000000
00000000000000
00000000000000
00000000000000
00000000010000
00000000100000
00000000000000
00000000000000
00000000000000
00000001000000
10000000001100
00000000000000
10100000000000
00000000001000
00000100000000
00000000000000
10001000000100
00000000100000
00000000000000
00001000000000
00000000000000
00000000010000
00000000000000
00000000000000
00000000110000
00000000000000
00000000000000
00000000000000
01000000000000
00001000010000
00000000100000
00000000000000
00000000000000
00000000000000
00000000001001
00000000000000
00001000000010
01100000000000
00000100000000
00001000010000
00000100000010
00000000000001
00001000000000
00010000000000
00000000000000
10000000000000
00000000000001
00010000000000
00000000000000
00000000010010
00100000000000
00010000000001
00000001000000
11000101000000
00000000000000
00000000000100
00000000001000
00000000000000
00010000000001
00000000001000
00001000000000
10000010000000
00000000000000
00011000000000
00000010000000
00000000000100
00010000100010
00000011000000
00000000000000
00100000000000
00000000000010
00001100100100
00000010000100
00000000001000
00000000000000
00000000000000
00001000000001
00000000000000
00000000000000
10000000001000
00000000000000
11000000000001
00000000000000
00000000010000
00000000000000
00000010001100
00000000000000
00100000000000
00000101000010
00000000000001
00000000000000
Time = 0s
