n = 13, k = 9, m = 227
Expect Resample Times = 0.363989
Real = 2
Result:
0010000000000
0000110000010
0000000000000
0000000000000
0000000100000
0000000000000
0000000000000
0000000000000
0000000000100
0100010001000
0010000000000
0000000000000
0000000000000
0110000100000
0100000001001
0000000000010
0000100000000
0000010010000
0000100000000
0100010100100
0001000000011
0000100001000
0001000000000
0100000000001
0000000000000
0001000000000
0000100001000
0000100100000
0000000000001
0000000000010
0000000000000
0100000000000
0010000100000
1010100000000
0000001000000
0000100000000
0000000001000
0001000000000
0000010000000
0000000000000
0000010010000
1100000000000
0000000001000
0000010000000
0000000000000
1010100010000
1000000010000
0000000000000
0000010000000
0001000000001
0100110000000
0000000000000
0000000000000
1000100100000
0100001001000
0000100000000
0000000100100
0100000000000
0000000100100
0000000000000
0000000000000
0000011000100
0000000000000
0010110000010
0000000000000
0000000000000
0101000000000
0000000000000
0100000000000
0000010000100
0000000000000
0000000011000
0001000000001
0000100010000
0000010000010
0000010110000
0000000000000
0000000000100
0000000000010
0000100010010
0000000100000
0010000000000
0000000000100
0100000000010
0010000000011
0000000000000
0101000000100
0000000000010
0100000000000
0000000000100
0010010000000
1010000000000
0000000000000
0000000000000
0000000000001
0000000000000
0000000001000
0100100000001
0000010000100
1100001001000
1000000000000
0000000000000
0001100000000
0000000000000
0000000101000
0000010000000
0000100000010
0000000101000
0000000000000
1000100000000
0000000000000
0010000000000
0000010000000
0001100000100
0000000000000
0010000000000
0000100000100
0000000000000
0010000000010
0001100000000
0000001000000
0000000000000
0000100000000
0000100000010
0000000000000
0000000000000
0011000000000
0000000010000
0010001000000
0000000000001
0000000000000
0000000001010
0000000010100
0000000000010
0000000000000
0001000000010
1000000000000
0001000000000
0000000010000
0000000000100
0000000000100
0000010001010
1100001001100
1000000100000
0000010000000
0000010000001
0010000101000
0000000000000
0000000000000
0000000000000
0000000000000
0000010010000
0000000100000
0000000000000
0110001000000
0000000100010
0000000000000
0000000000000
0000000000000
1100000001010
0001000000000
0100001100000
0001000000000
0000000000000
0000000000000
0100000000100
0000000000000
0000000001001
0000000000000
0000000100000
0100010000100
0000010100000
0001000000010
1100000000001
0000000001000
0000000110000
1000000000000
1000010001100
0000000000000
0000000000100
0100000000001
0000000100000
0010000000000
1000000000001
0010000000000
0010000000000
0000000000000
0000000100000
1010101000000
0000000000000
0000000000000
0001000000000
1000011000000
0001000010000
0000000000100
0000000000000
0001000000000
0001101100000
0000000000110
0010001000000
1000000000100
0000011000000
0000000001010
0000100000000
1000000001000
0000100000001
0000000000000
0000011000000
0000000100000
0000000100000
0010000000000
0000000000000
0000000000000
1000000010110
0000000001000
0000000001000
0001000000000
0000000000000
0000101000000
0000110000000
1000000101000
0000010000000
0100000000000
0000001000000
0010000000110
1000000000000
0000000000000
Time = 0.02s
