n = 14, k = 2, m = 47
Expect Resample Times = 0.582862
Real = 1
Result:
01100000000010
00010011110000
00010110100001
11111101110010
11011011100110
01110010000110
10111010010000
10111000111000
00100101001001
01100001011000
00100010000001
01001110100000
00011001101011
11010010001111
00010110000011
01011100001010
10011010010011
00001000011000
01111000000001
00001100111001
10110011010010
01000000110101
10100010111001
10010000011110
11110010001010
10010111110000
01110010100010
01000011000010
10001010100111
11001000100000
00000010010101
10000001001111
10101011011011
00101111111011
11010010010010
10100100001001
00100101010100
00001000011100
10000110011000
10001010100101
01100000111011
11001010101101
10101111100001
10110011001000
01111000010010
11000111011001
10101111110010
Time = 0.004s
