n = 17, k = 2, m = 59
Expect Resample Times = 0.773161
Real = 1
Result:
10010100001111100
11111011111010011
00000110011110100
10110110001010000
00100111001010110
00001111101100110
00011000110111000
10010010100010100
11011010110110100
11010111011111001
10111100011100010
01100001011010010
10000001011000100
01011011100010100
00101100111010101
01110011100000000
01001011010111100
00110011011111000
11111100010101110
10000000101010010
11001010111100000
10110010101010010
01100010111100110
01001000111111000
01010100101111111
00110101000001111
01010011001001100
10101100010011001
01001001010011111
10101001001100100
10010101011000011
10010010110010101
00111101110111100
01011010101101010
11110010000011110
00101110100010011
11000110100011000
10000000001001101
00101101101011011
01001111010110101
00000111110111010
01010111110010111
01101010100010111
01110101011010110
00001001010011111
11111101011001010
11000101110100001
01001110010011111
11110101010001110
00000101000001010
01000110001100101
11011100110000111
10001000000111100
00011011001111100
10100110100111010
01111110000011101
10001110111101010
10010010001110000
00001010100000001
Time = 0.008s
