n = 16, k = 2, m = 58
Expect Resample Times = 0.72772
Real = 0
Result:
0010001000011001
0100101111011100
1001010111001110
0111001111000011
0000110000111111
0001001110110110
1000000100100111
1010011110100010
1110110000111001
1101010100110101
1010110001010100
1001101101000110
1111001111110111
1001101101000101
0100110111111101
1110000010001101
1110010101010011
1110011001100110
0110001101011011
0100000010111011
0000101101000111
0100001101101011
1110101111101111
1111011100000111
0000101001010000
0101100001110111
1100110001110001
0111110111000110
0111010111000101
1011111000111001
1100100101101010
1010001011110010
1111111010000011
0011011101100101
0110011100000010
0111110010010111
1111010010111001
0000010110011110
1001001100101101
1011101011111001
0010110101101100
0100010000000100
1001111110000010
1111110111111111
1100101101001000
0111111100000011
0101000101101001
0010100100110011
0110101101101000
0010101001111111
0101010000110100
1000110010000111
1110011110100010
0001000111000001
1001101101011010
1110001101110000
1100010010111000
0111110110110001
Time = 0.014s
