n = 9, k = 6, m = 112
Expect Resample Times = 0.367494
Real = 2
Result:
000001000
000100010
000100000
000101000
000000110
010100010
000000000
000000000
010000010
000000000
000011010
000101001
000000000
000000000
000000000
000001111
000000000
001000000
100000100
001000000
000000001
001001000
000000000
010000100
000000000
100000010
000000000
100000001
100100000
000000000
000000000
010000000
000100100
001000100
000000100
100100000
000001100
100001000
000101000
000010000
100000100
000000000
100010100
000000000
000010000
000000001
000000110
100000001
000000011
100100000
000000001
000010110
000000000
000000000
000000100
000000000
000010100
000000000
010000001
000100001
000000000
011000100
000000000
000000001
000000100
000000000
000000010
000010000
000000000
010001000
100000000
001000010
000000000
001010001
000000001
000000001
000001000
000100000
010000000
000000100
001000000
010000000
000000000
100000000
100000000
010000100
000110010
001000010
110000000
011000010
000000000
000000000
001000001
000000000
000010100
010110011
010100101
001001010
000000000
001000000
000010010
100000100
110011000
000101000
000000000
100000100
000000100
010100010
000000000
010011000
010000000
000101000
Time = 0.002s
