n = 7, k = 3, m = 54
Expect Resample Times = 0.341463
Real = 3
Result:
0001000
0100000
0100000
0010101
1010000
0011001
0010001
0001000
0110000
0001000
0110100
1011000
0000100
0100011
0000100
0011000
1001111
0010110
0000001
1110000
0000000
1000100
1000000
0000001
0001110
1000110
0101101
0111010
0010110
0100000
1101000
1101000
0111010
0001000
1000101
0010110
0010000
1101001
1001100
1000000
1011001
0000010
0011001
0010000
0110111
0010000
1101000
0010000
0000000
0100001
0000100
0111100
0111100
0011000
Time = 0.002s
