n = 8, k = 5, m = 389
Expect Resample Times = 0.367894
Real = 1
Result:
00010111
00010100
11101000
11001110
10110000
11110001
11011000
11110001
00011010
00010011
10111010
11101101
01000011
00010001
10011010
01011010
10110101
10100000
11011110
11011110
00001010
01110001
01010000
01010111
10011000
01010001
01111100
00010100
00001000
10110010
11101100
11111111
10100110
01001110
11001101
11111100
00000000
11100000
10110111
11110000
01001011
01111101
00000010
00110010
00110010
00111010
00010010
01001011
01101101
10011010
00011001
01111101
11111101
11000001
00011110
11010010
01111001
11001110
01001001
10100010
10010011
10001010
11111011
01001110
10100010
10101010
10101110
01111010
01010101
11101010
11011001
01111000
01001100
10110110
10011010
01101101
00111000
10101001
01001010
11111011
10111111
01011000
11100110
10010111
00000011
00101110
00001101
11010110
01011001
10010011
11100100
00010000
10010110
00110110
11111110
01110011
01111000
01001010
00101111
00101110
01100101
11110010
00001111
01100110
10011101
10100110
00001010
01011100
11011011
01010110
00110010
00000001
11001101
10101001
00110111
00010110
10100001
00100111
00011010
00111011
10001110
10101101
00111101
11010100
10011110
11111010
00100110
10000100
10010000
01011100
11000100
10111110
11111101
00001110
10011001
10110011
01110011
10110000
01010001
11111011
00101111
00010111
00111000
10010000
11011100
10000110
01011111
01001110
11011101
10000101
11110001
00001101
10010101
10000001
00000011
11000000
11110001
00000001
11011011
01001111
00010000
01110011
10100011
10101111
11101000
00000101
00000100
10100101
10100101
01110110
11011110
11100011
00000000
01101111
00000100
00111001
00011110
01011000
10001100
00011011
01111011
11011111
01110101
11100001
11000110
10000001
10001001
00111011
00100100
11100010
00011111
11001000
10111011
01010111
00001100
11010110
00100111
10011101
01100011
10000111
10010100
11110111
01011100
11101010
10000111
10110100
10101101
01100100
10110000
11011010
01010101
01010000
10010101
11110111
00000110
10001001
10101001
10100100
01110101
01011110
11011001
00100101
11000011
00000110
10110101
00111010
01101110
10011010
01010111
01010001
01110000
01100010
00101101
10100010
01100001
10011110
00011100
01110010
11000110
00101110
11000010
01011001
01100001
11010110
10100100
10101010
00001001
00010001
00111110
10100110
10000100
00011110
00010010
01111110
11100111
00111110
00101101
00011000
10000111
01100010
10101010
11000101
01010000
01011010
01100000
01011010
11011001
11000111
01101111
01011111
01001011
00101111
11011110
10011011
01110101
00101101
11111001
01000000
01001001
11111111
11110010
11011000
10100101
00000110
01000111
00010110
01011110
01011001
01110110
10010111
10101111
01011010
01000101
11011001
11110100
10001111
00011010
10000011
00001000
00001000
10100111
00001110
10111001
10110000
11000110
00101010
01101111
00010001
11001011
11100010
01001000
10110011
01000110
11001110
01000001
11110000
01110100
00111100
11001100
11011100
01011011
11110110
11011110
00110010
00010001
10010010
01101101
10101001
01101000
01000000
01010111
01001001
00100000
10100001
00011001
11010010
10011001
11011000
11101111
00110010
10110110
00110110
01110001
11001110
01011000
00000110
00011000
00110001
01001011
00001001
11111101
11110101
10100110
01101110
01100001
01100011
00010100
00110011
00000010
11110010
10010110
00110011
01000000
11010101
00010010
01000110
10111010
01011001
10010000
11100000
10000101
01011000
10100011
11110001
00000010
10101110
01010001
10000111
10100110
11001001
01000111
01001110
10000101
00000010
01010100
11111010
10111010
10101100
11001011
Time = 0.003s
