n = 11, k = 5, m = 129
Expect Resample Times = 0.362082
Real = 3
Result:
01000010000
01000010000
00000000000
00000000000
00000010001
00000001000
00010000000
00010000010
10001000000
00100000100
00000011000
00010010011
00000010101
00010000011
00000000011
00001100001
10110100000
00001000000
00100000001
01000000000
00000000000
00000000000
00000000100
00000010011
00001000100
00000000000
00000001000
00000000010
00000000000
01010000000
00000001001
00000000111
10010001000
10000000000
00011001000
00000000000
00100000001
00001000000
00000000000
10100001000
00000000000
00000000000
00001000000
00000000100
00000100000
01000000000
00000010000
00000100001
00110010000
10100000001
01000000000
00000010000
00100100010
00000000000
01000000000
00000000010
00000001000
00001000010
00001010010
01001110000
01000000001
10001011000
11000010001
10000010010
00100100000
10011000000
00010101100
00000001000
00000010010
00000000100
10011000001
10000010011
00100100010
00010001010
00101000100
01000000000
00000100100
00001000000
10001010000
00100000010
00000000000
00000101000
10100000000
00000000100
00001000000
00101000000
00000010000
00000011000
01000000000
00010000100
10001000000
00000001100
00001000000
00010000000
00011010000
11010001001
00110000000
10000100001
00100000000
00100000001
00000000110
00100010000
00000000000
10000001000
00000001000
00000011101
00000100000
10000000000
00010000000
00000000000
00000000001
00000100011
00000000100
00000001110
00000001010
00000001001
10000100100
10000000000
00000000100
00000000000
00000000000
00000000000
00000101000
01000111000
10110100000
00000000000
01000010000
00100000000
01100000000
Time = 0.014s
