n = 12, k = 5, m = 611
Expect Resample Times = 0.367252
Real = 3
Result:
010010001101
001000000000
011000101010
010110111010
011000111110
101110101011
011111010110
110010001100
000011111001
000100010011
101010100010
001101110001
011000100101
110101101011
010101010010
000001011011
001100111001
101001100010
110110110011
010100101101
110000000100
001110001001
101001100111
000100011101
101100110000
100010101111
110111011001
001101001100
011001000101
110000010011
110001010100
110011101000
010101010010
101001110111
111111000110
000001001111
000011000000
100111010111
110111010010
101100011000
000010110100
111011100111
001111011010
110001011100
000011000010
011101110101
011111000101
101110111101
010000001000
001111101101
101110010010
100011001100
111000110001
011011100111
001010010110
010000001110
110110110001
110110011100
111010111011
010100000010
111111010110
010111000011
000000010101
101100110011
111110000111
100110100111
100100000001
101011111110
110001000000
010001110010
101101001000
111101111011
010100111110
101000000100
000110001101
011001011101
111100111010
000100100110
110111011110
011011010110
110000011110
110100111101
001101001011
110011101100
001001111111
000100110100
000100111110
010110110101
000000101010
110000001011
011111001010
001100100001
101101011100
011011011100
100000000000
011000111101
010010110101
100101000010
001101011110
100001010110
001111110101
001110011110
010010001000
111010011101
100010101101
000111000010
010000011100
111011010111
110110111110
110111001111
001101110000
110100100001
110100110000
100100100110
010011100100
110111101000
110101000110
101010110101
111111101010
110010111011
110001011001
000011100110
001001001100
110010110000
100010110111
010110101000
100000000101
100010010110
001101011111
111110101101
101111000110
100010111010
100110111010
000101000000
110110011111
110100010101
011110000100
110001111001
001100110110
011001101010
010001100011
011001011011
001001101000
101111011000
111011100100
000101111010
100000000001
001010111111
010101011111
001101010010
011100000101
111000010100
111111100101
010011100000
011011000000
101100001101
011010010001
110001110100
000011000111
010000100100
111011010000
111000001100
011000101101
011111011111
001000111001
000010010111
111110001001
010110110001
011100100000
101001000111
100011001001
011000110111
011001001100
001101101110
110000111001
011010011101
001010111000
111110111001
011000100010
110000101000
010111010000
000000010011
000110111100
000000110011
101100100011
001100111100
110010001011
001111000100
101100010111
110100001010
011100100111
110100010101
100111111000
001001110100
000000100110
100011100000
010101010010
111110010000
011000111010
010100011011
000100010010
010110011110
111011110111
000011110111
101011000001
101111100100
111100100010
000001011110
001110010101
000011110011
010001101100
111101111111
010011011010
101100000100
111010010101
100110000011
000100110111
101100111011
001100111100
110000110110
001111001000
100111101010
111111101001
111101000011
000010001110
010110000110
101111100000
100011110010
001011111101
011001011101
110101100101
001111111001
011100010011
110011000010
011000001100
111010010110
111000010011
010101010100
001111011001
000000101011
101111100111
011001001110
100101100011
011110101111
101010010101
000001100111
101000101101
110010001010
011100111000
110110101011
000010110100
111100010000
000100010000
000110000011
010111111010
011001000010
010110100100
011000000011
110101100100
100110010101
000100110000
101100100111
100101110011
001010010011
101011110011
100010000101
111110000101
100101010001
000100100011
011001010101
011001110110
011011001011
100011100001
100110011000
011111101111
100100000000
110100110010
000010000010
010111011101
110010101101
111101011010
000011110011
010110110111
010000100011
010110000011
100001011011
011110001110
001010011111
100010111100
000001010001
111101111111
111000000100
010011000010
011011110010
010101111000
000110100100
110011010001
111111001010
110111000100
011011100010
000011110101
000101000000
111101001101
000111110101
010001110011
101100011001
111111010100
101110011000
111101011011
100000001101
000100001011
100001010010
010111011011
110100100110
110011110111
110000011010
101110111000
001110011001
011111110100
000100001010
000111100100
000010011001
000111100101
101101011101
101001000001
110001010101
001110101010
111101101010
111101101000
000010101010
110011101100
111010011101
100010010110
110101110101
011011100010
001100001101
100111111010
100110000010
001100100011
001000111010
011001011110
011101110100
110001011011
010010010100
101100000000
000111011000
110000000001
010110000101
100110110000
000011100000
110010010101
001101001111
001111101101
011100000101
100100111001
101110011011
110010001111
010010100110
100100001001
101011011100
110111101100
011010100110
111010110010
000111001010
111100001010
010110110110
110111011111
010001001110
110010010010
001011001110
110110011001
110001100111
101101101111
101000011011
100100011011
110010010000
001001000011
010000100011
011011010110
000010001001
000100100010
110011001000
010011010110
101100111111
100111101001
101010000110
110001100100
111011010001
011000010010
010001010001
001000010101
111001101011
011101110010
010001101010
111000110010
011010010001
100110011100
001111011001
111111001011
111010100010
100101111110
111100101000
000010001010
111111001100
100000111001
111100001000
110110101010
010010011001
100010000000
100001100111
001100100101
111010000000
110111010110
101010011000
100110010000
000111011111
011000110110
000101111000
010011101001
110011110000
011110000111
010111001110
110010111101
010001111001
101001111011
101000001111
010010000011
000001100110
111001011010
010010100011
001111110010
101101010100
110000010000
011110011100
010000101111
101001000101
101100000011
100111100011
111111000011
001000001010
010100111110
111110010011
110111111000
111001111010
000011101010
010010111000
010100100001
000110010111
001110100001
110111010001
111000100111
000010101011
000010000111
011101111100
000001000001
100011100101
011101011011
101001001110
011101100111
001010011010
010011100100
111100000011
000111001011
111011100000
000011010100
111001111010
110101001010
100100011011
011010011011
000010001010
001011110000
001110001011
101011010111
000011100111
000111000100
000101011001
110001000011
010001000011
000000001010
111010110101
010001010001
101100010100
110101111000
111000100001
111001110110
101010110001
001001100110
000001001111
110100001110
101010111001
100000000011
001001010110
101110010000
010101010111
010001101010
001110010010
011010100111
101010001010
101011010100
010011001111
101000011011
010010001101
010111001010
010001111111
110000000110
100101110111
011100010000
011111001000
100010110100
000110010111
101010111101
110010111001
100011110100
111101110101
110101000000
100101011000
111111001101
000101111011
110111011000
000010000011
100101100100
011101000101
111110011011
101100110000
001100111001
111000001101
000111111000
111000110110
111010011000
000111000010
101100101011
001011000011
010010011000
000100100001
110111100010
111010101110
011001010100
010111001111
111110000001
100010000110
001111001001
111101110111
110111101001
100001000011
100111011111
000011011111
100010011001
001101000000
110000001010
010000000010
000001001111
000011111101
001010010010
101110101111
101010000000
110101100001
110010010000
000111101001
110111111000
101111000111
001101011101
110101010010
000010100001
011001101110
100011110100
110110011100
101010001000
011010100011
111101101011
100001110101
010000101101
101011111100
100000110111
100010000001
000111001101
010100000000
000000110110
011101000110
001001000110
000100000010
011110001100
011011100010
010111110010
000001100100
100101100000
010011111100
010001111101
010011010001
101111101011
010011100101
010000101011
010001000000
010000000101
110100101100
001100111010
001111100011
100111100101
010010111111
110000010100
001100111100
101011111100
000100101111
110011101111
011100011110
000111000101
001111101011
101101000100
100000110000
000111101011
011101011110
011001010110
Time = 0.171s
