n = 16, k = 5, m = 747
Expect Resample Times = 0.373791
Real = 0
Result:
0111101000010110
1100011111111000
0010111100101110
0001010000001101
1110001000000011
1111010011100100
1000101100101011
0101101101100110
0000100011101110
0001100000010011
0100001011011011
0000111101010101
1110010110110011
0011010010100100
0001100101001000
0010110011010000
0010000111111110
0000010101000010
1011000011100101
0111001010110101
1111001110110101
1101011001000000
0110010110110100
1001100010000011
0010101000011011
1001010111011101
0100110000111111
0111111011010001
1000000000111000
0110001001100101
0011010110010101
1110100010110100
0011011001110100
1100101010010100
1001001101101110
1010000110100010
1010100101011110
1101011011101111
1111010100111110
0011111100000111
1011101011000111
1001111011010001
0010100101010001
1110011101011011
0000011101111000
0111100000001000
0010110110010110
0000010010110100
1000000001111100
1101011001111111
0011000001000101
0101011010100001
0011000000001111
1110101111001101
1001110111101000
1000101111000101
0001110010000101
1010111001010010
1111001110011111
0101001010111010
0110100010011110
0101110110001011
1111001111010101
0011111000000000
0110100100110000
1100001110101101
1100110010010111
1101110001101000
1001110100100010
1000101001111110
1011111110100011
1001000110011011
0101101100110011
0001110011000011
1010110101010110
1101001010010010
1000111101001101
0010001000110110
1000000001011001
1001010000111000
1010011010001010
1101101010010111
0101000111100000
1111101011000110
1000110011110101
0000111011011010
1011110000111011
0100001010000010
1001110101011011
1101100101001101
0011000111010011
0111000101101100
1011000000011110
0100101000000111
1110111111101111
1011011101111010
0010001110001101
0010010110000010
1001011110110011
1101111101000110
0001111111111000
0011111101111011
0111101101011110
1100101101011001
0101001111111010
1011010000100000
0000010101101011
1000001111011000
1101110110010100
0111010100101101
0101010000011101
1001101100010000
1001011001101001
0011100100011001
0011001111110010
0010111101100001
0100110010011111
0011101010010100
0010011100111011
0011010101001100
1001001100010000
0101010011000100
1000000101100110
0011111100100011
0010101110011111
0101100001100001
1101111100000111
1100110001001111
0000010101011100
1111100101111011
0111010111000100
1011001000010010
1001001111101011
0010010011111001
0111111001000100
1110101010001010
0010100110000110
1001011100001001
1010111110001011
1100011011101111
1000000011101000
1000010100010111
1011000111001001
0000111111011111
0011101010010000
0000000001000110
0011010011010110
1010011010100110
1011010110011110
0111100110010000
0110111001010100
1110110101011001
1101000110100110
0001011110011000
1011100000001110
0011100111000000
0010001001100001
1001010111001100
1100111000011101
1110101111000000
1000101101111101
0000110110100001
0011001011100101
0101000001011100
1000100011001001
0110111000111001
1011000110110001
0111010011010110
0011011111101100
0000100001111100
1100000001000111
0001111001011011
0111111011001001
1011010100010111
1001001101011110
0000000001110000
1010010110100011
0101110010011110
1011100010100010
0111011010001011
1000011001000110
0101000000100000
0101101000000111
1100110010001100
0010101000101100
1010010100001000
1011011100001010
1110011101110101
1110110110001001
1011010100001111
0111011101000001
1101100010011010
1110000011110100
0011011010101100
1100100000110111
0111001000101100
0110101111001000
0101101100001110
0000110001001101
1000001010101110
1001101011101011
1111100110011010
0000000100011010
0100011100100000
1101010100011111
0001111001111101
1000100010011010
0010110000010100
0010111100010010
1000101110001111
0100100000011011
1101011000001110
0011101110001101
0111010111100000
1001000000111000
1101001011011101
1010000011001001
0111110110111110
1101010000010011
1011110001000010
1110001101110000
0100001001110101
0000011011000101
1001011000001110
0000000101001011
0011001000101101
0101111110000010
0100101011111000
0101110111011001
0001110111100010
1001011111101010
0001101101110000
0011011100100011
1000100111111011
1111011001001100
1110100100001110
0101111011111000
0010110000100000
1100011011101011
0111100101011101
1001100001011011
0111001101101011
0011011011000110
0101011100111101
1100100010100000
0110001000100000
0011001100110111
1101001001010101
0001011001000100
0001000000011010
0000010000000010
0101100101011000
1001101000011000
0110101111111011
1101000100000001
0001010000001100
1001110001001001
1011000100110001
1011001101011101
1111101100010011
0111101100100101
1110010111111111
0000111001101100
1111010010000001
0010100101101110
0111111011001011
1011110010010010
0010000010010010
1110011110100001
0101101010000111
0010011100101010
1100001001001000
1001001011000011
0001001110110000
1000110010011110
0111110010000110
1011000110111110
0101011111100010
1111111000010000
0111101111010001
1110110100001101
0100100101111111
0111111111000011
0100110010010000
0101011110111101
1110111000011010
0011110111001110
1100100010010011
1100100111000011
0110101101111011
0101110000100100
1110001111001101
0000011000101100
1110110000000110
0011001110100100
1011100010011101
0100011011011101
1000100010101001
1001101110011000
1000101001000001
0011010100111010
1000011111111000
0101011011011101
1100100011110111
0011000110101000
1000101101010001
1110100101011011
0101011001101100
1010101000101000
1101110110111101
1100100101100010
0101001110011110
1101011111000110
0101111000000100
1000110010000011
0010110011111010
1010001010000000
0010011100001110
1100111111100110
1001011000001010
0110010100100010
0010010010010101
0010100111110111
1001011110101000
1101110000111100
1001010111100100
0101011010110000
1000010110000001
1100000100001000
0111011010101110
0000000011100110
0010100010110100
0110100001011011
0100101000100010
0110100111000100
0000111111001011
1111001001101001
1100010110010011
0001110000101100
0111110101111110
1101100000101100
0000011000001110
1000111101101101
1110001110011110
1100101000011100
1101101011010010
1110000010101110
1111001111011010
1110110010001100
1010000100101001
1000010000011111
1111011100101100
0000010110000011
1110110111111011
1100011010111110
0111110001100100
0001110000000110
0000110010100010
0111010000001101
0100000111100100
1111011110111011
0101111010001111
1001111000011101
1111110011000001
0010000011111001
0010011010000110
0010111001010100
1001101001000011
1101100110100100
1010000111010001
0110010110000100
0101000101000101
1111101010111011
0001010100100101
0101111001110011
1110010100001010
1000000110000011
0001000101111110
1001011110111101
0011111000111110
0000101101011100
0011001011110101
1011011110000000
0000101000010001
1011001000110001
0100101010111100
1101010011001100
1010011111101011
0011000001111111
0001111110011111
0010011111011100
0011000000011111
1100101100001010
0011001011010100
0001111110101001
1001101111111110
0100000011101011
0100010011100010
1110110101111110
0111011011010010
1110101001101110
0100110111010100
0111111100010100
0010110100101001
0000110111110110
0000010011001100
1111101011010100
1010011001000100
1110110001011101
1101011100110101
1011110001100101
0101111000110011
1100101010111111
0011010001001100
0111111101011000
0011000000101000
0100010010100110
1010011101111010
1110001101001000
1100001010010011
0001010101110111
1111011001000011
1000010011101110
1010001010100110
0111111101111111
1000111110101100
0010011000111100
1001111010010000
0111010001110010
0111001110001000
1000110010011110
1100111011001001
1100100010001010
1100101111010110
1011001111101110
1010001000000001
0000001100010101
1110010000000011
1101000010001100
0001010101000110
0111111111011110
1001010110110100
0100111110100011
1010111001001011
1001010101100000
0100110001010101
0000011110100100
1110000111101111
1110010110110100
0111110011111110
1011000011000001
1010110101011000
0001111010111110
1001001010000101
0101001000010011
0011101101100001
0101111101011011
1011000000010100
1110010101000100
1110001011110011
1100100001110000
0110001010010011
1010100010101100
0100001100110001
1010101011110010
1110110111010011
1110000010100010
0110101100000100
0110111101011111
1110101010011011
0010001010101000
0110111011110000
0110100000101010
1011011011111001
0000101000111111
0011101010111111
1000100011001110
0110011001111010
0010000010111101
1001001000110011
1011000011101000
0110000011010101
1101101000111010
0101101010010100
1011001100010100
1001110101010100
0101111000000000
1111000111111110
1000011000101110
1111111000111010
1000010101000111
1010001010100100
1000001011000000
0011110101110000
1001001100110100
0111101000111010
1110111111110010
1000011011011001
1001111110111100
0001101010111011
1001101011101111
1001001000101100
1111101010010110
1101010110011100
0011100000011000
0111110011101011
0001101111001110
1001111111011001
1110001100101000
0100111001011000
0110101100000010
0101001011000111
1101001010101110
0011111000010111
0101000101000010
0100010110110101
0000000001110110
1110000001010000
1000001100010111
0010110011010110
0011111010110010
1101100101010010
1000111111010010
0001101110111001
0001011001101100
1011001110010011
1100010001111011
1110100100111100
0011101000011011
0010110010001101
0101010010111000
1100100110111110
0000110001110000
0010000010000111
1011101110001000
1110100101101111
0110010101100100
1010001000101110
0111001001011010
1001101110010000
1111010111001110
1111111001100101
0010100010010101
1010111011101111
0110010110011111
1101000010011100
1111000100111101
0110111101111011
0110111000011111
0110001100111101
1001000000100111
0010101110110001
1011000100000100
0100101111111100
1010011100100011
0100000011001000
0100010000101111
0111100100000010
1010101111001000
0011001000001110
0011111000101000
0001001000010000
1010000100000101
1001001111011011
1101001110110111
1001000100111010
1001100100111000
1011101000100010
1011110010010001
1001101101010001
0001011101111111
1011001000111010
0011001101010111
0000010101101010
0110110111111001
0110010010001110
1101010010101111
0000010000010110
1001001001011011
0101110011101000
0110001111111101
0110100001011011
1100011111000000
1111101001010001
0000100010110010
0010000011000110
1000110111001000
1110000010011111
1000111010101000
0001010101110010
0110010011101001
1100101001011111
0010000101110010
1000001000000110
1101001000001010
0010111111110010
1011111001100110
1001010101101010
1100111010111100
0101010011000010
0101000011100101
1000000001011010
1001010010110000
0001001110011011
0100000010001100
0101110111000111
1000010001100100
0001001110100100
1010101001110101
0011100100100111
0000000011101110
0000110111100010
0010100100100000
1001110111001011
1101101101100100
1001010111011100
0100110110100001
1010010110000101
1101111000011111
1011101110111000
1011100100010001
1010111110011101
0110011101110101
0101001001111001
0011010111110100
0111001100100111
0111001100001000
0110010001111100
0110001101111111
0100110110011001
1100010111101101
0101010010001100
0011100010001110
0010110000110111
0010100111001011
1001000001100010
0100011001011100
0010100100011001
0100100110101011
0101101111000011
1000101001010010
1111111011010001
1100111000000010
0010010110100110
0001001010101001
1010011010001000
1100001000111010
0111010110000000
1011111101111111
1000110100011011
1110010010000001
1101101101000000
0111011000101000
1010001111101110
0000100011000110
0111110100001101
0011011111101011
0011011001100100
0101000011111001
0111100110011001
0000000010010010
1001010101101000
1011101110100010
1011001111011100
0101110011100110
0100110110101011
1100111010000100
0000110111011001
0100011001011111
1110011111100101
0101010000000101
1011011101110100
0011110100011111
1101111011110011
0000010001111100
0111100101110100
1110110100010100
1100101000011101
0101101100010110
0101000011110100
0010000011000001
1011000111100001
0010100101010011
1101110000000001
0011000001101010
0110110101011110
1000110001010111
0000001011111101
0001110000011000
0101001001011000
0110010011100111
0101111111011101
0010000010101010
1101011000010010
0110110111110000
1011101010110100
0001011011111100
1101010000011010
0011100101101111
1010011001010001
1100010011111110
0100000101000111
1011101100110111
1010110110110010
0010010010101000
0101001001100000
0010000111100001
1111011010101000
0110110001101010
1111111010001111
0110101111010001
0010100010000101
1011001111101101
1110110100010001
1111100101010010
0010011001100001
0001011101010010
0111001110001001
1001111110010110
0001001010011010
0111000100100111
0110001011010111
1011110001101111
1101110010000001
1100101101101111
1011101010111011
0001011110110000
1111110011101111
1000100100010101
1011101000100010
0100000010100101
1100011000011010
1010011011001100
1110010100110111
0100010101111010
1010100001000101
0000010000010000
1110000010011011
0111010100110110
0111101110101000
0001010100100111
0001100001100111
0000100011000010
0111011010101101
1101110000001110
1000101111011011
0001110110111101
Time = 0.772s
