n = 11, k = 7, m = 163
Expect Resample Times = 0.361112
Real = 3
Result:
00101001010
01000000100
00000000000
00001000000
10100000000
00000000010
00000000100
00001000000
00101000000
10001000001
00001100001
00000001000
00000000000
00001000100
00001101000
00000000000
00000000000
00000000000
00000000001
00000110000
00000000000
00000000000
00000010100
00100000000
00000000000
00001000000
10000000000
01010000000
10000000000
00000000000
00000010000
00100001111
00000000001
01001000001
00000000000
00000010000
00000011000
01000100100
00000000010
00000000000
00100000000
00001001001
01000000000
00000010100
00000001001
00010001101
00000000000
00100000100
00000000000
00000000010
00000000100
00000110000
00000000000
10000010010
00100000000
00001000000
10000000101
00000000010
00000001100
10010000010
01010000100
00000000000
01000001001
00000000000
00000100101
10001000001
11000001000
00000000000
00000001001
00000000100
00000000000
01000000000
00100010000
10001000010
00000000000
01000010000
00000000000
01100000000
00000000100
10011000000
00000000011
00001000000
10000001000
00001100000
00000000000
00000000000
00000100001
01110010100
00100000000
01010000100
00010000100
00100000001
00001000010
01000000000
00000000100
00000000001
00010000000
00000000000
00000000000
00000000001
00000000000
00000100000
00000000001
00000000000
00000000000
00000000000
00000001000
00001000010
00000000000
00000101000
00000000100
11001000000
01100000000
00000110000
00000011000
00110000011
00000000000
00000000010
01000010000
01000110100
10000000000
00000001001
00010001000
10000000000
10000000000
00010110101
00100000001
00000100000
00000000000
01011000000
00001100010
00000000000
01000000000
00000000000
00000000010
00000000000
01000000101
00000100000
00000000000
00000001100
00010100000
00000010000
10000100000
01000000000
01000000000
00000010011
00000100010
10000001001
00100000000
11000000000
00100000001
00001000000
00100001010
10000000011
01000001000
00000100000
01001000001
00001000000
00000000000
00000000000
00000000000
00000000000
00000001000
Time = 0.01s
