n = 14, k = 9, m = 259
Expect Resample Times = 0.359746
Real = 2
Result:
00000000000000
10000000000000
10001000000000
00001000000000
00001010000000
00001000010000
00000000000000
00000000000001
00001000000000
00001001000000
00000100000000
00011010101000
00001000000100
00100000000000
00101000000000
10001000000000
00000000000100
00001000000010
10001000010000
00001000010000
01010000000100
00001000000000
00001000000100
10100000000000
00001000000100
00001100000000
00001000000000
00000110000000
00000000000010
00001001000000
00000010000000
00100010100110
00000000000000
00001000000001
10001000000000
00000000010000
00001000001000
00001100000000
00000000000001
01001000000000
00000000000000
00011100000011
10000000000000
00000000000100
00000000000000
11001000000000
10000000000000
00000000100100
10101000000000
00011000000000
00001000000000
00000000000000
00001000001000
00000000000100
10000000110000
00001000000000
10100010100000
00010000100000
00001000010000
00000010000000
00000000001000
00001010000000
10010010000001
01001000000000
10000000100000
00001010000100
00000000000100
00010000000000
00000000000000
01011000000000
00011000000000
00001000001000
00000001000000
00000000100010
00001000010001
00001000000000
00000000000110
11001000000010
00001011000000
00000000100000
00011000000001
00001000000000
00001000000000
00001000000110
00100000000000
00001000001000
00100000000100
01000100100000
10000001000000
00000010100000
00000000000000
00001000000000
01000000000001
01001010000000
00010001000000
00010100000000
00001000000000
11101000000100
01000000000000
01000001000000
00000000010100
00000000000000
01001000100000
00000000000000
00011000000000
00000000000000
00000000000000
00000000000000
10000000100000
00000000000001
00000000010000
00010001000000
01001010001000
00001000000000
00000000000000
00010000000000
00011010000000
00010000000000
00000000000000
01000000000000
01001000000000
01000000000000
01000000010001
00000100100010
10001000000000
01000000000000
01001010010000
00001010100000
00001000000001
00001001000000
00101000000000
10000010000000
01001000000000
00001000000000
00001000001000
00000010100000
00001001000000
00001000000000
00001010000000
00000000000101
00001000100001
10010000000100
00001000001010
00000100001000
00010000100000
00001000000000
00000000001100
00000010000000
00000000010000
00000011100000
00000000000000
01000000010000
00000000000000
00101010000100
00101001001001
01001000000000
00000000000100
00001000001001
00000100000000
01001100000000
10000000000000
00000001100000
00000000000000
00000000000010
00001000011100
00000000000000
00000000000000
00000010000100
00000100000000
00000000000000
00000000000000
00001001000000
10001000010000
00000000001000
01001000000001
00011000000000
11010000100000
00001100100001
00000000000000
01001000000000
00000000000000
00100000000000
00000000000000
00001000000000
00111000000000
00001000000000
01010000100000
00001000000000
00000000101000
10000000000001
00000000000000
00001001000000
00000001000000
00000000000000
00001100000001
00000100000100
10010000000000
00000010010001
00000000000000
00001001000000
00001000000000
00001000001000
00001101100000
00001000000000
00001100010000
00011000010000
01000000100000
00001000000000
00000100000010
01000000000000
00001000000101
00100010100000
00001000000000
00101000000000
00000100000000
10001000000000
00101000000000
00001000000110
00001000000110
10111000000000
01000001000000
00010010000000
00000010000010
10100000100000
00001000000000
00000000000100
00001101000000
00000000001000
00001000000000
00000000000000
00000000000000
00000010001000
00000000100001
00100000000000
00001000000000
01001000000000
00001000010000
10001000000000
00001000000000
00000000000000
00000000000000
00001000000100
00100000000000
00000100000000
00000000000100
00000000000000
00000000000000
00000000000001
00000000001000
00001000000000
00000000101000
00001000010100
00001000100000
00001001000001
00001100000000
01001000000000
00101100000000
00000000001000
00001000000000
Time = 0.077s
