n = 10, k = 6, m = 133
Expect Resample Times = 0.359571
Real = 2
Result:
0001000000
0001000000
0010001000
1000100000
1000100010
0001000000
0010001000
0100100011
1100101000
1000001000
0100001010
0000000000
1100010000
0100001000
0011000000
1000000100
0000000100
0010011000
0000100001
1001000000
0010001000
0000000000
0000000000
0010000000
0000001010
0000000011
0010101000
0000100010
0010000000
0001100100
1001011000
0100000000
0010000000
0000001000
1000000000
0001100000
1000010010
1110110000
0011001000
0001000000
0000000001
0001000000
0000000001
0000110000
0000000001
0000001000
0000000000
0100010000
0010000010
0000000100
0010000000
0000100001
0100101001
0000101000
1000000000
1001010000
0000000100
0000100000
0100001000
0110000001
0000010000
0000000000
0110000000
0000000000
0000010010
0100011000
0010000010
1001100000
1010000100
0001000000
0100000011
0000001001
0110000000
0000000000
0001000010
0000100000
0000100110
0010000000
0000000010
0000000000
0110000100
0000100000
0010000010
0001000000
0000000000
0000001001
0001000001
0100000100
0000000000
0010001001
0000100000
1000100001
0010000000
0000000100
0000000000
0000000000
0000100000
0000000000
0000000000
0000000000
0010001010
0010101000
1001000000
0000000001
0000000000
0000000000
0001000000
0100001000
0010100000
0000000000
0010000000
0001100000
0100001000
0000000000
0000000000
1001000000
0000000000
0000001000
0000000100
0000000101
0000000000
0100000010
0000010100
0000000000
0001000000
0010000000
0000000000
0000000100
0011000100
0000000000
0000000000
1000000000
0000010000
Time = 0.004s
