n = 15, k = 4, m = 332
Expect Resample Times = 0.397033
Real = 0
Result:
011111101010001
011110111111011
100101011010101
101000011010010
011101001100001
101100011101011
110000010111010
100100110111001
011100001110001
110010010101001
001110101110101
000101110010111
101000010001111
001110000010111
100001001011010
011110010111010
101001011011111
010010100000100
011100011001110
111110011001111
010110000100110
100011000111011
111011011100110
111110000011000
101110110000101
010101101000010
101111110010001
110010000110110
110100010110010
100100011111001
011101011001101
010101100000011
000101101101110
011111101010111
001011100001101
000010100111110
100010010011100
001001011110111
000000110101110
111000000010110
000100111101010
100011001000100
111000011001001
110101110010100
001110010111011
101011111000110
001100100000111
100101110100111
011101000111001
001110100111010
001100111000010
000100100111010
100101001000001
000111001000001
111111001011011
111000111010010
000101110111100
010111111110000
011011011011110
000000010001111
111010100101100
100001111111000
110101100100001
100000100110000
101011100011010
110101110111110
111100000010001
100000100011010
111001000100000
111001010011010
011110011001011
000101100101000
000001000011011
010100100010001
111011000110001
100011000010000
000101001010111
001101101101100
110000110100111
010000011000110
100001010111110
100001100011000
101110011010001
101101010001001
011101000111101
010110010001001
001100111110110
001000001001010
101001000111010
100100001100100
111101011111010
001111001000011
100111010110100
111011001010000
111111010110100
111011111000011
010111111010110
000001100001101
101011000011110
111000011011001
000110110101001
001011111001101
010010000111100
101110010010010
000101111010001
000100100111001
000100110001011
000000001001001
100001111100011
101100011011011
001001010111111
110101001001101
101111100011000
110111001001101
101010000111001
111001100100011
111110000000111
101101011111110
010100111000001
001000011110101
110101001011001
101101111001111
100110101011110
111001010000101
011100110010110
110001100110101
111111101101101
000001100100110
110001110110010
101101000010001
110010011010110
101010001010000
110100110111100
011100011100110
001111110000000
010010011101000
001100000101110
101000100011100
001011111111101
110111100000110
111011010001100
100011100101000
011110110001100
111001011001010
000011110101000
000011100000101
010111101011000
000000001001101
011000100111111
101110110011011
101100000010010
001010011101100
001011000100110
100000000010111
101010001000110
000110100001000
010010000111010
110101010011100
000111100110010
010001011110111
011101101101011
111100000011001
100010101010100
100010001111110
110000100011010
110010100011011
010111110101000
101000111011101
001110111100111
101011000100101
110010011000100
100101111110001
101100010100011
100001111110010
101101010110011
101001101010001
101100000101110
011001111100000
100111011101001
001101111111000
101011100010001
100010010111001
010001101001110
111110111010000
001110010010001
000101001011010
001110011101000
111110101000111
101110010111011
101000110110110
000011010110000
111001010000001
100000111110000
011101111100101
000000101101100
000001100110101
110001100010000
001011011000010
101101111010011
110101101101001
111101000110110
000110000011110
101111010100100
000000001011110
000001000100101
011010100010100
101110010101100
110101100110001
001010110011011
000011101110010
011010000100000
101000011001010
010101010001101
111010010110010
011001010000110
111000001110001
001011100000100
010000100001010
101110001000001
111001000010010
001101011010010
101101100010010
100110101010110
000010011110000
111011110111101
011001100100001
001110000101110
011111111111001
110111000011000
000111010010011
101100110110011
010000111111010
010010011110000
010001010010000
011001011101001
000011101100000
111101111011000
111111010110001
100011000100100
110000100110011
100001001110010
101010100111110
101100000010000
010010110101011
011011010101100
110111100011001
000010101000010
000100110000001
000011101100110
100001011110011
100100111001001
011010011100010
100011100011100
111111010010010
010011100010100
001000111110011
010100011111010
101001010000010
110110011101110
111010010101001
011010010101101
111111010111101
110100111000101
100010001100100
101011111000011
100100100011010
010000011011001
010101000110010
101001111000001
001100111011010
000001000101001
011101000010000
111111010010100
101010101100010
011000101000011
101000100101011
010110100101101
110110110111001
000110111010001
000110000000010
101011000100000
110110011001000
110010110000011
010110100010010
110000001111111
000100011111100
011010110111111
100001101000100
110110111001101
011101001001000
110101010010000
011001010001011
011001111101111
011010111010000
000110001001010
000100000011010
000001111000010
001111011101010
010111010011001
101000010111101
111000101111010
111010101011100
111011111111000
100100111110011
011000101110101
011000100101111
101110001100110
010111101101111
111011011011000
110001001010010
110110101110111
101100111011110
001010111001100
111001111110111
010010101101011
101001001111100
111110101100001
000101111010101
101010000011101
011101010010001
011000001101111
001011000100001
100111100010110
110010111011110
000000100111100
010000011110001
010011010001011
010011001101010
011100101101010
010100000011101
101010010100001
100000001001100
Time = 0.062s
