n = 15, k = 10, m = 298
Expect Resample Times = 0.362286
Real = 2
Result:
000000000011010
000010000000001
000000000010000
000010010001000
000000010000001
000000000000000
100000010100000
000000010000000
000000010000000
000000000000011
000000000000000
000000110000000
000000010010000
000000010000100
000000000000001
000000010000000
000000010000000
001000000000000
000000010000000
001000010000000
000010000000000
000000001000001
000001000000000
010000000000000
000000010000100
000100010000000
001000000000000
000001010000011
010000000000000
000100000000000
001000010000000
000000000010000
001000000000000
000000000000000
000001000000000
001000010000000
000000000000000
010010010000000
000000010000001
000000010000000
100001000000000
000010000010010
000100010011000
000000010000000
000000010000000
000000000000000
000100000001010
000000000000000
000001010000000
010000000000000
000000000000100
000000010000000
000000000000000
001001010000000
001000010110010
000000000000000
100000010000000
001000010000000
010001010000000
000000010000000
000000010000000
100000000000001
001000010000000
000000010000000
001000000000000
000000000000000
000000100000001
000000000100000
000000000100000
001000010000001
000010000000000
010000111100000
000000000001010
000100010100000
001000100000000
000000010000000
000000010100000
001000101000000
000000000000000
000010000000000
000000000010000
000000010000000
000000010000010
001010110000000
010010010000000
000000000000000
000000010000001
000000000000000
100000000001000
000000010100000
000010010000000
001000010000001
000000000001000
001000000000000
000000000000000
000000000000000
000000100000000
000001010001000
001000010100000
010000000000010
001100000000000
100000000001000
000000000000000
000010010000000
000001000000000
100001010000000
000010000100000
011000010000000
000000001100000
000000010000000
000000001100100
000000010010000
000000110000001
000000011000000
010000000000000
000100010011100
000000001000000
000001000000000
100001011000100
000110010010000
000000000000000
010000000001000
000000000000000
000000010001000
001000010000010
000100010000000
000010100001000
001000100010000
000000010000010
000000000001000
000010000000000
000000000000000
000000000000000
000000010000000
010000011010000
000000010010000
001100000000000
010000000000000
000000000000000
000000010000001
010000010000000
010001000000000
001000000000010
000000010001000
000000000000100
010000010000001
000000010000000
010000000001000
000000111000000
101000000100000
000000010000000
000000011000000
000000000000000
000000010000000
000000000000000
001000000000000
000000001000000
000000000011000
000000100000010
000000010000000
000000011000000
000000000100000
000000010001000
000100010000001
000000000000000
000010000000000
100100000000001
000000011000000
000000000001000
000000000010000
000000010001000
000100010000010
100000100001000
000100010100000
000100000000100
000000010000000
000000010010000
001000010100010
100000111100000
010000000000010
010000010000000
100001001000000
010000000000000
100000000000000
000000011000000
000000000000000
000000000000000
000000000000010
000000000100000
000000000000100
000000000100000
000000000000000
011000000100001
000010000100000
000001000010010
000000010000000
000100101001000
000000000000000
000010010000000
001000010000000
000000000000000
000100010000001
010000010000000
000000111000000
000000000000000
010001000000000
001000010000000
000000000000000
000000010100000
000000011000000
100000010010001
000000000000010
000000010000010
000100000000000
000000010010000
010000000001000
000000010000100
000000110000000
000000100001000
000000010000010
000010000000000
001000110000000
000000000000000
000000000000000
000010010000000
000000000000000
000000010000001
000000010000000
000000010000001
000000010000000
000000000000000
000000000000000
110000000000000
000100010000000
010000010000000
000000010100011
001000110000000
001000010000000
100001000000000
000100010000000
000000010100001
001010010000000
000000000000000
010010000000000
010011010001000
000000000010000
011000001000000
000000000000000
000000000010000
000000010000000
000000000000000
000000010000000
000000010000000
000000010000000
000000000000000
000000011100000
000100110000000
001100010010000
100000110000000
000000010000000
100000000000000
000001001000000
100100010010000
110000000010001
000000000000000
000000010000000
001000000000000
100000000000100
000011000101000
100000010001000
100000001000000
000000010000001
000000100010000
001001010000000
010000000001000
000000010001010
000000010000000
000000100000000
000000100000000
001100100001100
010000010000001
000010000000000
000000010000000
000000000000000
000000000000000
001001000000000
000000000000000
000000110000000
000100010000000
000000010000000
000000010000001
000000011000000
000000000000000
000000100010000
000000010101000
000010000000000
110000001000000
000000010000010
Time = 0.125s
