n = 15, k = 2, m = 48
Expect Resample Times = 0.620591
Real = 4
Result:
101100011000001
100110011100000
010011001001000
100011001100100
010100010011110
000010000110010
100101101010010
000010100101101
010010101101001
100100001110000
101001101101000
110000011010000
100010001000000
100011001010100
101101111111010
100010010000001
001000011101000
010001000110101
001001100011111
100110101000001
010100010010010
111110100100000
111000000011100
101001010110001
110101111101110
001110110000100
000100100010010
010010101010111
000011001010100
011001101100010
000010001110000
001010110110001
101010010000100
111100100011000
010100001001110
110010101110010
110100010000100
000000001100010
000001000000100
110101000100001
000110110001011
111010110101111
000000101001001
001011011010010
010011100000000
001010001011000
110110101001001
001011011000000
Time = 0.008s
