n = 18, k = 3, m = 156
Expect Resample Times = 0.519181
Real = 1
Result:
011001100010000111
110100100111100101
110110100010001110
011010110001100100
010100101010110010
010111110100110010
111001001001101100
101011101111111100
100110000001001111
010100001001000001
111111110000010100
010010100000101001
111010100110010010
010111011110110111
100010100110101110
010000011100001101
101010001001011010
011000111100010100
011110011101001111
111100100100001001
011111110011011011
110011111010010111
000110110000011000
010000010010000011
001101010001111111
101111000110010001
100000010101010110
100000011111011110
101111111010000110
100110111100011001
000110101110001001
110000110011011000
110101101110010111
101110110110110000
010100001000101100
011010110110100010
011011011111110101
011010000101111111
010111111010010010
110000011011000110
100111000110100101
011111011110000000
011111100001010011
111100011000111100
101001101110100000
100111100001011000
011110001111010100
010010001111011100
011011000100100111
010000011010110100
011010111110101010
000111100000111011
101110010010110000
111101100101010100
111100100101011101
000101001100111110
010111110100100010
100000100110111111
110010101100110111
000100110000101110
111000111101101001
101111010010001100
000000100100000000
100111110011100001
101001011100000000
111001110011101001
110010010110100001
011101000001010010
100001001101110100
011011111000001000
101100000011111110
011101110101001011
101100101110001111
011000011110011100
000011000001000101
010010010011101101
100000111011001110
011010101110100101
101010100101111101
000101010000100011
111101111000011110
010001011001000011
110111011110111101
011010110001101010
011011111010000010
001010111001100011
111111001111111011
101001011100100011
010101100101110101
100011001111111011
101110001111111000
010101100110000001
010110000000111010
001011011001011100
001000111101110101
101001110110101111
100110001010100000
000111110000111001
110100010100010110
111001110100000101
100001011010001100
110101011101011000
110111000001000111
101110110100111000
100101111011001000
100111011001010001
001000111111010101
011010010010111000
001011111101000100
100100110110111110
101101010111011101
000101110111001011
000101101000100101
100001010111111101
100011000110100011
010100011100010011
110100001011100000
000111000100001000
011100011111110101
111001001100110111
111111001111101010
011011000000000111
101110110100000001
010001011110100110
011101000001000001
111100100110000000
111110101000110010
011011110101110110
011100001001000001
011011110001101001
001000101000100000
001001000110000000
011011111111000110
101001110110111100
010110001001101000
000011101000110011
101001010111011110
010111111101000100
011100000001000000
000000110101111100
011100101011000010
111100101111001000
000100000111110010
110101001001110110
100111111010100100
000111001100001111
101111001000000010
000001001110010111
001010000010101100
101011101000100010
011111101111100111
111000001111000001
100110010111101110
110110001000011010
110101100101001111
001111110000001100
Time = 0.055s
