n = 18, k = 6, m = 1697
Expect Resample Times = 0.36936
Real = 1
Result:
000000111110001010
100001001101110100
111101110010011111
101101110001000010
110110010011100010
110100101100101010
000000111101101101
111011000100111000
011100110100000101
111000101000000101
011001101110101010
111111010100101001
110011110000101101
111000011101000100
010110101110001001
000001101010010001
110111001111111101
011010010111100100
001001000101010000
111110000001000010
111111001001100001
011101101110011111
000101000010100000
100011011011010101
000001000110000111
110100111011011110
010010001000010010
000001100011111001
001011111101111101
110000000001001110
000010001111101000
010100000100010100
011001111101111010
101110011001010010
000101000000000001
100000111101100111
000000101000100111
111000111110000110
000001010000100101
110000100000100101
111000110100111110
110001010101110111
110010101001000111
011100111101001001
000010110110011101
111000110000011011
111001110011111001
001100011001000101
100001011101111001
001011001001111000
010100100011110001
011001001000011010
011001010000101000
000101100111011010
011100001011000101
100000010011100000
001000000011000011
010110101010010111
011011110111101011
110000111111111100
000010101000010011
110011111110010011
101110011011011110
101000100011110000
100101100010111100
000010000010001000
001111000001000101
011101000101011111
010010011010001000
011001100111000011
110110000110101110
111010101000010010
101011001110000101
000100000111010100
011101110000110100
100011000010000000
000011000110000001
000000000101000011
111000010001000011
011010010001011010
101110010001101000
011101100100001011
001111101110110010
111101000101001111
001110101010101110
100000000011011001
001101111110101000
100010010001000001
001011111101101001
101110011011010010
001001101011100000
100001001100110010
010011101110010111
101111011001111000
100011111101110011
101100111101110110
010101101001101110
100101011101100011
111110010010110001
011101100101111011
011110100100011101
100000100010111011
000011001010101000
011010111011010001
001100101010100000
111000110110101100
110000000100100110
111010000111011110
100111000010011011
011111000010010011
011110111000101010
110001111111001111
001001011110001001
000111000010001100
000011000011010001
010000111101111100
101111000011111100
101100110010011110
010110101011011001
111001010011001101
011000001010000111
011111100110010011
001110011010000011
110001000110011000
110001110000101011
000100100001001110
101001010000111001
001101110001101000
011110100011000011
101110011101111101
011001011000001110
101011111000000110
010010010010001100
100001111110101111
001011101011110101
110001010111001011
110001001001011110
000101111110100100
001001111010100010
010001001110110100
000010100010100101
010110001110000011
100111001011011001
010011111010011111
100001010000001100
010010010111111011
011101111001111010
001101001100111111
011110001100000111
001100010001110101
101101110100000101
010100010010011100
001011101110001010
110100001101100111
010001010001010000
111101101010100001
110100001111001101
000001101101110100
010110010001110100
110010100101110011
100000001100011101
111100110101011010
010000110110100000
011100011001101010
010101011100011011
010110100010000000
001010100000101111
000110000111001001
011101010110001000
101000001110001110
010100111001001110
100010101000010001
011011101011100011
101001100010111011
101000001110001101
101010101001110100
101110110000101100
010100000111000010
110011100000000110
010111110101110100
011001111000111110
001011000100000010
011010001110001000
101110010010111101
110111000100111001
000110010001000111
001101010100110010
111001110100110000
100010110110011100
110010110110101010
100010010001010110
011011010110100011
110110000100100100
001101110000010101
000110000010110000
110001100100001001
101000001101010000
001011101010110010
010110001110101100
100111011001011110
010001101100111100
000000010000101011
100010011011000000
000001101000001000
101001110110010010
101000010111101000
100101010011010000
000100111011100001
111000011001000001
011101111101010110
010100010101001101
100011011011001001
000100001001111101
001011101010010000
001001010010010100
100000101110101011
010101100111000000
001010000111001001
001011000001111001
111001000101010100
010111110011001000
100011000011010110
101111111011110000
101101001011010111
111000011001010011
100001101001001111
000011001000001100
101111001010111001
111010111001001000
011101010110100101
110111001000001101
010110000110100010
101001000001010101
100111101111110110
011101001010111010
101100010101000001
010001101010100110
010100100101110010
111110111001111100
011000000011010011
010000101011001111
001010000100101010
110001100100110011
001100000010010110
100100011001110011
000010111101100111
000111111011011010
000110111010000001
001100100000111110
111001000011101110
010110111010111111
110000001000111001
110101000011010010
111100111011001001
110001110110101110
101010010100000101
111111101111011110
001100010000110011
001100010100010110
100101110101010110
111110001101101001
100110011001010101
000101011101101000
010110111100000011
111110111100110100
100001001101001101
100001000001110100
010100011100001101
101001001100001011
001000001001101001
001001111000010111
010000010101010010
111011111100001001
001000100101001101
100001000001100010
101000110001111000
101101011001001101
110000101010100011
100001010011000101
011111101000110011
010010100001101011
000010110101010010
000110000110010010
010010001101110001
101101110110001001
011111000010001001
100110101000111001
110000000100001100
001111110000111110
100000010011101001
101100101010000100
111110011011011001
000010100000101010
101100011011011001
001000100110110101
000110101011101001
001001010010011111
111111011011101000
101001001100110001
111111110000100101
001011101100101000
110110110010111101
100011100101010101
010111000110010000
100001110100001111
101111100101110100
100101010001000000
011011101100000101
100110101101010101
101000001111100100
010001010010111110
011001110000111010
000010101011100011
001100011101101111
110001101110011010
001110110010110111
100100101111010001
010100110100101100
001010000100101011
001001011001100100
001000111011000010
101111000110101100
101010011100111101
000011110111111111
001000111111001011
000101000010001000
000001110110100111
000011011010101111
110111110101101001
111101010101100101
011001000100011101
110101101100001100
001111010110111110
101110000011011111
000101010011000011
110111011011011101
100100111011101011
100001101100100010
000000111010010111
011101101001001010
100000101001011110
001000011111101110
101101111000101110
101001011110010101
011001010010011111
111011010101100101
001001110011110100
000111000010110101
011011011010001010
011110010101100011
011100101011111100
010110000101000011
100010010110010001
011101110100100111
011000000111001101
101001011000111000
011011110111000101
111111110110010101
100001001001111110
001001011100001111
111010101110111001
111001100101011100
011101010101110001
110110001111101110
011110011101010101
010001111001000101
000011011011111000
000111101100111000
001111110000110000
001100000011011001
000010010000100100
001000011111111101
011000111011110000
010111010001100000
100001010001000110
111011000100100101
100100011011111010
001110111101110010
001101100100111010
000101011000100100
111000010111100000
011101000000100110
101010001101010010
100111111100010101
010100010011000001
101000111111010010
010011101000111100
011100111001101011
110111100100000100
110011101101110100
111110000101011111
011001101100010000
101110001010100000
011110010101011100
001011100100100010
111111100001111001
100010101011101010
101001010001011000
001101100001011011
010000001001100110
001110011111101010
011111000101001111
011001011011010100
111101110100011111
000110011011111001
100000001110001111
000011101011000100
001000000001010100
101101000010001000
101101101010010111
110110010000010000
100001111110110001
010011111100101010
111110011100011100
010010000001010001
111100000111001101
011101011100111001
100001001110111010
111111010001000111
111101100101111000
110111111110100110
111001000001001111
101001000110001111
100000011001010011
110110100001100011
000010110101010001
100101000111101011
000001100000001111
100101101111001010
001101001001010110
110111101101110001
110100010100011011
001010001100101011
110111011010010100
001010010001000001
001110101110101111
110110101100001101
101001101100000011
100110101110000000
010011101110110010
001100100101101100
100111011110010000
101000010100000101
100001000110110000
111011111000011000
111011111101101100
001011100111011010
010011001001110000
001000101101001011
110011011011110111
000111110111000001
011010001101100001
001010101101011001
010010101000111110
001001001001110110
100110010010001100
011111110011100000
111110010111001000
100101010101010100
111011000010110111
001010110000101010
101010011001100011
001010010011001001
011011000000010010
000010000111110010
011011100001010101
010111101001011010
101110011010011010
101100100111011011
011110100010111100
101100110111010100
001010000000010011
111100001000000101
100010111000010000
000111110111001001
111111000100011111
000010101110001000
000111111011100010
010111001001011000
100010100000101110
001001001110101001
010001011100010010
010101001000111110
111000000100011010
000011001001001011
100100110101001111
001101000001010100
110100001000111001
111000101000001110
000000110000011010
101100100000111001
100101000101101101
000001110101000001
101010111000101010
010100101000111001
011111001011001111
110101011011110010
001001010000000100
100100010111010011
011101111010001111
111010000110000111
011000010110000011
000110111001000011
011011111111010000
100101011100110111
010010111001011001
000000001000000000
110010100111001110
110011011101001011
000100001000110110
111101010010010100
110010110100111001
100101010101101110
000111110011010100
001111100100110001
010000011000110001
101101100001111001
101010001100110110
110101100100110000
011011001100010101
000011011100011110
101110110000110010
010101110101011100
110010100000001111
110111010011000000
110101001100101111
011111010111101110
000101110101001101
010111110110011101
000110111100010100
111011011110110011
100000000001101000
101110011110110111
100010110010101100
000001001100110111
011110001110010011
011011110101100101
001001100110111111
011101010010011001
110101011110100010
101101011111110100
011001111000111001
001011001101100110
110101011110101100
100101000110010010
010110010110110100
100101101011011100
011110000000100011
011101010010010100
110000111111010111
010100001000010101
010001111010000111
000000011110000001
001011100110100000
101110001101010011
100011010110011011
111111101001001011
010110110000000000
011110000100001100
001001100111001011
001100100001111010
000100110101010111
101000110111100111
100001100110010000
011110110001010011
111011010011101000
100011110001000011
011110000001111000
001001011101000111
101010100000100000
111100101111000111
011110111111111011
110011101111100110
010001111111101000
101110001110001001
101111101010011011
111000100110111011
111111010111101111
000001100000110000
101110011101000000
011100101100101001
001100101011111100
101111110100101000
001000100110011010
101011101100100101
011000001001110110
010001101111110010
111110111001101100
110011001101111001
011010111111010000
100000111010001110
101000011110011110
011010000000100100
100011110101010011
010010100101100100
001100100100010100
101001011010100001
010011010100111011
110110010101010000
000001101110011010
001101100110000110
100100001010110101
011101100000010001
001101110111111100
101000111110000101
100011010010001001
101111111111111110
101010011101101101
001011010000111001
001000001110011101
001010011010111101
100011000111011101
111100110010111100
110101011100100100
100001100001101011
011010010100110111
110000111001100101
011101011000100000
001011100111001111
111100000001000011
000011010011100001
000101010000111011
100001011111100011
100001111000110010
010001000010100010
111011110010110011
101011111010011100
000111110010000111
101011010110001010
001101110101011111
000000010100100111
010111000011011100
010010000111100100
011111000010110000
110000111010110000
010110110100001101
111011000001100101
001101011001011010
010011110110110010
000110111100001111
101111100011001111
001110100100000011
001101011100011011
000010101011011001
001101101111101111
010100010111000000
110111001011000011
001000101010100111
011101001100011011
111101111110010101
001101010010011010
101011101010001101
110111100000011100
011001100000100101
001101000000101011
111110101110111010
100000110110111110
110101001111000101
011100000011100001
010101000010111100
001110001011010101
100000101100110100
001001001010010010
010001010010101100
101110000110010010
110111010000011010
001010101001100011
001010111001111000
111110101110000101
011100111100101100
001001000101101000
100011111011000011
111000111100111011
010110010110000100
011001100010010010
101101101111110011
011111100001111111
001111100110001000
110111111011110011
111011100110110101
000011110111011000
111111110000011011
101010001111001110
011111100010111000
111110101111010101
100011101111010001
011000001110011101
110101000111100000
001010100011001110
101000100000001101
010000111110100000
010010101011100110
101111100011110011
101100111011101100
110001010011011100
011111010100110001
100011101001110100
010011100000000110
000110101000111000
101100000110010001
001110100000010100
110110001111000000
100101101100110100
011000011011111000
110000000001000001
101001101111011100
111011011100000001
000101111011011010
101100110011110100
001011011001110000
111101001000110010
001111100110111010
100101011100011000
111011001000000110
100000100101101011
101000001001001100
111011011000111010
100101000000011110
010110110010110000
001111001111110101
100000001011001011
110000000000111000
111010100000101000
110000101001101000
010000011111110110
100110011111011100
100001011011111010
100011101101100010
000000100011010101
010011010111001001
101111100001111111
100010011011110001
001011110011000001
001011001011001100
110011110011100101
000101110011001010
001000110111001001
000100010001110010
000101000111010011
111010100100011000
110110010101011100
000100001101110000
010110110100001111
100110100110011101
000011101011001100
111100100100111011
110000110001001100
101000101011111110
001100100110110110
010101000101101101
001011110000111100
111110110101111110
001001011001100110
000001101001010110
110000111010001000
011001000011110110
001011001010000011
110011111010110110
110110110010000111
101110000011011000
000111110110110010
010010111001110001
110100101010100101
110011001100101001
001010011010011011
011010100110111100
001000111101111111
000100011100111111
110001001111111111
111011000100011011
010110111000111110
011011100011001111
001101110000101000
100011001111001100
110001001110011010
110010010001111011
001010001001001110
111010001110000100
010110011101101111
111111100010110001
101001100011011010
001111110001011110
111001111110101111
111100110100110101
011100010000011101
100011111100101111
110101110100100101
010001000000100100
111110100100011000
010101110000111111
011100011001110001
010111100001100011
100111010111111001
000011011000001110
111001010011101011
010101010001101101
101010100110111011
010101011000100000
011001111001101001
101111010111101010
001110010000010111
100001010101101110
010100000100011110
110110111001101001
100100110011001010
001100111101011001
110000001111000110
110000010011100111
000100101110111000
001111010111110101
001111110000010101
110101000110000111
111101100010111001
111101100010001000
100100101010100011
000101000010000101
011010110110101100
111011110010000100
100010010000111011
100000110010100100
000110100011000010
011000001110010001
100100111101100110
010110001101010110
100010100110100011
101111001100010001
111000101100101100
110010010011111011
111000101000010111
001110111111110101
111101001001110110
001010000100110101
001110010110110001
110001101011111000
100001010000110000
101100111101101011
010110101101010010
101100101011111111
110110110101001001
101100010010100011
111110001110001001
011010100100010111
010010010010011110
101101101111001001
110110110100101001
100011111111111100
100010100011100101
101001011101011111
110000110011010011
101010110100111101
011111000100110011
010110100100110110
111110111001000010
000010011110011111
011100111111110101
101111000001100011
001111110100010000
011111010010100001
010101000011100000
110001101111000100
101110010001100011
110110000110011001
100010011100111011
100011110001010000
000010000011010011
010100001001011001
100100101000011000
101111100001110011
101110001001101000
001100010010111001
010110111000010001
000011001111011010
011101110100110100
011011010110010000
011000000001110100
000000001110000001
111110001111011010
011001110001101011
101010110101111001
100110101101000000
001100010000111110
010001110101100111
000010000010011111
101010010001000101
010001100010010101
100111101111011000
100001001011000011
100100010110110110
000111011010110111
011010101100000101
011110000101100001
111111001111000101
111110010110011010
110010011110101100
001000010101100010
101100101011010010
011000101010010111
100111001001011111
100101001110001010
001110010001100110
000101010111011001
101000011010001010
000011110000100101
101001100100111000
000100101010101110
100010101110010010
100010000010111111
101110010100100010
001001010100001100
110110100100100000
101000001100010001
100101000110011100
000101011111111100
100000010001101000
110001101100011000
101010011001001100
000011011010101011
010110001000011000
111110001100001010
001110111010001100
101000010110010010
100011000111111110
110010001010101111
100111001001001011
011100000110010110
011111000111011001
010011001010000010
001100011010110010
010001001000011001
110110011111111100
100110010110101101
110111010101101000
010011011010101000
011011000001011111
010101111110110111
100101001001110010
100011000001100110
011011110110001011
100111111100001110
110101000110100111
101001100111011010
100001111110011011
010001011001011010
100011111010010010
110111101110011111
011101101111111011
101000101110111000
001101011011001111
010101001100101010
000111100001010010
111011011110001010
010011010011000100
011101101000110000
011100001001110101
111000001111111110
000100101110101110
111111110101101110
110010101101000010
110001001101011111
111101110101110101
110111001100001001
110111001000110110
110100000010011001
000100011110111101
011010100011101111
010101111001100000
000100101100000010
001100111000111001
010010000111010010
111100000000001001
001111000110000100
100011101100101101
011101001011110001
011010111100110111
110110111111110001
110110111000010110
100110011000000001
001111011100110101
000111010001101101
010010111001010011
011111101101000101
110110000010010111
111111110111111011
011010110001110111
000100011100101111
101110010110110111
110101100111001101
001100011101010011
110010110111001110
111110000110010010
000011111001111101
010011100111101100
111111111111101111
101000100000001111
000100001011010001
011100110010000010
111001100110110101
000010000010100100
111010011100010011
011110001010010011
000101110100010000
110101110011010111
110110101000101110
101000001001101011
011001111101010011
001011111100010000
110011000110100111
110011011001001010
011000011110101010
011001110110110100
111001111010011101
010111111111000110
000000110111110000
100010110111101110
000010001000100101
101001100011110001
100001000110001101
010010100101110100
001101111110110010
001100000110001000
101101100001010011
000100001011000010
010000100011110010
010110011011100100
011011110110100010
110011101010111111
011100111000000101
001111001100101110
001001000010101001
000101100001111010
010001101100100010
111001010000110101
011011110100111100
001011100010110111
111111100101001011
011101000101110111
111001011011111110
010111011010010100
010010001000010110
100001011111010001
001101000000001101
110111001001111101
111101100101101000
110100011110010011
111101110001001001
011101000000010111
000011001100110110
100001100000111001
011001110100001010
010100110001100011
010010110001100111
100000100000101001
001100110111100101
110001100011001101
000110010000001110
001111100111010111
010111100110101111
101110000111011101
011001101111011010
011111111010011111
110001010010101101
010010001011001110
011110110010100100
111111001110100011
000110111111000111
011000111011011000
000100000010101110
111100101001010101
011100010100110110
100010111101100010
110000001111010000
010100101001000100
101101001111110100
000010110011000101
111011111110001010
100011010011000010
001100010001110010
110110001110000010
010111101110111001
101001110011011100
101010011110111000
111000000010001110
101011001010001101
101101100111010000
010110011100110011
010100011111110111
100110101011101100
000100101000011100
010111111111000101
100011011001001010
001111010100110110
001000111111010000
001001100110011010
101100011000100000
111100110111011111
010101111101101101
100111010111101101
011100110111100110
101010111001000000
001111001000101101
001101100101101111
101111011011100010
001010110101000000
101110100010001100
011000100101011111
010000111100111101
111011100101110100
011010111110001110
010010101100000110
100100001100110110
110010101111010111
110011010001000100
011101011001000111
001011101011000111
011000011000001101
111110111111111101
010101000100111010
111000110001000101
000110110000111000
111101110011011100
010011010011100001
110100111100001110
100000110111100010
000011100011000101
110111011001000001
111100111100100011
111001011110111110
000110001101010001
010011110010101101
100111111111110011
010111111101110000
010101100010100101
100111110101100111
111101100010111110
101110110101101011
111011101100000000
101100011001011111
100000101100100000
111011000100000000
111000101111001110
001010001100001110
000101001001100100
100000110010111001
001100010101110101
001011100101110101
011110001000000010
010101011000000001
110100101111111001
001000100011101011
100110011111101110
110100001001011001
000101010110011101
111000101100010000
111111111101100010
100001100011000101
101110010001010100
010000100110000011
000000010111011100
101010110111000111
000011100111010110
100000111011011000
110000110000000010
101001000101100010
000100010000110001
011001000001101011
111110110001001100
101101111000101001
100001011110101100
010010001011110111
011011100010011001
000110010111010100
010100001101010100
000001111010001010
000111011011011010
100110000101000100
010011111000100101
100101001101001010
000110011010111110
001111000111011011
110011001011111110
101010001010011010
100001100100111101
101001111011111111
101110100100011001
101010011011100001
000110101010101100
001110011010000110
001000011100001010
111111110000111001
011001100101111110
011111000101110000
110000011010110100
000101010110110101
000011110101100001
110111000110110000
000010011100001110
101110100110101101
101111010001001011
000110110010001010
111010011110100100
110001011101011010
111110001111010000
101110111010110011
000101110110110101
101001000100111101
111011100110000000
111101110110111111
100010111001000111
101001100001111011
101111100010001011
011001011110000111
011100111100001000
000110111011011011
111111001101110000
001010011000110110
001100110011111000
111100100000001001
000011101010111011
001000101111010000
000110100010010111
101100111101111001
000101101001111010
001110000001010110
000101101001110011
101000011111110000
110011110010100001
111001011111000111
110111010011000110
000010101001001110
010001100101110010
010101001111100000
100101011000001010
110101111111000101
000001100010000011
011011011011110000
010011110001101110
111001110000110101
010100101101010000
000101101001101011
110101110100101000
011110111010000100
000011000111111101
100010110100010000
001111000001001110
010000011111011101
111100110010111111
010011100010001010
010000000011111001
010110110001110111
111100000010000101
101101111000100000
100110010001010101
001000100000010011
011101000000100000
110100011110011011
010011011111101011
010100100011110100
110010011111001010
110011001000101010
000001010101000100
010001000111100110
011010101110100000
011001111001000001
010101111110111100
110100010111100110
111100010101010000
111110010001100001
010000111010001100
000010001101000011
010010011010011011
111110110100000011
110001001110011100
010010110010111010
101010010000011100
000101001110110000
000011101001110001
101011011010100111
110011010100110000
110000001000000110
011011110110110110
100100101110111101
010111010000001001
000100001100001000
001011100100000110
000000110000000111
100100110111011000
000111011100100001
100100001101111001
101011011101100001
000111010000010111
111010010111101100
010111011010110010
111000010111010001
000101111100111101
001100101011100100
110101000001100110
000101101000001010
011101111000000101
010011100100111110
011010011101100100
001110111100101111
011000010111010001
110111010100011111
101000100001111111
010111100100000011
001111001101000100
101001101001011100
011011010110110010
000110111010011101
110111100000111001
110011110111100000
010100101111001000
011100101001001110
101101101101001001
110001100101000001
111110100001000001
011010000111000111
111010011000111010
101000111010101010
110101111111000111
100110100100101101
010111010010101011
001011101100011111
010001001100010010
000101110110010110
101010101010101110
001010100111011111
011011001111101110
001101100000111000
100110111110000100
111000111110000011
101101000010110111
100100010011111100
001000110101110111
000110000010000111
101010101110000001
111110010001000000
110010011000000011
000100110111011001
101001111111101010
001101010110111001
100010100000110010
010100101001101110
110001110110001101
110101010010010110
000011001010101000
100011000111110111
011100010110000010
110010000000010111
101001111000100010
010010101111011111
001000010110011111
001100010011000000
011100011111010111
110110110110001101
111110000110010111
010010000000110101
000000111011110110
011111001100000100
000010001110110001
000010010111101101
101001000001110010
101111001100101110
111111111110111010
011100100001010001
000010010011111110
111110000011111010
100000101100110001
001010110011010110
100001110110100010
011010101010110110
001011001000011011
010000011111001000
011010000010000000
100010010011011110
000001100100011000
000100011000000100
011100111011000100
010111010000001001
010111100101001100
100101010010010101
110111011010101100
110101100111101001
101011101100011111
001010111101000011
101010111111111110
100011110011011001
001010000111001110
111100010001011010
101100110000010110
001011100100011101
001011000101101001
000110111110110000
011101010111010001
101100111010100000
011101010001011100
001000101010000000
100011001011011111
111111111111010011
000111111100010000
011111000100101110
100101101001100100
100001101011000011
011101001001000001
111000101110100100
011011011010000000
110110110000010010
001011011011110111
000110011010100111
001100010011010111
111011110001110111
000110001000010001
100101010001011001
000010101000101000
001010010011010100
001110101101101011
111010100011010001
100100001010001001
111000111001001000
111101100111011011
111110011111000000
100111000011100100
011001110010011111
110111100110001011
100001011011010001
110011001000110100
000010010101111100
101111111000100010
001000111010101011
101000110011111100
111011011110000010
111000011100111001
011000110111110001
001100010100110100
000100100100010010
001001000111110001
001100011000101100
000000101101111101
110011011000110110
111001111001000110
000101001011110010
100000010011000001
100111011101000011
001001001010001100
010001011011111010
100010101001100110
110110111110000101
001100111100000100
110001110100001101
001100110010110101
111101001001001110
101011110111110100
100100110001101010
111111000001001111
000010111010100001
011000001101010100
011101010000100110
111111101110101101
001111100100100101
011010110011111011
111100111111011101
101100100010010001
100111010000010010
001110110101100011
011010000001001011
001001000111100101
110101000001111000
110001110000111011
101000100111001011
011010001111010111
100111011000011101
001111001011000010
010100111110110011
101100010010100111
100100011001010110
010100101111111011
001000100000101100
000100011000111001
111111110101100101
111010000011100010
111001101100101010
100000111100001001
001010101010000111
011100111011011101
111100110011010110
001000011011001110
011111101110011111
010001000011110011
111101110011000111
010010101011011101
100011010101110111
001000100010111011
101010101111010010
111000011100100011
011010010001011101
111010010110011000
111101010010011110
101010011001011010
110101011101101011
000001101100110001
011000011110110100
111110011111001111
101001000010101011
100011010011100011
111101011101011010
100101111010100011
001000011111001001
001000100000111100
011010001011010110
111010000110010100
000001110111011010
111100011100100101
100001000110101110
110100100110100000
010011101011101011
101100100001000110
010101101000101010
001100000001011011
100001010101011111
101111011111110110
110111110010000000
000110001111111010
101111011110010001
101111001110110010
011000110101010101
001101010110111111
111000111010010000
010001110100001000
101101011111111111
000111111011111111
000011001011101110
011000011000001110
001101011100110101
110001000101001000
100111000111000001
110100101110000000
101110001011100000
100111010000001101
110111000000001011
001001111110111001
101110101111010011
111001101101000010
111000001011010011
101111001010011000
000011001001010111
111101101011110101
101100011001111011
110011000111100001
110001000001010111
010010001010000001
111011101010111001
101001111111110111
101001100000010110
011000111111110011
000001111110010010
010110101001011000
001111101000000000
111000101010100100
011110001110111000
111000111010110101
101101011101001110
111001011001001101
110110010001011001
100110110001010000
011011100011111100
110101100011001011
110110011000111100
011100110011010110
111011010001011101
010110010111100010
000110000011001010
000001101010001011
101010100000010111
100000100011000010
011000000010111000
001001110011011100
101001000000110100
111100010101000101
100100000110101010
010100110000111010
111111010010011110
001111010011110110
101100110101101000
101000111111101110
001000001001000000
011110000010000101
001000101001001110
010011110000101001
000100001101101011
101001011000100010
110110100001100010
010101110001010100
101010100001011000
000100101010111101
011011100101001110
010010110100110101
100111011101101111
100001110110111110
101110110001000110
100001011010100010
101101000110011101
111000111100100000
001101111010001000
000010111101000000
001011111100100100
010101011110001101
110000110000001010
100011011101100101
000110001100001101
011111011111001010
011110000010110001
111111100010010100
101000000000100111
001010110000111010
110111011110001110
111110010011111100
011011001001001001
000001101001111110
011101111101001001
101101001011000111
001101111001101011
111110100011110110
010101111101000001
110111001010111001
110100001110011110
001101100000111110
010100001011110111
111001011110001101
101001010111000100
000111111010100111
010000011100010010
010010000111110011
000010011011001100
101110011001101000
110001100011111110
110010010000101100
111110111100110000
100001000011010110
010101001100001101
100011101101101100
011110011101100010
100010100001011011
100111101101111110
000011110011000000
101101110011101111
110000001110011000
100111110101011011
111000011100011110
011110111011101100
111001011000110100
010101100100110110
101110110001100011
010100010110111000
110001101101001010
011000101011010111
000101111000000010
001111000010001010
010001011111111000
111010010101011100
010001000100000100
110000010100110011
100000001101001101
110001100100100011
101001001111010001
000010110000000001
010111101100011101
010011111110001100
111010110100001101
010100001111001100
110111111101111000
000001000000011111
011100000010111000
101100111101001101
011110100010100000
110011101011110100
011111111111011001
111010000101011100
111100001111100111
110001001010000001
100001110001011100
101010001110110101
110001101010111111
011000111010011010
011010111111110000
101000111001110000
001111011011001001
001011110101111111
010000101001001001
001110011100011000
110010100111011000
000001000000101001
101000101000100101
010100001010111111
110011001100001111
100110111101101101
110111000000011001
110010000101101101
Time = 8.79s
