n = 12, k = 8, m = 195
Expect Resample Times = 0.352844
Real = 2
Result:
000001000000
010100010000
000000100010
000110000000
000000000000
000100000000
000000000000
000000000010
001000000000
000000000000
000000100100
000000001000
000000110000
000000000000
000000000000
011000000000
000000000000
100001000000
100001000000
000010010001
000000000000
001000100010
000000000000
000001000000
000010000000
000000000000
000000100010
000100010010
000000000000
000000000100
000000000000
000000000000
000000011000
000000000000
000000000000
110000000000
000000000000
000000000000
000000000000
000000000000
000000100001
010010000000
000000000000
000000101110
000000000000
000010001000
010000000000
100010010000
000000101110
000010000000
010000000000
000000000010
000101010001
000000000100
000100001000
000000000000
000000000000
001010010000
000000100000
101000000000
100000100000
010000000001
000000000101
000000000000
000010010000
010000010000
000000010000
011000000100
100000001000
100000000000
000000000000
000010001001
000001000000
100100000000
000000001000
000001000000
110010000010
000000010110
000100000000
000101000010
110000000100
010000000000
000000000000
010000000000
100000000001
000000000000
001000010010
010010000000
010000000100
000000011010
100000000000
000100000000
000000000000
000000001100
000000000000
000000000000
100000001000
000100000000
011101000000
000000001000
000000000100
001000000000
000000000010
111000000000
010000011010
000000000000
000000000010
000000100000
010100000000
010010000001
000100000000
000000000100
000000000000
010010000000
001100000000
000010000000
000000000000
000000000001
000000000000
100001000000
000010001010
000000000000
110000000100
000000100000
000100000010
000000010000
000000000000
000000000010
000000000000
000100000000
000100000000
000000000100
000001000000
010000000000
100010000101
000000000000
000000000011
000000000000
000000000000
000000010000
010000000000
010000100000
000001000010
000000000000
000010000000
000000000000
000000000000
000000000000
000000000000
000000000000
000000100011
000000100000
000000101000
001000100000
000100000000
010001000000
001000000000
000000000010
000010100000
001000000000
000000010000
000000010000
000000000010
000001000000
000000000000
000000010001
000010001000
000001001010
001000000000
000011000000
000100000000
000000000000
000000010001
000000000000
000010000000
000000001000
000000000000
000000000000
010000000000
001000000100
000000000000
110000010000
010100000001
000001000100
000010000000
000000000100
000000000000
000101000000
000010000000
100000001000
000000000100
001000000000
000000000000
100000000000
000000000000
Time = 0.012s
