n = 14, k = 10, m = 261
Expect Resample Times = 0.36171
Real = 2
Result:
00001100000000
00000000000000
00010100000000
00000011000000
00000100000000
01000000110000
00000000000100
00000000000001
00000000000110
00000100000000
00000000000000
00000001000000
00000000000000
00001000000110
00000000000100
00000000000000
00001000101000
10100000000010
01000000000000
00000000000000
00001000000000
00000100100000
00000000000000
00000000000000
00000000001010
00000000001000
00001000010000
01000000000000
00000000000000
00000001100000
00010000000000
00000100000000
01010000000000
00000000100000
00000000000000
00000000100000
10000010000000
00010010010001
00000010100000
00000100000000
00000000000000
00000000000000
10000000000000
00001000100001
00000010001001
00000000000100
00001001000000
00000000001000
01000000000000
00000000000000
01001000000000
00000000000010
00000000000000
00000000000001
00000000001000
00000000010000
00000000000000
00000010000000
00000001100000
00000000000000
00000000000000
00000000001000
00000000100000
00000000000000
00000000000000
00001000000000
01000000000010
00000000000010
00010000000000
00010101000000
10000011000010
00000000000000
00000000000000
00000001010000
00000000000000
00000000000000
00000000000000
00010100010000
00000000000000
00100000000000
00000001000000
00001000000100
00000000011000
00000000010000
00000000100100
00000000000010
00000000000001
00000000000000
10000000000000
00000000010000
00000000000000
00000000001000
00000000000000
00000000000000
00000000000000
10100000000001
01100000100000
00000000000000
01001001000000
01000000010000
10000000000000
00000000001100
00000011000000
00000000000000
00000000000000
00000000000010
00000010000000
01000000000001
00001000000000
00000000000000
00000000000000
00000000000100
00000000001100
00001000100000
00000100000001
00000000001000
00000000000010
00101001000000
00000000001000
00000000000000
00010010000111
00000000001000
01000010000000
00000001000010
00000100000000
00000000000000
00010000100000
00100000000100
00000000001000
00000000000000
00100010000000
00000000010000
00000000000001
00000100100000
00000000000000
00000000000000
00000000000000
00100000000000
01010000000000
00000010000000
00000000000110
00000000000001
10000000100000
00000100000000
11100000100000
00000000100000
01000000000000
00000000000010
00100010000000
00000000100001
00000000000100
00000000000000
00000000000100
00000001000000
00000001000000
00000000000000
00000000001001
00000000010110
00100000010000
01000000000000
10000000000010
10001000010000
00000001010000
00000000000000
00010000000010
00100011000000
00000000000000
00000000010000
00000011000100
00000000000000
00000100001000
01000000100001
00000000000000
01100000000000
00000000110000
00000000010100
00010000000000
00000000000010
00100000000000
00000000000000
00010000000000
00000000110000
10000000000100
00000100000000
00000001000100
00000001010000
00010000000101
00000000010000
00000000000000
00000000000000
00000100000100
00000000100000
00000001000000
01010000000000
00000000000000
00000011001000
00000000000000
10000000000000
00001001000100
01000000000000
00000000000000
10000000000000
00000000000001
00000000000001
00000000000000
00010001000100
00000000000000
00000000000000
00000000100000
00000001000000
00000101000000
00001000000000
01000000010100
00000000010000
00000000000000
00001000000000
00100100010000
00000011000100
00000000000000
00000000000000
00100000000100
10000000100000
10110000000000
00000100000000
00000000000000
00000000000000
00000000000000
00000000000010
00001000000000
00000001010000
10000000000000
10000001000000
00000000000100
00001000100110
00000000001110
00000000100000
00000000000000
00000000000000
10000000000000
00000000000000
10000001000000
00000000000001
00000000000000
00000000000000
00000000000000
01000000000000
01000000001000
00000001000000
00000000000000
10000001000011
00000100000000
10111000000000
00000000000000
00100110000000
00000000000100
00000100000000
01000000000000
00010000000000
00000000000000
00100000000011
01101000001000
Time = 0.03s
