n = 11, k = 3, m = 126
Expect Resample Times = 0.388224
Real = 0
Result:
01110101010
10000010001
11011110110
00000100100
10110001110
01110100100
10001010110
00100000101
11100110000
00000001100
00110011111
00110100101
01111111110
10011100111
11011000111
11100011011
10011100000
00010100110
00100100011
01010010001
11000111000
11000111010
11110011100
11000100110
11100010100
11110101011
01010010000
11011110010
10001001110
10101001110
01101011100
01011110110
11101110101
11111100001
10100000000
00100010111
00001001001
00011100010
00101111110
10011100101
00011111010
11011000000
11000111010
10110101010
01100001111
01000000110
00110111000
00100001101
00110011111
01101100000
11011111111
01101011110
00110000010
00001101100
11010101100
00001111111
10010100001
11001110011
01110101001
00000101011
00001100100
11111100101
11000011100
00110001000
10100011110
00000010100
01010101101
01111101001
01011000001
10101100101
10001001010
10001100111
00000001000
00111000101
10110111101
00000011001
01110110001
01110101101
01111010010
10110000011
00001111110
00110010101
10111100101
01011010100
01101000110
10000101101
00110110011
11100111110
01101111000
01101101110
01010100001
00000110001
11010000001
11100001110
11111011100
00001110001
11111101101
10000011000
10010110111
11000010001
10001100001
10101001101
10000111101
10100101101
00101101000
10110000111
10111101110
11101111110
11001001010
01000011100
10011110100
10101110111
10000110011
00111111111
00100011101
10101011100
11100000101
00110000110
00101001101
10101001110
01011100111
11111111010
00100111001
00010001101
10011001100
11101100101
Time = 0.005s
