n = 14, k = 6, m = 1414
Expect Resample Times = 0.36662
Real = 2
Result:
00001100111000
01101010011010
11101100110110
11100101011000
01111011100011
01101011101100
00100101000010
01011110101011
10111000110101
01110110100001
00010110111011
10110101000010
01100110100011
10100001100110
01011000001100
00010001111001
01010010111000
01100000100100
01001110100110
11111010100101
11110111010100
01110110100010
01010010101000
11011100111100
11111010000110
11011100100010
10001011110000
10010010011110
11000110010101
00100010110011
01011111101110
11100101001011
11101110010111
11010010110111
10101100100000
00111100000100
00111000000110
01000011001001
11101111010110
10000111100011
01010001001010
00000010001000
01100101110011
01101100001101
10111001100011
01111001000110
10010001010111
11011101100101
01111111111000
00101011011011
01101010000010
10001010011011
01001110000001
00000101010001
00100000001111
00010011111011
01010011011010
10011100010101
11111100101100
11000011101011
11111001011100
11000101011110
00001100101110
00101101100111
11110000001010
10100011101001
10000011000101
10010101001101
00000001001011
10001010001011
10011001011100
11100010100111
01101010101001
11110110001110
00011111001100
01101011001000
11111011010000
10111100010001
10000110010111
10100111011111
00011101001000
01101100110101
10010111110111
01000110110001
00000001010000
00111111011010
11101111100000
11001101110101
00111011111101
11110011001010
00101101111111
11110011011010
00001001000011
01000111000010
10101101101011
00011000010110
01010010000101
00100111001100
01101010111010
10111111010011
11111110111010
01100000011000
00100011001010
10100010101110
10001100010000
00000011101000
01011000111011
00000111000100
00111001111001
00101111100110
01101100100001
00011100001111
01011101100111
11110001001101
11000111110001
01101000110000
11101110001010
01100001011111
01001001110110
11001100011111
11000000000110
11011110001011
00011001000101
00100101001101
10010011110100
00011000101101
00000111011000
10000111101010
01011010111010
10100100100100
11010101010010
01010011110111
00011111111000
11101110111110
10111000101010
01110001010010
11100000010000
00010011111011
01101011101000
10111000111111
01010010110010
11000001010010
11101110101011
11100011101101
10011110000000
00111110100110
11100111110010
00111000001001
10110101010010
01000000000000
00100110111001
11100000011111
11100000110111
01010001100010
01010100101001
00110110000101
10100010001011
01000001010100
00111101110110
00000110011001
00100001000001
10111100010001
01001110000111
00011010000001
10011000000011
10110011101011
00111110100010
11001111010111
00011111000101
10100000001100
10111000101100
10101011110101
10011111010011
11011100001011
11001101100100
11111111111110
11001110100011
00110111101001
01010011001011
01111100111011
01101101011011
11110111010111
01100000001101
01011110100101
10100110001101
00100010010001
01101011000011
10110100110011
01010001010100
11000110010001
00001100010101
10110000000100
10111001011010
01011011000101
11110010110010
01011000100011
01000101001011
00101001011100
01110010100000
10010011101011
01111011010100
11100110001010
10011010011000
10011001010101
11001000100001
00111000100101
10111110101000
10110110010011
00001011100000
01101101111100
01010001110001
00010001111000
10111001111101
11001000011011
00110000101110
00100110010001
10101110011110
11000101000001
01010000001111
10001011000110
11000101101111
11100100100111
00100101000101
01101000011110
10111100101100
01001110100001
00100010011011
00000101100000
00010111000101
01101000001101
10011010011101
11001110000100
11110011010101
10110011010011
01111001101110
01000010001000
11011001100110
00001000010101
00000000111110
11101100010000
01111000101100
10111000101011
11011111001010
10100011001110
11101010110010
01001000110010
11111111001101
01100000001100
01100101011101
10101011101110
10111101101111
11011101101000
01100001001000
01000110110000
01010101010111
11000100000010
11111001010100
11000100001010
00111011011100
00111001110010
10010000011100
01101101000010
01010110110100
11000001101000
11111101100101
01001011111100
11100011111010
00001001001100
11110101100010
00100010010110
11010110101100
11010111111100
00101011110111
00100110011001
11001001101010
00011010111001
11101000000111
01110010111001
01111010000101
11100000011111
01010110010011
01010110001111
00010011000101
01110101011111
11001110010111
11011110101000
00101010010111
11101100001010
11010011000011
10100011110010
01001000001010
10011010111011
01001001001100
00100001110000
00010010110001
11111110110100
00011100110110
01011101110110
10111111010110
01101111001101
10000000100101
00011010010110
01111001011100
10011010000101
10010010110010
01010010010011
00100101010000
01001101101011
10100010101001
00110011110010
11000101101110
11000100111101
01001101111110
00010110100011
01101110000011
10101011100000
00000011011000
01001100010110
11001010010100
01110000110000
01000100000010
00011011011001
00100000110011
11000010001000
00001000110101
10000011101110
01010000101010
10111000000100
10000001000001
11000111101111
00011101010101
01101101110110
10100011100000
01011110000110
11101100111000
10111010011111
11111101101100
01101010011110
00111111000110
10000110011101
01011111110101
10101011000000
11001100111000
01100111111110
11111101010000
11000110100011
10001101011101
01011111100101
11111100100011
01101000000000
01011101110110
01111101101001
00000000010110
01011010001001
10100100110001
01101001111001
00001100011111
10100000100011
11100101110011
01001101110000
00111101001111
11001111001100
10011000000010
01101000000011
10001110100101
11000100001110
00110011001111
00100010010001
00000011101011
01101000000011
01100110100001
01100000100110
01000010100001
01011101101000
10101001010010
01010001111101
10100011001111
11100011101101
11110011101111
00010101000111
10110101100111
10100100010011
11101110101110
11000000110001
01111101110011
10111111101000
10010101111010
00111010100010
01001101111100
10111110010110
00011011111100
01101011001001
01101000001000
11111100001000
11010010110100
10101110100111
11000100101010
11111110011100
00100110011001
10011001010000
10111110011101
10101110111100
01001111101100
01100100000100
01101010110001
01111010011100
10010010010001
11110110101001
00000001111011
10010010111010
11110110110010
11001011010101
11101111000001
01000111010100
01011001001110
01011010010110
11011101001101
00110000001000
11000011100100
00110110110011
10010011010011
10101001111101
00010111010011
00100011011100
11111101100110
00100111111110
11011001101001
00000010100010
00100101011111
11111110001101
10010100101101
01001110011111
10010011010011
10101010000111
11110100001000
11100011100111
00100000101001
00001010111010
11100010100110
10000000011001
10000100000010
01111010010011
00010100000101
10001000110010
11101100010010
10100100101011
11000000000111
10001001010110
01100101001100
10000000010000
11100000110010
01101010110101
11001001011110
11000101111000
01100100111101
11001010011100
01000111111000
10101001101011
10110011010000
11001001010111
01110100111010
11011101001001
11100110111000
01000100001101
10100100100001
10111110000110
01010000101100
11010101011110
10101001111100
00001010110111
10111110000111
10111011110001
01011011110110
01011110110110
00001011101111
00101110001000
01100111110011
10000110111011
01111111011000
00111001001100
10111101010000
11011111111011
00110101010101
01010110111001
11110000001110
01001111110101
10011001110110
11100110101010
01110010111001
11111101100001
10001001011001
01000010010011
01111001101100
11111011111011
11100101011101
11010000100010
00101001011011
10111110010100
00110010001010
11101101100100
10000100000011
11001001000100
10011110001101
11100101010011
11100100010001
11010001111101
10111101110010
00011001110100
00010001100110
01000111110000
00011100001011
00001001110010
01110100001100
01111000100000
10010010101101
11110100100010
11001011010011
10110001101000
11001111011100
00001000000111
10100100011101
10101011110101
10010011000100
01000101001101
10110000110001
10110010110010
01000000001100
11100110111000
11001000011110
00000100110110
01111101000001
01011111011110
10110001000100
00111011100010
01110111111101
11101100000110
10110001010011
00001110100000
00110010001011
11000110111101
01101000011111
00000001001001
10010001111100
00110111100010
01100111101010
11011000001011
00011100110100
10111100000000
00101000000011
00010110101010
10100011110101
00100001110111
00001000101111
11110001011111
11101110110001
00000101111000
00011011101001
00001000011111
10011001110001
00110101100000
11011000011001
11110000010000
01001001100101
00010010011110
11000000111100
01011010110010
00000011001101
00001101101001
00111001101001
11100010000101
11101110000011
10110110110000
11011110110111
10101001000011
00001111100011
11010100100100
11111101011111
00100000111000
01110010110110
00011010001000
11000100011010
01110001000110
10101110111101
01111001110101
10000000000011
11011111101111
01101100101010
00000111111101
10011110110110
00000100011010
01000110011001
01110110000000
01001111010001
10010111011001
01011111010011
10110110110011
10101110011010
11001001010000
10011111100100
00111000110100
11011110110111
10100010100011
11001100101001
11010000010101
11101010001101
01100011011111
11010110100110
10011111100101
01010110101101
00101001000110
00010011100100
00110110011100
10111010010110
00111111101011
01010110010110
10110011001010
01101111100111
01111101000110
00110110011001
01110100101011
01100111000011
11110110101111
01111100010101
11010001101011
10100110100101
00110110100111
10110111000001
00010111011111
10111110010110
01001010111100
11010001000011
10101110001101
11110000001000
11011100000110
11101010010111
00011010111111
10000100110000
11100110110001
00101101100111
01110000000000
01100100000100
10000100011001
10010110010100
00001001101001
11001001001011
11100011000010
00101110100000
00101000101000
11001110010011
11111011011011
00011101100111
01011110110101
01000111010100
11100000110010
10000001110101
01111111101111
11000110010001
10101100001111
00001110000010
10101000101011
00000100100001
11101100111011
00011101010101
10110110011110
01101101111111
10000111000000
01101101000000
00001001111010
01101011011011
10100000000111
00101111111100
11101001111101
01000111110111
10100011101010
10001101111101
01100000101111
10000111000111
01000111101010
11111110110101
01010001100011
00000011100100
01100100101100
01001011001000
10111111011101
10101010010100
10111100101110
11000011001011
11001100000110
01000000100000
01101101100000
10100011001001
10101001101011
11010011111111
10110101111001
00110000101101
10011100111010
00100100011000
01011110101011
00110101011101
11100110011000
11001100100010
01000001100110
00000010101010
10000110100101
11011110011101
00001110100001
00010100100000
11000101010110
11100101100111
00001101000100
01100000101001
00000100010101
10010001101011
10100101110101
00100111100000
01110111001110
11111001011000
10000101100110
00001001101001
01110001101000
00101001100000
11100100110000
00100011100101
10000110111101
11111011010000
11110011110001
00111001110010
01101000001010
10101000001001
00010111010100
01001001111010
01010101001000
10011101000100
01101001010011
00100001010100
10011111111000
00011100110100
01110001001001
10111100111001
11100110111000
11100001100100
10001000100101
11100010100100
00001010000111
10110010110111
11001111011100
11100000011001
00111110110000
01110111010100
01110101001111
11110111001101
10010011010100
11011011010000
11001000001110
00100011001010
11000101010000
10011110010100
11111001011110
00110010110110
01010110010001
11111011100000
00010100000100
10010100011001
00100011001011
10110011100110
11110101010110
11001111010101
10001111011110
00111000001001
11100100111001
00101100010111
00100000101001
01011000000110
11101001100001
10110011110010
00010001010110
00100110100111
01100101010001
10011111101000
11100010100000
00100110010010
00110101010100
11111111010110
00010010010010
11000011000010
01111100100000
00011010010111
11010010001011
01101010100000
01010010111110
11001100101011
10011100101100
00100111001100
11110010000000
11001011111011
00010110110101
01101001010000
00000111000100
11101111001101
11111011101000
10000001101110
01000000100001
00110110110010
11111100001111
01010001101110
10100000011001
00010110000010
11110100001100
11001101000110
10011110010101
11001010110101
10011010000001
11010000001110
10001101111010
11110001001011
01110011010110
10100110011110
11100010011000
11100010000111
00011011100110
01011100010001
10110110101110
00100111011111
00100100111000
01101111000001
00000100111110
11011110111010
10010001000000
10011111011101
10110110000011
10101110101011
01110010111111
10000100100011
11101111101001
01001100101000
01001010011010
00000001000010
00101001101110
11011001110111
00101111111011
00100111010101
11100001001000
00110011100101
00010001011110
10110010010010
00010001011010
01000001010011
11001011000100
01100110011101
00010111101100
11001011000010
01101111010110
10010000000010
10111011000100
11111101011011
01011100111101
01001111100110
00100110110101
11101010110101
10100101000011
00000001101101
01011000011010
01111101010111
01101001010001
01100101111100
01010000100101
10110001011010
11101000101011
01001010101011
10011010111011
00010001011100
00110010010000
10011011011100
11000010010000
11001011110000
10001000010110
11110101000111
00111111001011
10011000100111
10100110101001
00010101101010
01101101001011
11010001111011
11101100001111
11110011001000
01100110000010
01100000100101
01001100011111
00111101010010
00111111000000
01110101101111
10111011000000
01101110000111
01100000010010
10100010010111
11011001000010
00110110111100
11101111000111
11000010101010
01000010101111
11010011100100
00100111111001
11110010011110
11100100000101
11101000101011
00100101100110
11001000111111
01011100010110
11000011010001
01001101100111
00010011000010
10100001110110
10001010010010
11111100000110
11010100110001
00010111010001
11010100000100
10110010000111
10001010001111
11011111000011
10001111101111
11110111111100
01011000011000
00000000111000
01010011111110
11001100110100
11001011010011
10110011011110
10101100010100
01110111101110
00000001000001
00110101000101
01101101001101
01101010110000
01010101111111
01101100100111
01101110010011
00010100111011
01111011010111
01100101000111
11111111110111
11011110010000
10110100100011
11111011111100
00011000110001
10000101101101
00100100010110
10110010101011
11001110100110
00111100011111
11010101101011
10110101100000
00011010110000
11011111000000
11011111100001
11101101001001
01101100000100
11110101101001
00010001110110
00100110011111
01010010110100
01100101100110
00011101101111
10100111110100
00001000100111
11001010001101
10110111100101
11001001111000
10100010001110
11011100111111
10010101110010
01110111010001
10111001011100
10011000000010
10011010111110
10010111010100
01101111001001
00101110111100
11110110000111
11111101110000
00000001110001
11101101011010
11010001000010
11010100011101
10110111111000
11111010000010
01110001100001
01001011010011
10111110110101
11101011110000
00110001110001
11011011001110
01111001110001
01110011101100
11111001001010
00010110010000
01000100100011
11011101011010
00100010001001
01100010101100
10011011110000
00110001010000
00101110100001
00111101011111
11010000011000
10110010101011
00101011101101
10100111001110
00000010011100
10001010100111
00110011001001
11111101101100
11010111010011
10000011010011
11110110101100
00001111111001
11010000110101
11111100001101
11101100010011
01111011101001
11101100011100
01101000101011
11000111011100
01011011010010
00101001100110
11101011000001
00000011011001
11011110100110
10100101010011
01111010000100
10001011011100
00010010011010
11100111101111
11000001100001
00111111001100
10000010110001
00101111101010
11001101011011
11000101101110
11001100011001
00110101010001
00001111011000
10010111101011
10010010010100
00101000011100
11010100110001
11101001001100
10010101011010
11110001111110
01011110111000
10100101000001
11111010100001
10000111011100
00100000001110
01110001110010
00101100111001
01000110001101
01000001110001
10010100001100
01111010110110
11001110010100
11110011011010
01010011111010
01010111110110
00010100010111
01100100010110
00111100101110
01110101001101
11010111010010
10000000011110
11101011110010
11101110100010
11110010000000
01010010010000
10001010110101
10111011011100
11001110101100
00100000010010
00111001110110
11001100001001
11111011011001
00101111001100
00000000000101
11000011100010
10100101101001
10110111011111
11110110001000
01110110011101
00000110001100
01000011101010
01110101001000
11000101101100
10111100110001
11010110000010
10011100111100
01001100010010
11011010000111
01110000110100
01010010000000
11111101110110
01011011010000
00010011000001
11000010010001
00101011110101
10110011000101
01100001000001
11111101010000
11111011101100
00010001110011
01011010100110
11000101110100
00101000011000
01111010011101
11000100011010
11101110000010
10101001100101
00001100011000
01110101110111
10011011100110
00001001101101
10000101111010
01110001111010
11111101001011
10101011100010
11000111101001
00110111010100
01101111001000
10011011110111
11111001100000
11101000011101
11011011101100
00010011110010
00111110010110
01011100010011
10010101011100
10101110011000
01100100101011
11110111101011
01110010011110
11111101101000
01010111101101
10110001111101
01100000001110
10010010101010
00010000010111
01101101010101
00110010100011
00101001111001
00100010111111
10011100011000
01110111110101
00010001111010
10101111110111
00101010110111
11100010010110
00100110111011
11000011100101
01110110100110
10001011111111
11110001011101
00111110111001
00101101011011
00011001110110
01110101100010
00110100100100
01010011100110
01000001110000
00010111010011
00110111000010
00000111111100
01100001100000
00100111010100
00000010111111
00000111110100
11010000000001
10100010001000
01000101011110
00100111001000
01000111100100
10001011010011
00111010001100
00111000111010
11110101110011
01111111001110
01001001110001
11000010100001
01000101010111
10010011101001
10000011100100
10000100110001
01000011001000
10000100000000
10111100001011
11101111010001
01000101001101
01010010011010
11101001100010
01100101010101
00110101110101
00111101010011
10101101010000
00011010110100
01011000110010
01111111001010
11010110011001
01000111100001
01101001000010
11000111111010
10011001100111
01010100110100
00001000110101
01010110110011
10010011010001
01001110011000
01101101100011
00001100111101
11111000100011
00101011110000
00000101110011
10111010001100
01110011010110
01010110101111
00010001110001
10001011100100
00100011100010
00110001011101
11110011101001
11111110011010
11111011011110
11000111011010
01101000101011
01010100111101
01000000100111
00001110011000
01010010010110
01011100100011
00011111001010
10001001100100
11011110001101
00011011010010
10001101000011
01001100010101
00110111111100
11100110111101
01010010011111
01111101011011
11111000101010
00100000011011
11011110011011
00010001001100
00011010110110
00111111111101
11110001110100
00001001011011
01101011111000
01100010011111
11111011101000
10100110101010
10010011010011
10101010010111
01110000110010
10101110000110
10001000100110
10101010110101
01010001011100
01000011001100
10001110000111
01010111111110
11000010010110
01011110101001
10010110000001
11001100110111
10101111101000
00010010000111
01100011100100
01100101110100
11111100001001
00011100001110
00010110111101
00010001111100
01000110111110
11010011011001
01010110100011
11110001111101
10100011111011
11101100110100
01101111001001
11001001001001
10010010000000
01011100010011
01101110111101
10110000001100
00001100110000
10001000100001
11001111011101
11010001101110
00110011111001
11000011010001
10110011110100
01010010101001
00001111000101
10000011111000
00111011010101
10101000011110
10110010000000
00010001101011
11111101010001
10000100111100
00000111000100
00110001110111
10111100011011
00000010000100
11000010111100
01110111001111
11100001110001
11001011000110
10110010011101
01010001101100
10110000101010
10101010010011
00011000010001
01100100000110
01101101010101
11010010101000
01011001100011
11111010001000
00111010001001
01010000010101
10110010100100
01010010101111
01001000110001
11100010001000
00111010000010
00011110111110
01001100010000
00000010111111
00001100110001
00101101100011
01001000101001
10000100111100
00010100011111
01111011000000
10100101110111
10000000100011
00010110001011
01101000011001
00001100010110
00111101111101
10111001101000
00000000000110
01101110110010
01001100110100
10100111101111
01001011011100
01001100100111
00110001010111
11000011001011
00100011100011
11000011110111
01110000000110
11000110001111
11101110101000
10010000101000
00101101111111
10111110011001
10010111010001
11011011001100
00110111010111
00110101001001
10010010000001
10001001000011
00110110011010
10101010001011
10001001111000
01101110010010
10010100000110
11110111001011
11001111111111
10001111000001
11100101111011
10000101111101
10110111011101
11000000010000
10111001000000
00001111010011
01010010110111
10111000100001
11100000110110
11000110110001
10110001011100
00110011001001
10010011100010
10101011001000
10110010000010
10011111111110
01000001111100
10010101100101
00001101110110
10001010110110
11011000011100
11010111010101
10001101111011
11000011010001
01001000111011
00111100010011
01111010001100
00110011000101
10000011000111
11001010011001
11111100010101
11110010110100
00111011110101
11100000011001
10111101010110
Time = 1.206s
