n = 7, k = 5, m = 301
Expect Resample Times = 0.370163
Real = 0
Result:
1101101
1010010
1000100
1110101
1001001
0001111
0100100
0010100
0110001
1000100
1010000
1000110
0110000
0001001
0101101
0011110
0000100
1011101
0011001
1011000
1100001
1011100
1100111
1110001
1011001
1100000
0001000
0010110
0000110
1100011
0111011
0100101
0111010
1000011
0001000
1110011
0110101
0001010
1010010
0101000
1011000
0010101
0011101
1101001
1100011
0101101
1111110
1101010
1010010
1001101
1000110
1010010
1000101
1011111
1101011
1001101
0011000
1101000
0111000
1111100
1001000
1010010
0101000
0101111
1001111
1011111
1000111
0010111
1111100
0111011
1111011
0010011
0000101
0101010
1011000
1011110
0001100
1001000
0101101
0010111
1010111
0111101
0101111
0000110
1100111
0011010
0100111
1000101
0000001
1101100
1111000
0001111
1000101
0101001
0001100
1101110
1101001
0011001
0011110
0000011
0111111
0011000
1001001
1110111
0110011
1011011
0001000
0010010
1010100
1010101
1011111
0101001
0101011
0110101
0100101
1100111
0111010
1111000
1010000
1001010
1000000
1000011
1101010
0001010
1100010
1000111
1000001
0111001
0110010
0011000
1000011
1110000
1111000
1110010
1000000
1011101
0101011
1100111
0110010
1000010
1100100
0001001
0101011
0111101
0011000
1110110
0101010
0110010
0111000
0111011
1110101
1001111
0111100
1001111
1001010
0110001
0110000
1110100
0010110
1110010
1010000
1100001
1000001
0111101
1100011
1001110
1010011
1001110
0001111
0011110
0011111
0010101
1110110
1111011
0100001
0100000
0001100
1111101
0001101
1011111
1000001
1100110
0010000
1100111
0011110
0111110
1111110
0111010
0011010
0000111
0000101
1101010
0010010
1101110
0001100
1100111
0110100
1011101
1011101
1010001
0010110
0010110
1101110
1100110
0010000
1111111
1010001
0100111
1000000
0000001
1001111
0111011
1110011
0001000
1111100
1001100
1110001
1001011
1010110
1100100
0010101
0001010
1111001
0100100
1000000
0001001
1001110
0000111
1101111
1010001
0111001
1010001
0011001
0010101
0100100
0001010
1100011
0010100
1001101
0001110
0110110
1100111
0100111
0100011
1011010
0000010
1100010
1111111
1010010
0011101
1110110
1101111
1010000
1000000
1111110
1100011
0001001
1111010
0100111
1001111
1011111
0101010
0111111
1101110
1010000
0101111
1111010
1111111
1011111
0111100
1010000
1001110
0000111
0110001
1011111
0000111
0010011
0111110
0001101
0110010
1000110
1111010
0011111
1010100
0011111
0010000
1010111
1011011
0110001
0110000
0011111
1011000
0111011
0101001
1101111
1011100
1100101
0110001
1101000
0001000
1101110
Time = 0.001s
