n = 8, k = 7, m = 787
Expect Resample Times = 0.38529
Real = 1
Result:
00100000
01100111
10100101
11101110
01010101
00111101
00011010
00001101
01010011
11011110
01101101
01101010
01000110
01101011
00010111
01000111
01011100
00110111
01001011
00101110
11011100
11010001
01000010
10100111
00111111
01110010
00100001
00111110
00100110
11011000
10110110
10000111
00110100
00001111
00010100
11101010
10010101
10000110
01011110
11100100
10111001
10111110
01101111
11000100
00011001
00010001
10111001
11011110
10001001
10101111
10100011
01111010
00100000
10011000
11101011
10011010
10100011
00011101
00101010
11101100
01011111
01000100
01010010
01011011
11100111
11010010
01101110
01100001
00011000
00111000
11110100
11010010
10010010
00000100
00010001
10010001
01011111
01011110
10000100
11011001
00110011
01001001
11001111
00111010
01010101
11110010
00000001
00110011
00001111
00110010
01110110
00011011
11011000
01100111
10110011
11000011
11011000
01101100
10100000
11111111
11110011
10101011
00100111
10011101
01010011
00100011
00110001
00001101
00010111
10000100
01100000
01110001
10111011
10110110
11000000
10011110
01001011
01000010
00101111
10000110
10000001
01010000
11001001
01010001
11111011
00011110
00010110
00011100
11100110
11100101
11000100
10100101
10010001
00000100
11010101
11011100
00000010
10011010
01110101
10001011
01000001
00011111
11001101
00101111
01001011
00010100
11100110
01010011
11011110
00010100
00000010
01001100
01000100
00111111
01000011
01001110
00000011
01101000
00111000
11001001
11111110
10001111
00011000
00001011
00000010
00111111
10101010
11001011
00011111
00111111
11110010
10010111
01110011
01010011
10111111
00110100
11011100
11100010
00100011
10010111
10000100
01011011
00110100
10101000
00100110
01111111
00010111
10010111
11011010
10110011
10011111
10010000
11111001
01011111
00001010
11001011
00101101
00100101
01011010
00011111
11001001
11111111
01101100
11110001
01110011
10010100
00010001
01111000
10000100
01010010
01001001
11100101
11111001
01001011
00110010
00011111
11100101
11000110
00100100
01000110
01101100
01010000
01100000
10001101
01100001
11010111
00101001
01000101
01010101
11011000
10001100
11011001
00011110
00110100
10001111
01001000
01101110
00000101
10010101
01101101
11101011
00110010
01010001
01110010
00000100
10101100
10111010
11010001
11001011
01110010
00110001
11000000
00011010
00100111
01100111
01000111
10011111
00010101
00111001
10011101
11011110
00111101
00110111
10011111
01010110
11000100
10011011
10000101
00001000
00000100
11100101
01001111
01110111
11100111
11101111
00110100
01101110
00101001
01010010
11010001
01110110
10110111
10010001
00000100
00100110
11100110
01110101
01110111
00110001
01000001
01100011
10111011
11101111
10001101
10010100
00001100
11000000
00110000
11101110
00010010
11101001
11111010
00100011
11101001
01110101
10001110
11011101
00010001
11111000
01011101
10011110
01101101
00001111
01010001
00010010
00101001
10110110
00101001
10011100
10010101
11011110
11010001
10001111
01001011
10111110
01100100
01010101
01001110
11000101
11010101
01111110
10010000
10001010
01111101
00101010
00001001
01011001
00100011
00000100
10110011
10111101
11001001
11111110
10100111
10111111
01010000
10010000
11100000
01100111
01011010
11111011
11010101
11011001
11001000
10001010
01110011
10010000
00110101
10110010
10001010
11011110
10001111
11010010
01011000
01111100
11001010
10010110
01000100
00101010
10110111
00011000
11001010
01001001
10101101
00100010
01001000
11111101
10110000
10011111
01000010
11011010
00111010
01001010
11111101
11011010
01100111
01100100
11000000
10011000
10111011
00111100
11011110
10011010
10110010
01100101
10001001
11101010
00101001
00101100
11110100
01110111
11101001
00110110
00001100
11000100
00111001
11010100
01001001
10001100
11101001
01011101
01101001
10001101
01100010
01011000
10011100
01000011
01101101
00110100
01100110
01100011
00111110
10011101
00001010
00100011
10111011
11101100
11100100
00111100
11110101
01001111
00001000
01101100
00000100
10011101
11011101
00011100
11110100
10011111
01010000
01001011
10000011
11000100
01101111
00111110
01101011
01111110
11110011
00101000
00100011
00010001
00011110
11010110
11111100
01010000
10101101
11110000
00010000
00100010
10001101
00100100
10100010
01111100
11000111
11111100
01111101
00101001
11111010
01010011
11011100
00000111
01010010
00110111
00010000
10001000
10000111
01110110
11111100
10101000
01100000
10100010
00110000
00001000
10111011
11010001
10010001
00010011
11110100
11111001
10000111
10100110
00010101
10110110
00010011
10010011
00100111
10000000
00111101
10101111
10101010
01001011
10000100
10010010
00110101
11110010
10011001
10100101
01011111
11100110
01010110
10010010
10011011
10001100
11111110
00100001
10011001
01001011
01010101
11111110
01111110
10001100
10000010
10111010
11101100
00111111
01101000
00100100
01111000
00001111
01000010
01110000
11011001
01110001
10110111
10011000
00011111
01101000
11010101
01110000
01110000
11001100
10111010
10001010
01101111
11101100
10111000
01110101
11010000
01101111
01101000
01111110
01100101
10010001
11001110
01000110
01001000
01011110
00000110
11010001
11101101
01110001
01010100
01100100
01100111
11110000
10101110
00101110
01101001
11000000
01001010
00101100
01001111
01011000
01001010
00111101
01110001
11100001
01001000
00001111
00111010
00100100
10000011
01011100
01001001
01100000
01100010
00000101
01000000
10100011
00100100
01001111
10011001
01110001
01110101
11100110
01100000
10010110
10101010
10110010
00110110
00100010
00011010
11000010
11110001
11010011
11000111
01100101
01010110
10011000
01110001
01001000
11001001
00101011
10101110
11000110
11011000
00110101
11010011
00011010
01101100
00010111
10101101
11001100
00000100
00111010
01000000
00111011
01101101
01100011
10111101
00110011
00111011
10011011
11001010
10110101
10011111
01101011
10001001
10000100
11111010
11001000
00110011
10010000
11111001
10110110
00111101
10110101
00101011
01010010
01110101
10011010
01101100
10101010
11010111
01010001
10100011
00101000
10110001
01011001
10111110
10110101
01011101
11101011
00110000
10000100
01001110
10111110
10010011
11011010
10111100
01110111
00011011
00100011
10100110
01111101
01000001
00111000
11110001
10110110
00000010
01001011
11101011
11011100
00000010
11111110
00111101
11110101
11010001
10101001
11110110
00110101
10111000
01011010
01001001
10111110
10101100
01101111
11011100
01001011
11010111
01100101
01001001
10101001
00111010
10010101
00011011
01010010
01101011
01000100
01101111
00100111
01000011
10110000
11010110
11101101
01010110
01001100
10001011
00111011
10001001
01110101
01110001
11111000
01001110
01110101
00000110
01001111
01110001
01101101
11010011
11010001
11100111
01101111
01010001
10000110
11100010
00001011
11101111
11100010
11101000
01101111
11000000
10100110
00001100
00010101
11101101
10101110
11010101
10010011
10011010
00100101
01001100
00001111
10000101
00111111
00011100
00010010
00001010
00001010
01101000
10101100
00000011
01111101
10100110
01000100
11111001
01001000
11101111
01011001
01101110
10010001
10010111
11001010
01100011
01111100
11111111
01110001
00111011
10010100
01101000
10010000
00100001
01010010
01000101
10100010
01000110
00101011
Time = 0.009s
