n = 10, k = 8, m = 125
Expect Resample Times = 0.356988
Real = 1
Result:
0000100010
0000010010
0000000000
0000000000
0010000011
0000000010
0000010000
0010000000
1000100010
0001000100
0000000010
0001000000
0000000010
0000000010
0000000000
0010000100
0000000000
0000000000
0100000000
0000000000
0000000010
1100000000
1001000000
0000000000
0000000000
0110000010
0000001100
0000001100
0000100010
0001110000
0100100010
0100000000
1000000001
0100000110
0000000010
0000000010
0001000110
0100000000
1000000000
0000001010
0000001010
0000000000
0010100010
0100000010
0000000010
0000010010
0000011011
0000001010
0000000110
0100001000
0000010010
0000100011
0001010000
0000000000
1000100000
0100000000
0000000010
0000000011
0000000010
0010001100
0000010110
0000001000
0000010010
0010000001
0000000010
0000000001
0000000001
0100000010
0000010010
0000000010
0000000010
1010000100
0000100010
0100000010
0000010000
0000000010
0000000010
0000000000
0000000000
0000000000
0010000010
0001000011
0000000000
0000010000
1000000010
0000100100
0000000001
0000001000
0000000010
0000000000
0000000000
0000100000
0000000100
0000000000
0000000010
0000000010
0000010010
0000000010
0100000000
0000010010
1100001010
0000010001
1100000011
0000000110
0000000010
0000001110
0000000000
0000010000
0000000001
0000000101
0000000000
0100000010
0010000010
0000010010
0001000100
0000100010
0000100000
0000000100
0100000010
0001000011
1000000000
1000000010
1000010000
0000000000
0000010000
Time = 0.001s
