n = 9, k = 7, m = 1349
Expect Resample Times = 0.368587
Real = 0
Result:
101100110
010100101
100000111
100000100
110001111
010001101
001110111
000000000
001000000
100110100
100101010
010001110
011001101
101101011
110100111
001000101
011011011
000110101
001000000
111011101
101010000
100101101
001111110
010101111
000010010
101001101
010000001
011110101
011001000
011110110
111101011
000111000
000011010
111011010
100110000
010100100
000101100
001100100
110000001
000010011
011001101
110110011
110001011
111001000
100111101
101011100
111010100
011001111
011001011
011010001
011100100
100010111
011100010
001101101
111110001
001100011
110101101
000000101
000111000
011100111
110001110
100001001
001100111
101110100
101000001
101110001
110011010
100001010
001001011
101011011
000101011
001110101
100101111
100011100
111110001
101000011
010110101
011000000
100110000
111100101
010001101
001101110
011011100
110011100
000001100
001101000
100011010
000011000
000111000
000000110
010110001
111100111
011011000
111101011
111010101
001010000
010111100
101010011
001101010
011111000
110011100
011001101
111011011
011011011
011100011
100011011
011001011
111111010
110101101
111110000
001101000
011011110
000110100
101111111
101101100
110101000
100111111
111110101
011111101
110100111
011000110
000001111
011000001
010001011
011010100
001101011
100111011
110111101
111101000
101011111
011010011
110001101
000101000
101110000
101010100
011001111
110101010
000101111
101110000
111010101
101000001
000101100
111110100
111000001
111101000
010001101
111010011
101110011
110110010
110001010
010011110
100010101
100101110
010101010
101111000
000000111
111010101
011111010
110000110
011011111
010110000
111000100
100010101
100111101
101010111
000001010
111011010
011011001
101001001
001000100
000101001
110100000
000010000
111100110
110010110
000000010
010010100
010100001
111100100
110100001
101011010
101110010
010001111
001011110
101100101
000011110
100110110
100100000
001100110
011000010
110001000
100010111
001100011
111111100
111101011
111011011
101110101
111110110
111110100
001101011
111011111
011110100
000011000
111100110
110010000
010111110
110100100
000010100
100110111
011100110
111101001
110111101
000011011
000101101
110011000
111111100
010010011
101101111
110001001
011101011
100011010
000111010
101100011
100011011
010100010
110111000
110101110
010110111
111111101
001111100
111101110
010011011
100011011
010001011
011010111
011111111
111110100
011011011
001101111
000011001
000000100
000001110
010001001
101100100
111000010
111010110
010000000
101111100
011010111
101001000
001000110
010110111
000011100
100100111
010010001
011110011
111000010
011111110
100111010
001010010
001001111
110101101
100101100
010111001
100010001
001000001
011000011
001111011
000001100
011001100
010011010
101011101
110000101
011001010
110010001
001111100
111101011
111000010
010011101
111010101
100011101
111101001
111110001
010001010
001100111
010100100
010100101
000101000
100001110
101111111
011111001
111000100
011011011
011101000
011111100
010000010
101010001
101000000
101011111
100100010
100000011
110110011
100011100
101011111
010001111
011000011
100001110
111110000
101101111
001110000
011001010
100010110
010011110
011111010
100011001
101111001
001101000
101100111
100000101
101001110
000111100
011101010
001000110
000100010
101100101
101010110
011010110
010011111
010000101
110011011
001000010
110110000
100101111
011111101
111000101
010011110
111011110
001100001
001110111
000001111
010000001
101001100
010111111
001100110
000010100
110111000
000101001
000110000
011001101
011011100
011111100
011011000
010011101
000011111
101110100
101011001
110011001
011111011
100111000
100101001
110001011
001011101
011100011
001001010
011011101
110010111
100110101
001011000
001000010
110011101
000001111
100001110
011000110
110011011
101101001
000000101
111011000
100001111
010011100
000110101
100100010
100111110
100010110
101101100
110001010
001001010
011001001
100101101
010001000
110100000
101101110
100100011
111011101
010100100
110011101
110110100
110000010
010100111
011100010
100110110
100010100
111000111
000001000
111000001
100101001
100001100
000001111
001101011
000101100
010100011
111001011
110011000
111001011
100100110
010100000
010010001
100101111
000001010
100110111
011110111
101001100
101011001
101011001
100101111
111010000
110110010
100011001
010001101
101100010
000101101
110110010
101011010
001111000
101100101
010101000
100011101
110000000
101101101
010001001
100011110
010100111
010111000
101011101
011110101
100011010
011101101
110001111
001111001
010001101
101101010
011010001
011000100
000010011
100110000
001101100
011101101
011101010
100011011
100111110
111010010
110111010
011101100
100011000
101001101
100111000
001110011
111011011
010001110
010001101
110000010
100101000
101101011
011100010
101011110
010111010
011000100
000101011
000100101
100001010
010110100
000001001
101010010
000100010
010010001
111101001
011000100
111101100
000001010
111010110
101101100
101111001
100001011
110101110
011001000
011110111
101001000
100010111
011101001
110010100
011000100
010101000
000000110
010100101
110111101
110011100
101010101
000010000
011100110
100101111
001010000
001100000
100000011
000110100
010111100
010111110
001110101
110001000
111001000
001101111
111010011
001111000
100110100
011111000
001101111
010100100
001101111
011111000
101010010
010110100
011111001
000110110
000110010
101000110
010001110
000011101
011000001
001001010
001011110
111110000
110110111
010110100
111000110
110101100
100010111
100011110
111011111
010010100
111111111
011011010
001100010
000011100
010100001
101100011
100110001
010110001
011111100
001110010
101100011
000001010
111110110
010110010
011110010
101111010
001100001
001110010
000000111
110111101
000000011
100011011
100100011
110100110
001000001
010010111
110111111
001001010
001010000
101000100
011101010
100100000
111011101
101011100
010010101
001011000
111110111
001000110
111111101
000010010
011000011
101101111
011111001
111011001
010101001
101001101
011000000
000101100
011100110
000101001
100011111
010110111
110011010
000010101
100001100
111011000
000111111
111101000
010010111
110001010
010101001
100000111
011111100
001111111
110010001
001011100
010101101
000000000
110100101
000110101
001011101
010010000
011100001
001010010
111101000
101110010
101011101
010010110
111101100
111011101
111010000
011110011
111010110
100001000
101010001
111010110
011101101
100001010
000001001
111000000
000100010
011111011
000100000
100100101
110010001
011100001
010000100
000000000
110000110
111110101
011101010
100011010
111010110
011101110
011100011
101011111
101100110
110001000
000101000
011101001
111111100
101011001
000000000
011101100
001101011
110100000
001111000
011001100
010010100
111111010
100100100
010100011
101111101
111110011
011010010
100100001
101010001
001000011
010101011
100110010
010110100
001111010
111101001
101000111
111111111
100000011
000111111
011001100
101010111
000000000
011001101
010011111
001010111
011110001
011101110
000010101
100000010
111111010
000110100
101100101
001101001
000001010
001011001
001110010
010010100
001000000
010110000
110101101
100011111
001000111
100110100
001001010
001111000
100111010
010110101
000001010
100010011
011000010
000100000
011101111
101101011
101100100
000000101
000110001
011100100
110101101
111000001
010101100
001001100
101011001
000110010
010110111
000001101
010000010
000010000
100011010
001101010
101011111
110100101
001100111
111101010
100010111
001010101
111100011
011011111
100101110
001000101
011110110
101010001
010010100
001000001
011011001
000100111
100101110
011000100
101100011
110101001
001001001
100010101
000000111
111010000
110011011
111101101
100110101
010110011
011000010
010111001
011001111
100111000
101001101
011000011
100011101
110101010
101110000
101011111
000010000
101100010
001011011
100011001
100111110
101100011
101011000
011011010
010101101
100001101
100110100
001110101
110011101
011110101
011001010
001011111
111010110
100011000
011011111
100011000
101011101
101110001
001101000
010101101
110010110
001100101
011110011
100101011
010001101
101011100
010110110
110101010
100000100
000010000
110000110
010001011
000110010
100111011
000010000
100000111
110000110
110010100
010111110
011110011
110001100
101111111
111001100
111101101
101011101
110010111
010000001
000001000
111000100
010011101
000000101
011100000
011000000
000001111
001100011
000100011
000100100
101100000
110011001
001111000
100111011
011000110
010111111
010111100
110111111
101111101
100000010
101101011
111000011
101110101
110011000
110010110
000011101
111011011
111000101
101010110
111100101
011010010
001000100
010111011
101001100
100101111
011111010
011101000
111010111
001110000
111111011
001010111
010101011
010100100
111111010
011000011
010000010
111101000
100111100
001010101
011100010
110101011
010010011
110010100
100101000
000111001
101011101
111000011
011001001
100100110
110111011
100000100
110101111
010001101
100111010
101100100
111110111
111111000
001100001
100100111
011001010
101000010
001011000
010010001
001010010
001010000
011001111
011000010
100010000
101110001
000100101
001110110
000011001
111011100
011110000
010101101
011110111
011101101
000011011
111110110
110111010
101101011
000100111
000000010
101101110
100101010
100110010
000101110
111111100
101110101
111111000
001111101
110010001
101000111
011000011
110111000
101000011
110010110
001101110
010001101
110001110
000001101
001000001
011010111
101001001
010101011
000101000
011001001
100010101
011110000
001000101
111011110
111001001
000011110
000101101
010001010
010000100
010110000
001011000
101011100
000000010
100001010
111110010
100001111
111001100
111101110
011000110
101010011
000000101
000101011
110110100
110000100
111111101
101001000
111110101
011110100
011011000
110101010
110100101
111101101
101000100
101010001
010001101
001001101
000010000
100000010
110010111
100111011
111000000
000001111
000010111
111011000
100000111
111110101
011101101
101010001
000001110
010011110
011011111
101100001
001101111
101001111
111101101
010010011
001110101
111010101
100110011
101110000
001110110
110111000
001100010
111011000
101110011
000000110
110101111
101001011
101010101
111110001
011010000
010101100
101100110
010011100
111011010
100110111
101000011
011100100
001100110
111101100
110100010
011101100
011001101
101000100
001111100
000001010
011001101
100011100
111011011
011010100
011011001
110100010
111100001
011100000
110100010
001000111
011110111
011110111
111111000
011111101
001010111
000100010
100100100
111101011
101101001
001000000
000001111
110001101
111000110
110111001
011011100
100011000
101100101
100011000
111110000
011100110
000011111
011000100
100010110
101101000
000101111
001000100
101101001
000011110
101010001
010001010
001101011
100010111
100011111
001111001
000000000
100101101
101101100
001110000
000000001
010100010
010010110
001011000
110100111
110000111
001001110
101011010
000110010
111111011
110110001
111111011
010110011
100000000
001111011
100101101
011011110
101100011
000101001
100111111
111010101
111010010
100111111
101111100
000001111
001111101
111110101
011010010
000100000
001001100
101101011
000101011
000000100
001111100
111110010
110001000
111101000
100111110
000100000
000010011
010011011
110101010
000110100
000101111
111000101
010010101
110000100
011000101
100111000
111110100
111011010
101010011
010010111
011111011
101110011
001111100
101110000
010000011
111100001
100100101
011100111
010011000
100010010
000101010
101000100
101010110
010101111
001001111
000100100
100110011
000111110
100010111
101110101
111100100
011101010
010001110
001011101
010111001
001000100
100111010
010010110
111100000
111010110
011001110
111001111
010110010
111110111
001110110
111110010
111111000
101111100
010001101
011111110
101001000
111111101
100101110
111011101
110100110
001101111
001101011
010001110
101001101
100101000
110101110
100111101
111001011
000100111
100100001
110101111
001001001
011010000
100101001
110000001
011100010
101111101
000110100
001000100
000010101
001000111
011111100
100010010
110110111
010111000
101000000
101110001
000011011
111110101
011111001
000101011
100101111
000111000
000101100
101000000
010110111
000001100
111101000
010100101
100011101
000100000
001110011
110010010
000000010
110100011
011101001
111111111
011011101
001001101
011100001
101100110
000111111
101110011
101100101
011111101
111011101
111000010
010011000
001010001
001110010
100101001
000101110
000111101
000110010
010001010
001110111
001000110
011100001
111101001
001010110
110001010
010011111
111001001
001100011
011000110
001100110
100111111
000001000
000111111
111011001
100100110
100100100
000000110
001001010
011111001
000100100
001110111
000111001
000010110
101001111
110011011
100110100
110010001
011011010
010011100
010011101
011000100
111101101
011111100
001101001
100001101
001000011
111000010
110000001
100100100
010111100
101110111
100000001
101000010
110010100
001001101
000000110
001001011
011100011
011001110
011001011
001111010
001101100
110000110
100100010
110110001
110100110
101100111
101011000
111000001
100011010
001101101
011100110
101001111
001010011
101100010
100111110
110010001
111100000
000011101
101110100
110001111
110101110
001001111
011110110
011110000
110101000
011110101
110010100
010110111
000111011
011011110
101011011
110100010
111111111
100011101
010000001
010001000
000110011
101000110
110001101
000111011
100011010
011010111
010111001
111011001
101111111
011001001
011001001
000010010
111111000
101100110
100110011
000100110
001010010
110110001
111101110
011010000
001111100
011110101
001000111
001101100
Time = 0.006s
