n = 19, k = 2, m = 61
Expect Resample Times = 0.843456
Real = 0
Result:
1100010100110001001
1101000011110010000
0111111111001100000
0011011000000001010
0001001001111011000
0111110011000111010
0010111011110000101
1100101001000110010
0001000001011001111
0111000001011010001
1011001101110001011
1110010010101100011
0010011001100001011
0000011001111001011
0010101111001111111
0101010011110110000
0100110110100010100
1111011100010001110
0100010000110111001
1101111011110001000
1101100001100011011
1000011000001010101
1001001100011000111
0011001101000101010
1101011010001000110
0010011110100111110
0010011100110001011
0000110101100011111
0111010101101101110
0101100101101001011
1000010010100110010
0110000111010111001
1001000110001010001
0010100001110010110
0110101110001000011
1110110111000111100
0010010011010000001
0111000000001100101
1101101011100110100
1100100110011001110
0100010110011101001
1011110000010100110
1010100100000111010
1100001111100101000
1000011000010101011
0101100100000110001
1010110110110001000
0111110101101000101
1101110001011110011
1100111100100111110
0010001110101010000
1101111100100010110
0010110010101100101
1010011011001101011
1000001011111101101
1110111001101011111
0000100000110101100
0101010001001000100
1000101100111011001
1101100010101001010
0010111110101010100
Time = 0.01s
