n = 16, k = 4, m = 343
Expect Resample Times = 0.407267
Real = 0
Result:
1011111111101111
1010100101101110
1001110101000011
1000011000100000
1001111000001101
0011101110001000
1010111010010101
0000000100111001
0000110011101001
0011111011001111
0101010111010100
0100010101110001
0010111011000010
0010101001101100
1100110111100101
0010111101110101
0001101110110110
0000110001101010
1010011011001100
1011110011110101
0101101101001010
1000011011111010
1010001011110101
1111000110001100
0100111001001110
1101010110001011
0000001101010100
0010100010000010
1000101101001011
1011100001001101
0011100000101110
1000010111010011
1000001011110011
0001110111110111
0010100000100111
1110000111011100
1110011000101001
1011101001010010
1010001110010100
1110110001101100
0110001101100010
1111101011011101
1101011010011001
0000100100110001
1111001010010110
0010110100111001
1111010101110010
0110101101110001
0000010011000111
0100000100000001
0111011000101011
1100010011000100
0011010010001010
1111100000110101
0000111111101011
1100011101010010
1001011010101010
0110100000111000
1111100101001001
1011000001100001
0111100001001000
0011011001001010
0111000010011110
1010100010011110
1010111101001101
1100011010101111
1000000011110011
0010001110011100
0110000011001101
1010001101000010
1110010111001011
0001011001011010
1110100001001101
1110001110100111
1111000101110101
1111101110010111
0101001101110000
0010000000101111
1000000110111111
0100101111111010
1011011000110100
0110110110001010
0000111001000111
1111110001101001
1110100111011010
0100001110011011
0001100101011110
0101110011001010
0110110110011010
0001000111101101
1111000000101101
1110111001001010
1000001011001010
1011000101010101
0111110000000011
1111111111010000
0010000000001100
1110011010111110
0111001000000000
0001111011100011
0011010110010000
1001111011010010
0110111111100011
0011000000010011
0111101111101111
1010000011001010
1001111110000101
0001100011110001
1110101101001000
1000010100011101
1010100001001111
1011000011111010
1011011101001111
0101000010010010
0101111100110000
1000000111000101
1001111000000000
1111100101100000
0100100101110110
1011010011011011
0011101001110011
0001010101000100
1010101110101001
0010001001100111
0010010100110110
1011001111100011
1011010100001001
1100100100001100
0111101110101011
1110011100011111
0000111111100000
1110111101111011
0001101101111111
1001000011101101
1010001101011110
0100000000010110
1010000001010111
0100000001101111
1101001101110100
1000101010001000
1000000000001000
0111010010011111
0111100000111011
0100001011010010
1000011000000111
1010001011101010
1110001011110110
1011111100101111
0000101010110011
1101111011101110
0111000011111011
0001100110100110
0110111110010001
0010101001101100
0011011010100000
1101000001111011
0011000110010011
0001010101011110
0111100101100010
1000000001001111
1011001111011101
0011101011010001
0000010110011110
0010100101011100
0011010001101000
1011111100000011
0101101111110000
0010110011111111
1011110110001010
0000110110011110
0100111001110010
0110000010001111
0010110011011000
0010110011010010
0100111000110011
1110010111010011
0001001110000001
0100010000110011
1001001010011101
1101110001110011
0100110001110001
1011111010001000
0101011100011010
0000111111100001
0000100101010111
0011001100000010
0001111110011011
1111001100010100
0001111011010011
0110101101011010
0010110011000100
1110001001100010
0111001000011100
0010000111111010
0101010000010110
0101010001101001
1010001100010001
1100110100011100
0110110010111000
0000001001010110
0011000010101010
1000001011001110
1010100010100101
0101101010000011
1011000111001110
1001101101100001
0011101011100101
0101111010101111
0100111000100110
1100001110010101
0101100001101000
1011110110101001
0011011111000001
1011000111010011
0011000110011011
0111110110010100
0100001100100001
1011110010000100
0000010000000001
0110111010110110
1101001011100000
1000110101011011
1010101011000000
0110010101010100
1000000110100001
0110001110110001
0100001011111010
1100111011011011
0110110011011000
0011100001011100
1100010000100001
0111010010011000
1001000101011011
1100110101000110
1000010010101100
0110011010101011
1001111000100000
0010111111001110
1010101100000111
0011000100001101
0100111100011110
0001000000100000
1110000001110100
1000101110001110
1010011011000001
0111000110010110
0100101110101110
0011001110001100
1001101010101100
1111011000100000
0011101101011111
1001111100110010
1101001010001111
0100100000111000
1000100110100111
1111010101010001
0000111101011001
1010010011011010
0000011101110111
0101101010110001
0111000010100100
0100000011100100
1001011110110000
1100011111110011
0011010000010000
0110101111101111
1001110000101001
1101101010101000
1010110100100101
1111101111011010
0110011111000010
0001100010010101
1101010111101101
1111000011110110
1110000100010011
1011110110111110
0110001000101111
1111000010101000
1100000110110111
1110100001110101
1100100101110000
0010110111111000
1111001101000111
1001010101111000
1101101010111101
0000101000100001
0000000101111010
0011101011001100
0110111110001111
0100000011010100
0001000100111100
0010110111110101
0111100000011111
1000010001000100
0001100111000110
0000100111010101
0111010101010010
1010010110010101
1011011101001100
1111110011011111
1010100000001010
0001111111001101
1011100010000110
0111010010100101
0101000101110011
1100010000000001
0110000001100011
1111111111010011
1010111001000100
1010101001001110
1100100110001101
1111000100010000
0011110111101110
1010000111011001
1110011110100010
1011110101111110
0101000011000000
1100111100110001
0010010010000100
0101110010001100
1011111110111010
1100111111110101
1100111100100000
1110101001111001
1101010100001100
1110111000101111
0111011010110001
0011011011001011
1110100001000111
1000010110000011
1111100010110010
1011011111101010
1010011111010100
0100101010000010
1001101010000100
0111110111001001
1100111110100001
1000110000011101
0001111101001001
1000110100110001
1011110011000001
1101001110111100
0100011110110101
Time = 0.216s
