n = 11, k = 6, m = 1115
Expect Resample Times = 0.367886
Real = 3
Result:
00001001110
10111101010
00010011000
01101101101
00111111100
00101001101
01001010011
10010011010
00000010110
11110000010
10000001000
00011000000
00001101100
10101101000
01110101110
10011011011
11000111100
01000000010
00001001100
01111000100
11010111000
01111010110
11010111111
10101000110
01001011111
10101011001
11111011101
01011111111
10001110111
11100010111
01101110100
11011010100
11001111001
01101011111
00110100101
00110101010
00111100000
11000100111
01000100011
11101101000
01110110100
01111111000
01111101001
01100011111
11111000101
01001000001
11000011011
10010111001
01001001001
10110110111
10100111010
00010011110
11101101011
10101000001
01000001110
10001001101
11000110110
00110010111
01111101100
01100001111
10001101011
00101101100
11111001011
00011100001
10010111111
00001111000
11000001000
11011001011
01011011101
00100111010
00111011011
00011111111
00111010111
00011111100
01011111010
00001001100
01010100011
00001101010
11000110011
00011110000
00110110010
10101011010
10111000101
11010000000
10111100010
01001001101
10011100010
01000001100
01001100110
10000100011
00110101101
10010001001
01110100001
11101101000
10101110100
01110100101
01111101011
10101000101
00100101110
11100011111
00010110110
11011011010
10101010100
00000000000
00100100110
00110101111
01111111111
10011000111
11100101001
11110011001
11010101111
00001100001
10110011100
00001100001
10101001011
11010101001
01101101101
10101100111
01011001110
01111000100
00000100100
01100100000
00111011111
01000111101
10011101111
10111110011
00110011001
11010010011
01000101010
01111111010
11001010001
00001100111
11111101110
10000011010
11101000010
10101110110
01011101100
11011100010
11111011100
10111110101
00110010110
00110001001
11011000001
11101101000
01001111111
10100011100
01100000000
10111110100
10101001100
01111101010
01111101010
10000110000
10111111110
00101001111
01000001011
01111101011
10000100111
11110001011
00001111110
01110101001
10110010011
10100001010
01011001000
01101110001
11111001111
10010110011
01101011010
10001000101
10100111111
10101100111
11000100010
11111100011
10110010110
11111001110
10010100010
10011001101
11010111100
01010100001
01110011100
00010111011
11110111011
01001011001
10000100001
10011001100
01110000011
01101111111
00010001101
00011110011
10101100101
11000100010
01011101100
10010111010
01100110110
01011110110
10111010111
01111010100
11101011001
10110010000
10100011001
10001000000
00110001100
00001001000
10001001011
10000111011
00110010000
00010011011
10100110111
11000000100
00110000010
11100001011
01011010101
00001000000
11010101110
10000111111
10000111011
01000011010
01010000101
01011010010
00000101010
00010010011
10010110001
10100011111
01100111110
11011011101
01101101000
01100100010
00010000011
11100101111
11100100101
10010011000
01011110011
01001100010
00011000110
00111110110
10101100011
01010001110
11010000000
01001001010
01100010101
11011001100
00100001110
11100000010
00010010000
00110000011
01000011101
11000101011
01111100100
11100110111
01101100010
11110000111
01010000000
01001100111
10000011100
01001000011
10101101110
11101110011
01100011000
00101000010
10010111111
00010100110
00010110000
01010111100
11010010101
10000111001
00101011001
00111100101
11010000011
00111001011
00000001101
11011100101
01110111100
11100011110
10101100110
01011011100
10010101111
01110100110
11011000111
01011010001
10100000001
01101000000
11010100001
10110011111
01110111110
10001110010
11101101000
00110000111
10010010100
11011000100
11110110111
10101110111
11010110010
11000010101
00110011011
11010010100
11000100110
00100100101
01110001011
00111000010
00111111100
11110110100
10111000011
01101110001
10000110000
11100010101
00111011110
10101010011
11011101011
01111011110
11011011111
10011110101
01111110011
01100101101
10010000010
01110100000
10101101011
11111011110
01000101101
11000010001
10111101010
10001010100
10111001010
11010100110
01011101011
10111101110
01101100011
11011100000
00011011011
11010001011
11100010010
00111011110
00100010000
00100100011
00100010110
10000101100
10011000101
01011100001
01110101001
01011111000
11101001110
11011010001
01011110001
10100101101
11001011000
00000100001
01101010000
11001111110
10101010001
10111101011
11100010011
00010101111
00000011001
01111111111
00101011111
10000100001
11011111011
01100000110
10010110111
10010000110
01000100011
01010010001
01101000000
00110011100
01011011010
01011010001
00110110110
01011001000
10001100011
00010011010
11001011000
01100000001
00100010111
01110110101
11000110000
10101001011
11110101110
01111010101
01010111001
01110101011
11111011001
00000111010
00101100001
00110100110
11101010011
00110100001
00001000000
11111001001
11010101011
01000100100
00100000100
01000011011
11110001100
00111110101
00100100111
01001000101
11111100001
01001111101
01010100100
10011011010
10010010011
11010001010
10001011010
00100100010
11010100111
01011000000
00110110111
01011111000
11001001010
11000111011
11011101001
10001010110
11000110000
11001011010
00000010110
01111110111
10000100001
01111001000
10101010111
01001000110
00101100111
00110111110
11100101111
00011101101
00100101011
11100011010
01110010100
01111101001
11101010011
00010110000
01010101010
01011010001
11010011100
10010011110
11100001000
00001000101
10111010001
10100110100
10110110101
00001110000
11010010100
10011110000
01010110001
01000010100
01110010011
01000100011
01011101101
01110101101
11110011001
01101111011
01101111001
00000000101
00110100001
00110100111
10100101100
01111000111
10111001111
10010000000
00110011101
01111111000
10000001100
10101110111
01111100010
10100101010
00011101111
00011011110
10101000110
00100101010
01111011001
11000010110
11101010011
01000011001
11100001011
11000111001
10100101010
10111100001
11111011111
11000111001
11100010011
00111110011
11111010001
01100001011
11101011001
01110101000
01100100110
01110110110
11010110011
11001110110
01100001011
00101010101
11011100000
01001011100
10111100110
01010110100
11001110001
00011101000
10100010001
10100111010
00011111010
11001100010
10111000110
11010110010
01010110000
00111010100
00101111100
11011110010
10111111101
01000100100
10000111010
01110000111
11000101101
10011101101
10101010100
00110011000
10111110110
01010001110
11001100100
10011100101
10011100101
10110000000
10001011110
00010100110
00110100011
00101110101
10011000110
11110100011
01000110110
10010100000
00000101111
01011000110
10111000110
01000101101
01011000010
00011010101
11010110011
10100011001
10011101010
00110001001
00110011110
01010011001
01111000000
11000000100
11011011101
10010011011
01110010010
11111001101
01011110111
01000011011
01111110000
01110100110
01100111101
01111111111
11100110010
10011111110
11001111011
01101011100
11110010111
00001011010
01011110000
11010111110
11010101101
11110000010
00100101011
01100101000
00011100101
11101000111
10011010000
01100101011
10010111011
00000011001
11011001111
10011001100
01010010000
10000100110
11100101000
10001101011
11100010011
01110010001
01111011000
10000010100
10110100001
01001011010
10100010111
11010110001
10111100001
01000000110
11101001101
00111010101
10011001001
01000000111
11000001011
01001100001
00100001100
10100010100
10001000011
10011100100
01000111000
00101011010
11100100000
11110000011
01011110100
10100101100
10000100011
00100000010
01001000100
00101010010
00011011110
00001000011
10101011100
10001011010
11110100001
11110010111
01111110000
11011111011
01011000010
10100101111
01001101100
10011010111
01111010001
11001111010
00110011110
10000101011
11100101001
11001110100
10000001100
00010110111
01100111000
00110110000
10101110000
00000010000
00111110100
11111100100
00100101110
00011011111
00010111110
01110101100
00110111000
00111000001
01011011010
10000111101
01100111100
00010000000
11110111110
00101101010
10110000110
01011101111
10010000001
10100111010
10011001110
01001111001
01100100011
10011010110
11010101101
01000001101
00000110010
11100000100
00101100100
00011010000
10010101011
00011001001
00110110010
00011000011
10011110111
00001010000
01000110110
11001100110
00101111001
11110100100
00101110111
11001110100
01111000100
00010110101
01110000100
11110110011
11111110010
10010011111
10000010110
10001011001
01111000111
00010100000
00001101001
10011000101
11011111101
11101101001
10110100100
01100101000
00001101011
11101101110
00010110010
00011100111
10101010000
01110111000
00101011110
11101010110
01010101000
01111001000
01001100011
00111111110
11110101011
00110001100
11010110000
00000101010
10111110100
01101010110
01111110001
00010001110
10011100100
11100111010
00010011101
01001101100
10101111000
10101001101
11000001000
01100101011
11111100100
00110110110
01110010101
10001111000
00111100010
00001000100
00000000111
10101101011
00011010110
11001011000
11110011111
01111001011
11011110000
10100100010
10000011011
00100000100
10010101101
11001101001
10111111010
11111000000
00101111101
10111101101
00100110001
11011110101
11000001011
10011010100
10100001001
11010001101
10111010101
11101111101
01011011110
10100110110
00000010011
10101000100
10100111110
01111011010
11100101100
10001111100
10011110010
01101010101
10100110010
10100011010
10100100011
01010010100
10100001100
11001101011
01001010001
01000010010
11010011110
10000010000
11110011110
01000100010
11110000101
11110010101
00001111010
01010010111
10011111110
11110001000
01001000101
10110101011
01001000001
01001001001
01001011000
01000110001
01011010110
11110000111
01011110101
01111100101
10001101100
00010000101
00101000100
11101100011
01110010100
00000101011
11100101101
10010110001
01000000110
00111101110
11001010000
01000111111
01110011111
01001110111
10001100100
10011001011
11001100010
00010110011
00011010011
01010011111
10001101111
10100101111
10111110011
10100000010
00110101101
10001110101
11000100010
01000101110
10000000110
10000000001
00010011111
11001100001
01111001011
01100100010
00100100000
10110010010
01100011100
10011011100
01111011011
10100111001
11011100011
01111011001
10100111111
11101001111
00101011101
10101011000
00011011001
11101100111
01001010010
10011111110
10010110000
00011110001
11110000111
11011011111
10110001101
10110001000
11001101000
00000101100
01001100000
10101111010
00110100000
01011111010
11110110100
10110010010
01011100011
11001010001
00011000010
00011011111
01100001010
01101011010
10010010010
10000010011
00100100001
01101101101
00100000110
01101001011
00001011110
01001110000
10010100110
11001100101
10101101011
00101111000
01110101011
00101000000
10001101100
10000010011
01010110001
00111100110
10011100010
00000011100
11011111110
11010001010
11110011110
11110000011
00011100001
11101001101
10111010110
11101001101
01010001000
10101010100
00011000111
10010010111
10110101001
01001000100
00000010100
10101010011
01101111100
10100101011
00100110110
10111011000
00100011111
00001011001
11011011111
10110100110
01000101111
01110000011
11100000001
01110010001
01101001101
10010010110
00001000001
11101011100
10101111010
10010010001
11101111100
00100100100
01010110101
11111000111
01001001010
10001010101
11101011100
11001001010
00101001010
01101111011
10101111111
01000100101
11010111101
11101110001
01100100000
10000001100
01010111010
00111010011
01001011101
10100110011
11000111101
01011011000
00011110000
10111000111
11000111010
01101010111
01001001001
00000100101
10101000011
10111110000
11101100010
11100010001
01101000000
11010100011
10011010101
11000001100
10001111000
11101010011
10110001100
11110101010
00011100101
00110110001
11110101110
11101110100
11101110011
11011001011
11110000111
11100001011
10100010101
10001011010
00000000011
00011100101
00100000001
10011011011
00011010011
00000111001
01101000000
11011100001
11111110100
01101101110
00011011111
00100101000
01001010110
11010010101
00111101100
00110000000
11111101010
10011110001
00101011011
10110011100
11001010011
11110100001
10101100001
01110000010
10001111001
00110010110
10010011100
10111100111
11001000100
10110110001
11000101111
10101001011
11110010100
10011010001
10001110001
01011110001
10001111001
00010011010
11001101110
01000100011
10001110101
00110110110
10101001000
00000111111
00011111010
11100010011
10111111000
00110000100
01111110000
10101111111
00111110010
11100000001
10100111101
01100100010
10010111001
10011011011
00000100101
00011001100
00010011011
11000010000
10100001111
11101001010
01001110101
10100011000
01001101111
01000101100
11001100010
01001100100
00010010111
01010100111
01100110110
00010110000
11100101110
11110011111
10010001100
00111111011
11011010111
00100011011
11110100110
01110001110
11110111110
10011011111
01100011111
01110011101
00110011100
11011110101
01101101110
00000111110
00101011111
10001101101
00011001000
01110010111
01110111110
10001000110
10010010011
10110011011
10110000111
00001001011
11100010010
11100100010
10011000000
00110001111
10111111111
10110101011
00100100111
01101000101
10001101000
11001101010
01100001111
01110001001
01111101111
01110010010
11110100000
10011100100
01000010110
11101111110
11000100111
10110111110
01010100000
01110001100
10010000110
00000011110
11001111011
01101010100
11111000010
10001101000
01100101101
01110110111
00100111110
01000001011
11011001101
00000010010
01000101111
00010111101
11110110000
11011011000
10101001101
10110110101
10111011011
01001111000
11001100110
00011101010
11100101111
11010101001
01001001110
10000100011
01110001101
01011001001
11100010101
11101111100
11011011000
00100011011
01011001111
01111010101
10110011100
00001000101
10010101001
11101010010
10000100111
00010000110
11111000101
Time = 0.132s
