n = 15, k = 5, m = 163
Expect Resample Times = 0.371379
Real = 4
Result:
000001000001010
000000001000001
000000010100000
010011010001000
010001000000000
010110000000000
100000000000000
000000000001011
001000010001010
010000010000001
001000000001000
100000110000000
100000000000000
110001000000100
000000000001010
000100100000101
100010000001100
000001100010001
100000000010000
010000000000000
001111010000001
010001000000000
100000000001011
000000000000000
001000000110111
011010000000000
000000000010001
000000000000100
010000000001000
010000000100000
000000000010010
000000001000100
000000000001010
000000000000000
000000000100100
100000000010000
100000100001100
001101000010000
011000010001000
100000000000010
011001000011000
001001011000010
000000001000000
000000000000000
010000000000000
000100010000000
000001000001100
000000000000100
000000000000000
010000011010000
100000000010110
010100000010000
001000001000000
000010000000111
100000110100000
000000010010010
100000000001000
100000000000100
000001010000000
000010010000000
100110000010000
001100001001101
000001001010011
000101000000010
001000000101100
001000011000000
000010010000100
000010000000000
000010000000000
000010000000000
000100000000110
001000000000010
000100101001010
011001100010000
000000010000110
000000100100010
001000001000000
000000000001000
000000110000000
000000001000000
000001011010101
001010000000100
000101000011000
010000100100000
000010110000000
000000000000000
011111000011000
010000110100000
001000000010000
010001000000000
000000000000000
000000101000010
010100001000000
000001100010010
000000100000000
010000100000000
000000000000001
000000000010100
000010000000010
111000100100001
101001100000100
101000011000000
010001000000000
000110000000000
110011000000000
010010000010011
000000100000000
000000000110100
100010100001000
000101000001000
010100001100000
000010000100000
000010000100100
000100000010000
000010000011010
000000010000100
000000010000000
000001110110100
000000101110000
100100000000000
000000010000100
101000000100000
000000000000001
100010110110000
000000000000100
110000000110011
001010000000000
111000000000000
011000000000000
000010000010001
000001000101000
010001101001000
010001000000100
000000100100000
010000000000001
000000000001100
000010000000000
010000100000010
000000000010001
000000010000000
010001110101001
000000100011100
001001000011000
000000000100000
000001100000001
000000000000000
100000100000010
000001001000110
011101000010000
001100001100001
000000000001000
010000000101000
000000010100001
001000000100000
001000000001011
000010000001001
010000001010000
010000010010000
000001001110000
000000001000000
000000000110010
001100001000011
000000001000000
Time = 0.245s
