n = 9, k = 3, m = 65
Expect Resample Times = 0.360122
Real = 4
Result:
000000100
000100100
000100001
000100001
000100000
001000010
000000100
000100101
000000000
100001010
000000000
011000101
100000101
000101100
110000010
100111001
100010000
001100000
010000010
010011111
010001100
001000000
000000010
000000010
010110101
001000001
000000000
000011001
000000110
001000001
010000000
010000110
001000000
101000010
010010110
000100011
111111100
100101000
001010011
010000000
000101100
000001101
000010000
000000100
000100000
000000000
001101101
001010010
001100001
000011001
000000110
011010011
001100101
110000100
000110111
100000010
110000101
000001000
010010100
000111010
001000100
010000100
010010100
000101011
000100010
Time = 0.006s
