n = 16, k = 3, m = 86
Expect Resample Times = 0.500467
Real = 7
Result:
1000010000001111
0000100000100000
0000000001000000
0010000001000001
1000010000001001
1110000100000001
0000000000010000
0000010011000000
0000100001100000
0010101100000010
0000100000001000
0110001000010000
0001010000100100
0000000000101100
1001000000000000
0110000010000100
1000011000000010
0100001000010110
0100000001000100
0010101000000110
0010000000010001
0010011100001111
0001000001100000
0001000010010011
1001000001001001
0100100100000100
0100000000000000
1001010111110010
0100000001011000
0000000010001001
0100101010001010
1001100000000100
0100010110100000
0101000001100000
0100000110001000
0000001000010000
1001100011010000
1000000010000001
0000011000001001
0010010000000010
0000000100000010
0000000101000111
0011000100000100
0011010100101101
0000010010101000
1110010101000100
0010001001001000
0111000001110001
0000000011001011
1011010100000000
0000000000000000
1000000000100000
0000000001001010
0000001010001000
0010000000010010
0010000010000000
1001110011001100
1100000010001000
0010000010000001
0000000110001010
0000000001000100
0010000110100100
1000001000000010
0000001001010001
0011100100010000
1000001000100000
0000000001101101
0100001000000010
0010000110000100
1000010100010000
0100000101000010
0011000010010000
1100010101101110
1000101000000001
0100010100101001
0000000000100000
1010000001010000
0010000000100000
0001000000100000
0100010000000110
1000100101000100
1000000000100100
0010001001010000
0100001000101000
0000100100001000
0100000101110001
Time = 0.057s
