n = 7, k = 4, m = 179
Expect Resample Times = 0.358564
Real = 1
Result:
0100101
1100001
0011011
0110111
0000000
0111100
0000110
0111011
0010010
1110111
0010010
0101111
1000101
0000000
0010111
1000010
0101100
1001010
1001110
1000011
1011001
0111100
1110100
1110000
1000001
1001000
1110000
1101110
0101001
0011010
1101010
0011010
0100001
0011101
1001100
0011111
1001001
1011100
0111011
0110001
0110101
1110101
1000110
0111001
1010101
1000000
1111110
0100110
1111011
0110111
0011011
1011001
1000100
0001011
1101010
1100010
1100010
1010010
1001001
1100011
0111011
1011010
1100101
0010001
0001001
0011011
1111111
0111100
0001010
0010111
0111010
0000111
1110100
1011100
1001011
1111000
1110111
1111101
0010000
0100101
1101110
1100010
1000000
0010100
1101110
0010111
1110110
1111010
0011100
1001010
0110000
0011111
0010010
1101110
0011010
0110000
1111010
0111101
1000111
1101100
1000001
0110001
0111001
1100001
0001110
0111111
0110110
1001100
0110011
0101110
0011110
0010101
0111011
1111111
1100101
0010100
1101110
1110011
0010001
0011000
1000100
1001011
0101100
0101010
1010000
1001111
1111010
0111110
1001011
0110000
1011100
1011000
0001111
1010001
0110010
0100011
0110101
1001101
1001001
0011110
1010110
0001100
0000101
0111110
0101000
1110100
1101111
1111110
0010101
1101011
0101001
0011111
1111000
0001100
0110100
1000001
0011110
0100011
0000100
0111101
0100101
1101010
0111000
1010100
0011111
0110110
1000110
1100100
1010001
1100101
1111100
1001001
0011000
0100001
0101011
0001010
1111010
0000011
1001100
Time = 0.002s
