n = 7, k = 6, m = 376
Expect Resample Times = 0.387007
Real = 0
Result:
0100000
0110111
1000011
0101101
1101000
1011001
0110000
1010001
1011110
1011101
0101101
0111010
0111111
1011101
0010000
0010111
1001110
0110011
0111010
0110110
1010011
1111001
0001001
1110001
0100000
0111010
1101011
1100110
0110111
1010100
1101101
1010111
1001011
1000000
0110100
0001111
0111000
1100001
0011000
1111010
1000010
0101001
1000001
0101100
1100100
0101101
0110001
0101100
0110011
1010111
0111001
0100001
0010111
0010100
1101010
0100111
1001100
1011111
0001110
1111101
1101111
0000111
0011110
1110111
1110100
0111010
1111000
0011111
1100010
0111000
0110011
1011010
1010100
0000101
1001000
0100100
0000110
1110010
1011101
0001111
1011101
1010110
0000000
1010001
0000100
1010111
1110010
1011110
1100101
0011010
1111001
1100111
0000100
0000011
0000110
0000111
1111001
0110001
1011111
0111100
0110111
1101000
0001011
1000011
0101100
1001010
1011000
0101000
0100000
0111110
0110000
0100010
0011011
1101000
0010011
1111101
0011011
0010001
0000010
0000010
1101111
1010101
1000111
1001010
0000001
1100101
1001101
1001111
1100100
0111010
1010100
1011100
1001001
1111001
0011011
0111110
1100101
1101111
0000010
0101110
0101000
1010101
0110011
0010100
0101011
1010110
1110011
1101000
0011110
0010000
1101000
0000100
1101100
1100011
1000101
0100011
1110010
0001111
1001001
0100011
1101110
1001100
1000101
0111100
1111001
1100100
0011101
1100001
0111111
0110111
1011000
1011101
1111001
0000101
1101111
0110010
0000011
0011101
1111110
0011010
0001100
0100101
1101000
1100011
0101001
1111001
0011100
1011011
1110001
1000000
0000011
1011100
0100001
0110010
0010110
0100101
0111111
0111000
1110111
1001011
0010011
0000100
0011010
1001110
0001101
1011000
1000001
0101110
1000111
0000101
1000001
0001110
0000011
1100011
0011010
0100101
0110110
0101001
1101101
1111100
1010000
1110011
0001010
0000011
1100010
1101110
1110111
1111101
1100001
1100111
0010011
1010001
0001011
1010111
1101101
1010111
0101001
0010000
0010111
0111100
0111010
0001100
0101000
1110011
0100010
1000101
1000110
0101001
0101110
1001011
1010110
0000001
0010111
0011111
1111011
0111111
1111110
1010000
0010111
1010110
1010101
0111101
1010001
1000010
1001111
1100111
0110010
0101010
1101100
1111100
0110100
0100011
1001111
0001110
0011010
0011000
0111010
1111101
0010000
1100000
0001011
1110011
0110001
0100001
0101000
1011011
1110110
0100100
1000100
0001000
0010110
0101111
1101111
1100100
0001011
0000100
0111110
1000101
0110000
1011110
0001011
1001010
0111001
1000110
1111011
0010010
1010110
1001101
0110000
1100001
0001100
0011101
1010000
1110010
1010010
1111001
1110000
0101000
0101000
1000111
1100000
0001100
1110110
1101001
1101000
0101001
1001010
0010001
1000111
1010000
0000000
0010111
0011011
1011101
1010001
0011100
0100000
1110100
1001010
0101011
0100001
0110001
0100000
0011110
1110001
1000111
1010110
0001100
0011010
1101101
1111010
0101011
0010001
1100010
1011000
0101000
1011110
0100001
0001011
1010101
0100000
0011111
0000101
1000011
1001011
0100010
0100011
1110110
1010110
0011110
1000010
1100101
1000100
1001011
0010001
1001011
Time = 0.002s
