n = 15, k = 2, m = 57
Expect Resample Times = 0.675782
Real = 0
Result:
001000001011110
110101110001111
100010000010001
100101000110010
011111000110001
000100001101000
001000111111001
000000011010011
101100110110110
000111110011100
111111001011111
001000111110011
111100001000010
011010001000000
101000101011111
111000100010011
000101011001010
010001010100010
001111100111001
000101100001000
100011110001010
100111100111110
011100000010010
000100101101110
011111001000101
111110011010111
011100101111100
110001011010100
011110110100101
101011000011101
010010000100001
011111011000111
101001010101000
011011000010111
010011001001111
101100000001011
000001011011010
110000000001100
101101011011100
010000100001001
100011011001101
111010011111101
001000001011000
110110101011110
110110110110110
000011000010101
011110011000100
111010111111001
000110011011100
101001100000100
111011010010000
011011011000101
000100000111001
110011100010001
001101111000110
011010110111001
101000011110011
Time = 0.006s
