n = 18, k = 5, m = 799
Expect Resample Times = 0.382053
Real = 1
Result:
010011101001000100
100110011101000010
101100001001010101
010111000011100011
110110101010100001
111010110100000000
110011110100100001
011100001111000011
110011000101101101
101011110001101010
100011110101110110
010110110101010000
110111111110001100
011001000110110101
000010101110011001
000100001001001001
000011111011100110
100111100110001110
001011011111010010
100101011110000001
110101011110111111
001110000100011110
001000101010111100
101000111100101101
001100101011000001
011111101011111011
001101011000110101
111101111100100101
111000110010110110
111101000011101110
010110000001100000
101101110000000111
000100011011100001
111101100111101000
000011010101011010
110000100011101111
000010110011110101
101101010111100011
111101001011100111
101011100001110010
001111110010111010
001000001100111001
001101010100111101
010000111100011110
011010010011100000
011110101010000110
111111000100100100
110111110000000101
011111010011000101
001000111000000011
001100000000010100
011000100000000000
001110111101000110
011111000010110111
011100111100010001
111100010000000010
001111111010101100
111010110110000111
011110000001111010
010110001100101110
111100111100011110
010000001111011000
011110101001001100
100000010110100001
010110111010001000
001111000101100010
001111000001000110
101001110001010011
000011100011111111
111001111101110010
111000101000100001
101111000111100111
100000010010010101
111010100011110010
000010000100000001
010000010010010001
111110000011010001
111111001111001010
010000111001010001
110110101000011100
010101011100000110
001101000110100111
110000101001101000
010011011011100111
101101111010110001
010010001010100110
001110001000001001
000001000111110010
010111001100110100
010101011001011101
000001101111010001
101100000110011001
010101011001110101
111110100010010111
100100011100000000
101111000011010011
110111000000011100
011100001100010110
011100101010000111
111111001001010100
101010110010111101
011110000100110100
111010011111000011
000100111011110110
110101001001110010
101010011000101010
011101101111100111
001100100000101111
001100101100100001
111010010011011110
010100111001111001
011100110111101110
001100011110111101
011010111100001001
011100101010011110
100010010110100101
100001010111000100
101001100110100001
111100110001111101
010011011010001100
000000001001001001
111101011110001101
101000010011000011
010000100010011111
010010010100001100
100110101001111110
111000010101010001
111100010100001001
000001000110101101
110011100100001011
000010101000100110
111101001010011000
101011101100110011
001100100001101111
000111101101011001
101000101001110110
110001110100101110
010010100010000001
000000010100001101
011111001001010000
110010000110001010
000110010010111111
011001001101000011
001000111100100100
010100101011000111
000101100101010100
000101000011010100
010111100101111101
011101101111000001
011001000110110110
010110011001100101
110011111000111100
011010111000000110
111100101000111101
101111001100001100
010111101001000101
101100101010000000
100111011101101101
010011111011101011
010000111110100101
100110001001011011
111111011100100011
010111111010111000
010111101001100011
111011110111110001
010011000101111101
110000110101101001
110001011001011100
010100101110100111
000000101110100000
010011010010111110
011100011110010101
010010101100101011
001111111010010001
000010101100000011
000101100100000101
100010110100100110
011110010100010010
110100111011100110
100110110000000101
111010011101011101
110010111011111010
001010101101101111
001010101001110111
000000101111000101
001110011011011101
100101101011010100
100001001110111000
011001101110001110
000011100001111100
110100110110101111
111010111111101000
000100011100011101
101001100010110011
111001100100001010
011000100110000001
010010011000111101
101001000101001001
011100111000000101
111000100011101100
111001111001110111
010011011111011110
111010011000011011
001101010111000111
000011000010011001
111001011101010011
100001010000010001
010111100100010110
000111000111010000
100110010100001101
100101000101011010
100111001111011111
101101101010011110
110000001011101011
001001011100100101
011101010011011101
100001110001111111
100101011110111011
100110111100010101
001111010101010011
100100100110111000
100001100000001111
111100000100110101
001111011111011010
001111001111001000
101001011010101000
111011100101001001
100111011100100011
000001101100110101
111000101110100010
110000010101111101
111000000111100011
100101101100011001
000111001000010010
101001101000111010
001111010101011101
010011000011101001
001101101110110101
000110001111100100
000101001101110011
011100011001110100
010111001111010111
011000101000111000
101111000000001111
001011011101101011
110000010010100000
001100001011000010
111101110111111110
000101000111001000
101111011000000100
001101011110011010
011110101111101000
011001101011110001
110010110110011010
110100000001010110
100101000010101111
011111100000010010
010010000000111111
001010111111000111
101101000011000000
100101010101100010
010101101011100010
110100100010100111
001110110101001110
101000000100111000
000101001100011011
101111111110000000
111001110001111110
010000000000011001
111000110101101101
000001010001100000
001011101010101110
100001101101010001
011000000110100010
101000111000010100
110101100100101010
011011000110111110
111001001111001011
011001011000001010
000000011111100111
111100001110010011
001101000011010111
100000100010110101
001001110101101101
100001010111011000
000001101000000101
000011110001111011
101001110111001001
110010101000101001
011010000100111000
000110010101101100
100010011011101110
101001010001011111
110001111000110111
100001001011110110
110100011100001110
110011111010001011
100111011011001110
111101101000110101
000001111011011001
111111000010011110
110101100010000001
011110110001000011
100010010110011011
011011101011101100
111000010100010011
110011011100011001
100101110001011001
000001011000010001
101010001001100101
011100110101100010
000001101011001011
000111101001100110
110010111011111000
111111001101011010
011111111100111000
010100011001011000
010100001010010001
100101111110001010
100011110001101001
010000101010011011
110100001001110001
011111001010110001
001001100101010100
011000000010101011
000101110111110110
111100101111010000
001000010110001110
011011100111000111
010100001011010001
011111111000010100
011010101110100011
111110011100010101
011101010111111000
001001101001010001
011000011011100110
011011010000011111
101110100111110101
101000011100001110
111010010100000101
110110010110110100
001110001111111100
110000110001011110
000001001100011001
111000111111001011
110000110011100111
011110001000111000
111110000101111011
110010111101100001
000011111000101011
110111111011001000
011111011000001000
100110110001101111
111001101010001111
010110111011100000
110001001110100100
011111011110001000
111101100011110110
101100110111111001
110000110100111101
111001100101110110
110001101011111010
011111000101110101
010011110100111011
001000011001101110
011010100011100101
110101110010110111
001100100001100001
010001011000110010
111011101011000010
000000100010110000
101001001010111000
111101100100111011
101110110110001110
111001100011001010
101011001010001001
111111111101110011
000110100100011111
110111010010110100
000000110110011110
100110100010101100
110011110100011111
010111000110110110
000110010111000010
001100011100100111
011001001100101110
010000101001110000
011110111101100111
010101111100000111
000000011001111101
110011101111010111
011100011010001011
010001000110000100
100110101111000011
000011010010000011
000001100110001001
110111010000010011
111000011001111011
011011110011111001
101010000110100111
000111001011011001
001111110100101101
001110011011100001
001001010110010110
010000110111011101
111101000000001110
111110010110101110
001100011111011100
010001100110111011
101110011101010101
100101010101110000
010110010110110000
000000100000011011
110111000010011101
010000101110010001
111111011001000100
001001001010100111
000101010110111010
101111110001101101
011001100110010111
110111011100110001
010101111110010011
010111101110111111
111000101001101000
110110101000111110
010010101010000000
001100101101010011
110011010111100001
010011111101111000
100111011100101100
100010010101101111
111101000101010011
010110111001000110
011110001101001011
000101110100110111
101111101100110101
010110000111101010
011111000111101100
000111001011101110
100101011010000110
011000011110011101
010011001101101101
100011111011101010
100011010100011011
010101011100011101
011110011011101000
000001100101110010
111000000110101111
010101100101001010
110001100111001011
000101011010000111
001010001011101101
101100100111111011
100001101000100010
110101000011010110
011110100000010111
011100100110001000
010010001000011011
111101010110101100
011000101101011110
100000101111010110
101011101111101001
010101001010001100
100001001110101110
100101011100001111
110010100110100000
110010000111100011
000011001010110000
111011011011100101
100010111001000000
000100100110001010
001100011001001000
000010011110111101
111110011101011001
001101010011101000
101000111100110011
100001100010011000
001100000010011010
001001011010110010
000111001010111111
001110001001111001
010000111011101111
110110001111110001
111111100011001011
101011000011101100
110101001000110011
101100000101111000
111100101110001001
011101010101110101
111101101011011101
110000100010101011
001111001010100010
100011110001010111
111100110110010010
110111011101110101
101110110111110001
001001100000111100
110101101111010000
101011001000011101
011111001011111101
111000111011111001
100001101111000011
011111011101000101
101100100111110111
011011111011101010
011000111111011111
001000011101101111
011010000000011000
010010110100101001
101011111010110101
001111000010100101
011010010011011010
001000110011111110
100000010011101010
011001011110111000
011110101101001001
001000111111110110
100111011001001100
101110010110011000
010011111011101000
001000011100101110
010100001001011011
001001100011010110
000101001111100011
110100001001000010
000101010001111010
101001010110101100
101100100101010000
011110100110011110
000011100111001111
000110001011011110
011100011011011010
000110101011000110
010110000100101010
000010110001111110
011110001011100001
010011000101000000
000001011100101010
010001100001100001
110101100011101001
000110101011010110
100000001001111110
111010011011101001
111000111100101011
100011110100100010
110011111001100001
001101001101100010
101111001001010000
110100011101001010
010000001111000101
111101101101111100
011000111001011000
100100010111011100
001001000101110101
000101111110010111
110100110110001111
001110101010001011
010010001000010110
111000100001010111
110101000001100010
001011100011100000
001010001010010111
110010111101011110
110110111110001110
010011110100101110
111111110100000011
111111001010110011
010011111111110011
010010111000101111
100101001101011111
110010010110001110
011000111011001100
101110110011100000
001001110001001100
100110011000100000
110010111101110101
001111100100101111
110000100011111001
001101100001010010
111110000010111100
111110010100111100
001110001111110000
011101110011011111
001110000000001110
100011100111111110
011110110111000110
011100001100111000
111001001010110000
100000011011011101
111101111111100011
100001100110001010
011110101110100101
000000101010110110
011110001101011101
101001000010011111
101110110111000000
110011001010110100
101111101110000010
111010011100111110
000100010001100011
001000111110110101
000001101001000110
111010111010001101
101111011100101001
011000010001101000
110011010001110100
011111110100101111
011000111001000010
111001000110010100
111000101111100110
101001111000000111
100010011000001001
110110101111010000
100111100111011011
000000101101000101
000011111110000111
100110100110010000
011011111100100010
111011110100000110
000111100000011000
000110101100000100
001010100011110010
001111000101001010
000111010100010100
010100111111101010
001100011001010111
000110100000110111
111001100010101110
100001011110111010
010111100100001100
110000001110011101
010100100111100000
011010100010000111
010011010001001000
001011000101010111
011001001000001010
000010101000011111
100111111000100010
110111001000100111
110000110000001001
001011010001010000
011010111100000100
101110001010111011
110001111100111000
111111111011010011
011001000011001101
110010110000101101
001010000010101010
100010001101001111
000010101100101000
000110110110000001
011011001110110010
001101100111011110
011100111001110101
001001001011101010
101010001101001011
011000111010101111
000110101101000011
010110010011100001
010011011000111011
111000101101100110
010111100101010010
010111111110010100
110000001000010001
111110110111111101
100111111110111110
011011000101101001
101101100110000110
011111100110010000
110000010001111110
010101101100010101
011001010101011010
011110100011101001
100101100011101010
100000111011110011
000100110111110000
010111110001001101
001111110011111011
000010100011000100
011111100011110011
101100111100010001
110111100010110000
010111001100011111
101111001100111011
000000101001101110
101110000100011100
000000111010000001
011110111110001010
111000101010101010
000010000110001101
001000101011001001
111111111001000010
000011110010001100
111000001000110000
101101010101000111
100001001100001011
010010010101101001
010011100011110101
101101111011000100
011001000011011101
110000011010111010
100010011001000111
111001110000011000
100110100000010010
111000011001110110
100000110011001101
100010011110011001
000111111110000110
100111010000110010
111110101101111001
100001010100001010
011111100101001001
100001100111110100
000010000011111001
111001101101010000
110001010011110011
010110110100111100
001100100010100000
010000101011011001
010101010110110010
000011110011110011
001101001000111101
101111101101010110
110000001000111011
100000101000000111
111000011010110011
011010110001011010
100000011001001110
010110010011001000
011111110010010001
011100010100010000
001101010010100001
101001000101101110
110000111011111111
001110101000010000
010100100000100101
001011011111011001
100100110000110010
000111101111010001
000101010000011010
000000110011101111
100101011111000111
011110010100001010
110000111100101001
111010110011010000
010110110001011011
110110000100001111
011011001100101100
001010111111011110
110111110100100010
101101010010001110
011011111110101101
100100101101101000
010011100110101010
000110100101110100
010111101001111111
011100010100111101
010010010001011111
100000111001011110
010011000111011110
101011110101100100
011011101011001010
010011100000011110
000100000011110110
000010010000000100
010000011000000011
100011010110001101
111101110110011111
101000011001010111
010101110100010100
000000010101010100
100110110011100001
000100010110110010
001011101001101000
000011100001110111
111011001011110000
110101001100011101
110011001010110000
001001110000000100
001110101101110001
010000011100011000
000000011110110000
011101011011110010
111010110011100000
010000111010000101
000001111000101110
111101000100000001
001000011011010100
001100000010110001
001001000011101100
011011010110101011
110111111110011111
110000001101111010
110000011010000011
011011100100001011
100010000110111000
000011111000011110
111111000011110101
000110111010000001
Time = 2.091s
