n = 17, k = 6, m = 1634
Expect Resample Times = 0.369968
Real = 0
Result:
01001000110100011
10000101101100000
01101101010111011
10101010000011111
00101010100001011
00101000001000010
11011010111101101
01110111001000101
10010000110111001
10011000010010000
10000000010001011
01100111111110111
01101110001100101
10110000111011010
00111000010001011
11000001101000100
00011101011001111
10001000001111101
00101011101101110
01001100101101000
01110101011110110
10100001011000001
10100011011100001
00011001010111001
01011000111011011
11001010101110110
10100011010000110
10111001101010101
00110011101000110
10101010100001011
11011000011001000
00100100111111110
10011100010000110
01010000000001111
00011111000100011
00110011100011111
11010110001110111
00111010110101000
11011001110101100
01101001011001111
10010110010000011
11111100110110100
00010010010000001
01100101010001001
01011111000000111
11000011110101011
00100111110111010
11010000011100011
00111101100000011
00101110000111011
01110100000110010
01000101000001110
00010110110101000
01010001011010011
01101011000010000
01011101010111000
10010101101010101
11010100101010101
11101011010011101
01100100010000011
11001111111011010
10010011011011000
10111111100011001
11110001010000111
11101000111100000
11000110011000110
00011011101000100
10010011100100000
10110000111111011
10011101110010000
01101011101010011
10101110100010000
10001101100011111
01000101101110100
10011101000100011
10000000001010001
01111011111000010
11101000001001000
01100011101001110
00001111000010001
11110101110010010
01001001101011011
11100011001110011
01001011011100011
11111100001011001
01010011100011000
01101010101111011
01010100111111011
11110010001101110
11001001111100011
11110010001110000
01000011110011111
11101011001111001
01101010010101010
11011010010111100
00011001111000110
10011000101111101
10000001000000010
00011011101100000
00110110110110001
10001111100100001
00001010101000101
01000010110101000
01001111101100000
01000011111111110
11101000111011001
00111010011100010
11001010111010101
10011001001001011
00111111111011110
01001011000011100
10001110100001111
01000000100001001
10101111110101011
10000111000100111
10010010010110111
10000011101011100
10111101010010111
00011010101000101
11101001111101111
00110000010010110
00010111011100101
01000001111000110
00111100001000101
01001101100111001
00111111010110100
01110001111110101
10111111001010100
00110100110110010
00010001111111000
01011001000100011
10011110010110010
00100101100100111
10111010100110011
01000010111100111
01001010010000001
00111100010110010
00000101010000100
10101001000011101
10101011110110011
01101011111010001
10000000100100110
00001101110000000
00101100101111111
00110111001011011
10101111001001001
00100010110001010
11101001000011010
00000001100010111
00111010100001010
01101110000010101
01110110111110001
00011011000010001
10010100110010101
10110101111110101
10101111110111110
11111110000111111
00111101110010111
10101011100101101
00101011101011110
01101101010011101
00110100001101110
11111000111101010
00110001001001000
00111000110011100
10100010010010110
01001001110111110
01110101110111000
01101111011101101
11100110110101110
10101100101101001
11010101101000000
00101011011000111
11010010100010111
00010110100100001
00011110110011110
01111010001001100
00100010100100010
11111001001101110
10100110111010011
01101110100010001
11110011010111001
00101000101001011
00010010010000100
00111111110111011
10010000001001010
10001110110110100
10101001001000110
10100001001111000
00000001110110010
10001110101001011
11100000101100010
10110101110000110
11000010100011111
11111100111110010
10001111011110110
00000111101000001
10110010111001100
00010001100110100
10101010110110011
01010110011101011
10010001110010001
01101101011100101
00000001011110001
11101111110010100
01000110100111101
01011000100111010
10010001111010010
11001011100001111
00111011110010100
00111110000100000
10111100100110010
01100101101100110
01010100110000011
11101110110111111
00100100110011011
10111111110111110
00011010111100111
00000101100101111
00010110000100101
01111100001000011
11001111010111101
01101000010111000
00101001000000001
10010000011010111
01001000010111010
10000110001011000
10011001010100100
00100011100101111
11110110101110010
10000001011101101
10000111101100110
10101011110010110
01001010111111011
11000010100111010
01000010111110100
00000001011101001
10101001111010010
00101010100000001
11011110001110101
11010101010100001
11000101010101011
00010101011011011
11100101110101001
01010101010100001
00001101011100001
11010011110111010
01001011011101101
00001001001011100
10100010100110101
11101101001000001
01001101110111000
11011010011101101
10100011100001001
00011100011101100
01001110001010111
00111101010100001
10111101000110010
10101100110101000
11000001111100000
00100110101111010
00110010100100100
00011010100100011
00010001010100000
10100000110001000
11000010100111011
10010100001101111
11100001010111011
00000011101001101
00000000001000000
10111010000010000
00101011110011101
01000110011010011
00110101001111101
00101010100001001
00111100001110110
11101101111110010
01101110011100001
11100011000100111
01001110110011010
11111011100111111
11101010000110100
00000100100001111
11110010001100010
00010010101011110
01000100000001101
01001000111000111
11000101100010111
11110110100100011
00000100000101110
11010010101110110
00100110111010010
01000111001101110
01000100110101010
00011001110101010
10101100011101100
11001010101001111
01011010010101000
01111101100101100
11011001011100110
01101010100000011
10001001110010011
10110001000101011
11000111010000011
11001001000010011
11100101000011100
01010011011001011
01011010110011011
11110010001000001
01110100110011011
11001000110100011
00100011001010100
11001111100001011
00111011100100001
10101011001100101
01001010000111000
10101011111110011
10100011001001100
01010010000000000
10000101100100110
11100101011000001
10010110100010011
00000101000000010
01000011100110101
00010101111001111
10000101110011111
11011100011101011
00010110111100011
01001101001000101
01001101001000110
01110000101110010
10100100111101110
00011010110100101
10000010110100101
10110001100100000
01110110101001101
00111010011111111
10000100101101010
10011110111001000
00111010111010000
01010110111111011
10111111000101101
10000100010001111
11101000110011110
00101111110000000
10010000011001001
10010010000111100
10001001010111100
10001010100011100
01000001001110010
01011000001100101
01110011100001001
10001101000110110
00111100011011010
11100000111111111
11110110110001100
01011010101010011
11100010001010101
10100000001110110
01010101001010001
10110011100010111
00100010111100011
01111110111101010
01110010100100110
11110100011000000
10010000011111110
01010000011111101
01000111101111110
00011101000111000
10000010111010100
10111110001101111
00101100111111001
01111100101100111
01010110001110000
10101011001110001
11000010111100000
10110110010000000
10010100110010010
00011011110101101
10010110011111011
10100001101011010
00110111101000000
11110110011100101
11000110100100111
11111111100011110
10001110111011010
00110101110001111
01000111110110100
00101100001011011
11010000001110110
10010100100010010
00010001010111110
10010001111101111
11010000110111001
01010110000001110
11001001001011010
10111001011110100
01010100110011001
01100110111111101
10111000010000010
01011011101000000
00111100101100101
11011000100100111
01001010100101010
00101110000011101
10111000010100011
10111001100011110
01001001001000111
10101001110110110
10110001001010010
01011110100000011
10010010100001000
01010001101010001
11100100001100001
10110000001100110
11111101110000011
01110101101110110
11010111100110111
10101000011010001
01111000001101100
01011101100100110
10011111010011110
01010011001001001
00100000101010011
00001111011011001
01011100011000100
11000001101101101
00011010000111100
01011011000100010
10001110100010111
11101100100101100
11101001101110010
00001011110110000
00001110010000000
10101101100100010
01101010011011111
11000001011011001
11010011101010111
11110011101110010
11100110011101010
10011001110011111
00110111000001101
10001010101110011
00010001110101110
01001100010010000
01100011110110010
01010011101011001
10001111000011011
01110110111111100
11000010011101010
10110010110101001
00000010101001101
11100011110100101
11011000101011100
01111011011101101
00000001100110101
11101100111100011
11010001011111001
10001010111100101
11111010001001011
00001110100000101
11111111110111001
01000101111110011
01111100000110110
01011011110101000
00100100001110111
00001111001000001
01100110000110010
01101100000100100
11110001101110111
11100101011100101
11111101010011111
01111110101000001
11110000100101000
00011000001101011
10011111101000011
01110111110110101
01000001010010000
10011010011010011
10110111100110101
01000000110001001
00100110111000111
11001000011111111
00001010101101101
00111010010000101
10011001010100111
01101010111001110
00011110111011100
00011001001001001
10111000100100100
00110110110001101
10111011111100000
11000111110000000
11100101000111101
11011110111111001
01011101000101011
00110011000100000
01101010111000010
10101100011100010
00001000110000100
00000000000011110
01100001110011100
00100111110100101
10111100101100100
01010101100111010
00010001000000010
01010000001111011
11000010101100110
11111111011111111
10110101010001101
01001010101111110
11010111011111111
10011110010000010
11110110110110111
00010011000111001
00010000100101101
11000000000100111
01010100001101000
01010001010010111
11111010110010100
00010101011100001
00001001110011110
01010010101001011
00001000111011001
10101111101011100
01011010101111011
10000001111110000
01011001000001001
01110001110011010
10111001111001111
10111001111100000
00100011011010011
11110110001000100
11010111101010111
11100110010010110
01001011100100010
11111000010111101
01000000000011011
10101010111010101
11011000100010001
00101010000010101
11111000010000111
00001101111001010
11011101010110001
01010010111101011
10110010100011110
11100010110001001
01101000101010011
01101110010000110
00100010001100010
00001000011100000
00000111001001110
01100111111010110
00100110001010000
10010000100110111
10100111101100100
01010110010011110
11010010011011001
10101100100000101
10111010000111111
00110111100100101
11101001111100111
10100100101001111
01110000100010000
10010011000001110
10100111111101000
10010001001010110
10110011111001101
10101100110001011
11101110010110110
10110001000001101
11001111000000001
11001011011111000
00111000110001011
11101101001111010
10011100111111100
00101100111001101
01000000010100111
01010010010110000
11110011100000010
00010010110001110
11001100101010001
00110110110110010
11100111110010010
11101101100100000
01100011001000101
11101111001011101
00000100110011100
00011111101111011
00101000000011011
10010011110100111
10011110000000001
00000001110000000
00011111000111010
01111010001111101
01110110010100011
11000111111011010
10010010110000001
00010101100011100
00011110010010100
01011011101110000
00010011110011100
10100011110101001
00010011000111101
01010111000000010
10111001100001100
01000101011000010
10111101111010010
00101001010010001
01111111100101010
11010011111001110
00000011001101101
01000011110101100
11110000011001001
10010010110101110
00001110011101100
01111001101101010
01000110011101011
11010110101101001
11011011011010011
00010100010000110
11010101001001100
10000001110111111
00010000000000111
11001100100001111
10101110111001110
00111011110001000
10100101011110010
10001010011111000
00010001001110010
11100101100010011
00010001010111111
00101011000001010
11111000011111001
00001111000100000
10000101011111001
11100111111011010
00011001001000100
11100110110001100
11101011101010001
01000100001111100
11011111111110101
10100010101011111
10011101100100000
11000100000000011
00010111110100001
11110011001110101
01111100101001011
01100111100010100
00010011000000100
11010000001001000
00000001100101000
11000110110100010
00000000000110010
00000110000110100
00111111111011101
01100001000101100
10011001110010000
01000001000001001
01100001011011010
10110011110000000
11001111100100111
10011101010101010
01111010000010001
11100111101110000
11000000010111101
00010011001001110
00100000101110001
11000001110001000
01000111111010000
10011111001010101
00100011101011011
10001010111101111
10101000110110101
01001011100000100
01011011101110111
11111111111111011
00011001010111001
10111101110010010
01101111110101000
01100110011101001
00111000011011101
10010110110100001
01111001110001101
11011100100100100
11001011000011001
01011110001000101
10000000000110100
00100100010011011
10100001111011011
11100011101000100
01100111001011001
00010100110110101
11101011111110101
01111010110010011
11000100011000101
11010000001000001
10010111100110011
11011010100000011
01011101011011011
11110101000100111
00110111000001101
01010110110111111
11011110000101011
01110000011110001
00000101110101011
10011000110101111
01010000100111011
00111000001000110
00110010010001110
00100101110011111
10100010101111111
01011111101101101
11010111010100101
11000000010001000
01100001000111011
01000100101111010
10000110111010110
10001001010110000
01101111100001011
11110000000011000
11010010000011001
00001000100011000
00111010111001100
11000100101101010
10101111100011110
11011111111111100
11100110000000110
10000111010010011
10000010101110000
11111110001111011
10010001001011110
10100001110011011
11110010101000110
00001110110000001
10000101001010011
10110101001100010
00110001111000111
10010101101010100
10010011101101011
00101100010110101
11010110110000110
10011111000001010
11011101011011100
00000101110101010
11110010010000011
10110111010000000
01110101111111100
01000011101111011
00011000011011000
01000001010010001
11000100100111101
00100010010000111
10000011111110001
10110000101001011
10001010111010100
11110100000000010
00001110011100101
00001000101111101
01010000100100110
01010011100001100
11010100100100000
00100101011101101
10101100000011101
11111010000011100
01000101101001111
11101011101001110
10011001010010001
10000011111010001
01110001001100000
00011101001010011
00100100101101010
11100100100001111
00011011101101111
11111011000100010
10000100001100101
01010000011101111
01110000001111110
01011111101100101
00100011010100001
11110000000101001
01100100001101010
10101010000101011
01110100001110001
00011001100101110
11110001000111001
00001010111010110
11110011011011100
00100011110010111
11001010111001001
01000000110100110
00111111100101011
11101100000000010
00001111110111100
00110101110010011
00010110001100100
01110010001011101
00010111000011011
10001000011100100
11110001111001101
11001111101111011
11110001101101111
00001110001000010
00110000001101100
11010011001100001
10101101011010010
01100110111000100
11100100000111010
01100011110011011
11011000001111111
00000100011101110
11001100000011010
11101001001010010
10001100001101100
01110110101101000
00100001110101100
10010110111010001
11000101100101110
10111011001010010
00101011010010101
01110101011110101
11011100101000101
01011110100000111
11011010101100111
11111010100110011
00000001100111011
01011011011110110
01111101100111101
00001100010100011
11010101111011000
01011100011011111
01101010101011001
11010100110100110
10100101111000001
00001100101011001
11011101111010100
11000010001101111
10100111010111110
10110000010001101
11000010110001111
00001000100110101
00011101001100110
11111010000001010
01100010000000111
00001110110011110
11100101010111000
11111111110001111
01110111011001001
10100001101000011
10010010101010110
10001101000111101
00000111010000100
11111101001110001
11111101101101000
00010110011001000
10011000101110110
10011101100010010
01001110100010011
11101000110000101
10011101110101001
00001110010111111
11011011011000000
10110011001001000
00100000011111010
10110101100011111
10011110010101000
01110000000000101
00010010000010110
10101100101101110
01100000101111110
11011111110100010
01110101110011100
01110011110001100
11111101010010001
11101100001011100
00100001111110100
00000010111111011
01010010010110110
01101111101001101
01101000010010011
10101011110010000
10010001010010101
11010001110001001
11101100111101010
10001100110010010
00111000100100000
01100001010001101
01001101100000010
11011001100110011
00000000101010000
11010100111101110
01010000010001110
10101001011000010
10000111111010111
11010100101100111
00100010001101101
00011010111100110
11100000011101110
10100100100010101
10100011110111000
11110100001001000
01011011011111101
00111010111001101
00101111000111001
11010110011010011
11001101101111011
10000110010010000
10101101000001000
10101100101110100
00010110110100110
11001110101010111
11110011000010111
00010001101010010
11100010010011110
01000110000010111
10111110000000100
00000111100100010
00011100001101000
01000100001101000
00100000010011000
01101101000011110
11011000110011101
11110011010001000
00101111100010010
01000100001110100
11001010011111110
11110010001111010
01001000001010000
00111001100111100
11000101101000000
00000100110100100
00011101001100111
01111011100100100
01111010110111111
00101100000000010
01110111010101100
10111001100011111
10010100010000010
10100100011011111
01010100011001110
01100010011111111
00001000011000111
01010110110111001
11110001101111010
11001010001000111
11100001100010100
01111111001100110
00100100000011100
11101010100111011
01111110100100100
00010111110100011
00010111011011011
00011010010111111
11000001101110001
11000111101111011
11101001100001111
10011111100100101
11001001100101001
10011101111000001
11111011000110101
11111010110110011
11111010001001110
10000110010101110
11110110000010110
01110110000001001
10110100011111011
00100101011100001
00101111011111010
00111011000000001
01011011000011001
11100011111110000
00110011001110100
11100010111010101
01011001100100111
01100111001111101
00011000010010010
01011111010010111
01011010111011010
11101010000111101
10101011011010010
00100101000001101
10100101011001100
01111101001101000
10100000111110101
10001000111000001
10101111101101110
11011111111110101
10100001111110001
00101110010001100
01011100111100111
01011100100001011
00100001110111100
00000100011001001
11100110001000011
00001100100000111
11001100101110011
10001010101110011
11110111001000101
11000000010100000
10010110010011010
11000000010010001
01000000010100000
10110001011110000
01111111000001011
00010010011011010
01010100010100111
11010010010110100
01010001000001110
01110111101100011
01111001011001011
00000001101110001
01001000001011010
01001010100000011
10010010110110000
01011111001110101
01010000110100010
01101110000000100
10110011110011100
10010000010001101
10101000000001011
01110000100010000
10111101110001110
00001110000101100
01101111000100100
10000011101000111
00101011100111001
01011000101000110
10101000111111100
11000001011000101
01011110111110101
01110011111000101
10101000110010111
00110001100110111
00110000100001100
00100011101011100
11111100101100110
10001101011001011
01101100110100010
01101011001000100
10011010011000110
00011001001001001
10001010111100000
00101111011011110
11110011110110110
01100110000111010
11110111101111011
10100101100100100
01101101011100001
01010010010000010
11101110110110010
00001110110001001
00111110100100110
11101101000101001
10111101100101110
11110100100100011
11001101011001100
10110000010001111
11000011011001000
00100010000010010
01111010101011010
00001001100100011
01100101110111011
11000010111001101
00110011111010111
00000110000100011
10110110100001010
01000111001101000
11111110111000111
10011100101111001
11100101111010000
11011001001000110
00010101111111000
11111001110111101
01000011010110100
10101100001100111
00111001011101101
10101110110011010
01110110101100001
10001001011001001
11001100100101100
10001001111111111
11010000111001000
01011011110011001
10100010101011011
11011101101110001
11100000101001001
10110011100101110
10001111010010001
10011010111011101
11010011011111110
10000010011011011
01101001000000011
01011011101001101
01001001001110011
10100000100000111
11010000111010010
11100100100011011
01000011101000110
00101100111110000
11011110000110111
00110001000101010
01000011111011010
10010011000010110
11010100101110000
01101110111000000
10010010100001111
00011111010011111
11101001110011101
10100010111101101
00100111011111111
10100000110111010
01001011101001110
00111001111111100
01011100001001100
11000110100111111
11101000011110110
00101011101000110
00110011110110110
01101111011110110
11000100101001101
01111101100010101
00100010001010100
11100000100100000
01000101101001011
00010111000010010
01010000000111011
11111100110111101
11111011110100101
01100000000100100
00101100110100010
01000111100110101
11101011000101010
01101101101010000
00111010011111010
01110101011011001
10011110100101110
10101000000110000
00111000010111110
01110101000101110
00001011001100111
11100010100100000
00101000100110000
01100110100101000
00011110111110110
01001010101101111
00011101011010100
00001101011101011
10110101101111101
11001001011100111
00001100111111111
01011010000110111
01011100110000010
00011110111101010
01110100001110110
01111010000001110
00011000001101010
11011100000100100
11010000011010011
10100110110001011
01011110101110100
01111011111110010
10000111000010000
10001011100110001
10000111110001011
01111101110111101
00000001010111111
00110000011101100
01100100111000001
11110010001111011
00101110000011001
00001011101001101
00100101000101101
01001101010011111
10110110011101110
01111011111010000
11011100111100000
01110101010110100
10011101101011001
11001011110001111
01111010001000010
11110101100110110
00110000001001010
01010010100100100
11100011010100011
10000010110000111
00001010101000110
00111110110001101
11001101000100111
10111011000000011
11101101001110010
10000000000010011
00010011111001110
11001011111000100
00000110010100010
10001010100100110
10000100110010110
00010101000100100
10011101011011010
00001011001000111
11001101000010111
11001000101101100
01001110001001100
10110101011011111
10110111010100100
00010100001111011
11000010000001010
01100111011010001
00011111100101010
01111011011010100
11101011010000010
00001100110111100
11101000010101001
00010000001110110
10001101110100111
00000000111010000
10111001000011010
01100111000110000
11011110110001011
01100101010111011
00001111100110101
11111000101010001
00100001100101111
01100100011000001
00001100000110000
00110000000111100
11100111110110100
10000110001001010
11111010011110111
10000011110111100
01111011111000001
00110111101000000
00001101101100001
11001110110110010
00101111010000100
11100010001011110
00110100110011101
11010100111110010
00001010010100111
11111111101111011
00010001111101001
01001101101100100
10001011000110101
10011000110000011
11000100001101000
10010000100101111
11011101001011100
01101111001101101
10100111110111010
10010000110000110
00100101110110000
10100010101110010
00001000001001100
00000010000001111
11101001111011111
00010110110111001
11110000000001111
00110111010000111
00011000000011001
00110001110111010
11101000100100010
00101111101000111
11110111010001100
10110100011111111
00111000110101010
11011010110110011
01010110110110111
00011000111001010
10111100101101110
10011001110011010
10001001111000111
01010010100001010
11000101001000111
00000001100110010
00011110110011000
10110010100010110
00011000101111010
00010110100001111
10110101000001010
01100111110110110
10101111011000011
10110010101010111
01111101001001010
00110110001010110
00110010100100001
00010111111001000
11100000000000010
00001001101110100
01001010111001101
11011000111101011
00110110010011111
01110010010000011
10110001110001010
01101011010001000
10010111101000110
00100101110000100
10011101011101101
00111010111000101
01111011010110000
00100000110100100
11011101000110110
10101001011111100
11110000111010101
01111110000100001
01111110011011100
00100101110000111
10001001000111001
01000000100111011
00011111101100011
11011001011011010
10000101110010010
10111101010011000
01100111110001011
11000001111010100
10101110110000100
10101101111010100
00101000100101110
11001010001000001
10010011110110001
00010111100001011
00100001101101010
10011111101011100
01011101101001100
11101000100111000
00011100011101001
11010100101010011
11110001111100100
01111010100000010
10000010101001000
11011111101010010
01000101111011011
00000011101010100
11110101000100000
10001001101010000
01111111111101001
11110010010100011
01000001011010100
11001111011110100
11101101100111001
10011000011000100
01111101111110101
11011011111110111
00110110101111010
00100101100011011
00101001111011101
01011000011011010
10111011111100001
11100110000011000
00010000111101101
00100010111110010
01101010001101110
11000111111000101
11110100010110001
10001110101110011
01010010000000001
00110001101011111
11000100100011111
10110000110010001
11101000011011000
10101111110011100
10011101100010101
11110010100011010
10000111100100110
10101010011011100
00000111110100001
01001110000000101
01000110011110000
01000100101110001
01001011100000001
11010000010100011
11110001011101001
10001110011010101
10011101000111001
11101100000111001
01101101011010001
10011110110010011
10100010000010010
11111010001000010
10101101100110111
00110110100101001
00001001111010010
10101111000110001
01111011100110001
00011001101110101
10000110010010010
00011101111000010
11111110100001000
10000101000010100
01101100101011000
11000011001110000
11000101100101111
10100101001000000
10101000000011101
11110110010010001
00110000111011100
01110010100000010
00010011111100011
01111000101110011
00010110001101101
10000011100111111
01101010001101101
10101100100111100
11000111111100001
11010101000110101
01010111001111101
01010101011111110
11010110100100011
11010011000000101
10101110100010101
00001111110101101
11000100001110001
10011111010011001
10010001101011110
10110110111110100
01100011101110010
01100010100101110
00010100110101100
11010110000011010
10101101001111011
10011110111011101
00111001101111011
11001110011100100
11111010101111101
01000000100110010
00010101001000011
10110110001110111
00011111001100111
11001101110100001
10110011110100011
10111110101111100
01010010100000100
11011000011100111
01101001110010011
01100111010111000
11011101110110001
10000100111110101
01000100110111011
00001011100111001
01001101001001100
10011010011111010
00001010100101001
01100110111110110
00101111000010100
01101100101100000
00100101000011000
11011111010110111
11110000101111110
10001011011100111
01010110011101110
11110111100010001
10110110011110001
10111101111110111
01011001001000011
11000000001000000
11000110010010011
11100110100010111
00000101100110011
11001100111101111
01011011001110001
00111000111101010
01000100011100100
10110101000010111
11000101101010010
00001101011111111
11001111111001011
11010010001011011
10010010011101101
10111001100001000
10001101011010101
00011001010001110
10000100000100001
00010010110001110
10010010101010100
11111101100110111
10111000111110011
10110101100110001
01001010011111100
11101001001101000
00010001001100011
10000111110101110
00011001001111000
00011111100011111
10100111100111101
00101100111011011
01100011001001101
01110010011001101
01000001111101110
11110001011111001
00110100010011011
11111111110100110
01010000101111000
11111001100010010
10010110110101101
00100010110001100
11001100000100100
10111001111110111
00110101011001000
10101101100110010
00011100101001010
00011011000010010
00100101000011111
10101001100101011
00010111010111010
01111001110101011
11111011100001000
11010001100010111
11111001011011001
11011001011111001
01111011001100111
00010000010110000
01000110100010011
00011111101110111
00001011001101101
11101000000000011
01000101110111111
10000000101111000
10100011111001001
01101010111101010
00101001110001001
11011000111101010
00101100111010110
11111110010001001
10001001010101110
01111011111000001
10101110100110000
10101000110011100
01010101010011111
11111110101110001
11000100101111000
00001001111001111
10111100000110011
00010101010000111
00011100000110001
11100000011111001
11001010010101010
10001001001011111
11100101110001101
01100010100000100
11001000011010100
10011001100111011
11100000100000011
11011111111110000
11011011011010101
11110110111110101
00111010111110110
11011101010101001
01110001110111111
00001000101000000
10001100100101000
00111011110100111
00001011101010111
10011001000101001
11000101101000110
11100111111110000
10001111000010001
10001011011101011
01001011011111010
00000111011111100
01010100000000010
10010111001100101
11001110000111010
00001111000001100
00000010110000110
11110100100110100
01101110100100111
10001101101101101
11101000011011000
00101101000100111
10100111011100111
01111101110001001
11111111101111001
11111100111101100
00100111111011101
00001000111001111
01101110000001011
01011010000010000
10000001010101110
10011111001111100
10110100100000100
11101010111111001
01000110101001111
11111110010111001
10100001110111111
00000100011101000
10111111001100101
00110010011110100
10100011010100010
11010100010111011
11110110010011011
10101100000101001
01000010010101100
10000101110011101
10011101110100010
10010001110100110
10001000011010101
10111111011101011
00110000000110100
00000111111000111
00110011000000011
10101010100011110
11101011010000001
00101010111100111
11011000000011101
00100100000110110
10010011001111101
11111001100000010
01110110001101010
01101110100110001
10100010110000100
10110010111001001
10001000111110011
01000000010111110
00010011110101110
01011000001001011
00111000110010101
00010011000010110
11010110101100110
11011111101011100
00100111000110111
10011010101011011
00110111000011101
01000100101010100
00111001001110000
01001000110010000
11001001000101111
10101100010000010
11000101110111111
01010111100111101
10000011100010110
10101010101000001
11011100000111100
11010111001101100
00111101100111110
11110110001001111
01011011110010011
Time = 2.746s
