n = 15, k = 4, m = 124
Expect Resample Times = 0.374733
Real = 5
Result:
000000000000000
000010000100000
000000100000001
000100000111000
000100000000000
010100000010011
010000000001100
000101000000101
000000001010001
010000110010000
000000000000000
001010001110110
010000100001000
100000000000000
001010000000100
000000000000101
010101000001010
000000010100010
001010000000000
000100100000000
000000100100000
010000011010000
000000001000000
100000000010001
000100010100000
000100000001000
000000010000010
001010000000000
100000100000001
001110110101100
000000000000000
000001000010110
100000000000000
010000001000000
011000000000000
100000110000000
000100001000000
001000000000110
000000101000010
000001000010000
000001000010000
011100000011000
000000001001000
000100000101001
000101000001001
000010000001100
010001010000100
000001100001000
000001000000001
001000000000100
001100100010000
000100000000001
000010010010000
000010000001010
000000011000100
000000000000100
001011000000010
000000101000000
000000011000000
100000000100000
001000000100000
001001010000000
000010001000010
001001011100000
000010100001001
000000001000000
000000010001000
011000000000000
000010001100111
000000100000101
000100000000001
000001000000000
000010010000100
000010000001010
000000100000011
010100001000000
010010100000100
000100000000010
011000010010000
000000000000010
100001010101110
000100010000000
000010010000011
100100010000011
010100000001010
001000111011000
000001001011010
111000100000000
001000000100000
001000001000000
000000000100000
000101000000010
000000100010101
000000101000011
000001111001100
010100001000011
000010010000111
011000011100010
101100001000000
000001100010001
000000001001000
110001000100000
000000000000000
000000000010010
000000100100110
000100010001010
100000000000010
110001010000000
001001010000000
001001000000000
001000000010001
000000000100000
000001100000100
101100000101000
010010000000011
001101000011000
000100000000010
010000000011010
100001000100100
100000000100001
000100000001100
010010101001000
000000000010110
100000000100001
Time = 0.112s
