n = 17, k = 5, m = 774
Expect Resample Times = 0.377589
Real = 0
Result:
10111110000101100
00111010100010101
01001101011101001
10111010001110100
10011000110001001
10010100010011001
01010010101110000
10101010001011110
01100111111110011
00110001110000001
10111100111011111
11001111011001000
01101101110111011
00100000010101011
01001001111001100
01010011100001011
01110001000100110
00111001100011110
01001000001101110
01010111011011001
10011010101101100
00101011110011010
01001010111111101
10010110111010110
11001000001110011
00101111011110111
11011010001011011
10100100000010011
01110111111010100
01101100101000110
01010010001110000
01100011001010110
00010011000000001
00101000110110110
11010101100010010
01110100100100101
10011000100001110
01001001001110101
01001000110001101
01100001101100010
00100011110000011
00111010101111100
00000001100011101
00100101110101110
01011011100011101
10101010100000101
11011101011000101
00000001011100000
01011101100101111
10001100001000100
01101111101001110
00001101110111100
10111101011011111
00101010010001110
01100100011000100
01100111000101011
00100010001000000
01111110100101011
00101111100110000
00111100010111111
11011011000011111
01001011110101011
11101111110101010
00001111001101111
10110000001000000
11001111110000111
01010111011011101
01001111110010001
00110101110101011
11100010011000000
00101100101001100
01100100100110010
01100111010100101
10000011001011100
11011011100100110
11000111010101101
00111101001000011
01011001100001000
11111001110110110
10000001100000011
01100010000111001
10111111100011000
00100110001100010
01000010101100100
00011111110000001
00101111111111010
10000011111000010
00110001010110000
11001001111111101
00110100010000100
00011111010010110
01011001010010111
00100001001100111
01111100101101001
11011000100011101
11100001011101110
01110010000000101
10011011010010110
11000100111111101
00111101001001111
01011111111001111
10000011000010001
10111111111101111
01000100100100111
10011000010100100
00101000111001000
01010111011111101
00010110111110011
11011100010111110
11001011110110000
01001001001100011
00001000111111101
11110011101101111
00101001100001011
01000011110110110
01000000010010011
11111011100100111
11100010110010101
11110100100110001
01000100100111111
00101110110101110
01101001011010100
01100111001010010
00011111011011101
01011011110110101
10001111011101011
00111100011001010
00100111110010110
00001111001001100
11000101001110011
00100011000100011
10111001101011101
11001011011011101
00011000111101001
11001111000110011
01100000100001010
11100001011111110
10010001010010100
10101000101110011
10010000011010101
01001110101110011
11111010001101101
11011100001100010
10100101010011010
01101100000001001
00011101100100000
10010010110000010
10111101011010010
01111010100011011
01000111001101111
01100111101010111
10011010011001110
00110001100010001
11101100111110010
01101101001010000
00010111101001101
11110010110100010
01010010001101111
00101011111101010
01110111001111111
11111100000100000
10010101010001110
11100100100101111
11111010010001010
01100110100000011
01000000000010000
10110110110000111
00111000101011110
10110000000001010
11010100001000011
10000010000010000
00010110110011111
01110100001100000
00010011001100101
11100110110010001
11110001111011011
11110110100101000
10011001101110001
00101101110000010
00100101010000011
01010110110010000
01000010100011111
10010001011100011
11110011011001100
11101000101100111
10010111000100100
00101111111101011
01011101011101011
10101000101010110
00010011011100011
01000100101101110
11000011000100000
11111110101110110
11010000001101101
00111111110010100
01111001111010011
01111100101000011
01011011001001010
11110001011010011
11001111001000111
00000001101011000
11000001000111010
00100000100011100
00010011000110100
11011110100111101
10111101010100110
10101000000011110
01111111111110011
01100001000001101
00001000101000100
11101000111010101
01101001011111010
00010010101001001
10001100101110111
10001101101000000
10111111110011010
11111100100011100
11000011100010010
10001000111011101
10011101101010101
10001000101110000
10001001110100101
10000000100111000
10111000010010101
11000000011011010
01000100000000100
11010011101101111
00001110111111101
01100000110011010
10111111000111110
11110001000110101
10110010000011001
10011001100000000
01101010000001011
00001000001101000
01100101001110101
00000000110001100
01110000000011001
00010000010011111
01011000010000100
00101100110000001
01001000100111100
10100100101110011
10011001001100110
01110100000111000
10010111001000100
11100111110010100
00111001110100111
11000111110011001
00100100110101010
00110011110011001
11011001000011000
00111111011100000
01101101110010101
11000000101000100
11101000100110100
10000000101001111
01111011101010111
00101010001101000
01111110001110011
10001011100111111
10110101100110011
10010111101110010
01110101100101001
11000100111011110
00011001110000011
10000001110110110
11101001000100001
00011101000000001
00010001001100001
01000111110000011
10111001001111011
01101011001001101
01110110110101001
01100101101010000
01100011111010111
00100111001111001
00110000111010010
01001100001101110
11000011001101011
11001101101001110
11011110111100010
01111001100101010
01010001011011000
11011000011000100
01010001100110001
00011111111011010
01101000011111000
00111111010110001
01010011111101001
01011000000010110
10100111110110001
10010110000111101
10000010010000111
10111111000110100
01110000000001101
01111110101000001
11101111111000100
10101111111111101
01110101001110100
00101000001110110
00010110000011001
01100111001110101
11001010000000011
00110001001011010
01100111000000110
00110010101111011
01100110010010111
10100000101010101
00001010011101000
01010111110110111
00011001110001110
10100011110111100
01111011000101001
01010000011001100
11000010010011011
01000111010101100
11110000101011111
10110010010001101
10110110101110000
10010011111001000
11010000010001100
10110010100111000
10111000001110001
01100101000001111
01001000111010111
01001001101100100
10001110100011010
11101000101101100
01101011011110101
10110010100001010
10101010101110111
00101110000000000
01111111100111010
00001010111111100
01000000101001010
01000100001111001
01111111110101010
11011010000011111
10110010111011111
10011110101000000
00011111000100100
10010100011110001
10101111111101000
00101100101011101
11001000001111111
11011111011001000
01001101100110011
10110101101100101
10010000110100100
10100010000110100
10100101000111110
01111110100010011
00101001101001010
00010110110001011
01010011000000001
11111100000010000
11111001011001010
00000010000101100
00110000011001100
00100000001011100
10100110001101101
10100001101100111
00110011001101101
01000011000110000
01111011000111001
10010110010001000
11110111000011100
00001011101111000
11100110000011111
01011111010101011
10001001010100100
10001001011010000
00110001111001111
00110001011110101
01100000101101001
11000001001001110
11011001001101010
11100011011101100
11101011110110100
00101110100101010
10110111100010110
00110101100011101
01110101111011011
10011100001100010
01100010011111000
00101110111010001
11010011011000110
01011000011111101
00001010001111010
11111101000101100
11010010110111000
00100110100001101
00010011111111110
01100111110010111
01101100111101001
00011100001001111
00010010001001001
11000001010111110
01000011000001001
01100010111011110
00111110110010001
01000010010010101
11000101100100101
00111101101000001
10011111000110001
00000000101011110
11010001101101000
00100100100111101
01111010100011010
00010100110001011
00101000001001110
10000110001100101
11010000111100111
10100011101001111
10011001111110011
01011001100100011
00100101010100011
11010010111001011
00001111100000100
10101010111011100
01111111111010000
00100111010101010
10011101101011101
11100111111001101
11110011100111010
10011110010001001
11000110001101011
00001100011111011
11111110010000101
11110111001111001
01011100111101001
00000101001101001
00001000011000101
11101010010011000
01100111100100000
10101010100100011
01100011001011101
00101000111100100
01001111100100011
11000000011110101
11001011001010101
01100001101001000
01000001000010111
01110110011101100
00110100110100100
00001101001001101
11011100110001110
01011000111001100
00001010100011100
01001000000100101
10101110001101100
01010011011011100
11100001111011101
00100101100111011
10000001010011100
10101110100110110
10110011000111001
11100010010100011
10001010110111001
00010011001001100
01001001101010101
10101110000101111
10001000010001000
01000011011110011
11001100101010110
10011000010001000
10001000100110110
01101010110011100
01101010001110000
00111011001101010
10000100011111110
10101111001111101
01001001101001101
01101110000110011
00001000011000001
11110110111011101
10010100000111011
00011100111111100
00011110101101011
00100100010011001
01001001001001111
10011110111010010
01111101100011100
10010101001100001
10001101110000100
11000000110001101
10001110110010111
01001100001010001
10101000001110001
00111000011011000
01110100011100101
01011101100100010
11010000010101000
11001101011101010
11101101100001001
10001111011000101
10000100101001110
11111010110001000
10100000111000000
00010111011000010
11000110100110111
01011110111111100
00111101111100001
00000000111100000
01100010110101011
01010100110001111
11110100011110001
10000101011000001
11011011110101111
00010111001010001
11010111001011100
01000010000110000
01011011001100011
10011110100001100
00001111100110100
10110101100010101
00010001100100111
10001000100111011
11010100101100000
11001110101101111
11011110100010001
10110100101110011
10000111100100010
11000100101000010
11110101000110111
00010010010100010
00000101011010110
10111111100000110
00010011000000111
10110101100010011
01000010100000101
01000110110100101
11010011100001101
11011010010111111
11101110111101010
11011100001110010
00100110110010100
10011111001010011
10010110011011000
00111001100101100
00001100100111011
01001010001111111
10100010100000010
01001110000010000
11011100110011000
11000100111101011
00000010000110111
10100000010000000
10001110001110110
10010000001001000
11110100000111100
10001001000010110
01110100011100011
10011010011100100
10001001110110100
01011111010010010
00110111000100000
01111000000000101
01110101000000011
10100011011001001
10010000001100011
00101001111000100
10111010101100101
01001010110100100
00110111000101100
00100000001110111
01000101000101010
00110001001101010
01001000001111110
01111010111000000
10100101011001010
01100101100001011
00001100011101111
10010100011000110
01101000110010100
11000010010010111
01100000011000110
00011101111111101
10000111110100101
10000010010011110
10001010010000110
11001101101110000
11000011110100011
00111010110000010
10010000000011100
00100100110111000
01100000000111100
11111101110110101
00100101110001000
11110101100000100
11100110001101010
00111101001101010
01010101101111001
00100100000001110
01111010010101111
10111111100110001
00001001001010101
10010100100010001
01111001010000010
01100001011101010
00010110001110000
01100101100011001
01100001001110101
10101010111000000
11101111111110111
00010110110000100
10111100001110010
01000000111001110
11010110011011011
00000100100000010
01100000011000001
10010011011111011
10100000000010111
01001010001100010
00001011111111110
01000001101101000
00100000011010010
01010001010110000
10101010011000001
00001100001001100
01110010001010011
10011011010100010
00101101100101110
11011111110101101
10001000110101111
00011010101100100
01000011010110111
10010100011000110
00111100010000011
10000101010101110
11100010101010010
00110001110101110
11110100110001010
01001010000111110
10101011110100101
10011100001010111
11110110010011000
10001000110110110
11011100011100111
10111001101100100
10110000011100010
01101000110100101
00100011111001010
10011110101010111
11001000001110010
01010000110011000
01111001101110000
00110100101100010
01001110010111000
10001000110001000
00100111111111010
11100110011001000
01101000110010011
10110110000110011
01111000110001111
01111011111101001
10101110001001010
11011100110100100
11011010001101100
10101100011000011
11110100101101011
01100010110010100
00011110111011000
00100010001101001
11000001011111100
10000111110011011
11101111000111101
11101110111111111
10110010101001010
10101110011100111
11001010101111101
00000110010000001
00111110011001000
10010110111001110
10010011100000101
10000110001111100
00011100001001111
10001110010100111
00100000001101111
01101101011011110
11100101111000011
00111100010100111
10111000111011111
10010001111010111
01100001010111000
01101011100010011
01101011100000000
01101101100010101
10001010001011101
11001011010000111
11001101110001001
00101010101010001
10111011011100110
01011110100101100
01101011000110011
01001110010110111
00100000101110111
10111000101100000
00001011101111000
10110010100110111
00110011001001011
11100001100011011
00001001001001011
01101010000000101
00110011011110001
10000110000111101
10111101011001011
00100100100100010
01001011000101110
00001110110001100
00111011100001101
01100001011001100
11010101001100111
01111011001101011
11011010001111101
01111000110100110
11100101110101111
11000011101001011
11001001111011000
10000010001000010
01000110101101001
00101010001011011
11010100001001000
00000010000011000
10101011100101011
01011010101110011
00010011110110001
10101100110111110
10110110110110100
00011001101011000
01100100110111010
10011110001010101
00110011001001010
01101001110100000
00100100110101100
10100011100100100
00001011011110111
00110101000100110
11010011001010110
10011000100010010
00100110010001110
10100111010010110
10100110000011011
00010010000100110
01101110111100100
00000011101001101
10100001100011001
10110001100101101
00100101101010100
01011101010001111
10001000001110000
00110001000101111
01101111110000101
01000011001111100
00011101110010111
00111000000101101
11000000011101000
00100111111010110
00011111101000011
10100101110110110
10110110001011100
00000111100111101
10110000100101110
01001011100110001
10100101000111010
10100011010111011
11011111111001101
11001011100000010
00011111010100011
10111101111000110
11110000110000100
10101111111010001
11001111011011110
Time = 0.735s
