n = 14, k = 5, m = 156
Expect Resample Times = 0.362021
Real = 4
Result:
00000000000000
10110000000000
10000010100100
10010000100011
01010000101001
00000000000001
01000001000001
10000100010000
10000110010001
00000001001000
01000110010000
00000100000000
01000000100000
00000000000000
00000010000000
00011100000101
00000100000110
00001000000001
00010001000000
10010000000000
01000100000000
00100000000000
10000000010010
00000000011001
10000000001000
00000000100000
00100000100000
00000001000100
00100000001001
00010000100000
10000001000100
10011000010100
00100000100000
00001000000000
00011000000100
00000000000000
00010011000000
01100011000000
00000000000001
10100000001001
00001010000000
00110001000000
01000000000100
00000000000000
00000000010000
00010000100001
00010100000000
00000000100100
01111000000000
01000000101010
00000000100010
00000000000000
00111000100000
10011000000000
00000100100000
10100100000000
00000011001000
00000000010000
10000000000010
00000000000000
10001010000000
00100000000100
00000001000010
00100000000100
01000000000000
00000000000000
00000000000011
10000000010000
10000010100100
00001001000100
00000000001000
10000000000000
00000000001100
00000101000000
10000000000000
10110000110000
00000000000000
00000000000000
00100000000000
00000000010000
00000000001000
00000010010001
00000000000111
00000010000001
00000000000000
00000000000010
10000000010010
00010000010000
00000001000000
10000000010000
10010000000000
00000000000000
00000000000000
00001100001000
00000000000010
10010000010000
00001110100000
00000001000000
00000010000100
00010000001000
00000010000000
10001001100000
00100000100010
01100000000000
00011100000000
00000100000110
00000000000101
00000000000000
00000000101000
10100000000000
00000000110001
00010000000000
00100100000000
10100000000000
10000010000000
00100100000000
00000010100100
00000001000001
00001100000000
00000001001010
01000010000000
00000010000000
00010000010001
11000000000111
00010000100000
11001000000000
00010001000100
00000000101000
00000000001000
00001010000000
10100000000011
11100001100011
00000000000010
00100000001000
00010000000101
01000000100000
10000000000000
00010000001010
00001011000000
00001001000000
01010010000000
00000000001010
00000000000010
00000001010010
00000010000000
00000000010000
01010001000000
10000001010001
01001001111100
00000000010000
00000000010000
00000010000100
00000010000001
00000000000100
00000000000000
11000001000000
Time = 0.134s
