n = 8, k = 7, m = 62
Expect Resample Times = 0.369335
Real = 2
Result:
00000000
00001010
00000010
01100000
00100010
00000000
00000000
00000000
00000000
00010000
01010100
00000000
00000000
00000001
00100001
00000000
00110000
00000010
10000000
10100000
00000000
01000010
00000000
00000000
00001000
00000000
00000010
00000000
00010000
00000111
00000000
00000010
00001000
00000100
01000001
00000000
00000000
00101000
00000000
10000001
00000100
00000000
00000110
00000000
11000000
00000011
01100100
00001000
01000010
00000000
00000001
00000000
00000000
00000100
01000000
00100000
10110000
00000000
00000000
00000000
01001000
00000000
Time = 0.001s
