n = 17, k = 4, m = 353
Expect Resample Times = 0.420012
Real = 0
Result:
11100100001011111
00011000000001001
10011011100001001
11110100100100010
01011001111111111
01001100110111111
10011111001100100
11000101110001001
11001010000100110
11100000100010011
11011001001001011
00010001100111000
11110010110001100
00011011110101001
00100010011100000
00110101010010100
11111111101000111
01111001000000011
11101010010011110
01000011111010111
00101011010111000
01111010010111111
10101101000100100
01110101011000000
01001101011001010
01101011011011011
00011100100010110
11011011101110010
11001101101100010
00101101010110110
11110011010000101
01011000110001001
00011110010110100
01011101001001111
11000010101110000
01110100111000011
11010011101011011
01100000001111000
11010000100001001
10111101001011010
11000110100010000
01110110011010010
10101101001100101
00100001110110000
01100101100011001
00100000011100011
10010011111111000
10011000100011101
10010100111101000
10001111110101110
10011011001000001
11000110110111010
00000101110100010
10111111101010111
11010100001100100
00011011101110000
01100001100000111
00010001111010110
01001111101001000
00000000100110011
11001100010110001
11011101011101111
11110001111100000
01010010010010001
10010111000111100
11111111011011001
00010111011101011
00000011110100110
10111001001111000
10010011111110111
00000001011100000
00111110001100101
11101010010001011
10100110111010011
00011001011100110
10001101010000100
01110111001110010
00100010101111001
10000100000001010
10001111110010000
10101111001011010
10111001101010010
01000001011011101
00111101010110110
10101101101000000
11100001110010111
10100110001111101
11111010011111100
10010010011111011
10011101010010100
00000010010001100
10000100001110110
11011101110100011
01100001010011110
11010101011001111
00011100000010110
10000010111100110
10001111011010000
10110111001111010
11011000111000000
10001111010101110
11001000011101100
00110000110000000
11110100101100000
11011101010111001
01000101011100101
01011001011001111
00101100100100101
11110011110100000
11110101110001011
01000101010000001
10000100111010110
10110010100111011
11101101001010000
11010010111100011
10101000000010111
10010100011111010
10001111111000110
01010110111000011
10110101010100011
10111111110111101
00001011100101110
11000101100011011
01011010110000010
11011001111100111
11011111000000111
01110111001011011
00110101110100000
00111100101011101
01100010010111111
11010000001010011
11110011000001110
11010100010110100
11100111000000110
01111110010100101
11000001100000000
01010101110010101
10011000110111101
00110111100011001
00011000001000100
00000100111010000
00110001010111011
10000100110110010
01010010001000011
11101010111111011
11011000000101010
00010011111000111
01011110001001110
01001011100110010
01100110000010100
10101011111100111
00011111011110010
11101011111101000
01000011010010001
11010011001111000
00001101100111100
00100010010111001
11110110011010011
10000010000110001
01000000100001001
10010000110001001
00101010000010101
01100110101001100
11111100110010000
10100001011111111
00110111001101111
00001010010011010
00001001110011110
01001010001011101
11010001000010110
10001011101011010
01101111001100100
10110101001101001
11100000001100010
00100001110011010
11011100010001011
11010100001100011
01001111000100011
10100000011001111
10111101110111011
10000010111001000
01110100111010101
01100011101010011
01010111110101001
11100000000010010
01011011100001001
11100001101000000
10010010101100000
10000001000110110
10010000011101101
10111010111010110
01010010100100001
11000011100010011
11101010011110111
11110000101111101
11011110110100100
10001000101110110
01010011000101100
01111101010001001
10110100110111110
11000000011011100
10010001011101111
10011100011110010
11000111010010001
10000101010011000
10010011101010100
01100010000010010
01101100110011010
00000100111100011
11000010011100010
01111101000000101
01110110000011111
01010011001100100
01110111110011101
01000011101000011
01011001010111011
10100001110000101
01110100000011111
00001011110110010
10111111011001001
01110001111111101
00101010111011101
00110011111100010
10110101001011110
00101110100100101
01001111101010110
01101010111011111
00011001010000011
10011101001011101
10001100110000100
00111000001011100
10100010000001100
10011100001001100
10111111010100011
10010001011101101
00011001011111001
00110111110000110
10111111101001100
00011111101100010
00100100010010010
11111110111011011
10001010001111101
10110110000110110
10011001000111010
10010101011001110
01111011100110011
10010111111100000
00011001011111011
11010101100101011
01000101100000011
00000010110100001
10010110111110100
01101001110111111
00111001011100011
11111101110011001
10011100101011011
00000001100100110
10011111101010101
11000110010000110
11111100000011000
01111110101100101
11101010100010000
10100101011111110
11100000110101011
10100010111011000
10000010010101011
01011011000001111
10000011001001001
01111000101110110
00001011001111111
11010111111000110
01111100111010100
11101001011110111
11101111011101000
00101111010100001
01110011010011110
11000001110011011
10110100111010100
10111010101011110
00110000100100010
01010010001000111
01011000110000000
01001110011011110
11011001100010111
00010100110011111
11101100111111110
00100000001011001
01111101011101000
10011111100101110
10110001000110100
01001111100011111
00000010110010011
10000111010010011
10101110001001110
11101111001001101
00110101011000000
11111110110001000
01100111000100000
10011100101100100
00111110001001011
10100010101100111
11100000110000001
00010100010100100
00000000111011011
10110101000101110
10101010110110001
01011111110111011
10101101000101110
10011111000100011
11111111100101000
00010111011100010
00101010000110000
00010010000110000
01001000010110100
01110101110010001
10000001000010001
01010010110100110
01011010100000101
00101011101110110
11100110101100101
10110100100110001
11001000001111101
11001100101110111
10110111110010010
11010010010010010
00100000100000100
01101011101111110
01110001110010011
11111101111010111
10101110111111001
00111001110000110
10010111011011110
01001110111010110
01111001010111011
00101110101101101
10101101110100011
11011010111110101
00101010100011100
10101101111100000
10000010110011000
00101001101101010
01000110101110101
10001101000111110
10000100001011010
10000010111011100
00101111101111111
10110111101011000
11010111011110011
11010010000100110
01000010110110101
01100001100110100
01111010000010010
01010010101011110
Time = 0.153s
