n = 12, k = 3, m = 131
Expect Resample Times = 0.421692
Real = 1
Result:
001100010011
011000111101
000001101010
100001011010
011000111101
010100111010
111101000100
111101111110
001011010010
011010110101
100011001111
011100111110
100010100101
100010101011
001000000110
011011101111
001011110000
101111011010
000100110011
011011011010
111111111101
100001110111
010101100001
001000001101
110011111011
010000011000
100001110100
100100100111
111111111100
011011011000
111100110010
110111100010
011011011011
010011110110
110100100100
101111110000
100101110001
101000000010
100010011001
000000001010
111000111011
000101001011
011011000100
111001101001
110110101111
010000001111
100110001001
100011010100
110100111000
111100000010
011110101011
011001010001
001100001100
010100100011
010000101101
100111111110
100100101111
011011100100
100010000001
011111111101
100010110000
011111001001
000011010111
110011001100
111110000110
010010100111
001000011110
101100010110
011001001111
110110011011
010000000100
000000000111
100010100001
010010000000
010101100110
011000011010
111001000101
111001111000
010010101110
001101110111
111000010110
110011011000
100111001010
001111011100
000000000010
011111011011
100010101100
110110000100
111101010010
010101110000
101100111010
011101000001
110111001101
001000100001
001000100010
000010001111
111011110111
100110011111
101010011011
010111111101
110100001111
011000000111
110011001001
011100000100
100110010101
101111100110
010010100011
001011010001
001001101010
101011110010
000111111010
001100101100
101111111110
001110011101
010100100111
000111000110
111000101011
111101011100
110111100101
111110000001
101011110101
010111110001
000101000000
001011011110
000011000011
101010000011
101101010101
111000011100
100100110000
010100101000
100010001100
Time = 0.009s
