n = 9, k = 4, l = 4, m = 566
Expect Resample Times = 0.363858
Result:
110110110
110111001
010101101
110101000
010100111
100110100
011111011
111000111
011111000
010101101
100110110
101100110
010011100
010011100
100111100
001100101
100000111
001101011
100000111
110011000
111000101
110011010
110100110
101000110
001110100
110111011
000101110
110101010
101100101
011100111
100110110
111001110
100101101
111001110
100011110
011010110
011011011
011010111
001101100
010011011
110010010
011111100
001111110
001011001
110010110
110001110
011011011
111010001
110110011
100001101
010101011
110011001
001001110
101001011
001111110
000011111
101011101
000111010
110011100
000110011
100111010
000101011
011110100
111101101
111101111
100010111
101001100
001010011
111000110
111001100
111111001
101100011
010010101
111010001
111001000
100101100
001101101
010111000
100111100
111101000
011000101
100100011
100101100
110111001
111110001
101011011
110000111
100110010
100011101
011001100
100001111
010010110
110100101
010101011
010111110
111001111
111011101
101001100
101110111
101101101
101101110
011110011
001110110
110011001
000110101
110111010
001101010
100100101
110110000
011100100
110101100
110000011
101001001
110101100
111011011
001111010
111011100
101011101
010110110
011111110
111001000
111110010
101111110
001011111
010001011
010001110
010100110
111101100
011001011
100001011
101000111
100110101
110111010
011110100
111101001
110110000
111011001
101001010
010101101
111011110
101010110
011110011
110011110
000111001
101100111
000001111
110100111
101000110
100101001
000001111
010110001
001111110
100101001
010100011
010110011
011001001
111110001
111111111
011111000
011101001
111000110
100001111
110110001
001001101
101000111
000111100
001110111
011001101
110000011
101011011
110111101
101000101
111110100
111011101
111001001
111010111
011000011
011001111
001101010
110011101
101001100
011101000
101111100
111010010
010111011
110000011
001011001
001010011
000101011
010100111
011101011
101101100
001011010
101100010
011110000
111100001
110100011
111010000
001110001
011101011
101110001
001111110
111100111
110111000
011011000
010100101
001110011
110011001
001111011
111011111
001101001
100100111
101000011
111110110
000101111
111110111
111101001
010011011
011001100
001010011
000010111
101100111
010001110
111010010
110001101
011110001
111000010
001101111
100111001
011101010
111001011
011111001
111011011
010110100
101000110
110100110
010011101
110110100
101111000
111010000
110010011
101011000
100010101
101001010
011101000
011110001
110100111
110101110
001111011
001111001
111010001
011101000
010001011
010111011
011010110
110101100
111100111
011000110
010011100
111111100
111100101
100111010
111000011
010100111
111011000
100011010
111101100
001011111
011010011
010011100
111100010
011101111
101011000
101000110
011011100
111100010
111101001
011110101
100000111
010111001
001101111
011000011
011010101
101100111
010101111
110001010
001101010
001011111
101101101
101111101
110111000
110011000
010011111
101111111
110000011
101001100
001101010
101100001
011100010
010101100
110101011
010000111
001101010
101110100
110000011
110000011
111010010
110001001
000101011
011001001
001101100
000111110
011010001
100101011
100111011
000100111
101100110
001111010
110010101
100011101
001101001
100111011
011010011
011111111
111000010
011011110
011010111
001100011
100111111
011001111
001110100
011100111
100111100
111100110
011010001
010011010
011010101
010101010
011001100
111000011
111111011
100000111
100111011
111101111
111110110
011010010
001101001
110001101
001111001
010011001
010100101
100101110
100101100
110000110
110001001
111100100
000110101
011101100
011001010
100011010
011110111
101001111
000111101
101111001
000010111
101010100
110100101
010101100
001010101
110011011
111111111
011000101
110100011
000011101
011111111
011010001
011011110
010101001
111011110
101000111
001010101
101011001
101000101
010110101
001001011
001110110
100100101
101101101
111011011
010111111
101111111
101101110
110100010
101000111
100010110
011010101
011100011
101111100
110110011
100110010
111010111
100100110
001000111
001001101
001001110
011010101
010110111
111110111
000110110
000011011
010110101
111001001
011011001
110100001
011111010
111111110
111010001
011010111
101101000
110101000
100110100
001110100
110100001
010101111
100111101
101110100
001011001
111101110
100100101
101100101
110001100
101101010
011010001
001011110
100110100
001111000
111010000
100111000
100111111
000111101
110111111
100101101
100010111
110011110
110000111
111111101
011101001
010111001
110011111
110100111
011100011
100011001
111111111
111001110
011100111
011101010
110101101
011100101
111010011
101000101
001101011
111010011
101101111
011101101
110000110
011011001
100101011
010001110
000111110
010101110
010001101
110000101
010110011
011110010
111010111
101110101
111101000
100101011
000110011
011010100
011110000
111100011
100100110
110011100
101011010
010010011
000011011
111000100
101111111
111111101
011111100
011001101
010111101
101010111
010010111
101111000
100101011
110011001
001011011
101001001
101010101
110011000
110010011
001110001
010111111
110110100
011011110
011101110
101011000
110101100
110100011
111110100
110010101
100111000
001011100
110101111
010101110
110011101
110011010
111100010
111110110
011010001
001101001
011001111
110101010
001011010
010110011
101111100
110110001
011011010
000101111
001111110
110011000
110010100
101000110
100000111
101100110
011010101
101101010
010001101
011110010
110000011
111010001
101110100
110100001
011111110
110100010
110010001
101101001
000011101
000001111
111111000
111010011
001100101
111000101
110001111
110010101
011110100
011010001
001011010
010110111
001101010
110010001
111000001
001010111
110011100
Time = 0.007s
