n = 14, k = 8, l = 1, m = 5524
Expect Resample Times = 0.367466
Result:
10110101110101
01011101101110
01001111001100
00000111011010
01010010101100
00100101111101
11010110010111
10111111100110
01111001100001
01001000111101
01011110001111
11111000100001
10101100100110
10011101100011
00100111111100
01000001001110
00001100110111
01001110000001
00100010110011
00001011100000
10000101001111
11111011010110
00000001001010
11100100111111
00101110100101
01001110111000
01011111000100
10100110111101
01111000110101
11101100001110
01011010011110
01110000001100
00010000111010
01110000000100
01001110010111
01111101111010
00101010001110
00110101111011
01010010000010
00100010011011
00100101111110
00101101000101
00110110111110
01111010011000
11011001101001
01001111101111
11110010001001
11000101010101
00101011101110
11001110100010
10101110010111
10110000011000
10101011001010
01001000100011
01001010011001
10011010011111
10100010111001
10101000000000
01001001111011
00010101101101
01111100011101
11111110011011
00001010000001
00000110010110
00100100110010
01101000011111
01011110110101
01011001100101
10111011000100
10110000101000
10111000011101
11001100110001
10100101000111
00010111001111
11010001110111
10001101001001
00100100101010
10011011110000
01111011010100
11111010000011
00111101100010
10001111100110
10001000100010
00001010001101
00101100000001
10111110011110
11110111010011
01010111011111
10011111111111
01101101000011
00111010100100
10011011010011
00001011011111
11001100011010
11010100111000
00000001001110
01100000100100
10111111110110
11011011000101
01101100010010
01001101000000
10000101000001
10111101000001
01001010111111
10001100001010
11000000011001
10111101000101
01110011010011
11101100000011
01110000100011
00111111011001
11100011110101
10111010101001
01011001010101
00101011101001
01000000110100
00011001100111
10000101111010
10010001111011
11100101110000
10100101011010
00111110111001
11000011001110
10101110111001
10100001111101
11100110110011
11001101111000
10001000100011
00011101011111
00000011011101
10000101111100
10011110010010
00000110110001
00100101110110
10101111011000
10010000001011
10001111001000
10111010001110
01001100110011
11000110111001
11011011001111
11001011011111
11010011010110
00100100111010
01100011001110
10101010001001
10000111000101
00001110100000
01010111110110
10111000101110
01101010101111
00001100010110
10000110111110
11001001111111
01001000000001
00001010110100
10001101010110
00000111010101
01000100101100
11101011101100
01100110000011
00110011011101
01011100001110
10000001111100
01001011000100
01110001100100
10011001111110
11011010011111
10011001010111
10010000111010
11111000111110
10111000011101
00110100111011
00101011111110
00110110111111
11011101100000
01111110110001
10110110010001
01110001000110
01000111111100
10101100110100
01001001000011
11110010101111
11010010011011
01111100011001
11111000011001
11110011000100
10010100010010
10100001110000
00110010011111
11101100110101
11110111010111
00111011111101
10000000001111
10100010001000
01111011100010
11101010000101
10001000010110
11001100010100
10010111101000
00101010001001
11100000111101
10000110010100
01111100010001
10001101111110
10111110101011
00001111011011
01011100100000
11011011010000
01010010001001
01111110001111
10111001110100
00110001011110
00110110110101
11000110111001
00100011010000
11100111101001
10000100110000
00100111111111
00001000000010
10010010110011
11000111010000
00011111101101
11110011101001
10001111110111
00100001101101
11000011111001
10111100101001
11010000111111
10111101000111
00101111001101
00001000111000
01010001111000
01000110100001
11000111110011
11100011010100
01111000101001
00111100110100
10000011000000
10100110001001
10000111010011
11000000101010
01011001100010
11111110000101
10110110001000
00101110100111
11010110000011
10100000010100
10110101101001
00000101000111
00100110001110
10110011100001
00100101010010
10011001101001
00101000010100
10111000101011
11011100111000
10011101100110
11010000000010
11110000001100
11000010010010
01110001101010
11011101010101
11010110100110
01011010110101
11000111100110
00101000111101
11111010101000
10111101010110
01001101100101
00011011010001
01100001011010
11011000010101
11110100011011
01010111001111
10000001000111
10101011101111
10011101111001
01010100111110
10110100101011
11000110011110
11101110101111
01001100001111
11111001110101
01010100110011
11000110011110
11100100001101
01110000101110
01001001111010
00111100011111
00001001001011
10100010101001
00100010100001
00111101101001
10101011011100
00010010111110
10001000111011
00000110101010
11000000010100
11000100101010
11001011101001
01101100000110
11010001011001
11011101011100
11001100100111
01111101100000
11111111000101
00110100101011
10111110000100
00000000111110
01111101100111
00110010000010
00101101000011
11110111110010
01110010011010
01110011111010
01101000010100
11010101011101
11010110011010
00010010100110
11001100101010
00101010010100
00100001010110
11010111010011
11000101010110
01111111110111
00100011000110
00100110001100
11111001100011
00001101010000
00110011011111
00001010001101
10001101101110
01011000001110
11010100011011
11100101010100
00001101101110
01100110111110
10011011001111
00100100111111
01100000100011
11100101000101
01001100111010
00000111011100
00101000000000
00110100101010
11100000100100
11001001110111
11100101100010
01011000111011
10111011001110
01100010110001
11111101101111
11000000110101
10011010000001
01110011000111
01011100011100
00000111000011
00011010100001
11100100010100
11110111011100
01111001100100
10101111001111
10101111101110
11110110011010
00111100110001
10110111101110
01011100110101
00010100001000
10101111011110
11010001111111
10010011100010
11100010101010
01100100110011
01100011111011
11100010011110
10001001000101
01110011110010
00001011111000
10100011000110
00010110100000
00000101001100
10111001111110
00010010010001
00001010110111
10110010000001
11100000101001
10001101101000
00001010101011
10000010100111
10100110100101
01001000010001
11010101110010
10111011001000
01110011010001
00101000100111
11110100110011
10010101011101
10011100011101
11000111000010
11100110100010
11100101111010
11110001101100
10101011101100
11011110000011
00001000110100
10010110101011
11101110100010
01001000101011
10011111011010
11100011010101
11110001101101
10100011101110
11100010111011
01000100010100
01010010110101
11010100010000
00110101001001
10001111000101
11001001000100
11110110000111
00111010110000
00110110010001
00110100010000
01111101100100
00111001101000
11001100101110
11011111100110
10101100100011
01110101100010
11110001100110
11110101011000
00100100000011
10101111101010
11011001110110
11101101100011
11010110111111
00010011000100
01110101001111
00010011000010
01101011110010
11110011001110
00101010110010
11101011011100
00001010011100
00010010110011
11010110010101
01001001111111
00010110100110
01110001100110
10010010010111
10011110011100
10010000011011
01001100111001
11001101100011
00000000001010
11010100011101
11011100000111
00011100101110
10001001110011
00101000110111
10100101000111
11000001111000
10100111001001
11010000010011
11100110010110
11100000101101
11011101010010
00100010011110
00100001010101
00000011001001
01000110011101
10001000100000
10110100011011
01111101100001
01111000111011
00000000101111
01011110101100
00011110111100
00000111001001
10001011000001
00100000000111
00101111110110
00110000001011
10110101000000
11000001111101
10111101011000
11110000101101
10111100000100
00100011110100
00010110110000
01000100110000
01110001101111
00111011001111
10110001111101
01110110011010
10000110110010
10001011111001
10010101101101
10100111100001
00111010100001
11100000111110
00101001100001
01111110110111
00010110110101
01011111110100
10110111001000
11001010011101
11111110001101
00100101111010
01011000111101
10111001100100
00100100011110
10110000110110
11000100000001
00011000100111
10110001011100
11111011000011
11100100111011
10110101101100
00100111010101
10101011101011
10100101011110
10110101000101
10110110010001
01011100001110
10100000100101
11000101101101
01110010111001
00001001010100
00100100000011
00111101010010
11100111100010
11111010010101
01101110111010
10100001110000
00001001010001
10000101001000
10101010100101
01101100100000
00010010111011
11011000101000
00110101101001
11101011100100
10101110010101
01001000110010
01111010000110
10011001101101
01111111101110
01000010100111
00001000110111
00110010000010
10100011010010
11111100000010
00110010101111
11100101011001
10100000010111
10101111100011
00000101000010
00100011111011
01101001111100
00011110011110
01011100001011
01111010101000
00100111000110
11010000011110
10010100010000
01101000011011
01100000001111
00000010111001
10000001101010
11011101101110
01001010011010
01111110111110
01001001111011
01100000001001
10011101100001
11110010100110
00001100100101
01101011101111
00101110111001
01101100110110
01001000111011
11101011101000
10010110011000
01010000000100
10100100100000
01000101110000
11011101110001
10101111100110
10110110100101
00011100010110
10011101111010
11100001010101
11110000100010
10110011110101
00011101001101
00111111101011
10111111111110
00001110110000
10111100001011
01111110001111
00111101110011
11010010011010
10010011110000
01110100100101
11000101010000
00000111011111
11010010001111
10100001110001
11010011000111
10100010111011
00110011001100
00110101001101
00101110100100
00110000110100
01111111111011
01000000011000
01000011111000
10110001110110
11001011000101
11000111111010
10111110110010
11101100111010
01111010100111
11100011111001
00111011000011
10000011010001
11011100111101
00101010000011
10001000110000
11011111111100
10111101111000
10011001010011
11001111010110
00110101110001
11110010111011
01101110110011
00001111101101
10000101110000
01100001010001
01111111110101
01010010000010
00000100000101
11001110111000
01001101100101
11101111001100
10000110110100
10001000001011
01101010111011
10111000001010
01111110111011
11001100001111
01011010001110
10101100011111
00111101000110
10011001010001
01110010110101
00001000110010
01000100101010
11000100100011
01001111011010
00011110000010
10101101011101
10000010000001
00010000111100
00101011110101
00010001000001
01000010101011
10110001001010
01000001110000
01101011011001
00100010111110
11100111000010
00010111111111
01110010101101
01010010110011
11001110011101
00111010010001
00101101011100
11100000111110
01010010100010
01111010101101
10110101110110
10111011101111
10001010011110
10111100101011
10010100101110
01010100011000
11101010111110
11111110011000
00100101111101
00011010001001
00110110110010
01111001101111
00011100110001
01011010100011
01111001111000
01100100001001
10010100100010
11100000000111
00100000010100
01000101110011
10100000010001
11000111011101
11001001101111
00001001000110
10000001100110
10001010111010
01101111010110
11000011111000
00110001011101
00101011010000
10101000001110
00000100101110
01011100100110
00111010110000
00000010100100
00011001100000
11101010101110
11011010111010
00110010100000
11100001011100
00000000011111
11100000111001
00111100111111
01101111011110
01110000101101
01101011111100
01010111101010
10111100011100
11110000111001
00010100110100
11111110001101
00001000001101
11100101001100
11100111100101
01000100111110
11100011011010
01110011110000
10100101101110
10101110000011
10100110010000
10001001000101
01001100110000
11100001000001
00001001001001
11010010111101
00100010111010
01101100001100
11001100000100
01011001100011
11110011000011
01100110111110
01110110100000
11001011111111
01001100111010
01111111010000
10001011011101
11100111110110
01111111111011
10001100110101
10000101011110
01110101110101
11100001010111
11001110011111
10100101111000
00111010001000
01110011000000
10001101010011
01010110111010
10111101111100
00101000011001
01010010110110
01100111100000
10010010110100
00010111000011
11011011011010
10110100001110
01011111111011
10100000001010
01111101000110
00001101101010
10100111001101
00011011001101
11001111010101
00001000101010
01011111110010
01111011010101
11111011000111
11011000110011
01110000010110
11010000111001
10100101110100
10000000111111
00011011010010
10101111111001
01001111111110
10001110101110
01001010110011
11000101000011
01101111101001
00100010010101
11111111001010
01001100111100
10101011000001
11001000011001
00001000101011
11111010101000
01101100111100
11110100100101
00111101111101
11100100011000
00011111100110
10101000000100
01111111001000
11011110110001
00001001110101
11110100000011
00000110101000
01001111100110
00011111000011
00011000010110
00111111010111
11001101111101
10101010111000
01000100100001
00111001100100
00110010010010
10101110100001
01001000001110
10110001110101
00011100111010
01111101100010
00010111101110
10101110110100
01110000111100
11001000110000
00001111011010
10010010100110
01011010011100
01001001011100
10000100001101
10110110110100
11010111000100
10001101101011
00111000000001
11101110000111
01100000001010
10110001111001
01000110100001
01101000010010
00110001111101
01101000101011
11000001010011
10110001010000
01010010111101
01010011010011
10100001000101
01010110000111
10000101000000
11111001101101
10111010001100
01111100111010
00110001010001
00110010110001
10001010110110
00110001000010
11011011101110
01011011110111
01111110011111
10001101101010
11111110000010
10101110000010
10111101010001
10111110111010
10101100010101
01110101001111
01100101011000
00110110111000
11010011101111
11001011001010
01110111010110
00100101010101
10110101111110
10001011010001
00100000101101
00101000110010
10110000011001
11001011011011
01011011001010
00101000011001
10111111101000
10111101001001
10010011101011
00100001011110
10101101100000
10100000010101
10110100111010
00110000001111
00010110110100
10010111101000
01010001110111
10000110010001
01001001000001
11111101001111
11101110011011
01001010001110
10011100001011
01011001100111
10100000000011
11110110111110
11110101100001
00110100000000
01001101100110
01010001100110
00100100110110
00000000000100
00110100111011
10001010010110
10111100101111
00010111100111
01101001010010
10100010110111
00100111110111
00001110011110
00101010011010
00001100001101
00101000110011
11010000101100
11001100110111
10111011000001
00000000100110
10011101001010
01100000000100
01010110001010
01001100101100
00010110110110
10110111011101
11101010101110
01001010000111
00000110111100
10100000110101
00111011100001
01101100101010
11000011011010
10010001111000
00100001011111
01011000011001
01111010010111
00001100111111
11011011001001
11011001011001
00001001111000
01110001011101
10101001010101
01001101100100
11111000011010
01110001100000
10001011001011
11010011111010
01110111010101
00011100001010
00101001110010
10001011000001
10010011110011
00101101101010
00101000000110
10001111111000
11101000001010
00011101001101
01110011001001
00010100101010
11011001110010
10010010000001
10011101011000
00100011010101
00001001101000
00011011101000
10101110000110
01010000010010
10011101100111
00000011101010
01100001110000
11110101110010
01110010000110
00011101001110
00110110010011
00101001001011
11010111011001
11100111101100
11011001101001
11111000011111
10111001110111
11100110100101
10110110101001
10110110100011
10000011010010
10110000010111
11000010101111
01111100101101
10100110011110
10101011000101
01001111101111
10111111010000
00100011100111
10111011101100
10111010000100
01100000100000
11101010001001
11101110100001
11100110011110
01110101011101
10100011000001
11000010011001
11110100010000
01100111011000
01001001011000
10010110000000
10111001101010
00000011111010
10111000000110
10111001101101
11000000010010
10010011101101
10111001110000
10010001100011
11000110011110
01000001101101
11111110100010
01110100100111
10000000101110
11000110000100
11011010001100
10011101110101
10111000010010
00100100101110
11100001001011
00000100010000
11111001111011
11001011011001
01101111000001
11101110111101
11001010001100
01000111111000
00010101101111
11111001000101
00000111011001
10001111011111
00101111101110
01110000010110
10001001110010
00101111101000
11111001101010
11101011001010
01011001111100
11110010010101
01010101000011
10111001101010
01011011110111
01010111011101
00001100010001
11001111101011
01101011111011
00110101110111
00111110000100
11101100111101
11110101100111
00000111001001
01001110101001
00000001111110
01001110010001
11011100111101
00110101011111
00100011101011
00100001111000
10010000001101
10010010111000
00110100011100
10111111111110
00101111010110
10101011101101
10011111101111
11101101110101
10111111111010
11001100101100
01011001101000
01000110101110
11011100110010
01010001000101
10000100100100
01000001010000
10101111101110
01011000110110
10001010010110
10110000011101
10101011101010
10010110001010
10001001010011
10001110011010
01001111110111
00100010011010
00010110100110
01100000101011
00110000001111
11011100101011
10101000100001
10000001101010
01001010010000
11001010100001
01010010110100
10111101111010
10010101101001
10010111000111
11101111010111
11000011110000
00010101101100
01110101111101
10000001101011
10111100000000
00101010110000
00110000110110
01110011000011
01110011101100
01111100011001
11100100100001
00011010100001
10110011101111
11001110111011
01001110101000
01001100011001
11100000110101
01101001100001
10001101001100
10100101010101
10001010010110
10111101000011
11110001001110
11001001010101
11000100110000
00010001011010
11101011010000
10010111000001
10001000111100
00111101000110
00110000001000
11100011011101
00110101100001
00001100011001
11100110010110
11000010111010
10011110010000
00010001000100
00011011111010
00110111010100
00001101011011
10111110000111
01010001110010
10001101011001
00101000100101
10001000010011
10010110000101
00000011011111
00011110101010
00001011100000
00101100110000
00010010000101
01010111111011
10000010110101
01110110000100
11100100110101
11000111010001
01111011000111
01001011101101
00001000000101
01110010100001
00101111110100
01100011101111
00101101000011
10110001110000
00111001100111
01100011010101
00100011011010
01111100110111
11011011110100
11001110000001
00100110100101
01000011111011
11110100001101
11010001011011
11011000010001
01101101010010
10010001011000
11001101011100
10100110101111
01000011000100
00000100011010
00101101000100
11000110000110
10000110110100
01000001101000
00110010100010
11101000001011
11111101110101
11100101001001
00100000101000
00101000110010
11010101001110
11011110110010
01000110010101
11100101010111
11010101001010
01100001000101
01000100001010
11110111100011
11011110010100
01101010000110
11111001111010
00111001101011
11111110101101
01111000000100
00011101111110
00011000101110
10100101000000
01010001010010
10011000111100
10110011110001
00010111010011
10100001011011
10110101001101
10110101010101
10110100011010
10111111010101
10101011111001
01010010001100
10100111110101
10000101100001
00011011101011
11010110111001
11000011011100
00111011011101
00110100011001
10010011000110
01110111010001
10100010100001
01010011101110
01101101010011
00000111001010
01001011100000
10001101000000
01111101001011
11000101100000
00010101000111
00000110110101
00111100100111
01001011101101
01111001010011
01101000001110
00101111000110
00011101011111
10111101110000
10001000110111
00010111111010
00011000011010
01001001110100
01110111110111
00110011110110
10011111111110
11011110110101
00100011111011
01111111010000
01110111101001
10000011101110
11110011010010
10010001111000
01110101101110
01100111101101
00010100100000
00100001111110
11100010101001
00010100100000
10001111000001
01001010111101
11010000110010
00010001110000
10111101010101
01101110000001
11001011000101
11101111111100
11110111111110
00110100010111
10011111101111
01000100101000
10010110110101
10011100001010
00101100110000
00101001000010
10110011010000
10001000101010
01000010001011
11010101111110
01010011101101
10100010000111
11011111000011
01001111000100
01111000101000
11001001111110
00010010010111
11010010011011
11001000111111
10011010010110
01010000100111
11111010110101
01100111100000
11110111000001
00010000000000
00000000110010
00000101011000
00100010100000
11100110110000
11110001010100
00010111111010
11111110111110
11010100111101
00011000101110
11100111111101
01010100110000
11010100100001
11110010111011
10111001000111
10011001101000
00001011000111
11101010110010
01000011001010
01010101111010
11011101100001
01001001010001
00110110011100
10110010100001
00101100010110
01001010101111
01011110000010
00101001011000
00011101100001
00100010001111
00000110001100
00011010111011
11011010110101
01010010100100
10111100100010
10110011100111
10011011100111
10001100010001
10010001101111
01010101101100
00011110111110
10100100000110
11001110100110
00110000100010
01111000110101
11101010010110
00010101111101
11101101001100
10101100110100
10111001101010
10101111110000
11111110001001
11111101010011
11010111111101
10001010100110
11110101100010
00010011000010
01100111001001
10111011001001
00111011010101
00101000001111
11010100011010
10101101110000
10101100110011
00111001011010
00010101001100
10110000110101
10111110111000
11011111110110
00000100100101
00101110110001
11111101111111
10101101001010
01001110000011
00001011010100
11101100001111
10011000001111
10001001110101
10011111011000
01011111011000
01011101010011
01110100001001
00101011101101
01000000101110
00101110001001
01110110001010
01000010011000
01000001100010
01100101000111
00110111100101
01000011010011
11000111011011
11010000111100
00101101110100
01110001001100
01110000000011
11101011100101
00001010111100
11110001001001
11000010001001
11110001110100
00011000111000
00010110001111
11110011110111
00011111010010
00110111001110
10101100100000
00000100101000
10001101111110
01110110001110
01011110101110
01001111000100
10001000010011
00110110001011
01101000000111
00100111011011
00101001101110
10111110111010
01010100110000
01011010111000
11101010001111
11011101100111
01001100111000
00010001111001
00110100010010
00010111101000
11001110111010
01011000000001
11100110111100
10000011001100
10011010100101
00111110111001
01000110110101
01001011100110
01010101111111
01001101100110
00111100000100
01011001001101
00010010101111
11100101001010
01110111111100
11011111000000
11011111011101
11111100100010
10001000100010
10100001001110
11011011010001
00011101011001
00111011100111
00110110101100
01110111110101
01101011111110
01000000110101
10100100011111
01110101110110
11011010011111
00011010101011
10000001000110
11011010110010
11101101001010
11001001001110
00100101101100
11110001001010
11111111111000
10101101111111
10111111110001
01110010111010
11000010001101
01011000100110
10011111010011
10010100100110
00000100101011
00000011111010
00111011011100
10110101100101
00001110001001
11010101101011
10000101100011
00100000100101
10100000001010
01100010010000
10011010111011
00001101111010
10111110101100
01001100100001
00011111110111
11110011110010
11010011110111
10100110100011
00001100011000
00001000110100
00110110111110
01001100110001
10000100100101
11010000101111
10011000111011
11100001001100
01110011111001
10000001111101
01110111010110
11100001110110
00010000001010
11110010111011
10000010110001
10111100010000
11111011001111
11011000100010
10011011110111
11001011101000
11100101110000
00110100000101
01001010000001
11011100110100
10010111100011
10010011100001
11101101110110
11000101001100
10011101101001
00011100010000
10111111010000
00101111000001
01011011000101
10101111110011
11100010110101
10111100011001
10000011111001
00000001001100
10010101111010
01100100011110
11111010101010
00101111000111
01111001000111
01000111001111
11100110100011
11110110001010
10010101001001
11010111100011
10011010000110
10111001100101
10100010110011
00011101010101
11100110110011
00101110100011
11110101101001
01000101001100
10100010100110
01110000111101
11110111110110
01100110000000
01101010100110
11001110010111
11001000000110
10000011011000
00010011101110
11110111100110
00001110110000
10100110100001
00011101011100
01010011100001
00001100011110
00101001101011
01001010000000
10001001100101
10001101111110
10000100001101
00011101110100
00100111001100
10001101001110
10110110001101
00010011110100
11011000111011
10100000001010
10110000001110
11100011110100
01111110011010
10101000101100
11110011001000
01110000111000
01101010111101
00101011110001
00010001110110
11010111011100
01101011000000
00100011010100
01001000000100
01010101001010
00111000010111
01111000110000
10111010110000
11000000011011
11100101010111
10110000110100
01010011011101
10001011000100
10010011001100
00001110110110
10001001111000
00100100011011
11101001011101
11100011101111
11100011000011
01000010100100
11010000010101
00111011011010
11010100010110
01110011110100
00010011111001
11110010011110
00011110011111
10101010010101
01001011100001
10000111011110
11110111000110
00000100100100
01000110110100
11010100001000
01100000001110
11001101000100
00010011110110
10011111010001
10110111100010
11010100111011
10101010111111
10110100001011
00001011001111
00011111110100
00010110010111
00110111010001
00111011001100
01011111001011
11100100011011
00111111001111
01100111001010
10011101000011
01100110101011
01000011101011
00011100100100
01000000001000
10010110011001
11001010101011
00111011011010
00001000111110
10111010000000
00010101110100
00111110111110
11101101101001
10000010110100
10000110011110
10111110100101
01111010001001
10101000101001
00001010110101
11100100110100
00011000001010
00011010001001
11101010011101
01011110100101
01010000111110
01011010000001
00010101101001
11001100001000
11111110001001
01111101100011
01110011001110
10101011000111
01101000000001
01110101001001
11000111110110
01000101101111
11110001000110
00001010111100
01100011010010
00101100110010
10010101001100
00001000101010
00111111111100
10010000000101
01100101110110
11001111101000
00101111111011
11100011001001
11101110000111
01000000110110
00111100100111
00000101000101
10101001111001
01111010100010
01110110000100
00000110001110
11001000001010
10111101111011
01010111001100
00000100011111
10101000010111
10011000000100
00111000110001
11010000001101
10000000110111
11010100111100
11000011010001
01100010010100
10010111100011
00001110011001
10101001000000
01100100111011
10101000001101
11101100100100
01110100010111
00010100001110
01110101100100
10001011110010
10010000001010
01001010110111
00001111110010
00101000111001
10010000011000
11011110101101
00101011001001
10100100011010
11011110001111
01111010000111
11100010101100
10110010100110
01110110100011
10011101110110
10100110111011
10010010101111
11110101010011
11000111101110
00101011110010
00011100010111
01101110111011
11001110000000
01000001001110
01010011000101
11101110010100
01000110111011
01100111111011
10010100110110
01100111111001
01100000010000
00011001101110
01010001011001
11111111101110
01100100110000
11011111111011
00111100111011
11010100001001
11111011000111
01111000100101
11100000001111
11000011111110
00111101110000
11111001110011
11100110011001
00111001011100
11011101010111
10000001111111
11010101010111
11101001011010
00100010010110
00001011010000
01101101101110
00101000001001
00011000101000
10101000001100
10100111111000
01111110010011
10110111000101
00011111010100
01000010001100
10111100010111
10001010000000
01110010101101
01101000100010
10000000101011
10011000101100
00000011110100
01011110001001
11100001101000
10111110101001
00011010011100
10000001101101
01100110001111
10001010111111
01000001101000
11101000000100
11010001010000
01100000001100
01110001100101
00010010000001
01111010110011
10110101000000
00100100110110
00101001110001
10011011000000
01010110011101
11110101011100
00010110011110
11110111101101
01111111000100
10110101101100
10110110100100
11010111011110
11101000101101
10001111011111
11111011010001
00001010110000
10011101011111
10010110101011
00100111011000
01110110001100
00010010000001
01011011000110
11101001000111
10100001001000
00011001010111
00111011110111
11100110110111
01001001110111
01001101110110
00101110000111
11010110101011
00000011010111
11101101011110
10011100101011
01000110000110
01000101111100
00010101000001
10011110101001
11110110110011
11101111001111
11000110001100
11100100100110
01000000110001
11111111100001
01111100110101
11011010100000
10101000000010
11110010010101
11101011100011
10000100010101
01001001111111
10110001101010
00000101011100
00110111111110
00100101001000
00101001000111
01100101001101
00011110101000
01010101001010
10011011111001
00000111001010
01000111100110
01100010110000
10001011011111
01010100101011
01110010110000
11110010111110
01000010100111
11001111111101
11010011011011
00010111011001
11101011001001
00010111000111
01000011111000
10101100000010
11011101111100
01101000100001
01001001010110
10011111011101
01011100100100
00011001101101
10011101111110
10001110000100
11111111110011
10101110111000
10000011000000
01101001100101
10101010100110
00001001101001
11100011011110
11110100110000
10000101010001
01100111100000
01010101110011
01000101100011
11010001001110
01111010110010
01000110101001
11001000111110
11110111011110
11000101000011
10000110010110
01001111111110
11011110001001
01011010100111
00101000101110
10000110100011
00100111100101
00101111111001
11101010100010
00011111000010
10010011110011
10100011110110
10000001111011
10001000000110
11000001001101
00110101110100
00110011001101
11101101100100
00000100111001
01001110011100
11110011111010
11110100100001
10111110001001
11101000110010
01000001101111
01010110111001
00001111001101
10110110001100
11100001110010
00010011000010
00000010110011
00101010110010
01011011110110
01100010110110
10111010000000
10111101101001
11100110110111
10111110010010
01100010101101
10110011010001
10011001011000
00101000000100
00111000111011
11101101001001
01010011101100
10111010101000
01110000110000
10110001001111
10000111110101
00100001101100
01100001011000
10100010000001
00001111010111
01100001010111
01101001011101
01110100101100
10011100111000
00010110110110
10000101100110
00000101100000
10011100011101
11000101010001
11011000000111
00100100010100
11010011000110
10010100110011
10101110110001
01010100001110
00100101001100
00000101010110
00001001000001
01100011011110
01001111110011
01100001011000
01111000101101
00011010000100
11100101010111
00101011001110
10010101110001
00001111111110
11110110110100
11010110111001
11000111001100
11101011111110
10000000100010
01001101110000
10010001010000
00101111101001
11100011010000
10101000111011
01001101010011
00111100100100
01010011111001
01010001110100
01111100101011
01110110000100
00111001010001
10100010100100
10010111001010
01110001010100
00001011011001
00101000111100
11011011010111
11010111001100
10000101010110
00111110000010
11000001110100
10001100100001
00100111110110
11001111000100
00100011111100
01100100110000
11011101001001
11110110110011
01001001111001
10110111000111
01110001100001
11100110000100
10010111011101
10100010100100
01101111001100
10001111101010
01110010100010
01001111111111
01110110100101
01101111111001
11010101110010
10111001100110
00000000000100
01111010110100
11001101001010
11011011001001
10110000011100
11000011011001
00001010101101
10001010111011
00011101110011
00000100011100
11011000001100
00011000011000
01011001010101
00001100100111
01101001010101
11100001100001
00011001000100
10101001011011
01011101000001
10001011110001
10100010001011
01110000101100
10011011111000
11111100001010
00000100101011
00000110011010
01010011000000
11100111100000
00100111011100
10000011110101
00011101111101
00010100001111
11110111111010
11111100111010
00010000000000
10000011110111
11000010111110
01110101110011
11000100100101
11000100100010
10100111000111
11100001111110
00110111111100
11000000000111
10101111111101
11011110100001
01001011101010
11110010001110
11100110010000
10110001110110
11110000000110
10110010000100
01111000011101
11000110000111
01111110010010
10111010010010
11111110000010
11111011100001
00100000100110
00001010001101
10111011101010
00001001011110
10111010101100
01001010100010
01111000100001
01100101100100
11101010101001
10110101101001
10010110011100
10011111110010
00000111010011
11001010001000
00101011000101
10000000000000
01101100110101
10100011001111
01100000001011
11010110111010
10011101100110
01000110000001
00111011000000
00110110010100
10010011010001
11101000101010
10011111101101
11011011101100
11110101010011
01100000110011
00110110000110
01110110010001
00000011000111
11110101111110
01001101100010
01111101100011
01011110100111
10001101111100
00001000100001
00101000011100
00001110100110
00110000011000
10011100110100
10100111111111
10000110011100
11111000111111
01000111001100
10111000110101
11111101011010
10110000011000
01101001101101
00100000110001
01101000100001
00101100000011
00000110111000
10100100000101
11111111000001
11001100001011
11010011010010
10011001110101
00010110111000
10011100000101
01001110011011
10000011001100
01101000111010
00110101110011
11101001101000
00100111100000
10100111001110
01110001110001
00001100111101
01001001011110
10000010100111
00110000100100
00110100011110
01010001010100
11101001000001
00110000101000
00100100110110
11110111101101
10101011101110
10110110010011
10001000111101
10000110111011
11110110110010
10100000101101
11011010111100
10111011001100
10011001011111
11100111010010
01001000101101
11110011001001
00001100101000
10011100011100
11011110111010
11011000110101
01100101001010
00011101110110
01000011111100
01110111011001
11011001101100
00001011001110
10001110110110
00011010100101
01111110101010
00110110111101
00101001011000
11001001110110
11001111011010
01010001100100
11110011011100
01101110100111
01101010111010
01110110010011
11101000111110
11111110011111
11110000111011
00010110110010
11010111010100
00101100010110
10000111011111
11010101001110
00010001111111
01101000101011
01110001100011
00110101100011
10110101100100
00000110101011
00110000101011
10001011001011
11110100110011
10111111010100
11010100111111
01110000011100
11100101010101
10100100001000
11101100010110
11010110101011
01000111000110
01010111010100
10111111001100
01110010111011
00010110011011
00110001111100
00111100011101
01110001001011
10101110100110
11010111101000
10101001001111
00000111100000
01010000110100
00100010001100
10011110011100
11111001001000
00000101110010
01110100010101
01111101110010
11111110000011
01101111011010
10001111101111
10100101110110
00011000011111
10001100111010
11111110010111
11011111100000
10100111010011
11111010010011
11010110110010
00011011101001
10001011000010
11101001010011
11111111100100
01101001011101
01011111010111
11110001011100
00001111110010
10000111101000
00011111011111
00100011111000
01100010010100
11010001100110
11001110100000
01100001111111
01111011010001
10000100010000
00110011111011
01101000011100
00100001001011
11100010000100
10110111000100
10101000100011
01000000110000
01011110100101
00000000000001
10100000011011
11111101011000
11101101101111
11011111010101
11110100011110
11010110101011
11110011101100
11000011111100
00011010111100
01111001111111
01100000110011
10011110100011
11001000110000
10011100010101
11100101010101
11111100000101
01110111100001
01010101011011
11110101101011
01010111011010
10101001010101
00110000111001
11101011110100
01111100111101
11000111001101
10011011010010
01100111111111
10000001001001
00110000110001
10100000000101
01000110100111
01011000010111
11010001110100
01111010001111
11001011010010
01011110000111
11000110100000
00110001011000
01110011000100
11001100110100
11011111010111
10100111010100
01001100010000
00011010000100
01111101001100
11010000110101
10010011011110
11011010101011
10100100110011
00111011001110
10000010000010
00101101101110
00101100000011
10000011010000
10100011101100
10001001100111
10101000010001
11010000100100
01001001010101
00010110111110
00110111001000
10000010111111
00010010010011
01101111111100
00111010001010
10101010101001
00101100011110
11000010100011
10010001011110
00110101111011
00001100000111
11011110100010
10110111000110
10111001110011
01010010101110
10101010011010
10000010000000
11110101110011
00100100000100
10001011111111
11000101111001
01011010101001
11011001010011
11000101111111
10101101100000
10001011011010
11101001100010
00110011100010
00000001101001
00000101001010
01000100111011
01001110001111
10000111101010
01011000101011
11010000001100
01110100110001
10001000001011
10001111000100
10011001100111
01000111111011
00011011110010
11110110011100
10111011001001
01111110000110
11001001101111
00001111011100
00001101101101
11010011110111
10010001011000
00101000011110
10001111010111
10110011010101
01000110001000
10101000111010
01111111011010
01011011001100
00000011000101
10110000010000
11010011000000
10001010001101
00100111001010
00011000000100
01111111101000
01100001111000
00010100001000
01111011101001
10101101011010
01001001111011
00101101010100
10011000011100
11000000000011
01101000001001
00101101000001
11011001110010
01011110001000
01101111110110
11000011001010
10001010010010
11000000010101
11011010101001
01100110110101
01000100010111
01110010101011
00111101010111
01011001101100
11010100101101
01111110010011
10101101011110
00100110110010
10111110101010
10101010011000
11000110010101
00111111101000
00111100100100
01111010111110
10001001001001
01011100010000
10111111100001
01010001000011
00010001101000
01000010111011
00011011110001
10000110100011
01000100100010
11000000110110
00100100001111
00010100100010
00110110101001
01111000010100
00010100110110
10010010000101
00001101110001
00001001100111
11011010111001
10101010011011
10111000100101
10011110110000
10111110000000
11100111110101
00010001010101
00001111001110
11001001101110
10000001001011
00101001111100
01001010011010
11011100001110
01100011111011
10010001010011
00100011101001
00000010100010
10110101110001
10101010000010
00110010001100
01110010010010
11000000010010
11111110110110
01100000000101
01100011010001
10001001100111
11111010010000
00001101111110
11010010011100
10110111011101
00001110111101
01101011110110
10111001010000
11010011001111
10111011100000
01010011101111
01100011101101
01100110100110
00010011101111
11001111010000
11111110001011
11101011001001
01001001111110
11111001100111
11011000100000
01101101001111
00001001010100
00001011111000
10010011111110
11010110000111
01111000011101
01100100010101
10010111000010
01010000001100
11110100101010
10101100010101
11101101001101
11010101101011
10101110101001
01000000110100
00100010100011
10010000010011
10000000101100
01110010011010
01010010011011
01011010111100
10010101100110
00111011101111
11101011111011
00000011100010
10101001101000
01100101011111
10000111010101
10011010111101
10100111100110
10010100111001
11100010010010
01011010000101
01000001111010
00110000000110
11000010111101
11000111001010
00000100111000
10010111000110
10101101111111
01101011010111
10100100110110
11101001010100
00111101111110
01011011100011
01101000011001
10001001000101
11100100100010
10011101010011
00001011001110
00000110100110
01000101001011
10000101000111
01010111111000
10101111011011
00010111101000
01001011011011
11101010010110
01111101011110
01011101110010
00100011101011
10111101000110
00110100011000
11001111111001
01111011000001
00110011111111
10111011100011
11000010011110
11110111011101
00101000110110
11010011001001
11101001100100
00000111110101
01001110001000
00100111111010
00101001001010
00110000001100
11111011011110
11011100000100
01010001000111
11011100010001
01001001011111
00001111001010
11001001011010
10000000100110
10111001101110
11111101000000
00111111110110
01100001001101
01100000010001
10101111100110
11100101000100
11011101111100
11110001111100
10110100111001
01000110011101
10101011100011
01011010101110
01111000001001
11001110011001
01110010110111
11011001000011
01011001011000
01011010110011
01100111100000
10011111001101
00111100010011
01001000101111
10110111110110
10010100110110
00010101110011
01000010101001
01100101110011
00001010011010
11001101111001
01001010010011
10011010010110
11101011100101
01011100010000
01010110000101
00001111100010
00001101101010
10101000001100
11100011001101
10010111101100
00101011111000
11001100110110
00011101111111
01000101110111
11100100010011
11111010110101
01010011111110
00111101001011
00111011111001
01000000100100
10101101001110
11101010000111
10100000010100
01110101110001
10111010100010
00111100010010
11011111101000
10001011000010
01011001001001
10110000011000
00011010000101
01101001001100
00110011011001
01100100111000
11100101010101
01011100010110
00011001111111
01000010011111
00100110000011
00001111010010
11011110111000
00001010010101
00010100010110
00011110011110
11011111111011
11010101001111
00110100111010
11011110110100
11100110101011
00011011001111
10011100000100
00011000111001
00100010111100
00001000011010
11110100111011
11101100100100
10000100110000
00101111101010
00100111111111
11001001111101
10100111100111
10001101111110
01111110100101
00001111001010
01101000110111
11001010100001
10010010111111
11011100111010
01100111000000
01110101010101
01011101001111
00000101111100
10011111000011
10101101011011
11101011101011
10101010010100
10000001100101
11101100110110
11110011111100
01010111011001
01011010100011
01010000101011
00111111001011
01001111001010
01000000111001
10110000001100
01110001011110
01100001110100
01011011101001
01011100101101
11110001100110
10001010111011
11110001001011
01000011110000
01110011111011
00111110000101
11000011101110
01001100011110
00001101010001
11001010101001
10111011110001
11011010111100
10010010110010
00010111101101
00100101000110
11010011111000
10110111110010
00010011101001
00101101010100
11100101011101
11000101010100
01001011111010
00000001010111
11001010110011
10010010110111
11010010010010
01101011101000
01000111111110
00111101001101
11011111101011
00110011011100
01001011000000
10001110000010
10001101001011
10111111000011
11011100110010
10001000101011
01101111110101
01100110100011
00001101001111
11010001011111
00111110111000
01010111001000
10100010011000
11010110001010
10001101101000
00001100101101
01110101001111
00111001111000
10111000111100
01010101100101
11010100000000
10011100011101
00101001010010
00011111110000
00110100010000
11101110101000
11000001111000
00011010000111
01100101010111
10001011000100
00100010000101
01101000010000
11100101000001
10111001001111
01011001000111
10001100111001
00111000100101
00001101111101
00000011100100
10000001111101
10111100111111
10110110111100
11011010101100
10011000010101
00110111010000
11100111010001
11000010111110
11111000001011
00000101100111
11011000101110
01101010000100
11101001101000
11100000100011
10111110101010
10010010110100
11110010010101
00010001001010
11010110110101
11100001001101
11011011100100
00011001001111
10100100001010
10001100111000
11000110111110
10001100101111
01110110010111
00110011101110
11111110110001
10100101110011
00010110001110
11110001101001
00001000101001
11100010011011
11000110111110
11100001011001
01010010001100
10111011001100
01011001101001
10100111000011
10010000111100
11000100011101
00111001011110
10100101111101
01011111001001
00110000100110
01001011101010
10111010110010
00110100011110
01010111011101
01101101010101
10111011101110
11111010101010
00101001110001
01000011000011
00000011110111
11010101000100
10000101101001
10010001010100
01001111001010
11011100100011
01100110001101
01111000111000
10111111011101
00000101111000
00111101111110
00111111001010
01100011000011
11011001011100
01100011001101
01110011111111
00001101000101
10101110000011
00101110110010
10110110001000
10011101011110
11101011111000
11101010110010
00101101110011
10011011010001
00001111100011
01001010100011
01010010100101
01100000100010
10010000111110
11001100101011
10010110110100
01101100100000
00101010101010
00101010011111
01011111010000
10100010001100
10111110111010
00111101000010
01111111110100
10010001100010
10100100101010
10110011001101
11100000111101
10111101100001
00101100101110
10010011000011
00101111000001
00010011111001
01001101111100
10000100011111
11110111101000
11010100100000
00010101001010
10110101000111
10100000000001
11010110110111
01000100111100
01101000110110
00110110011001
10011000101001
01100000101101
10111011101010
11001110111110
10110000010001
11011010110101
10011101100011
00010001010101
00011101101101
01001011110011
01100011100111
10001010101100
10000011100110
00000001000101
11011101001011
00101001110010
11000001111100
11110111011101
00011110000110
00111011000001
11110010000101
11011110101110
10110110010111
10011110111000
00010101110110
11011100111011
10110111010010
01100000010011
00010110000000
01110101110100
01000111011111
01111000111011
11000111111011
00011001011110
01010110010111
11001110000110
00101110101000
00000000010000
10101110000110
00100111111001
10111101110011
11001011111011
00011100010100
00010000001110
11000100000101
00001110001011
11011110110010
11100110010011
00011101011011
11101001010101
00110100101110
00100001011001
11000111110000
10010011001100
01100101010011
10101100101000
01010000100101
11110000000101
01010000100001
00111011100110
11100001100000
11110010110011
11110010011101
11100100101011
10111111001000
00110001001110
01010111101110
11000011011000
11001111100000
11011111100111
00011100000100
00110000100011
01010100011000
11110110110101
10000101010101
11010101010111
11000111001101
10100001010101
11000000010010
00011000111110
00100111010010
01110010101100
10000100100000
11110011101000
10110100110111
00000010001010
10000100001010
01010011110001
11000001010111
00000000000001
00110001000000
01001010000001
00101001001001
10001110000100
11011100110100
10001011010100
00101101011000
00111000100111
11000000101000
01011111001110
00110111111100
10011000001110
00011111100011
10111001100011
11000000000110
11001110101110
10111010101110
10100001011000
10011000110101
00000110101011
11100101110111
00001011000110
11001100110100
11001110010001
00100011110010
10000010111110
10011010111010
11111110000011
00010101000111
10000001101111
00101110101110
01000101010011
10110111101111
11000101100110
00000100110110
11111110111011
11111011101101
11101011010110
01010110010001
00110100111110
10010011000110
01101010001111
11110000111011
11100101011100
11100001001111
10110001111111
01001111111110
10110011010011
10100111000001
11011010001111
01100011011000
10111000001001
10100100001110
10000010001111
00101110101101
10010001011101
01010111000110
10100100011100
10110111001100
01000111101101
01000000111101
11111110010111
01001010111001
01000010110111
11100001110011
11000110011110
00000100011110
11101000010100
11011111010011
01001111010010
01100011101110
11110100100110
00111100001110
11000101000011
01011000111100
00011101000000
10100101011010
00111000101000
11010001101000
01001100111100
10010100111001
11001001001000
00000010110000
11101100010010
01110101000101
01110111110110
10010000110000
01010010111111
10111100111101
00100100110111
01101000101000
11100010110100
01011110101010
00100001010011
01000011110001
00101010010100
01010011001111
11010001010100
01100011100101
00110110011010
01111001000111
11110010011011
10010110001101
11111010010010
11010010101110
11000011011000
00000000111000
10011000101110
00100001101101
00101010000011
10101110101110
11001100011110
01010101000110
00110010010000
11001000001011
00101110111100
11110011001000
11001000110010
01111100110101
00011100010111
11011001100010
00100100100101
01110001100100
00011001001001
11110000100111
11010111011100
01101110001001
00101100010000
10101100100010
11111101101001
01110011001111
10111010001011
10111010101111
10100011110010
11001111111011
10010011100010
11010110111000
01011010011001
00000110111110
11100011100010
00101010001000
00000000010101
00000101001011
11110100110100
10001101001011
00100001100010
01111100000001
01000010111101
11001000001011
11101001111101
00111111000111
01111111001000
10000111000011
11000011111001
00010010100011
00110110100011
10010100001101
11111011001110
11001000000111
11100100010011
11010001100110
01000010000001
00011010101100
00010101000000
00010110100001
10001010111011
01111100101011
01010100101000
10000101101111
01101100100110
10101011111100
11011101101000
11010101111101
01011101110110
00010000000101
01001010000010
10011110001011
10011011000010
11110110110000
11001100000001
00100011110110
10100001010000
10111110110001
01110101101011
01100010011010
11010010010011
11110100000101
11011000101100
11110100011111
01101000010011
11111000100010
00111001010000
10110011100000
01000010101111
11101011111000
11010010110000
01110111100101
00011001100000
00111111010001
11000010010100
11110000110000
01000001111110
10101011100000
11101000001010
11000010100001
10100000000000
01011111100111
01110000011010
11110011111100
01100111001011
10011010001100
11001011101000
11100111001110
10010001011011
10010110111100
10110100100100
10000110111010
00011100110000
01100101110000
10000001111101
00001011110100
11011001011100
11101000001101
00010101101000
11101110110100
01100001000010
10001010100000
10101001110001
00111011011001
01001000101010
10010011010010
01100010110010
10011100010101
01011000000111
01000000111011
00101001110011
10110011110111
10111101101010
10111011011000
10011001010110
01011010100000
11110000111001
01001011001100
10010011101001
11111100000000
11101101110110
10100110011100
00011000000111
01110100111001
11001010011101
01111100100111
00000100100011
10111010011011
01010110111111
11111001000010
11011111000001
00011011000100
00010110010011
00100010011011
01000010111010
01100111000110
00001110000101
01000101110010
00001000001001
00000001000000
01000001011001
11100000100100
10100100011000
01110011101001
01010000011101
01001011111100
00011101101111
10001110000010
10110001000011
10001100111101
00110011010011
11111001100110
00110010011101
11000011010100
00011110000101
01001100111111
11011001001100
01101100010111
10111010011100
01001011100011
00100010111110
01101011111001
00111001000111
01100100011101
00110110000111
10001111111101
11100110011010
00000100010101
01110100011000
11110011011100
10001000110110
11001101101010
01010011100001
01110111100100
01001100000010
11010001100001
11110000001001
01000100001000
11001001101101
10111011101001
10100011000100
00010111000000
10010110110011
10001100111111
10111000000000
10000011100100
01001111100100
01001111010011
01010100100010
01100011110001
10011001011110
10011110010100
11101100011110
11001001011001
10011000000001
10100000011000
00000011111111
01100011101111
11000111010101
00011001110000
01011010010111
10010100110111
10010111101001
00001011000000
00011100000010
00101010000100
01110110100001
01010011000111
00110010010110
01000000110000
01001100011001
00111010110001
10001111110111
01111001000011
01100110111010
00111011110011
10110001011110
11011101100100
01100110101110
11000010000100
00101101111100
00011101010001
10011001111101
10010101001100
01010100011000
10001110101011
00110001111001
10010111010110
10000011111001
10110011010110
10011100101001
01001110000101
01010011100001
10100111010000
11001000111011
11101110000001
11111000011001
01101001111111
10001101001000
00001100111110
10101111001101
11000101010110
00010101111111
10011011111101
10011011110100
00100110010000
00010101000001
10010011111010
10000001010100
00001000101011
00001111110100
11110010011111
11001011000101
00001110100101
10110100100111
10111111011101
00101000111101
11101000111011
01101100101100
10111001010111
10100011011101
11101000000000
10010101100010
11000110001000
00001111011110
00110010000101
00011110001010
11111100000011
01000101111101
01000001000110
10001111100110
01110101010001
10111111100010
00001111101101
10111010100110
10111001100010
00001011100001
10110001101100
11100101111001
01011111111011
11010011111010
10010111101100
10010110100110
10110111110100
10010011111000
11001101111010
10010001101111
11111000101001
10010111110000
00010011100101
10110100101100
10001101011101
00100101101011
10101101111010
00101000101010
11011100000100
10001111110101
11001000010010
10000100101111
11100001010110
01000010111010
11011110110001
00010001010111
10000000101100
00110000001111
01111010010111
10010011011101
00011000101000
00110010110001
01110110111000
11011111010001
11000111100100
00000100010110
10101100001100
10001101100001
00011101000000
10010000010001
10001000001111
10101110101100
00000010000011
01011101110001
10101011110101
11101101110010
01100011111100
00001101110110
01011100000110
01101010111100
11011001101000
10000110101101
00110000001010
10101111101000
10100110010101
11001101011000
00101101111101
10110110011000
01000101100100
01101110111011
01001011000010
10010010111101
00010101001111
11101101000010
11000000101010
10000100011010
01001011011100
00011101101101
11010010010000
00100110010001
10111101110001
01000001110001
11110111100110
01110100110111
11001001000110
10100011101100
01010111011110
01100101001010
10000011000011
10100101001011
00110000011101
01110000011101
11011101101111
10001110100000
01110011111011
00110111011000
00110100101110
10000100101001
10101110010001
00000101001111
01001011100000
10100000000001
10001010010101
11001011010101
10000000100010
01100000000100
01111001111001
01001001001110
10101001010000
00000110001101
01111101011111
01010000100000
11100010000100
01101001011110
10010100001000
10110100111010
01100000100100
00100101110011
01111111010010
11001101101001
00110011101011
11110011001101
01101001010001
01101001000110
01010001010111
00101000010011
10100100110110
11100001000011
10111111000110
10001101101010
10111111101100
11010100110000
10111111100111
11000101000010
11100010000100
10001101010001
10000010100001
10010011110101
11111000010111
11011100110110
00101101001010
11000110100110
01101000010111
01010000101100
11100001000001
11111011011101
10000001011000
11000101001110
10011110100111
10001111011101
11111100000011
10010101011110
11101110001101
01100000010111
01111100100000
11010101111111
11111001100011
11100100100100
11010111111100
11001100001011
11001010000000
01001010101110
10111110110000
01111001101111
10010000010110
00000001110011
10110000111101
01010111110110
00010011101110
00100001110100
11100100110000
01100101111010
10111100101001
11110001000111
11011010001000
01001101111000
01111100101001
11010100000101
11011100100111
11001110001100
10010011011101
11100000101000
11110110100001
10111011000000
00000101011110
00001011111000
11001111000001
01110101111110
01110101110000
01111010111110
01010000111000
10101100010100
01000110111110
11101111100010
11111100011010
10111010100000
00000000100111
00110001100101
01001000010110
11001100100011
00001011101110
01111000110011
01001001010001
00000110110101
01010100100111
10100111000011
00011110111100
00101100000001
01111101001100
00000000010011
00101011100011
10110110100111
10111100100001
11111110111010
11011001011101
00001001111110
00100000011110
11000001000011
01010101101000
00101101001001
00011101101001
11000100000010
00100000101000
00010101110100
00011101011110
10100111100000
00111101101100
00010101001101
00101010101000
01010101000100
10011101111101
00110011110101
01101110111011
10000110101000
01001011000000
01110001110100
01011101100101
00110000101110
10011111000001
01100100100001
11011011000011
01101011111011
01111101001110
10110000110111
00100100010011
00000111101000
00100010000000
11001100000110
10001010110111
00110010111110
11000001011010
00011011101011
10100100000110
00011110010001
00101000101000
01011000001101
00100010110101
10000010100010
01011010110101
11010010001111
11100101000000
00110001010001
00001001110111
10011100100001
00001001111001
01111001110110
00011100110101
11010000000011
01101000111111
01111000110001
01111101010001
01011010001001
11110101001000
00100010100011
10011000010001
00001010011100
01001000010110
10101000010101
11000101110101
01010111000101
11000110100111
11000101010101
00100110000011
10000011110111
01000000000010
11001101101110
01100010011111
01110101000011
11101000010101
10001010000011
00001101001010
11100101000010
00011001000000
00101101011101
00011000010101
00111001000000
00011110111110
10000110010100
11111110011110
11001011000011
01101110000111
11010110001111
01000010101110
11110000000101
01100110110011
10100110110001
00010100100000
00001001101000
01001101000011
00101000001101
10100111001001
10010010010101
01111101101010
10111110101011
00011101010100
01011100010010
00101010110100
11011110101100
01111001000001
11100011000011
11101011000111
00111001100000
01001011111010
10110110010010
00101010110001
00100100011100
11100111010000
01000011010101
01000000000110
10010111001000
00011100101010
10100000111101
01001010011100
10100110111101
10000011011100
10110111111110
00010111110100
01010010011111
10101101001001
10010011000011
01110000100110
11011000001111
00111111010010
11011101001001
01011111101001
11101111111101
10110011110101
01000101010101
01110101100001
01101100101111
11011101100000
11101000111111
10010100000110
10101100110001
01111000110011
11110111110000
00101010010011
00111111100100
00111001011010
11001001110110
11011011100100
10000010100011
01000111110010
00111101011110
01101111101100
01111111100010
11001110101001
00001101010010
00000000101011
01100010100011
11010010111111
11011010000100
00010000001000
01110011010111
11011011101110
01000010111111
01010110001011
01000100100001
00110000101100
10101111100001
11010001000111
11110011010110
01111100000110
01000111111110
10100001111001
01010011001110
10111101111100
01111010001000
00001010100110
10011100100101
10011010111111
10100010101101
11100010110011
11101010101010
01000110010110
00101000000011
00110010110001
01101110000000
10011100000001
01000111110110
00100100100110
10000100010101
00110000000101
11000001010101
01001000100001
00101111111110
10000100110111
11111011110101
01001001110010
00010010110010
11010000101010
11000011110011
11110011100001
10110100100011
00110110000001
10101110011101
10000110011001
01100110101011
00100100000010
01100100011011
10111100100001
11101000001001
11011000010001
10010101011100
11101111100000
11001001101110
00011101010110
10011111010110
00010010011101
01101110101001
00001110010011
10011111001011
10101000110010
01110001111111
00101101010100
10011000000000
01011011000100
11101100011000
10000111101100
00001101001110
01000000100101
01101100010010
11110010000110
01011010001000
11000011000010
11110001010010
01010001110110
01001011101110
11110010100000
11010110100110
10001111010000
11011110100011
01100111111011
01010000000001
00100010000110
01010001000000
10000110000110
10011100101110
11101010001011
11111001111100
11001010001000
10010110101011
00010000110110
01011111100001
01011110000111
00110010000010
10010000001000
11011011101010
01101111111011
11101011101001
10110001111001
00010010011100
11111011000110
10001000101011
11101110010001
01100000001111
10101111110111
00100100011101
00101000001110
01000010001000
00000011001110
01100010011100
10010010111000
01101111110000
10110011100101
11011011101111
11010001000110
00110011010110
10011001011110
01001000100011
10010011110100
00111011000101
10110100011010
00010011101101
00100010110000
10011111010111
00010101000010
00001100011000
11110100101110
10111001110010
10111100111110
11101100100001
11011010000000
11001001110011
10111010001110
01000000101100
01000010000110
10000111010110
10011000111011
01011000110110
00100011011001
10001011011010
01101100110111
10100001010011
10000100100111
01111110010100
00001011111100
11111100100011
11000010000000
00001000101001
00001011100001
00000110001011
01100100110101
00000000100001
11001101110001
00110001111011
10101011100000
11000001011101
01010010000111
11101101001110
00011100010001
10000001101100
11001010101100
01110011110000
10001010110001
01011001110010
01001001001111
00010000000001
00111100111000
01010000100000
11001101111101
11000011100111
01000101101011
00111110011010
00110011100001
00000110111100
01100111011100
01101101001001
10000010011110
11101110110100
01010111000010
10011100010100
00011010100011
11110010100111
10111101011011
01000100101010
01010000010101
00110000110100
01110001000001
00110010010111
00111011101011
00011010011100
10000110101000
10111110011110
10000000110011
11001111111011
01000011101000
00001000000100
11000010001100
10101111111111
00111111111000
11101010010011
11110110010010
10100100111001
01101001011111
00111001011010
10001101010111
11101111001101
00010010100011
00011000000000
11000011100111
00110010001011
01010010011001
00000101000100
10101110110101
11001010100101
01010111000010
10010100001000
11101110001100
11001101011111
11000111111111
10110000101000
01110010000011
01110111110011
10011101100111
01000110000100
10110101110100
11101010101011
00101101010101
10001011110101
10001100111101
01101000101000
10010101001111
11100111011111
00111100101110
00001111100100
10000100100000
01100101001111
01000000111110
10001110100000
01111001001110
10110001101010
00001110101010
11001010000001
00010001110000
01001000100001
11110011100100
10010110111100
10011011100010
11111111110011
10011110000100
10011000111111
00011001001011
11111110000100
10001010000101
10101010001110
10100111010101
10101000100110
00101000001001
10110011110001
01110101000010
10110100101010
01111000111010
00101001000000
11001000111110
00010000100001
11111100000101
00000000110010
00110010010101
01010010011101
10010110011001
00001011010001
10110101010110
00010100001000
11110011011111
10010010001101
11100000011000
01111101011010
00011011000100
00001000110010
10010010010001
00111111001100
00011011110110
10001011011010
10011010010111
00010001110000
11110011011110
00001011110001
00110001010001
01111110110100
01001110111100
11111001001010
01000100111100
10101001100100
01110111011001
11010000001100
01001110010010
00000100111001
00110001111011
01001100011111
10010010100110
01111100010100
00110001101100
00010001100110
10110011000111
01010101111110
11111010010100
10111101110000
01110100011001
00000010010010
00110001111100
11100011101101
01010010000101
01001110011111
01010100111111
01110100011111
11000000111110
11000000001100
11000110000111
10110101001011
11100101101100
10000001010111
00010101010111
10001001111001
00001010000000
00100011111101
01001111111011
11100011100010
10110110000001
01001001000100
01100101101001
10010000000001
01110011101000
11011111000110
11110110011101
01000010010111
01101110100000
10000110011000
01111000110110
10000010101011
01100010000100
11000010101111
10011100100101
10101110110100
11111000010110
11001111100111
01101110001010
11101001100000
01111011010101
10000000011000
11101101011101
00100011010011
11101111111100
10010000001101
01011000011110
01011011001001
10011001011111
10101010011000
01010101110110
11000110101111
00000100100010
11011001010001
00010000101000
00100100101000
00101000110011
11010100100100
11101101010000
00100011101101
10110001000110
11001011100001
10100110100001
10000000011111
10010000100111
11010110011010
10101000101111
11100111100100
00011000011001
00011110000101
00000101011011
00001111111110
00001111111010
11011101110000
10001100100011
11111111001000
00011010110000
01000101001100
00010001011000
11001001011111
00000111111011
10111000110001
00011001011010
11101100011011
01100000000111
00000100001011
11100011001100
01110001110111
01010011110110
11011111101010
00100000000110
10011011100001
00011000001110
00100111001111
10001001001110
01001001111101
10101110010011
11010001011100
01101111010111
10010110011101
01110010111100
00111010010101
10011110111001
00101001011001
11101000100111
11000111100001
11010101001001
01001111110110
00000100000111
10100100110111
00000101011101
00011000100111
10000101101110
10010111111011
10011101011001
10011101110010
10010001001010
10100000010001
11101110001001
01101011101001
11010010010000
10001010011111
11010101001100
01110000100001
11010111001110
00111101100101
00101000001100
01001000100011
11011110110110
11101110100101
01010110111100
00010100010101
10110000100101
11101000111001
01111001000000
10100101011010
10110011001110
01110010110001
11011110011100
10111010011110
10001000010011
00001110110111
01000010110011
01000001011001
11101100100011
10111011010000
10000111110101
11100110110010
01011101101001
11110010010110
11100000111101
01001011100010
00111100110100
11001101000110
00101100011111
11110100110011
10000010111001
10100111011001
01010101110110
11111110011001
10100101001110
11110000100101
01110111101110
11010100101000
01100001010010
01110100000010
11100110000110
01111110010001
11011010001101
00011001011101
01010000001101
10001001101011
10011110000010
11001110011100
00101110111000
10011111011100
10011111100011
11111101000001
10100100001010
01001110001110
11100000000100
00000011001110
10011110111000
01101010001100
00100111100001
10010010110100
10001000110101
00111110010011
01110111101101
11000010111001
10011001111111
00110110000101
11100000110001
11011000110101
10110111000011
10010110001110
00011110000001
10011101100111
00010001001001
01100101000001
01001010010000
00101110001010
00011000010010
01000000010011
11000101101111
01001110001001
11110101111011
00000000110010
01110000101111
00110100111101
10010000001100
10100000010111
11101001000001
11111000100110
10000001100010
00101100010011
11110100001011
11101000101110
10100101100000
00110101010110
00000000110000
00110111101111
01000000000110
11111001010010
00111111011001
01011011010111
10110110101110
10111100011000
01100000001111
11000101111110
01111110111011
00100110000111
10111110000100
00011110010011
10111101010100
00001000010011
11100110101001
11111010101111
11111101010111
01000001111010
00100110110010
11111010111011
01001110010011
01000100110100
11011101000000
10111001100010
11100010101000
10110110001110
01001000100101
11000101001101
10110011101010
11101100001010
11001011101100
11011000010100
10000010111010
00111011100011
00100010110001
01100000111000
11101110001010
11001011000011
01100111010100
10100010100000
10001110101101
00110100101010
01110010011111
01011001010101
10010100010100
11101011001110
10000010001111
01011011101011
11110010001000
00000101010100
10010001100000
10010101111101
01000100101110
10000111101001
11000100011011
01101010100110
10011011010000
11100011000100
10100001010110
01011001100110
10001100001101
01101110111110
11100110110100
00011111000101
11010100001011
10000010100100
10100000101101
00010100110001
11000010100100
01111001101001
11110101100111
11100000101011
10100111001111
00101010111010
10011011100110
00011000000100
01111001000101
10011011011001
11000011100111
01010100110110
11000101110101
11001101110100
01001110001111
01001101111110
10011100010000
01000000001111
10110111101100
01110000010111
11001111011100
11100001001000
10110000010010
00001011011010
10011000100011
10110001111010
11011110111000
00001111001101
01011001101001
01010001000001
11110100001101
00010011001110
10110111010001
00111111000110
10000101110100
00111101011010
01110001101000
11011010111001
10110111110100
11011101110111
00110011010001
10011100100010
10011111100100
00000110101100
00111100010111
01011011001001
10110100111001
10000110001110
11101010101101
11110011110010
00001101011010
11100011100101
00011000110110
11100000001011
10111001100011
00110100111110
10110011011111
00101101001010
00001011101001
01101001001010
11100000100000
01010110101101
01101110100001
00001001011111
00001111101011
10100001100111
10101111101111
11101110100011
11111001101001
10111000110000
11000011100101
01101000111111
11111011101111
11000110011100
11110000011101
00100001111000
01110101100110
10111100000011
00000110111101
00100100100101
01011001001000
01111010011101
01010000110001
00101010111000
11000100000011
00111000010010
01001011111011
00011111111110
10110000111001
01001010000101
11010010110100
00101000000001
11100101101001
11000010111111
11000100101100
00111000000011
10101110010101
01001010010110
11100100110110
10100001011010
10110011000100
01100101101000
01001001011100
00000100101100
01000010100101
01001001011010
10101000001100
11110111111000
00100100110010
11100000100100
01000011110101
00000100011011
10111001010101
00101010100111
00100111011000
11100000110000
11100101000010
11010010110110
11101111001001
10110000001000
11010101011101
00011101001000
01100101010110
10111100011111
11101100111000
00100001001110
00110111001111
01010100101110
00110100111100
00100010000010
10000010100111
11010101011000
01111111000011
00111000101110
00100011000111
01101101001111
01010111001001
11001110001010
00110000100011
00111110100101
11011101011011
11100010011111
11001010011010
10101011100111
01111100101101
00101110000110
00010000011010
00100011000110
11001011110010
01011110110110
00101110011101
00010001111001
00110010011011
01101111101101
10101000011101
01000101101000
10100111101100
01101001000001
11110000010101
01111010100001
11101000110011
10001010110010
01000001010010
00111111001111
11101000001000
11001010011111
01010011101011
11101100110011
10110101000000
00110101001111
01011100110111
11110010000010
11000001110111
01001101011101
11001100110100
10110000110010
00100100011101
01100000000010
10001100001000
00100100111100
00110110010111
11111000101100
11101000001100
01001101111010
11000010100001
00110000101101
01011100110001
10111100011111
11001110011011
00010110011100
10111000110010
00011010110100
01010011011010
00111110010010
10100111000111
00011000000101
01000100101001
11111101001101
11111101111101
01100101011010
00111001110101
11001110011000
10111010010111
01010011100001
01010111101101
10100001101001
10001000101100
00110011010001
10110001100101
11111000101001
00100000100101
10100001101101
00011010111010
11111101111100
10100000100111
01010101001001
00010101101011
00010100011001
10100111110000
11011100001111
01101011010101
01000100101010
11001001100100
11111010010110
00110010101100
00001111100001
10110101100011
10101011111000
01100010000001
11000100101111
11100100111101
00111010000100
00101000000101
01110011010101
10011010111001
00110100110101
10110111111010
00001111000100
00001010111001
00010000111110
00111011100100
11001001000110
11101001101001
01101011101100
00001111011110
10101100110110
10101000111011
11010110101110
01011111001000
10000100011011
01110001010001
00110100010101
00101101011111
11101001100111
00110011101001
10111101001110
01011000011100
01110101000110
00001001101001
11101011110111
10010001000011
00101100101101
11100011101101
01001010100000
10001100110001
00001000111010
01101001111001
11001110111110
11111100001011
10110011001100
10011010011101
01001100000000
10001001001000
10111100011111
11011111000110
10010001011110
01011110010011
00110111000011
11000011010100
11101000110101
01000110111110
10110010100011
01010111011111
00101011100101
01100010110101
10010000100111
11010100000010
11000000011110
10001100010100
10011001011100
10000101100100
10010110000100
10000001100001
01110000011011
11010110001111
01111110110110
01111100100000
00000011100100
11001110110001
01111000111000
00110001111011
00100000101111
11111001011101
10101001110010
01111011000111
00011001010011
10110001110110
10001111100011
11000100111110
00100100010011
00010111001101
01011100100010
11111100011000
00111100011100
11111101000100
00001011010111
00110001101001
00111000011110
11000000001000
10111000011001
11110011000100
11010101101100
11110110111010
00010101011100
10101001010111
10011000011000
11010001111101
10001100100101
01010111110111
10011011000011
10000100010110
00111100101010
00010110011111
01100111100001
00111010000111
10000001010111
00010010110011
01101010011100
10111110100000
01101010110001
10111000110101
10110111000101
10000000000001
00100100101110
00011100000011
00011100110000
11101110010010
10100110101001
01000001011010
00101011110111
01011001100000
10000011101001
10011000110110
00010000111101
01101000010111
00111001000101
10011001101101
00101011101011
10000011110001
11110001010000
00101010101111
00101000000011
10101010000001
00101001101001
01001000001110
11011001111000
00010011000110
00011001001000
11000110010011
00010111111000
01001010110010
11111100010010
10101010101001
10101111100000
01000100010000
00110001000111
00111111001001
11101110010111
00000010001011
00101101100001
00001011010101
11001101001100
01100101001100
00111110010111
10100100001010
00100001010111
01100111010100
00001000101100
11101010110001
10111101001110
11000010100001
00100001010010
10100110101010
01100000101100
01111100000101
01001110010000
11001011111101
11101001000110
11010100101101
00101010100010
00011100101010
00000101001011
00101010110000
10110011101010
10111000001101
11011001001011
11000110001111
00100001110000
00000111011111
00110000101010
11010111000001
10001101111011
11001111111000
01100101111111
00101001110100
01000111100010
11100000100010
01011000100110
00101110111110
00101111100010
01100011100010
10000111111001
11101011000110
00110100111010
11010011101100
00011000110001
10111101100110
01110011100010
10111110011011
11010000100101
00100001100100
11010001101100
10110100010110
01110100000100
00111001011000
11011010110000
01100010101100
00001110010101
00110001011100
11000000010011
01110011101110
00100011100100
01101101111011
00101001010000
11101010100010
01011110010000
11001111010101
11011101010010
01100101011000
10100010101110
00111111000010
00011000110011
10101101101100
01011100100110
01011111001001
00010111001111
00100000010001
10111001010011
00010001000101
01101111000101
00000110110100
00011011100100
00100101001000
10011100011110
00110011010111
11001111100011
10110011100100
11010001001111
11011011100000
11111001110110
10111001110110
00100000001010
01100000101111
10010100100111
01010110100101
11011001000011
11101000000001
11101011010100
10010010010011
00011100100001
10010100010011
11111011010011
00110011101011
10011001000000
00011001110110
01000010101011
11110111100010
11101000011011
11010101011010
01010001001000
11101111000101
11000011011000
01000100011010
11010011000010
00100000001001
00001010101111
01111010011101
00100111010011
10101000111001
10111011110110
10010100101011
00100111011010
11000000101011
00000111011100
11111100110110
00111001000100
00100101010011
01010101001100
00001101100011
00001100011000
11101010011111
01101000110111
11010001110111
01011001101110
11100100110010
00110100101111
11001001010100
10100101001111
11011010001010
00001001011110
11000101001011
00100001101000
01001111111101
00011100100010
01000011000011
11000000111001
11001100101100
11111000111010
01000100100111
10001101111000
11100101011001
11001000010010
10000110010000
11110110110101
00101101001011
10010010001101
00011101000010
00011100100111
11111110011110
01101010110100
10101101111011
11110101010110
10000100001110
10110100000110
10000111000000
00010001111111
00011000001010
10101110101101
01111111110111
11100111110110
00011011010100
01110011100111
01010011000010
10111011101000
00101100110011
10010000000011
10101001011011
11111110011101
11111011100010
01100111110011
01111101100100
00110111011001
01111110000110
11011101000000
11100100110001
00111010011110
10001111011101
00011111001000
01111101001111
10001100100010
10101111100101
10001110100010
11010011001011
11010001011111
11011111000001
10011110101000
11111111101010
01100111010101
10101010101110
10100100100111
11111011010100
11000001111011
11001010110001
00000111000011
11111110011001
01110101100111
10000010111101
11000000000000
00111000011001
10010000001010
00100111101000
11010011001100
00111100000111
11110001111100
10000010001001
10101100000010
10010100110010
00111110100101
00100010100100
00100001011110
11100111111001
01011100101111
10001110110000
10110100010111
11110111110000
10111001001001
11011111010000
01100101101100
11101101110010
10110100000011
01101010111001
10001000001110
10101011000110
11111011010100
00000111011011
10100011110100
00000101110000
11111010000011
10000011101010
10111110110010
00110011110010
01100100010000
01010010110001
11010011111100
01110101111011
00111001111011
11001011011101
00111111011001
10010101111100
10110001001001
11000101110110
01011111111001
11000100001010
00111001001011
10100100010011
10111110010011
10011001011101
10111111011100
00111100111010
01110101111101
00000111100001
10101111101101
01011110100111
01001001111100
01100101011000
11110111110111
00001011001000
00011101001001
01001000100101
11010111010110
01110010111111
10001010101000
00001011101110
10111101100000
11110011111000
10100010101101
01011111111001
00101101110111
01110010000000
00010010111100
01000001011100
11111011011011
00011101000000
11001110000000
10000101100000
11101111001110
00110000111011
01001011011011
01001110100110
01001010110011
00001101111110
00111001100101
01000011110111
01010001001111
11000111101111
01101110110001
01101011110110
10101001100111
10100010111000
11000101110011
00110111111011
10001001110010
01101101000001
00000011100010
11111110100101
10000000110000
11101101011000
11110110110101
00011101100010
00010000010111
01000011001110
11010110011011
01100100100010
00100001010111
10011001010100
01010111100001
10010111110101
10011110110011
01110100001001
10111100111100
00010111100010
01100010001011
10111001110101
01111101111010
10101111101011
01100000111101
10110001000011
00010110100110
11101110100011
11100010000101
01011010011101
10000101000011
10000001111101
10010011000100
11110000101111
01000100000000
01110101010001
10110011100101
00101101101100
01110001010100
01110100000101
11101110000011
00010110011001
10010000110100
00000100100011
11111001101010
01110000011001
00001111100000
01110110011111
10100000100000
11000110110110
11100011100010
11100011111100
10001011000011
01000101000001
01010011001001
00101110001101
10110000111010
10011100100101
01001111001010
00111000101011
01000000110111
10000010000110
10001101110010
11101111010111
10100011011110
00010001011001
11001100100001
01101110011011
10100000100110
11011110100101
01011100110000
10001100011100
10000111110110
11101000001010
11010101101000
10101100101110
00101011101010
01011110101001
10110010110001
11111011010100
10010010101001
01011111000101
11101111110110
11100101001101
10110110000011
11011100010001
00011100101000
01101010010010
00001100101001
00011101110000
10010010001110
01000111001101
01100000101011
11000010011000
11110010010001
00101010101011
10001111110001
10100000001001
10001011110100
01111011101011
11101011110011
11110111011101
00100110001011
11010011100000
01000111110000
00111001110100
01100010010111
00010111000000
10001000011010
01000001101011
11011011101000
11001111001101
00000101110001
11100100101101
11010100011001
00110100011111
10010111101010
00011101110100
11001110101110
01010000011001
00011110011101
11111010001111
00000010000001
10000100100100
11110000001011
10000000001101
00000111110100
10110111011000
10011011110111
10010110010011
01010100011100
11110101100010
00101110011110
00001110001111
11001001011001
11100000000100
10100110010100
01100110001001
11111101011011
11110101011100
01000001011110
00011001010110
01010100101010
01100001111111
00100100110101
00010110110100
01110011110100
11111001101110
10100100001111
10001011110100
00011110111111
11001111000011
01000001100011
10010001111111
10011101011111
11011000111111
00111010001110
10110101101010
10010110110110
01110100010111
11111001010101
01010010001001
00000101100001
11100100011110
11110001111011
10000011001111
10000010000110
01101110100000
10110011101111
11110001000111
01101001001010
00111010101101
01100110111000
10101000110110
11101111000010
10010010010101
10010001010100
01111111111001
10001011101110
10001110100101
01001110100001
11111010010011
00110101011111
01100000111010
10000111011010
01010011001110
00111111101101
01001000101100
10011110100011
01000111010100
01111010011001
01100011011110
10100011001000
00101000111101
00001010001100
00100100110100
01100100011101
11001111011000
11001000001110
10010001000110
10011000000001
00010001001100
11110100000111
10010101001011
01000111010011
01001111111000
11010100111101
00001010100100
10001111110101
01110001001110
00100011110100
01100101110100
01100101000110
11110101111010
00000101111001
00111011100011
11101110101110
01101110011100
00011001100111
01111111000100
01100010011010
11101010100001
11110100010001
01001000111111
00111101111111
01011010111000
00111010001000
10011011100011
10000000101001
00010010111101
00111001011011
10010111010111
10010010011010
10101000100010
01110001100111
10000011111111
11010111100111
01100001010000
10111010110010
01000011000010
00111100010111
10110100001011
11101101100011
00110000010010
01000010000101
11100100110110
10001011101100
00001110100111
10000001111010
01010000101110
10000010101111
10101110010011
01100111111100
00000110110010
11110001110000
00110011010100
11001001111110
10101111000100
01111110011100
10101001111001
01100111101100
10110100000110
11111001101010
00001101100010
01010111011010
01011110111010
01001000111110
11111001010110
01100110001110
11100111100000
10101000001100
00110001001010
11010010111001
01010001110110
11101110000001
01000001101011
01000101100110
10001100010100
11110000101000
00001100101010
11111110000011
11001000011110
00100000100101
10010010111000
10000110010011
01010001100111
01000101101011
01010101110011
01000001000010
01111101010001
00011110011001
11110011111101
00000110110000
10001011001010
01111100110011
11110111100000
00000100101000
00011111100101
01001101011110
00100000111111
10000000111111
11100111001000
01010111100001
00101110000101
00110010111100
00110000111111
00000101101111
11100011010111
11001001011001
11000010010010
00110010101110
10001101011000
00101010101110
11011010001011
00111000110111
01010111010100
00000101100110
01011101111101
10110111101101
01111010001101
11000100000110
01011100110010
01011010001101
11101101001101
00100110010100
00101000111001
00000000000100
00100011010110
00000110101110
00010001111001
01101011010001
00111010011001
01001000110011
01001100110010
01111001011111
11011101101010
11110110011111
01111001011001
00100011111011
11110011111011
10111011001000
11011011100000
11111011000011
01011111011011
11010011110000
10000011101110
01111010010110
00110101001010
01111110011000
11010010110010
10010011101110
10000111011101
01000001100110
10011001101110
11011010100001
10100111101111
11100001101010
11110001010000
11001111111011
00000001010010
01000110100001
11101101111011
11011100011100
00110001010011
10011001101000
01110100111000
10111011010101
11101100100111
00100111111010
00011010000101
01100010011010
01111101011011
01001011010000
01110011000111
00011101111101
10101111111110
00101110100011
10111111110110
00011110110110
11110111010000
00000100011111
11110110110000
00100111000110
01000010010010
01000100110111
01011011100000
00000100110101
10000010001100
11111001010011
00010001000010
01001011110010
01011001100101
00010001111001
00101100011111
00010101010100
00110011011000
11011011100111
01010000010000
10110111111000
11010001100011
11110110100010
10111110110001
10010010010110
01111100110010
11110011010011
00111000110010
00000100010110
11111000000010
01010110101000
11010010110110
11011100000100
11110110010010
10111011011100
11010010001111
11110011011001
00011010010101
01001110101001
00011010110010
10000111001111
00100010010000
01011000011010
00101110000101
11011001111110
10101110111100
10001010010001
11010001101010
01001001011110
00111000011000
00111001110001
00110101000011
10101100010010
00011101101010
10111010011011
11010011101110
01111001011011
11000111001001
01011001010100
10011110011011
00001101011011
00000011001010
01111111101011
10001010110110
01011010110110
10000100111011
01000011100010
00100010100010
10111010111000
01010011101100
01101000000001
00100001000100
00110111111111
10111111010001
01101100101111
01111001111101
11000011000100
11101100011010
00111101100001
10001001111010
10110110111001
10111100111100
01000000010111
11111100111110
11111011000101
00100111110100
00011000001101
11110000010100
11100011100010
11100101101000
10110101100010
10010100011001
11010011101101
10101001100010
11101000000100
01101100011111
00111111010101
10110101111010
11100110111001
11001111110100
11011101101001
10101001011001
01000001110110
11110100001111
00001101111110
10111011011011
10010001111111
00001010110110
01010000010001
00111011011000
00111010000111
11110000011101
10110000100010
11110100111100
00101110011010
00110100010001
11111011010001
00101111110100
01101010111011
Time = 1.251s
