n = 13, k = 3, l = 8, m = 450
Expect Resample Times = 0.438718
Result:
0110111100011
0010111010111
0111111111110
0111110111101
0101010111011
1110111100010
0111011011110
1101011010101
1011100110111
1111010010011
1101010101011
1110101011110
0111011100011
1011100111001
1011001011011
1110100110101
1100001111111
1111100011111
1111101111110
1111011011001
0101110101101
0011111101101
0101110101111
1111100111001
1111101110111
1100110110011
1101111100100
1001111011111
1100100110111
1110100110111
0001011011111
1110111010101
1101011010110
1111101110100
1011101011101
1110111001100
0100111110111
1011101110101
0111110111101
1111111110100
1110011011001
1101110011010
1110100100111
1110011111000
0001110111101
1101001001111
1010001110111
1100010111101
0011111110101
0111010111011
1001011110101
1111111000100
1001111111111
1010111010101
0010011111101
0101011011111
1100111110110
1111010010111
0111100011110
1011010110101
1101011111100
0011111111100
0001111111111
1010011101111
1101101011111
1011100111011
1110010101101
1011101110110
1010111110011
1011001011011
1111010111101
0101111001110
0001111111101
1101001110110
1001111011011
1111110101100
0111011001011
0101011101110
1011011010111
1111011101100
1110100011110
1111110011001
0011111001011
1101111100111
0101110001111
1101100111111
1111111100110
1111011111110
1001011110101
0010010111111
1110111111110
0110111110111
1001110101111
0011111011101
0010110110111
1010110111011
1011111100101
1110101110110
1110111111101
1000010111111
1010111110001
0011011101011
1101011011111
0011101111010
1011101111010
1010111011111
1001110110011
1010111101101
1111000111101
0001011111111
0101011011011
1000111111101
1011011111110
1110101010101
0111111110000
0011011101110
1001110011110
1011011011001
1101111011110
1011111001011
1011111000111
1110010111110
1111101110100
0101111011010
0111111110010
0110010111101
1110010111100
0111101011001
1111111001100
1110111101111
1110010011111
0101101110101
1001111111110
1001110111010
1111110101001
1111001001110
1101110100111
1100111110010
1111110101110
1111011011010
1000011111011
0101101111001
0111111100100
1011000111110
0111010101011
1111010000111
1011011010011
0101011011110
0110101111010
1111010011101
1111100000111
0111011011110
1010111101001
1110111001010
0100111110101
1001111110100
0101110101011
0111101001111
0111011100111
1110011101100
1101100110011
1111001001101
1101111100001
1100101101101
0100111111011
1011011010110
1110011101010
1110100111100
0111111011100
1111001110001
0010101101111
1011011010011
0110001011111
0110001111111
1101101001101
0111111110001
0111100111001
0100011111110
1010101011101
1100111101101
1110110110110
0110001110111
1010111111011
1000011101111
1111111111001
0010111100111
1011111111001
1100101101110
1111111000010
1011001100111
0111101100110
1110001110101
1101100111001
1110101000111
0001111011011
1010101101011
0101111110001
0101010111111
1111000011110
1110111100111
1001111111001
0111111011110
1100101010111
1111111111100
1111101010011
1011110101101
0111011001111
0010111110111
0111011101101
1101011000111
1011111011010
1101111101011
1110101110010
1100111111110
1101111011010
0110011111110
0101110101110
1001110001111
1100110101111
0010111001111
0110011101011
1110110000111
0101100011111
0111010111100
0110011101101
1011001011101
1011110101001
1010101101101
1111100001101
1001100101111
1111001110001
1110100101011
1110001111111
1010011011111
0111011101110
1100010111111
1110101111010
1111101010001
1011101111000
1101111111111
0111010011110
1111111100000
1101101101100
1110010101110
1010110101011
1110101110010
1011111011100
1101001011110
0111001001111
0111110101110
1011010101011
1100001110111
1000111100111
1110011101011
1001101011011
0011110110101
1111111011110
1101110011001
0111101101011
1100111101110
0111100111100
1111111111000
1101001101011
0011010111101
0111101111011
1100001111011
1011011101010
1111011011010
1111110000011
1010111011111
1001111011101
0001101111011
1110011011011
1101110011111
1010110011101
0111111110100
0111011111111
0111001111111
1101011011010
0101111111110
0011011110111
1111010010011
1101111110101
1101100110111
0011011110101
1010011111100
1001111110111
0010011111111
0100111110011
1101010011110
1001111010011
1101111000110
1001011111001
1101010011101
1100101111001
0101011110110
0101010011111
1101011101010
1011001101111
1110110101011
1110111111000
1101011100011
1011010110111
1001110111101
1011111110100
1111110110010
0111011101100
0100111010111
0110111011011
0010111110011
1111010011101
0011111101001
1010101111010
1101101110111
0110111101011
1111010111011
1010111001101
0111110011001
1010110011101
0101110111110
0111111100001
1110110010011
1001011110011
1111101100010
1011111001001
1111100101100
1011110010101
1011110101011
1011100010111
1110111001110
1011110111111
1110111000110
1101110110111
1110110011100
1010011101101
1001110101101
1111100001011
1011011101100
1110101101010
0011101101110
1110110111001
0011100011111
1111111010000
1000111111010
1011011110001
1110111101010
1011101000111
0111010111111
1010110101101
1110001110111
1111101011100
1011100100111
1011101000111
1110110111001
1100110101101
1001110110110
1111101011011
1011111110110
1100010101111
1010111001101
1010011100111
0101111000111
1010111110110
0111111101111
1101010111001
1110101111001
1011101101001
0110001110111
0110111110101
0110111110101
1011101001110
1001110111101
1011100011011
0011111101001
1110110011110
1101111100011
1110111001110
1101111111110
1011100110011
0110111111000
0101111010111
1100011101011
1010111010110
1001110111111
0111111011100
1011110011111
0101110011110
1111001110100
1110011111111
1111101111000
1100110111111
1011011110011
1110011110110
1111111111100
0111000110111
0111100011111
1101100111101
0111010011011
0001111110101
1011110110001
0100101110111
0110111110101
1010111011111
0110101011110
0111110100111
1111010110101
0011110101101
1110011100110
1100011011111
1111110101101
1100111101011
1011111111111
1001111110001
0101111010111
1110110011010
0010111110011
1010001011111
0110011101101
0111111110000
1111011001011
1101110101011
1110101001101
1000111111011
0101111110011
1110110110010
0111010100111
0010111101111
1011100110101
1011001111010
0011111110101
1111101000110
1110011110011
1001101111101
1110010111010
1100011111111
1001111011001
1111111110001
1110000111101
1100011111001
0110110101110
0111010111011
1010001101111
0110111111110
1111110001011
0111101111110
0111110001111
1101011010011
0111110001011
0111011111010
1111100010011
Time = 0.028s
