n = 8, k = 5, l = 2, m = 502
Expect Resample Times = 0.364816
Result:
00111000
01110101
00100011
10010001
01100101
00100101
10101010
11010110
00011111
01110011
01101111
00100100
10001000
10011000
11011111
11001001
01110111
11110011
00101101
11010100
10100000
10101000
01010101
01001101
11111000
10111010
01000100
00011000
11111001
10010011
00000110
11101011
01110010
01100101
11100011
00110101
01110011
00011100
01011000
01010001
10000111
00010011
10010001
01000001
01110011
01111100
10111010
01101101
01001100
00001001
11101110
01000010
00101000
10000101
10110010
01000011
10001011
01001000
01111010
11010001
01010011
01110001
00011100
01110101
00100110
10111101
11011110
10001011
01011100
00110001
11000111
00110001
01110101
10111100
11100000
01111110
11110010
10010110
01111001
01011001
00111011
00011110
11010101
00001010
10110001
10010100
00001111
00011101
01001010
11001101
01111000
10011000
00101101
01111001
00011100
10100101
01110010
00001001
10001101
00101100
01100110
10001000
00011111
11011111
11100000
00100111
00011110
01001111
11010100
11010010
10110001
01010011
10101010
01100010
00100010
10001101
00100010
10100010
11100111
01111100
10111100
01000001
10001001
11010110
01111110
00001010
00101100
11000000
00101001
11011001
10011011
00110100
10011010
00011110
10011000
01001100
00101110
11101010
11010011
11001101
00001110
10100011
11000100
00110100
11100101
11011111
00111010
00111100
00011001
11001101
11111010
01000111
00101101
10010010
11010111
00101001
10000011
00100011
11110011
00010011
11010011
11111000
11011110
00100100
11001110
00100101
11110100
00101001
00010100
11000001
10111010
00110001
10000011
10101100
11110100
01100000
00011101
10010001
01110110
10010111
00000101
01101110
11110101
01001010
10110000
11010001
01100111
10001010
10111001
00101011
11000101
01010000
10000110
10101100
01011100
10010010
01010010
11100011
10001001
01010011
00100001
10101011
01011101
10100100
00111100
10011001
00111111
11000001
00010010
10101110
11111100
00110100
11111001
00111101
11011011
10000011
01001001
01000101
01000110
10010010
01101110
00111000
00011111
10111110
10100011
10101101
10101101
11001101
01100111
00011000
00100101
11100011
00010111
01001000
00010111
00000111
01110101
01000100
11011010
01110011
01110100
11011010
10001010
11100100
01101100
11000011
11001001
10100110
11110110
11101111
11011000
11010110
10101100
00111111
10011001
11101001
00011111
11100010
00110010
10110100
11011000
11000011
00100001
11101110
00000110
10001011
00010110
11001110
01010111
00101011
00100111
10001001
11110111
11110111
11110001
10110001
10110001
11111111
00100101
01100100
00010001
10001010
10001010
01101110
11110101
00111110
01011001
10101010
10001101
11010001
01111001
01100011
10010100
01011110
01100101
01111100
01001001
00101101
11000011
00111100
11110110
11011111
11001010
00100011
11101011
10000111
00110110
01010100
01111010
01010110
01111011
10110000
11101111
00001101
11110100
01011000
10011000
11001001
00110010
10110110
00011010
01110100
01010001
00100100
11100001
10101101
11000100
11001110
00001111
01011101
00101100
01100000
00010011
11100100
11111100
00001111
11100111
01000001
11010000
11110110
00100011
01110011
01010100
11000010
00011110
10100011
10101110
01001110
00001110
11011001
10011100
10101110
00010001
10011110
01011111
11100010
01111111
01110010
10011111
01001001
00010111
01111100
11001001
11100101
10001000
10111001
00011001
01010010
00111011
01001111
01001001
00111010
01101000
00111010
00110101
10100010
01001010
01011100
00001101
11011010
11011111
00100001
10111101
00001110
10100011
11000110
00110001
11100100
01011011
00101111
11110000
00001010
11110000
11100011
01001011
00101011
10100010
01101101
00011011
11101111
11000100
00101101
00100100
00011011
10101000
11001101
00101101
01001111
10001110
10000010
11001011
11111010
10010110
00101100
00011010
11010111
11000000
11011101
00110001
01001010
10101001
10110101
10000010
00011111
01110000
11101000
11100001
00001011
11000110
10110110
00011110
01001101
11010010
01010110
01101001
11000111
11110011
11001100
00111000
10010001
10100000
00001011
10011111
00110111
11010110
01101100
10100101
10010011
00011101
01101000
10100110
10010110
11001000
01010010
01110111
01001000
01010100
00101000
11011101
10000010
00001110
00010110
10110011
01010010
11000010
10110011
11011100
00101010
10010000
10100011
10100101
10001100
01000100
00100011
11011111
11000111
01100010
01001010
00111110
11111010
00100010
10000100
00011001
01001010
00111100
11010011
10111010
10001110
10100100
10110100
00111011
01101010
10000101
10100111
00000101
00111100
00101000
10000101
01101011
11100010
00011000
11001011
Time = 0.025s
