n = 17, k = 2, l = 9, m = 76
Expect Resample Times = 0.75096
Result:
00011101001110101
11011111110010010
10101110100101110
10101010110011111
01101010110110101
10101111010010010
00111110111011100
11011101100000101
11011100110001110
01000110110101110
10100100110110011
00100110010101111
11100110100100110
01001111101101111
01110110011100011
00111100110111011
01111011011110010
11111101001100110
11111010111010010
11011111011000110
01111011000001110
01101111100011100
10101011001101100
00010110111100101
10101111010111001
10000001111101011
10110110100001101
11011011101111110
10101011001010111
11000110101100101
10101111110100011
01000011110100111
11010100001110110
11101011011111000
01110110011000101
11110010100100110
01100111111111101
11100110001101011
10100010101111110
01111101101111110
01011100101001111
01101111010111010
11100111001100101
10100000100111111
00011101111000110
11010001111100100
11111111000101110
11001001101100101
10110111111000001
11010011011101010
00111011110011000
11001100101011111
11000100110001111
10111110010010111
01101111110101110
10011111001100011
11001100001010111
01111011001011111
11111101010111100
01110001111110101
11100111000011111
00110101010111101
11111001101100001
10101011011100001
01100100110110011
11010100011010110
11101000001101101
01010110100101101
10111010110111101
10011010110010111
10101101100111011
01111111110010000
10010111011110110
01011101110001110
11100011111000010
11101000110001101
Time = 0.007s
