n = 17, k = 2, l = 14, m = 433
Expect Resample Times = 0.788547
Result:
11111111110110101
01011111111110111
11011101110111111
11001111111101111
11111101101111110
11011111111111101
11111111110011110
11011111111111110
11111111111011010
11101101111111111
10111111111101111
11110111011011111
11011111111011111
11110011111011111
11111111111111110
01111011011111111
10111100111111111
10011111111111111
11101111011110111
11011111110011111
10111101011111111
10111111110101111
00011111111111111
01111011111110111
11111101111101101
11111101111101011
10111111111101011
11101111111111010
11111110110111011
11111101110111011
11110111111111011
11101011111111011
01111111101101111
11111101011111101
11011110111111110
11111111111001101
01110111110111111
11111111111110011
11111101111001111
11111111111001110
11111111111011010
11111111110111001
01111111110101111
11111010111111011
11111010111111011
11111101100111111
10101111111111110
10010111111111111
11111110101011111
11001111110111111
11111111111101010
11111101110101111
01111111111111101
11111011110101111
11111111101111110
10111001111111111
11111101110101111
11110111101101111
11011111111110111
11011111101110111
01101111111011111
11011111110111111
11111111111111101
11101101111111111
11110111011111111
10011110111111111
10111111011111110
01110111111111110
11111111111100110
11111011111110111
11111101111111111
11111111111111011
11111111110001111
11111111101111110
11010011111111111
11111100111111011
11110101111011111
11101111011111011
11111111101111111
01111111111111001
01011111111111011
11101111111010111
01011111111101111
11111111110111010
01111011101111111
11110101111111011
10111010111111111
11011111111110111
10101111111011111
11011111111001111
11011111011110111
11010110111111111
11111111110101110
11111111011011111
01111111111101101
11111111111111011
01111111011111011
11111111111001011
01111011111111011
11111011110111110
11111111111111000
01111111111111101
11110111101101111
11111011101111011
01011111111111011
11111101111001111
11110101101111111
11111110111011110
10110011111111111
10111111111111011
11110001111111111
11011111111111011
11011111011111111
11011111111111100
11010111111101111
11101001111111111
11110111111011110
10111111111011111
01111111111110110
11111011111011110
11111111111111010
11110111101101111
11011111111111101
11111001111110111
11111111111101011
11111110111111010
11011111110110111
11111101101111110
11101110111111011
11110011011111111
11101011111111011
10111111111110111
11111011111110011
01111110101111111
11111111011101110
11110101111101111
01100111111111111
11111111001101111
11010101111111111
11110111101101111
01111110111101111
10111111111111111
11111011111001111
11111110110111101
11100110111111111
11111111101100111
01111111101111011
11111111110111100
11110110011111111
10111111111110011
10011111011111111
11110111101011111
11111110101101111
11111011110111101
11011111011111011
11011111110101111
11111100111011111
01111111011111011
10111101111110111
11101101111011111
11111111110100111
01111110111011111
01110111101111111
11110011111111110
01111111110110111
01110111111110111
11111110101101111
11110110111111011
11011111111110111
10011111110111111
11111111010111011
10111111111011101
10110111111111111
11111100110111111
11101111100111111
11111111111111010
11101111110111111
11111011111011011
10101111011111111
11111011111110011
11110111101101111
11111111101110110
11011111111111111
11111111101011101
11011101011111111
11111100110111111
11111111110011110
10110111110111111
01111111101110111
11110010111111111
11100111111110111
11111110111111011
11011111111101110
11011110110111111
00111011111111111
00011111111111111
10110111110111111
11111110011101111
10101011111111111
11100110111111111
10011111101111111
11100111111111101
11011111111110011
11011111111111001
10101111111111111
01011110111111111
10111111111111010
01111111111001111
11110011111110111
10100111111111111
10111111011101111
11111111111011110
01111110111101111
11110111111011111
11110011111101111
11011111011110111
10101110111111111
01111011110111111
11111011111011111
01110111111111101
10111010111111111
11111101011011111
10111101011111111
11010111111101111
11011111011101111
11111101110110111
10111111111101101
11111011101110111
11111111101101110
10111011111101111
10111011111110111
10111010111111111
01011111110111111
11111111100111011
01110111111111110
11101011111111111
10110111111111011
00111111111011111
11110010111111111
11111101111001111
10111101111111110
11101111101101111
11111011011111110
10111111101110111
10111101111111111
11011110011111111
11011111011111011
11011111111101011
11101101110111111
11110011111111110
11111111011111110
11111111110111111
01101111101111111
11111111110111100
11111111000111111
11011111110111110
11111011101111011
11101111111011110
11011010111111111
11110111100111111
11110111110111101
11100011111111111
11011101111111011
11111011110110111
11001111111111110
11001111011111111
11111101110011111
01111111111111010
11101111011111111
01110111111110111
01111111101111011
10011111111011111
11110111110011111
01011110111111111
11110111111011101
10101111111111111
11111111110111110
11111110001111111
11101111111111101
11111111111100011
10110011111111111
01110111111111101
11110111111111110
11001111111111111
11111110011111101
11111111101111101
01111110011111111
11111101011101111
10111101111110111
11111111111110010
11111111111000111
11111101101101111
11110111111110111
11011110101111111
11110111011111111
11111101111111001
11110111111101101
11111111111100111
11101111111011101
01111101111111011
01111011111101111
11110011111111110
10111011110111111
11111111011111110
11011101011111111
10011111111110111
11110111101110111
11100111110111111
10110110111111111
00111011111111111
10111111110101111
11110011111111110
11001110111111111
10111111111001111
01110101111111111
11111111110001111
11111111111100011
11111110011110111
11011011111101111
11101111111001111
11011111011111011
10111101111011111
11111010111111011
11111111100011111
11111111011111100
10011111111110111
11111011111101110
11110111011111011
10111110111111110
10111111111101110
10001111111111111
11111110111011111
11111111011001111
10111111111111110
11111011111111011
11011110111111110
11111101001111111
11011010111111111
11101111101111110
11111111111011100
01111111110111111
11111111111101010
11101111111011110
11101111101111011
11101111111010111
10111110111111011
11111110111110110
11111111111011001
11101110111111011
11111110111010111
11110101111111101
11111111101101111
01111011110111111
11111011111101110
11111111111010011
11110111111111101
10111101110111111
11011110111111011
11101111111011111
11011111111101011
11111111111000111
00111011111111111
11111011111011101
11011111110011111
10111111011111011
10111111100111111
11011111011111011
11110111111111001
01111111111011101
11101111111111010
11111011111110111
11110110011111111
11101110110111111
11010111111111101
10111111111001111
11111011111111100
10111111111100111
11101111110101111
01111101111011111
11011111111011011
11111011111111010
11111111011111101
11101111111101011
11111111110111111
10111110111111101
01101111110111111
11101110111111110
01101111111111111
11111011110111111
11111011101111011
11110111111011110
11011111111001111
11011111101011111
11111101111111101
11101111111111011
11111101111101101
01110101111111111
01101011111111111
00111111101111111
11101101111111011
11011111111111001
11100111111110111
10111011111111011
11111101111011111
11111111110111010
11111111101001111
11101111111110101
11110111101111101
11111001111111011
11001111111011111
11111110111100111
01111111111111100
11011111110110111
11111011100111111
11110111011111111
11111011111011101
11111111111101111
11011101111110111
01111111111111100
11110111011111110
11111111110010111
11111111101111111
11011110111101111
11011111001111111
11111101101011111
11111111111101011
01111111110110111
10101111111110111
01111111100111111
11100111111111110
00111111011111111
11101011111111110
01101111111101111
Time = 0.015s
