n = 16, k = 4, l = 10, m = 2413
Expect Resample Times = 0.411282
Result:
1011101111101000
1111010111110111
1000111111111100
0011010011111110
1111111011011010
0111110111100111
1110011001111100
0110110000111111
0101010101111011
1110011100110101
0111111010101100
1101110001111101
1010110011110111
1011011110110100
1101011011011101
0101110011111001
1011111000011011
1000010111101111
1101101110011101
0111011011011100
1010000111111101
1000101110011111
1001010110011111
1110110111011111
0111110101111110
0011001111100111
1110110111111011
1000111111110001
1101000011111011
1100011100111011
0101111101110001
0101111011101111
1101011111101100
1111001101101111
1111011001010011
1011111000001111
0111111110110001
0001110111111111
0111101110111001
1110111001110101
1111110111000001
1010011111001101
1000111111100011
1110000111111011
0001110111101111
0111011010101111
1100110011101111
0101100110110111
1111001000101111
1110100011111011
1100110101101111
1010011011001111
1110011001111111
0011011010111101
0110110111110110
0011001111101101
0110011110010111
1011011001011011
0001111110110111
0111110110101011
1111101011001101
1001101100111101
1111101010010111
0011101001110111
1010111111101011
0110001110110111
0111011110010011
1001111010101110
1101101101100111
1011001101110011
1111100101111000
0101111111101100
1011011101001011
1010111001101101
0011101111101001
1111100100110111
1011011111100101
1011110011111000
1110010111111010
0110101011111001
1111010110110100
1101101110100110
1011101001101110
1010111100111100
1000111101011101
1101101011101010
0111010111111011
1001001101111110
1011100101111111
1111011110000101
1000111001111011
0100110110111110
1011011101110111
0111010101110111
1110111101010101
1010111100100111
1011011110110110
1101010111010111
1000111111111111
0111011111101010
1011110000111011
1010001111101110
1110101111001110
1111110100011101
1001101100111101
1011111110110010
0101101111100111
0111111110011101
1101111010011001
0111010101010111
1111101010010110
0111010111111111
1100101111010111
0101001111110111
1101110101010111
1101101110001101
0101100111111100
1111101101110001
1001111010010111
1111111001101100
1110111011111001
1001110011011011
0111101110101110
0111001111111010
0010111100110111
1101100111101110
0111010110101111
0101110100101111
1111010111011100
1111011110110010
1111000111001011
1010101111101011
1000111010111101
0111101100101111
1111110011010101
0111010110111111
0110101110111001
1100101010111110
1011111101001010
1100111111001010
1011100101011111
0011011011100111
1011111101100010
1101101000101111
1001101111001101
1111101101110001
1011110010101111
0111110110110110
1011111101010111
1110101110110100
1111001010111101
1011101100101111
1101101000110111
0111011001011111
1100101100111110
0110011111101100
1111001110111101
0011110111111110
1011100111001011
1011011000111011
1010000111111101
1011110001111011
1111011111101000
1010110110001111
1100110100111110
1110101101011010
0111011010110011
1101111110101101
1101011111011001
0101111110010110
1011001111011010
1100011101111100
1000111101101110
1111000110110101
1111001101111000
0110111001101101
1101110110111100
1011110010101011
1101101110111000
1100101101011101
1111110111111110
1100011101111111
0110011011111110
0011110110011110
1100011100111111
1110011100011011
1111000100101111
1100101110011101
1101101100101011
0111011111100101
1100111100101011
1111111101101011
0100110111010111
0011111111101010
0111011111011110
1011001110111111
1110111100111000
1111001111100010
1010011101011111
1110110111010111
1001110111111011
1010101100101111
1101001111101100
0100110101111101
1100111111111111
0011011111011111
0111111010101010
0110011111001101
1011100111011101
1100011101001111
0011011111101110
1111111001101010
0101110101111001
1010100111011011
1001101111001101
1101100011111101
1110011010111110
0100010011111111
0111101110111010
1111110100110011
1001010111101101
0100110111101110
1110101101001111
1111101111101100
1111111001010010
1111110101001010
1001101111101101
1101001100011111
1010011011011111
0111110111100011
1100111011011111
1101101101110011
1110111001001111
1011111111101101
1011011101111011
1100111110011010
1011110011010110
1101011011010111
1110111011110001
1100011111110110
1001111001110111
1101001101111011
1011100001111110
1111110111001101
1011100100011111
1011110011011011
0001101011111101
1111110101010011
1101011101011110
1010110101110011
1110110110011110
1101111010110011
1001110110101111
1101111011110110
0110101101100111
1000101111111100
1111001111010111
1001011110110101
1010011101010111
1100111010111110
0110101111111000
1110110100110110
1111111010000101
1111111010101001
0101111011101011
0111001101111001
1001111000101111
1111100110111101
1111001110011110
1111010101011011
1111001100011011
1011011111011101
1111101011100010
1110101101011111
0111100111111011
1101001111101100
0101111110101100
1010100111111011
1111011101001110
1111010001111010
0100111110111111
1110100111111010
1011001011101101
0110100101111110
0110001111010111
0100011111011011
0011101110110101
0011011011111100
0011101101110011
1111100111001001
0011111101110101
1111111000110010
1101111010110001
0111100010110111
1101011011111111
1011010101011101
1010111101011111
1111101010011110
1111100001001111
0111100010111101
1101010111001011
1110101100101011
0101010101111111
1111000111110011
1011100101110011
1001001111100111
1110110010111111
0111111011100001
1011111110101111
0101010110011111
1011010010110111
1000011011011111
1010100111101101
0110111011101110
1110101111101101
0110100111011111
1011001101111010
1110110011101100
1000111011111001
1011011101010111
1101111101000110
1111001111000110
1110010110011110
0001111110100111
1100101110111010
1000110010111111
1101111111010111
0010010110111111
0110101101001111
1011000010111111
1011100101001111
0010011011111101
1111110001101011
0111010101100111
1011101100110101
1111111111101111
1011001111111001
0101011111101110
1111110101100010
1111011000101101
0111111100010101
0111001011011110
1100011110001111
1110111111110010
1111100011111111
1010011111101011
1111011001011100
0110101101011110
1001110110011011
1011011110010110
1101110111000111
1110100111111001
0111111111100000
0101110101111001
0111011111110001
1101101101100110
1001101010110111
0101100011011111
1111110011100100
0111100111101111
0101100111111001
0010110110111110
1111110110011000
0110010111110011
1001011101111111
0111011101110110
0011110101111010
0011101010111101
1111011110101101
1101011111110000
1101011110111110
1111011010101010
0011111111100110
1011100111011100
1110111100110110
1011101101111000
0101001111011101
0001011111010111
1001101101101011
0011110110011111
1101001010111110
1101001001111011
0110101110101011
1101110011111000
0111011101101010
1101110001111101
0011111111100001
0110011101111010
1111011111011000
1111001100011011
1010101111110011
0111011110010110
1110011101100110
1101100101110110
1011101111001100
1110111010001101
0111110011111000
1111011110110010
0111011111001110
1110001111000111
1101011111001011
1101111110111101
0100111100111101
0111101100111111
1011111110011111
1101110110101011
1111111010001011
1110111110101100
0101010011011111
1111100111001010
1011001101111111
0110111001110011
0011110111011101
1011110100111110
0001111101110110
0100101101111011
0111010111111100
1011010111110110
0111110110111010
1101100101111111
1111101011110110
1010001111110011
0111101110111000
0111110011110110
1110101011100101
0011110110110110
1010111101010110
0011001110111110
0111001010111110
1010110011101111
1101000001111111
1111001101011001
0110011000111111
1101111000001111
1111101001001101
1001101110011110
1110010101111111
1110111101010111
1011001011110110
1110101100101011
0001111111011100
1011111100101011
1110111111110100
0101100111110101
0111111001011100
1110101011111100
1111111110001100
1110100011110110
1111101011000110
1111010101110011
1011011001011011
0110110110101011
0001111011101011
1101101001100111
1010111101010011
0111111000010111
1111110011011101
1110011110100101
1101100011101110
0110110110010111
0101111110110001
0011110001111101
1111100010110110
0111010110011110
0111111000110011
1101101011111001
0111111100111001
1111010010010111
1011101111011011
1001010111100111
0111010101110110
1110111111111011
1111111010001110
1111110010010110
0011011101101111
1001111111110100
0101111011101001
0011011101101011
0110101111011110
1110110110011001
1010101111110010
1110001010111111
1110111001010101
1101101000111111
1110011101101101
0110110110011110
0110110101010111
1010011111011001
1111111111001110
1111011010110001
1110110010111110
1011110110001110
1110011111101110
0111111111001000
1111011001011011
1000011111110011
1011000111101011
1001010101101111
1111101011010010
1110111111101011
1111010001101011
1011011100110101
0110111011101100
0111011110011111
1111011101110011
0111001111111101
1010011111010011
1111011001010101
1011011101111100
1111111101011110
0110101111110010
0110101101011110
0111001011111011
1111001011001101
1100010111010111
1110011111101001
1111110100011010
1101010011111111
1110111011101011
1100101101101011
0111001101111010
0101011110101111
1100110001111101
0110111101101101
0011111011110010
1011101111011010
0101101111010110
1110111110110111
1111111111001011
0011111110010111
1001011011010111
1100111101000111
0110111101111001
1101011101001011
1101111111101001
1101100101011111
1001111011100111
1111100110111000
1100101101011011
0110110111001011
0111001111000111
1101010111111010
1110010111111110
1010110011011011
1111100101011110
1111001010111011
1101101010011110
1110011110010101
0101110100111101
1011101100101110
0101111100111011
1010111011101110
0110011101101011
1001111011001011
1011011011110001
1111100011010111
0010110011111101
0001101110101111
1111111100101001
0010110101110111
0111110100011111
0111111010111011
0011111100110111
1000011111101101
0111111101100011
1010110111100110
1011110111100111
1010110101011101
0111011110101111
1010101110111011
0111001101110111
0110110110010111
0111111110011100
1111000111011100
1011011010110111
0100101111111100
0111001101111011
1111111010110001
0110011111001110
1100100001111111
1010111100111100
0111001011011111
0001011111101011
1001101110110110
1010011101101101
0100101101101111
1110110010110011
0011001111101111
1110011101110110
0111010111111011
0100111011011011
0101111110011110
0011111001110011
0011010111111011
1110110110110111
1011011001111010
0101101101110011
1001011011100111
1011110011110100
1110101111111110
1100110100111110
1001110011011110
0100111010110111
0110011110101110
1111101011110111
1110001111111001
1100101010101111
1011111000111111
0101101110111101
0111101111011010
0101011100111111
0111010111110001
1111001011011001
0111010100111011
0111101110011101
0110011001011111
1111011101100100
1011111111000100
1100101110110101
0111111111100110
1011101111111000
1001100101011111
1110101001011101
0011111101001101
1101110110010011
1110110110011010
1010100111111101
1011100101111100
0011110111011011
0101110100111111
0011111001011111
1110101101100111
1111110100111100
1111110100110101
0111001101110111
1110111000101101
1111001001111010
1011110110101010
1011010010111011
1111111111100100
0110011101111101
1011100101110110
0011110010011111
0111010101101011
1110011110101101
1111111101000111
1011011110011100
1001110001111111
0110111101010111
0011010011011111
0111110111111010
1101111110000011
0101110110111011
1011011010100111
1000111000111111
0111001110011111
1110111010101110
1110101100101101
0101101111100111
0101101010111011
1110110101011111
1011111100110111
0111110111010001
0111010101110110
1101110101001110
0111111001110111
0110101010111110
1100110111111000
1010110001101111
0101010101111101
0011101010111110
1101110001100111
1010111111110110
1001111111011010
0101011111001101
0010111110111011
1010010101111111
1011010111011001
0011111100101011
1000010101111111
1011011101011001
0111111111101010
1101100011001111
1011101101000111
1000111111010101
0111010011101101
1001110011111110
1101110001101111
0111110011111000
1001110101110111
1010000111110111
1001111100110101
1110111010101100
0001111011100111
0110101111011011
0101110011010111
1011010110101011
0011101011111110
1010110110111110
1011101110111110
0110111100101110
1011101110111010
1100101011110110
1011101011101110
1011101110101101
1000111100111110
1110010111100111
1101110111010001
1011111111001101
1101011100111001
0101111110111010
1001111011011100
1110111011110011
1000111001111101
1111000101111011
0111111000101101
1101011100011101
1111001011110011
1110010111101011
1011101111110111
1111010010111110
1101111000111100
1011110111100010
0011011110111101
1010111110010110
1110111111100110
0111110110000111
0111101111001011
1111110001010101
1111011000011110
1111111111111001
0101101110101110
1111110101000011
1111110001101001
1111100000111101
0111001110001111
0100111001111111
1111100111011110
1100101101001111
1001111111001011
1100101010110111
1110110001011110
1111001011111111
1100010101111111
0101110110101111
0010110010111111
1111011011101011
0111111000001111
1110011101010110
1111101001111011
1101011010101101
1111101111101011
1110000111111011
1010110011011110
1101110111111110
1111110110110011
0111101001111001
0110011111010101
0000011011111111
1111011101011000
0101001011101111
1100101010011111
1010011100111011
1001001101110111
1111011111000101
0101011111011010
0001001111110111
0101110101001111
0101111110110001
1011110111000011
1101100101100111
1111111001101001
1011011111011001
0000011101111111
1011110110110100
0110111011111010
1010001111111001
1111001101100111
0101110011111101
1110110001101111
1111000101101110
1000001111111011
1111011110110011
0111111110100111
0101101111011111
1101110011001110
1001110101110110
1110100001110111
0111101100111010
1101000011111111
1111101000111011
0101111101001101
1110011111011001
1101001101111001
1010101100110111
1101110111001111
1111101101001101
1110011110001101
1011011010111100
0001101111001111
1111001101010011
1010111101110010
1111110100011010
1110110111111011
1100110011111100
0111110010110111
1000111011111100
0111100110101101
1010110111110110
1111101101011000
1111110011011101
0101010101011111
0101010111101110
0111110100111010
0101011001011111
0011111110101101
1111011011101110
1101010110111100
1101110110010110
1111101111111000
1000111111010011
0011101100011111
1101101111011101
0111111011110111
0110101111111010
0101101111110111
1111010111000011
0110110111011011
1111010010111111
1101110100101101
0010101110111101
1100101101111010
1011110010100111
0011001101111101
1010111101010110
0101111011110101
0110100011111011
1011111111010010
1111110111011010
0001011111110111
0111111100011010
0110101110001111
1001100101101111
0101111001111010
0010110011011111
1100011111011101
1011011011101001
1110001101101111
0111111100011111
0011111011101010
1110011011110010
1111010111001100
0011101010111110
1101010101111111
0101011110110101
0010110111111101
0101101111001011
1011101011001110
1010111001111111
0011110110001111
0010101111001111
0011111110000111
1111001001110110
0011100111001111
0110001111110111
1101010111100101
1010111010111011
1011110110010011
0110011101111101
1111111100100010
0101011011110110
0111101111000111
0111101101011011
0100011100111111
1001110111110110
0100101111101110
0011010101111011
1100010101101111
0101111111101000
0111011101011011
1111011001111000
1011010011111110
0010101110111101
1101101001110101
0101100111101110
1111101011101101
0111111110101001
0111110101101111
1011011110101010
1110000101110111
1110011110010110
1010011111011100
1111011111010000
1110111110000011
1111001001011101
1111111000010111
1010110011101101
0011110111111111
0011011101110110
1111110111011111
1110111011110011
0111000011111101
0011110111010101
0101110111011100
1100110011001111
0100010111111111
1011101111111110
0111111110101010
1110111101110110
1111100110101100
0101101011011111
0111110111001011
0101110101110011
0101101101011111
1110111111111010
0110011001011111
1111111010101000
1110101010111001
1110110011111100
1001001111010111
1101101111111111
1011100101101111
0100111111101101
1100111001100111
0111101101011101
1101111111111100
1111110000111001
0001111011111010
1100110101110111
1100011101111110
1111010000111110
1011001110110101
0111101000110111
1111100111000111
1001111100111100
1010111110111001
0011101011011110
1101110111110001
1110001001111111
1100101110110111
1100111110111110
0110111111101010
1110101001010111
1101101011001011
0101011101001111
1001001101011111
0111011111110011
0010101101110111
1111110011111100
0111110110011001
0111110111110001
0100101011111101
1001001111011110
1110000111101011
1110101010011111
1100111011110010
0110111111000110
1011111101101101
1111011111101011
1101110010010111
1001110101111110
0100111100011111
1111101101110011
1010111011110110
0111110110111100
1011100111100011
1111111011001100
0001111010111111
1111000110101011
1101001110111011
1001110011010111
1110100010111110
1111111111000101
1111100011111001
1111110111000011
1110101100111011
1111011011101011
0101110011111010
0101011011011101
0100110110111111
1000111111101011
1111110011101010
1100111101110011
1101111101111001
1011111100100110
0011110111110100
1101101000111101
0011001110110111
1101010110111011
1101110100011101
1111001100110011
0101110011101110
0101101101110101
0111110100111001
0111010101101101
1101011111011000
1111100101010111
1001101110010111
0100111111111001
1011010110111101
1101101110101010
1001110111101111
1000111101110111
0001100111011111
0101110101101101
1100101011111101
0011110101110011
0001101111101101
1111101101001100
1101100111011110
1101101101110010
1111011110000011
1011111101111111
0110100011111011
1111001101101010
0111110001101111
1010001111101101
1111001100011011
1111100011001110
0111101111101001
1111001001111101
1101011111101010
1101011011100110
1011100110010111
1101111100111110
1111111111111001
1001001011111011
1111010110011101
0110001111111100
0101110101111010
1101011011011100
0110111000111111
1000011111110110
0011110110100111
1100101011010111
1110101111111011
1111110101010011
1101101011110010
0011010111110011
1011111100111011
1111111101001110
1111111101011100
1111111001110110
0101100111111001
0011011011101110
1100101111011010
0100110110111111
1000111000111111
1100110110110011
0111110111110111
1101110110011100
0110110011011011
1101110010101111
1100111001110110
1010011011111011
1110011111100100
0101101011111111
0101001011111011
1011011111101010
1111111100001111
1111001110001111
1110001101111001
1111110011110111
0110110101110101
1001001111111010
1110011011011111
0101010101111101
0110011101101011
1001011110100111
1101111010111101
1011111101011000
1001110110101011
0100101110101111
1111100101110100
1011111100011100
1010111101101100
1001011110110110
0110111111010010
1111001110001101
1111111000110111
1010111101101001
1110101100111001
0110100111101011
1011101110101001
1011001110001111
0111011001111011
1111011110101110
1000101111101110
1101111000101110
1100111001010111
1011111101110101
1111011110011100
1011100100011111
0111111111110110
0101111101111011
1110100110011011
1111101111000100
1001010011111110
0111010100111101
0011111011111011
1111101110110110
0111101111111011
1110011110101110
0101111011101101
1010111010110101
0011111101101001
1011110100111110
0110100111011011
0110111111010100
1110110001110111
1100110011101011
1000110111011110
0111001111111111
1101101110111010
1010111011001011
1110101111110000
1010111100011101
1111010111001010
1000101111111011
1101100111010110
1011011110111011
1111110010010110
1110011100011101
0110110111111011
1101111011000111
1101110111100101
1111110011100101
0101101001111111
1011111111100011
0100011011011111
0100011011110111
1010111011101110
1101101110001110
0011110111101101
1110010110111100
1111011111000100
0011110111111111
1101011011100111
1111000001111111
1010111110011001
1101101110101001
1110010100111101
1011100111111111
1110010111100011
0011011111111110
0010111111111101
1001101110101110
1110111110010010
1001101010111011
1111111111011001
1101010000111111
0010111000111111
0011111111111111
1111011001110011
0011111110001111
0011101101111110
0111101111110101
1101001111111110
1111111100001100
0101011100111101
1011111111111100
1101001110110110
1110101111111011
1001110010111111
1101101101110110
1001111011010110
1011111100101111
1110010110101110
0110111110111000
0101011101111101
0111011100011110
1101010010110111
0101011110101110
1010111111010010
0100101111011101
1001011010110111
1110011100110110
1001110011100111
0111101010101011
1101110110110111
0111101101111111
0001111111111100
1101011101011001
1101100011111101
0011111110111110
1110111111101111
1101111110011110
1011111101101011
1011111001101001
0001111111100101
0110100111101111
0110111111101101
0001110111110110
0011101111111101
1011100011100111
1011101101001101
1101110001110110
1100001101111110
0111100100110111
1111101011111100
1100101101111110
1111011001100101
1101110100101111
1101010101111010
0101001101110111
0111101111001111
0101111111101010
1011101001101101
1111001111101000
1010010011111111
1111011110101100
1111010011111000
0011111110000111
1011101000111101
1101011110010111
1101100011111110
0010101111100111
0011101011110111
1001111101110111
0111111011101010
1011101110101100
1111111000110101
1010101111100101
0001111111111011
1011010100111110
1001011111111111
1111100110100101
1001110101011111
1101111111010110
0010101111010111
1111000110011110
1111101001111010
1111001101000111
1110001110101111
1101011101111010
1011111110011110
1100101111101100
1110010110110110
0110111111010111
1001110011111100
1111000111010111
1111111100011010
1110110101111111
1110100101110011
1101001111000111
1111011111110010
0000011111111101
1101110101000111
1111001001110101
1111111110111001
1001011011111110
1111011011010110
1111011111110111
1111011101101011
1101110110010011
0111111101001110
1101111000110111
1010101111000111
1101100001111111
1111101101100111
1011010111100110
1010111111111101
1101011011011100
1100110111010011
1000111111111010
0111110111100010
1101110110010110
1101010011111110
0011111111101101
1101010111101001
1110111010111100
1111010010101110
1011011010001111
1110111111110001
0111001110101110
1111100001101110
1011111110110000
1111110011001010
0011010011111011
0011011110111101
0100101111011111
1010111011110011
1111011110010100
1001011101110101
1011001110001111
1011010111011110
1011110010101111
0110001111110011
1110111011011111
1100111101011101
0101011111100110
1110101111111101
1100111101011001
1010011101111011
1111111101000010
1011011101110111
1110110011011111
1011011110110011
0011111111010001
1111111101000110
1111111010111111
1101001101101011
0110101100111101
1101110100100111
1110110111110011
0110111101111101
0011010110111110
0111010011010111
0111111000111010
1001011111010111
0111101011010111
1110110111111110
1011111010101101
0111010101110011
1101011110001101
1010111111111000
1100000101111111
1100110101110011
1111110011001001
0110101011011101
0001101111110101
1101111101111110
1110100111010111
0101111110111100
0010101111110101
0111000111011111
1101101101010101
1111011100111001
1111011010010110
0110011111111010
1001101111001111
1011111001100110
1101001110111010
1010011110110101
1111011101110100
1001111001110101
1011111101110100
1010101101101101
1011011110101110
1000110111101101
1001111011100111
1111010011100110
0101111011100011
0011110011111001
1111110111100001
0011011010111101
1011010111101110
1110111001100101
1110010111111011
1011010101111100
1101111001100111
1111111001001001
0111010111101010
1110010011111110
1000111101001111
0011111010111111
1011001111111110
1011111110011011
1101001011111001
1111001011111100
1001111111100001
0111101010111011
1110011001111111
0110111010110011
1100010011011111
1111111010101001
0100010110111111
1111011000111010
0000111101111101
1111111101011101
1011110001101101
1110011110010111
1111110011110000
1011011111111011
1111011110010110
0011101010011111
0111100110110011
0111010101111100
1111101010101111
1011111011101111
1101101110010111
1100111100110110
0110101011111111
1011010111010110
0010011111011101
1000111110010111
1100111110110010
1111110100111101
0111001011111001
1111110101110000
1110001110111101
1000000111111111
1101010101011111
1110010111001110
0111111100110101
0101010111110110
1011010111010110
0001111011111011
0101110101110111
1011010111001111
0111011111111101
1110101111110101
1111010111110110
0110001101101111
1111011010001111
1010110111010011
0111101100111010
0100011111011101
0111010111001101
1001011111111001
0001110111111101
1101110100110111
0010100101111111
1001001011111101
0100111111010011
0011011011010111
1011000111001111
1101111111010111
1100101111011111
1011101110110011
0101111100111100
1000111101111101
0001111111001111
1000011111011111
0111111011110111
1101100111011001
0111111001011011
1110110001101111
1110101111010111
0111111110000011
1111101111000011
0111010101101111
0111110101001110
1011110110110011
0011011001111101
1101100001011111
0110101011111111
1111011001111001
1011100001011111
0011001111101110
1010101100111011
1000111111110111
0011111110011001
0100110111111100
1110101111100001
1110101111100111
0111111011100011
1011100110111011
1100001101111110
1001101110110101
1100111011110010
0011110010111011
0001001111111111
0011101010101111
1001110101001111
1101011011001101
1110110110110011
0110101101111011
1110000111110101
1001111001101101
1011011110011111
0111100111111101
1111010111100001
0111111111110001
1111110001100111
1101011001101111
1011111011001111
0111111010111111
1110111101011100
1001110110011110
0110111101001011
0111001101011111
1010110011011111
1001110011101011
1111001101111101
1001101101101110
1110100101011111
1001101111110011
0101010101111111
1001011111111100
0110110111010111
1011101110011010
1011011110111110
1111000011101110
1011110110100101
1101111111001000
1100001110111101
0101100111001111
1011010110011110
1111101101010110
0111110000101111
1111011001111110
0110011011111111
1001111110001101
1101010000111111
1110111111011101
0110110011101101
1001111011110110
0010011011101111
0111010011111001
1011111100010011
1100110001111110
0111110101110010
0010111011110111
1101110101010110
1000100111111101
1110111010011111
0111101011001111
1111011110000110
1111010110011110
1101111010110100
0110001111111100
1010101011101111
1111010001100111
1111110010010110
0111110101010110
0101111000111110
1101111111010110
1011111011111000
1100111100110111
1101111100010110
1101101110100110
1111011100001110
0011101111010011
0111011011010101
1100111101011010
1101111111101000
1111001011010011
1011111001110111
1111111011101001
0100111011111110
1010110011111101
1111111000110001
0010111101111010
1100111100111100
0111111110011000
1011100110110110
0111111010101011
1111110001100111
0111110011011101
0111100111111100
0101111011001101
1010110101110110
1010111100111011
1010010111011110
0011101011111110
1000111011010111
1111011011110000
1011110110110111
0110111011110001
1011101011101100
1101100110111100
1001101101001111
1111100111100111
1000110111111101
0111011001011101
1000110101111111
1001110111111101
1011100110111001
1001101111101111
0111101011011001
1010111111100101
1111111011011001
1100110101001111
1111100101001011
0110001101111101
0010011101111110
1101110001010111
0000011111111110
0110111011000111
1011111001011100
1001001101110111
1111110011001001
1111010001100111
0011111111101001
1110110100111110
0111110100101110
1111101000010111
1110010111111011
1110011111101111
1110111001111001
1110011111010010
1111100110111101
1010110110111101
1111000111110100
0101111110011100
0011101111001111
0111100100110111
1001011111011100
1100111011100101
1101111001010101
1110111001011011
0011100101111110
0000111110111110
0111001110111110
0011011111001011
1111000001111110
1110001111101101
1011001111010110
0111000100111111
1001100101011111
1111100010011110
1110010100111110
0001101101111101
1101001010111011
1110111110110100
1111001010110011
1011011001111011
0011101101111010
1001101111100110
1011111111010110
1101101101110011
1110111001110111
1110011110010110
1111111001101010
1111101011110101
1101001111101101
1111101011001110
0111101101010011
1111010111011010
1011010111010110
0111011111011101
1101001100101111
1101111101010001
1110100011011111
1011110111001101
1010110111010111
0000111110011111
1111001110001110
0111110110111111
1111111011001111
0111101100111101
1111100010011011
1010111111111101
1110010111110010
0011111010011101
1010111100111010
1110111000101011
1110111100111111
0111011011111101
1101001110001111
1111010110110011
0010110011111011
0100111101111100
1001110111001111
1001110111101110
1000110111011011
1100110100110111
0010111111101101
0101101111111101
1011111011111010
1111101111011101
1001001101111110
1111010100101011
1111110111110001
1111010111111111
1111010011001111
0111001111010110
0110111010101011
1010111010011011
0011110110101101
0011011110010111
1011111100001101
1001111111101100
0101111111101110
0101111101101011
1011111001010111
0110111011111101
1001111100110110
1111101101010100
1101111110001101
1111100011010011
1011111110110110
1011011011101100
0111010111110111
1101001011011111
1100111011101110
1111101101010111
1101111001001110
1100010111111010
1011101111100001
1010111011101110
1011101111111000
1011011101011100
0011101011111110
1110101010101101
0110110101111001
1110111010111110
0111111111100001
1100100001111111
1001011110110110
1101010011111100
0010111110101011
1111110111010100
0111111001101101
0011011111111001
1010011011101011
1111111001111100
1101011100110111
1111101100110101
1111101101110111
1011010110101111
1011011111011100
1111111100110101
1100111110011101
1110101110100110
1010111110011011
0110101101111010
0010101110111111
1100110101110101
1111010010011111
1100010110111101
1010111101100110
1111110001001111
1001110011111110
1110011011011100
0111011111011111
1101100011110011
1000110111111110
1111011001101010
1011011111110101
1101011011110111
1011001011011111
1111011111100010
0110110111011111
0110110111110111
1101011110010011
1001101111000111
1100111101001110
1111111100011001
0111100101111101
1101011111100100
1011111001110010
0111001111111111
1110100101111100
1111011000101111
0000111111111101
0111011111100111
1110100011111001
1110011110111111
1101110111010001
0111010101111010
1110011111010101
0111011111101000
0111011010101110
1101010011010111
1101101111101010
1101011111011101
1000111111010011
0101000111110111
1001111110111110
0100111111101011
1101001110110101
1111111000011100
0100111111101101
1010111001010111
1001111101100101
1101111111010111
1011011101100101
1001011111101111
0110001011111011
0110101111001110
1001111101110110
1011100011110110
1011100101110110
0111111110000111
0001111111111101
0101110101101101
1101010011110101
0110011011011101
1011111111001011
0101101111101111
1110101100110101
0111011101110100
1100110111011010
1011110001111010
1111000100101111
1111001011111101
1101011101110001
1100011101111011
0010110111110110
1010010111101111
0111000111110011
1000111101111001
1010110110111100
1110110100111100
0110111010111101
1101101111001101
1101110111010011
0111111011011100
1010011111111101
1101100001111110
1110110011101011
0010011111001111
1011111011000011
1111100110111000
1101110100110110
1101100101101110
0111010110011101
0001011111111010
1110010111011001
1011011111010001
0110010110111011
1011101011101011
1111110101110110
0010111011111101
1111001101011011
0011111110110011
1100111111010110
1101101100111001
0111110111001001
1011011101010011
1111100011010011
1101011100011110
1001011001111111
0110111111010110
1111011010010101
0011110111011011
1111110100010110
1101111011000111
1100111001110110
1101111101001111
1111111101100000
1110001110111001
1101111001001111
0111010011110011
1101100111111010
1010110011111001
1111101110001100
0111110110111000
1011011001001111
1110101110110001
1001101011010111
1110011111101101
0111011001011111
0010011110110111
0111101011101101
1011111100101010
1110110110010011
1101000011111011
1001111011100110
0010111011101110
1111110001111100
1101000111111101
0111010011011110
0111110101011101
1001001110111011
1010101101110011
0111011001111111
0101011101110011
0111100011110101
0011111110111001
1111110011110001
1100111110101110
0111011111010100
1010111111010110
1111110010100011
1111111011100000
1010111111101011
0011001111010111
1001100101111011
1110111011011011
1110110110101101
1110011101011010
1111101110011110
0101011101101011
1110101010101111
1010101110111111
1111010011010110
1111100110100011
0100110001111111
1100101101110011
1011010111011111
1110110011011001
1110100011101110
1100101011111110
1111101010110011
1110111010010111
1110101101110010
1010111100011011
0111111101011011
1101010111011001
1001101001111111
1000101100111111
1100001111010111
0011010011101111
1111111011101011
0111101111100011
1100111110101111
0100111001111110
1111110011011101
1101110110111001
1110010101010111
0011111110110001
0011110110101101
1101101001110110
0011111111011000
1110111011111001
0011110001111011
0111011110011101
0000110111011111
0110111111010110
1101100111111001
0111001110111100
1110111110001101
1100010111110101
1011011001111111
1000101011110111
1110011111111101
1001111101011010
0001111011011111
1101111111110010
1111011101110001
0110110111001111
0100100011111111
1111011001101001
1100111110100111
1110111001110110
1011111100010110
1111111110100010
1110101001111111
1110011011100110
1001111111111111
0010101110111111
1001011101111010
1010111010011110
0110101010110111
0110111010110111
0100110111101101
1111111011100001
1101101101001111
1101010111111010
1001100011101111
1111110110011011
1111111001101001
1101110101011101
0110111101010011
0010011111101101
1111111001101101
0011111111101100
0110011100111011
1111110011111000
1100111110101111
1111101100111001
0111011111100001
1111110001110010
1111010110001011
1111010110101100
0111100111011001
1111001011110111
1100011011001111
1011101010111111
1111101000011111
1111110110000101
1111110001111010
1111000111000111
1111111110100111
1111111101010100
1111111001110110
1010001011011111
0110111010111100
1111100101110110
1011100011100111
0111110110110100
1000111001111011
1001110110111101
1101111001001111
1011111001100101
0111110100110011
1111111010100010
1011011100101011
0101111111100111
0100111110110011
0101011110110110
1011101010111001
0010010101111111
1111110011101000
1111010111000011
1001010110111110
1101111101001001
1011111001011101
0111101110101100
1011001011111010
1011011101001110
0100111011111110
1101100011010111
1111110101111010
0011011110110011
1010011111110110
0111101101110110
1110011111000111
1011111111111110
1010110011001111
1100110111101110
1111000101101110
0111011111110101
1101110101110110
0110011101111001
1001101110101110
0101111111100010
1011110111000111
0001010111111111
1111101011111001
0101010110110111
1001110111011001
1100011010101111
1110111101001001
1011110011011010
1111010101110100
1111101110000111
1111110011001111
0101011101111100
1011010011100111
1111100111111101
0100110111101101
0010011111110110
0111011000101111
1101111101100001
1101100111111001
1111111101011011
1110100111101010
1100101100111111
0101111011010110
1101001110011111
1111110100010011
0111110011010110
1110110100011110
1011011100101101
1001011101011110
0101101101111011
0111011010100111
1100001111111001
0011110110111001
0111100011101110
1010010001111111
0001011111011110
0110011111010101
0000011111111011
1111001000101111
1011100101111110
1001001101111111
1101111101101001
1111111000110110
0101111111100101
1111001010111011
1000111110101111
1011111011100101
1101101110110111
0110110111110010
1101101110110101
1111100011010110
1110011101110100
1100101111111110
1110111000111010
1101111011101101
1111111001001010
0101111010111110
1110111111110010
0101110110101011
1010100101111101
0011011101011110
1001111011111110
0110111110011101
1011101111011011
1110111101011101
1010110111101110
1000001111111111
1000111001111011
1111011111100100
1111111110100001
1111101101111010
1110010111010110
0001111110110101
0011010111110110
1001110011110101
1111011111011101
0100111111011011
1101001111111100
0101111111001110
1110101010101111
0011101111111111
1000111111100111
1111101000111111
1110011100111011
0111011100011011
1111011011110011
1101010011101101
1111011001110110
1111001000110111
1000111101110101
1100101110111011
1111010001101101
1011110111011000
1111111111110100
1100000111101111
1001111100011011
1111001100111010
0101101101111100
1010100111101110
0111100111110111
0111001101111110
1011110111110100
1100110111101101
0101001111110111
0111100111100011
0111010101011111
0111101011101001
1100001111111101
1110101011010011
0111011110111011
0110111101110101
0111011111110100
1100011110011011
0101101111101110
0001111011101110
1101110110011101
1000010111011111
0101101101111001
1001111110011100
1101010111100011
0001111111101100
1011111010111010
0101111110100110
0011111010101111
0111011001011011
1111001001111001
0110010111101011
1110001101110011
1011101001001111
1111110101100010
1000111001111101
0011111110101100
1111111011100110
0101111111100110
0101111011111110
1000111101011110
1111101011100101
1111011011100111
0101110110011110
1101101110111010
0100111111111011
1001101011111011
1111010111010110
1001110110001111
1111000110111111
0110011110100111
0110110111110111
0111010111011110
1001011110011111
0110001110111111
1000111100011111
1111010010101110
0011110101111101
1100111000111110
1001110110100111
0100111111011011
1111111100001101
0110101110011110
1110111110111101
0010101101111111
1111110011010100
1101101100011110
0111101111011011
0101110101001111
1101111100111111
0111110010111001
1101110011111000
1010011111110100
1110011101101111
1001100111011101
1011001011111011
1000101111101111
1111011110111111
0011011110111110
1101110110111110
0100110101110111
1011111000011110
1100001101111011
1000101100111111
1011110010101111
1111100101101010
0100010101111111
1110110011111101
1011000101011111
1011010111111011
1010111011111000
0110100111101011
1001110001111110
1110000011111110
0011100101011111
0101011011011101
1110110011011001
1111111101001101
0001100111111101
1010011111010110
1011011010110111
0010111111111010
1111011111111011
0101011111110101
1111101010011100
1101110111110010
1100011011101111
1001101111000111
1111110001010101
0111001101110111
1010111011111001
1111110101100111
1000111001111111
1111011111011000
1010110101010111
0111111111011111
1010100110111101
0010101101111011
0011110111011110
0011001111011011
1111101110110100
1111111011101011
1111010001011111
1111001100100111
1001110111110110
0111111110011010
1110111100111001
0111010000111111
0111111111101100
1011011100101011
1101111011110001
0010111110111101
1011111100110010
1011101011000111
1001111110101110
1101011111010011
1101110111110010
0110101110100111
0110101111010110
1110001101101101
0110011100110111
1010101111111001
0110011110110011
0111110100111110
0111001101110111
1100001111111101
1001101111101110
1110001111100110
1001111101111111
0110011111011011
0100101111101011
0101101111111110
1101101101110110
1011010111111001
1101000111011111
1011110011101011
1101011001111001
0101101100011111
1100111111111000
0110111001111110
1111101111101110
1101010011011011
1001101101111110
0111110110111000
1101111111011110
1100111000111110
1111011110100011
1101101011110001
1110100011010111
1110011100111011
1110110101111011
1001111110100110
1101011111110101
0101111010110101
1101001101011110
0111111111111100
0111100101110011
1111111000111110
0111101001011111
0111100101011011
1111111011110000
1010101110111011
0011111010011110
1110001111110011
0111111101010011
0011001011111011
0110010001111111
1010101101101011
0011011011101101
1110010011110011
0111111101001101
1010100011110111
0111111011110011
1000110101111011
0101011111010110
1100111110001011
0011011001011111
1111010010110111
1011001101110110
1110011011110101
0110111101111110
1111010100011011
1101101011110100
1001011011101011
1001110111110011
0111111011100101
0011111101110100
0110010111101110
1010111011100111
1011110101010101
0011010110011111
1101111100101001
0101011101110101
1100001101111111
0110111011111100
1111111101011011
0110101101011110
1111010111010010
0101101111001101
1101011010001111
1110011111101001
0100111110111011
1111111001111110
1111000111010011
0111110001111111
1100010111011111
0111001111100111
0101110110011011
1011110101000111
1010111111011100
1110100011110111
1101000011111111
0011101111101010
1111011001111010
1011111110100111
1101101001011111
0110110110110011
1111110111110000
1101111011111001
1011011110000111
0101011100111101
0111101001011110
1011011111011110
1100010111101011
1110111011110001
0011110010011111
1010110110111110
1011101111010010
1111110111101010
1111001101011100
1010111001111111
0111111101010111
1100111001010111
0101011110111001
1011110110100011
0111001101111010
1011111110001101
0111110001111101
1110110010111101
1111011101101110
1001110111100101
1011110110010101
1010010111010111
1111000110111100
0111111101011000
0110101111010111
0001101100111111
0111011101101011
1001101111101011
0000011111111011
1111001111010011
0100101101111011
1110111111100110
0100011011101111
1111110111010001
1111011110000110
0111110111010111
1101111101101101
0011100111011111
0000111100111111
1011111010001110
1110111011111110
1000110011101111
1011111101011100
1011111101001010
1111100111110101
1100010111001111
1110100101101101
1110101111010110
1110111011010100
0110111001001111
1100011001101111
1111000111101011
0111101001101101
0111011101110010
0111101101011110
0110110111100111
1111111100001111
0101110101101110
1011011101011001
0110111101011011
0110011111011011
1011101110011111
1110111110101101
0010111101101101
0110011111111100
1111110010010101
1001111001011011
1111010011011111
0111100101100111
1110010110110111
1111111101011010
1110110110100101
0011101010110111
1111010110111110
0111011101100111
1110111000101101
1111101011111100
Time = 32.094s
