n = 16, k = 2, l = 5, m = 59
Expect Resample Times = 0.681386
Result:
1100001101101000
1001111011101011
1101111110111111
0111111011010110
1111100100111111
1000011000010011
0001100010101001
0011101101011100
0000110110010101
1010110001011101
0001011110110010
1110000001100001
1100110000111001
1100110110011000
1110001101101001
1100100100000111
1100111111100110
1101101011000011
0111110111001011
1011111110110111
0111100101000010
1111100001101110
1000111110010011
0100100000111110
1111100111100100
0100010101000101
1001010011101000
0101010001101001
0011001010000001
1110000000101110
1010000010001011
1010100011110111
0111010000010010
1010110111000100
1110101101110000
1000101011101000
0110011100101010
0101101111000111
0011010010011100
1100001100011111
0000010111110110
0101000111010110
0000001001100111
1000011010110110
0100000010001110
0111100101101111
1010001000111100
1000100100010010
1011000011100001
1000111101000000
1100110000000111
1011010011000000
0000011110010001
1101110100101000
0100001101001010
1110110110000001
1011110111100011
0001000110101101
0110111000101000
Time = 0.005s
