n = 13, k = 4, l = 6, m = 603
Expect Resample Times = 0.38393
Result:
0110010111010
1011000110110
0001010111111
1000010111111
0010111110011
0010101001111
0010010110101
1011011110001
1100001110001
1111011111100
1011111010111
1111001100110
1100000110011
1110001010011
0111101011001
0101001100111
0100011111011
0100111010011
1111011101110
0010110110111
0101111010111
0111010111111
1001111100001
0010111110011
0101111000001
1001111001101
1001101001100
0111111011110
1110110011011
0101101011000
0110101000011
1111110101110
0111111000011
1111110010010
0101010100111
0111101001001
0011101110001
1100011000111
0111011100011
0111100001111
1000110100110
1100101011100
0110001110110
0011100011111
1111011101010
0011100001011
0110110011110
0100110100101
1001110010111
0010011111100
0010111001100
0100011001111
1101000111100
1100011010101
1011100110111
1010100111101
1110011010001
0011100111110
0111000001111
1001110001111
1100101011010
1111001101000
1111111000100
1100111100110
0011111101000
1100011000110
1100011101010
1100111101100
0011011110000
1101110010010
0111001001010
1011101010110
0110010101010
0110100011100
0101010100111
1010110101100
1010001010011
1100011001111
1011111001011
1001111010101
0001001001111
0010101101100
0001010011011
0100110010111
0110010010101
1110111001111
0101101011100
1101010000011
0010111110010
1011101000111
0011011110001
0011110010010
1110011010101
0011110000101
1010001001101
0011101000111
0110101101110
1111101101001
1111111000011
1111000100101
1101111110011
0001011110010
0001111101101
0110111001101
0111100010001
0111001111100
1001111010000
1100111111100
1111101010000
0101010101101
0111001010100
1110111010001
1111111000110
1101010110011
1011000010011
1100001101111
0100111001100
1111000010001
0011110001011
1110110110111
1011110011011
0011000101111
0011011100101
1101010010100
1110001001010
0001001110011
0101110111101
1011111100000
1000010111100
0011001111100
0111111011101
1000010001111
1100100111000
1001001010101
1011110110001
1100101010100
0011000101101
1010100100101
1101110100011
1010001100111
0111110001101
0111000011100
0101111101100
1111110000001
0111101000111
0111111110001
1111011101101
0001101100110
1011001100110
0101000110111
1111100100000
1011110000111
1101101010010
1110101011100
1110100000111
1111001110011
0110011101101
0111011101000
0010101111111
1101111110110
0011011000111
0010111001110
1000111110000
1011000111010
0001011110001
0101110110110
0101010110001
1011000010111
1111000101110
1110100110001
0100111011111
1000011010111
0000111111011
1111111110101
0111111011110
1000101010011
0011101001010
0011011011011
1100100110100
0100101111010
0110110000101
0010111010100
1001011011111
0011000110110
0101110100110
1011101111111
1110001011011
1000111110101
0010100111001
1001111001110
0110000110111
0110010101011
1010110000011
1000010011110
1001101011000
1101010010110
0011010101110
1101110011101
1111010111100
0110010101101
1111101101100
1111010000010
0111101100111
1000100001111
0110001101011
1110011111101
1011110110011
1100011101100
1011100111110
0111111011111
1101010101110
1000110111100
1000010110111
1100100001110
1001010001011
1000110001111
0110011100001
0001111011111
1000011101110
0101101101001
0100011011010
1101011101000
1111010001111
0111011010111
1110100110100
0100111110001
0111010000110
1110101101100
0110010100110
0010111111001
0100110100111
1001110010001
0000011011011
0011100001011
0010111101110
1110000100110
1010101000101
0101000110011
1001111011100
1110101011010
0111101011100
0001010101101
1101001111110
1011010011010
1111111011001
1010110101001
1111010110100
0010010011111
0100111010111
1100111111111
1011000111111
1011100100110
1100011010011
1101111011011
0110000011110
0011010010101
1010001110110
1011110100100
1100010100111
0000110101101
0001110101101
1011110010110
0011010110110
1000101011111
0110101101000
1000111001100
0101001110111
1010101101110
0111100110101
0101010001111
0111111111110
0011001101100
1111100100011
1110110111010
0001101111000
1101011001100
1000101101011
1100100101001
1110111000011
1000101101110
1011100010101
1101110010011
0111110011111
0101110000101
1001111001111
0101010011110
1110011001011
1110001100001
1111010111001
1110011000111
0100100101101
1111100000011
0100011110110
0010111101101
1100100011011
1100001101011
1101011011000
1010111001011
0101101010010
1001111000001
0011101011110
1110000101111
0100110101111
1010010011001
1101111011000
0001111000101
0011111111010
1111011010010
1100101001100
1110010111000
0110010011111
0011101101110
0000111100011
0001111101010
1111000011000
0111001101010
1111110101001
1110110110110
0100011011001
1001010101111
0001101110010
1101100101111
1101101101110
1010110101111
1111110110101
1010100110110
0001111111110
1010100101011
0100110100011
0100001110101
0001010001111
1001011111100
1010011000101
0110110110010
0101010100110
1101101011001
0010011110110
0101100111101
1001111100001
0100101111010
1110110101010
0001110011001
1111011101001
1010100111100
1011010110110
0101100011011
0111001010001
1101000100111
0101101010111
1000101110010
0101111101001
1001110001110
1110110110111
1101001101110
0010011110111
1010110101100
0010111100010
1000110101111
1101011110000
0110110010100
0111110010101
1011101000110
1000110110001
1010011100011
1001000110111
0110100011001
1001110011011
0110010011110
1111001111110
0110001101011
0111100111010
0101110100001
0001111011100
1100111100111
1011110100010
1110110000001
1101011110001
1110001111001
1010001011001
0011111100011
0110101111011
0001011100101
0011011011010
0100010011101
1001101100100
1010101101000
0110110011011
1100011110010
0101100011110
0101110110000
0101110001110
1101001101101
0100110010011
1001011001011
1010110100111
0101010101011
0100100110111
1111000000101
1101011110010
0011010100111
0101011110001
1011101100001
0001011010111
0011101010100
0011001010111
1110111000001
0011110000011
0111110111101
1101100111100
1111001110010
1000101111010
1100101110010
1001101010110
1100010111001
0010100101110
0001111011001
0111011100100
0111101001001
0111001111110
1001001111010
0110111100001
1110000001110
1000110110010
0101110100111
1111110111000
0111100011011
1010110111111
1100100101100
1011001001011
1110000101010
1010010011110
0001111100001
0111101011101
0100011111011
0111100111110
0011001010101
1011101001010
1000101100011
1110001011101
1101010111100
1001011010111
0101101101101
1101010100011
0011100011011
1010110110000
1001111110110
0111110101000
0110011010010
1101001011011
1010111100100
1110110011000
1011111001011
1111010001100
1001100110111
1110010010110
1011111111000
1110001100111
1010011100110
0011111011101
0110000111111
0001100001111
0110001111111
1000011011110
0110011101100
0010001101110
0001110000111
1001101010111
1001010101011
0111101110000
1001100110010
0001101101001
0101001101100
0101001001011
1001001111110
0100100011101
0111000011010
0101010011110
1010110001110
1011011110010
1111011110011
1010010011101
1011010100011
1110100101010
0110101000110
1111011000111
0110100101101
1111000101001
0111011110010
0011100011100
1001111011100
1110100001001
0000011110110
1111011000111
1111001000110
1011000001111
0111111110110
0111110110001
1100011110010
1111110101100
0101111111010
0011101111010
0100110011010
1111111101000
1011010011011
1100110100001
1111110101011
0011001011001
1101110100001
1011111111011
1011111111100
0110110100111
0111111000101
1110001100001
1101000100011
1111110100110
1111001011000
1111100110100
0011110100011
1110101110101
1001101011100
1010011100100
0100010111010
1101001001100
1011011011010
1100101001011
0001111101011
1010001101101
0001110101100
1010111101001
1100000011011
0110001011010
1100010110100
0001101100101
0101110101011
1010010100101
1110110110001
0100110010111
0101100011101
1010100100110
0101101010010
0111010101111
0011101001010
0111101011101
0011101010111
0001011100111
0111100110010
1001101111110
1110101010110
0010011111000
0001001111100
0111110011010
1110011100111
0100101110101
1010001011110
1011111111101
0010001111111
0011101111101
0001000110111
0011111101010
0010110011101
1011000010101
1111011110101
1101101011001
1111101110110
1110101100111
1001101010101
0111111011001
1100011001111
0111000100110
1011111110001
1111101101011
0111001101110
0100110110101
0111011001110
1111100011100
0111110000101
1011101100000
1001001100011
1010111100101
1100100010111
1111101101010
1110101101011
0001011100011
1000111001110
1010010011111
1101000100110
1110010111001
0100011111011
0100011101001
0101111110100
1011100101101
0111001001001
1001010011110
1000110110111
0111110111011
0100000110111
0111010001001
1011111001101
1001001101100
0101011111011
0011010001110
0110011101010
0100110000111
Time = 0.092s
