n = 12, k = 2, l = 4, m = 54
Expect Resample Times = 0.561243
Result:
111011000010
111010100100
000011110101
000110101110
001111100101
100111110001
101111111000
110010101011
100001010110
011111110110
010101010010
110101111100
110100100110
101101011000
010000111001
011010000101
000101001010
101100111100
000001111110
000111100000
011111111110
010010011001
100101000101
100110001001
101000111011
010100011101
011101001000
101001101010
011101000000
110000010110
110100111001
010100110001
100001101110
010011111100
001000111101
011100001001
101010100010
011001011011
000110101010
011011000010
010010011011
011110001000
011001001010
011110000010
111011111000
111110001000
111111001111
010111011100
000011001110
011100001001
110111101100
011010101111
100101100000
100001101000
Time = 0.042s
