n = 5, k = 4, l = 1, m = 80
Expect Resample Times = 0.39125
Result:
01100
10100
11110
10001
10101
01101
11000
01011
10111
11111
10101
11010
00111
00001
01110
10001
11101
10100
00011
00011
10100
01010
11001
10000
00111
01000
10000
01001
11001
01101
10100
01111
10010
11101
01111
00100
11111
01001
01010
01100
01011
01111
01101
00010
00011
01101
00001
10001
01111
10101
00011
00001
11110
10101
10011
11001
00001
00011
10111
00100
00010
11010
01101
10100
10001
11110
10001
01001
01001
11100
01000
11100
00100
01010
00010
10111
01000
10001
11101
01111
Time = 0.001s
