n = 14, k = 2, l = 4, m = 56
Expect Resample Times = 0.638752
Result:
00101110110010
01100011101010
00111001000101
10000101101001
01000011001110
10110001011101
01011001010011
11010101011001
01001101001101
00011101000101
11010000110010
00011010111111
11111000111100
00010011100101
00010010111010
10111011010110
11000010111011
00011110100110
10100011100001
10111110110010
00001101010110
11110110010101
10111011100010
11101010101101
10010011100111
11101100111110
00101010100110
01011010110101
11110000110001
10101001011011
11101011010101
10101011101111
11010101010000
01111100001010
11111000001000
01001001110111
01101001111100
11111110110011
10010110001110
00101111000010
11011101010110
00110101000111
10110101111001
11100010000101
00011000100001
01010010100101
01111000100110
11100111100011
11001010001101
01110001100011
11011100101111
01001111110011
11000101100111
01100010001100
00000111111111
11100111011110
Time = 0.223s
