n = 10, k = 2, l = 8, m = 364
Expect Resample Times = 0.511088
Result:
1111110011
1011111011
0111011111
1111011110
1101111111
1111101110
1111110111
1111110111
1111010111
1111111011
1101101111
1111111010
1110110111
1111011101
1111110101
1111101110
1111001111
1111110011
1110111111
1101111111
1111111010
1111101101
1111111011
1111110110
1110111011
1111101111
1110111011
1101111110
0101111111
0111111011
1001111111
1111010111
1011111110
1110111111
1110111011
1110011111
1011111101
0111111110
1110011111
0111111101
1011110111
0111110111
1111111100
1011111011
1111011111
1111110110
1111010111
0111111111
1111111001
1111111011
1111100111
1110111011
1011111101
1110111011
1101111101
1111110101
1110111110
1101011111
1100111111
1111100111
1101111101
1011111111
1011111111
1101110111
1111111101
0110111111
1010111111
1011101111
1011111110
1110101111
1110111111
1111111110
1011111110
1101111101
1111111101
1111011011
1111111111
1111111010
1111110011
1111001111
1111111111
1111011111
1111001111
1111101111
0011111111
1111110011
0111111110
1111111110
1111101111
1111111110
1011110111
0111111110
1101111101
1011111110
1111110101
0101111111
1011111111
1111011111
1111110101
1111111011
1101111101
1111110011
1110111110
1111110011
1111110011
1111110101
1101101111
0111111111
1111110111
1110111110
1111111011
1011101111
1111110111
1010111111
1110101111
1011110111
1111110101
1111111100
1110110111
1011111111
1111011111
1011111011
1011110111
1111111110
1010111111
1111101101
0111101111
1011111111
1111010111
1011111011
0111101111
1111111110
1111111011
1111101101
1001111111
0101111111
1111111011
1111110111
0111110111
1100111111
1010111111
1110111101
1111110110
1111111010
1100111111
1100111111
1111111011
1111101011
1111101101
1011110111
1110111101
0101111111
1011110111
1111110011
0111111011
1111111101
1111011110
0111110111
0011111111
1011111011
1111110110
1111111001
1110110111
0111111101
0111110111
1111110011
0111101111
1001111111
1101111111
0111111011
1111110011
1101111110
1110011111
1101111111
1101110111
1001111111
1110111011
1101011111
1111011011
0110111111
0111111101
1111111110
1111010111
1101110111
1111010111
1111111100
1110101111
1111111010
0111011111
1111011110
1111011111
1111101110
1101111101
1110111101
1011111011
1101111111
1011111110
1110111101
1111001111
1111101011
1011111111
1111111001
1111111111
1110101111
1010111111
1011111110
1111011011
1111111010
1110110111
1111011111
1101101111
1111101110
1111110101
1111010111
0111110111
1011111101
1011111111
1110111111
1101111101
0101111111
1111101110
1111111100
1101111011
1101110111
0101111111
1111110110
1111101101
1111101110
1110101111
1111100111
1111001111
1101110111
1111101110
1110111110
0111101111
1111110110
1111110111
1011101111
0111111110
1110110111
1111110111
0111111110
1111101111
1111111101
0110111111
0111111101
1011101111
1111111010
1011111011
1011111101
0111111110
1110101111
1011110111
1111011101
1101111110
1110011111
1111111100
1111101011
0111110111
0111011111
0111111101
1011011111
1111101111
1011111101
1110111011
1011101111
1111011111
1011011111
1111111110
1101111011
1011111110
1111101111
0111110111
1111011011
1111111100
1111010111
1111110111
0111111111
1101111011
1111111101
0111110111
1111101101
0111111110
1111111100
1100111111
1111001111
1111011011
1111001111
1111101101
1110111111
0110111111
1111101011
0111101111
0111111101
1111011110
1011111101
1101110111
1101101111
1011111101
1111101011
1111011110
1111011110
1101011111
1111010111
1111111001
1110111111
0101111111
1111010111
1111001111
1111110111
1011011111
1101101111
1010111111
1001111111
1111110110
1110111111
0111101111
0011111111
1011111011
1111100111
1111010111
1111011101
1110111111
1100111111
1111111111
1111111010
1101111111
1111011011
1111101011
1011101111
1001111111
1110111110
1111110110
1100111111
1110110111
1111110111
1111101101
1011111011
1011111011
1011111011
1101111110
1111111110
1111101011
0110111111
1011111110
1110110111
1111101011
1111101111
0111011111
1011011111
1110011111
1111101111
1111111101
1111111101
1111011011
1111011101
0110111111
1110111011
1111111001
1110111111
0111110111
1101111110
1111101110
1100111111
Time = 0.004s
