n = 16, k = 7, l = 4, m = 3708
Expect Resample Times = 0.366694
Result:
0010011110110011
0011101000001011
1001100111000111
1100101010101110
1010000011010001
1001101111001100
0011000000011001
0110011001111111
0010111100100110
0110011110111110
1010010011110001
1111110001011100
0100001111001110
0010111000110101
1011001111010011
1101011011110010
0111101010010100
0101110011001111
1001010110111011
0010100001010001
0010011100111101
1100101000100101
0011001100011101
1101010001111111
0001001000100100
0111111000000001
0101111101010010
1100110101001000
0111010100011011
0011101001000000
0000000100010110
0000111111010011
1110111101101100
0100010010100100
0101110100000110
1100100111101000
1110011010011001
0110000100011001
1010001001000101
0100101001110110
1110110100100111
1110011111110111
1111110100100101
1010111000000010
1010100011101110
0011010100101100
0001110000011001
1110110111011010
1000000011100111
0100001001010101
1110101101111001
1101110101001110
1101001100000001
1010110100010100
0010010101100111
1111111000101010
0110001011000010
1110011010110011
1111100101010010
0001101110100001
0100011011001100
1101100100101101
1101011000111100
0100111110111101
1111111010101111
1111001010111111
1010010101011111
1110000010101010
1010010110000110
0110001011101001
1011000000110110
1011101101000101
1010010000100110
1010010011010110
1110010111001010
1100000010000001
0001111001111100
1100111011101011
0110000101010101
1100000111110001
1001111010100001
0111100000011101
1111000100001000
1101010001110111
1101001001101110
0111001010110110
1111100101010101
0111001110001111
1110101101010010
0010001100011011
0001110000000101
0101101111100010
0000101001000110
0101001111101101
1101101101010000
0010110101010001
1111110110101010
0000111011000101
0100111110001100
1111010111010011
0100100100001100
1011110110100110
0101010000011001
1011010001100111
0101000001000100
1000011110101001
0000011111001001
0100000110000101
1101111010111011
1110110100000100
0110110111101100
1101010010000011
0110100111101101
1011010110000111
1001010010110101
0111011100110011
1110000110111100
1000110010111000
1111101101010011
0110101000000110
0100100111111100
0010000111101010
1011000100011110
1000000110111011
0111101000010000
0000101011011011
1001110010100111
0001111111011111
1111001011010101
0111011010000100
1010110001011110
0001011011001110
1110001100010100
1111111101101101
0010110000101101
0001110011000010
0100100100101101
0111111110110000
0100110011001100
1000100100000010
0011001001110111
1110110001111101
0010110100000110
1111001011101010
0010101110101000
0010100110010001
1001101000000110
1111110001111111
0110101010010000
1011100111000101
1001011111010000
1101010000001110
0001111001011111
0010111111001011
0000001111001001
1111011010011100
1100000001101001
1000101110111000
0111010000100010
0100101001011110
0010101001010110
0110001000101101
1111011011100110
0001110111111011
0001100101101010
1100011000100111
1000011001010100
0000111000110000
0100100110000000
1011100000111000
0011111110100100
0101101001010011
0111110101010101
0000010011000111
1000111001100101
1000100010001110
0101101001100110
0101011101111100
1100100000101100
1100100100011101
1101101111110110
1111110100011001
0101111000111100
1011011000010011
1001001111101001
1101111010111101
1100010100011101
0101111010000110
0101011111111111
1101011000100010
1111010111000100
0011011110110000
0100010110000011
0101010111111011
0010010110010101
0010101111001011
1010101101111111
1110101110011010
0110011110111110
1100001100110001
1000110010111111
1111101111100111
1100100010100110
0011011011010101
1000100101010011
1010010010010101
1010110100011010
1000111000101001
0110011000110000
1010011111010001
0001111110101010
0100110101011111
1001101011010110
1000110011101011
1100110000110001
0000001100111000
0011100011111000
0000111111010010
0101010111011101
0110101111001001
1110100010100101
0000001111111110
1001010100100011
0011100101000110
1100111111101001
1011001101010011
1101100000000000
0100010010001101
1101010011110101
1010111001011100
1111001011110000
0100001011000100
0011101111000100
0100011011101001
1100110110110011
1010110101001111
1110110000101111
1001101101110111
0111100000111101
1111000010011000
0110011101110110
1010010000101000
1101110111111000
1101100011100010
1101001000110110
0011011000100010
1111111101011010
0010110101111001
1010100011010100
1000000110100111
1010000101011001
1000000011111011
0000001110101010
1010100111110000
1100010010111100
1110010001010011
0001100001010000
0000001101100100
0100101100001111
0010001100100100
1101110010111010
0000001101010100
1100110010100001
0000110111111101
1101111010011010
0010001011100100
0101001001101101
1111001010110101
1100000010101010
0111111010000110
0011011010110010
0011011101101110
1101011110111101
0111110000001100
1011101101010111
1110101001001001
0110111101001011
0011111011100100
1010110111000110
0100010010110011
0010010111011101
0101000001111111
1100011010101010
1111101110101101
0111111111111100
1000011100001111
1011110000100010
0110000100100001
0100110010010011
0101011000111110
1101010000100000
0100100101110010
0111110001101011
0001110011101111
0110100110110011
1110010000100010
1000101111101000
0010100001011000
1001101110111000
1101101001100011
1111111000110000
0000110000101100
1011111001110001
1000110000000011
1100011100111110
1101010011001101
1110001000111010
1111010001010100
0010101010001111
0011000110111001
1000100011101011
1011001011001010
0111000011000100
0100001010100000
0001100110011001
0100000000011001
1001110110100100
0110111000101100
0011011110100001
0111001111111011
0111010101100101
1111001110001000
0100011010011010
1110110010110101
1001000001010001
1000001001100101
1110101001100000
0000110101011111
0001100010011010
0000010111101111
0001010010001010
1011001101100110
0111001010110100
1100100110000000
0101100111010001
0111111010000010
0110110111100000
0011010100010110
1100010110101110
0100110101010001
0101100110111000
0010110111100010
1101000010100101
1000011010010001
1010110001011100
1010101111001001
1000101100011010
1010111100111000
1011010010111100
1110001001010100
0111010010101001
0111110010000010
0000110011100000
1100100100011100
1001101000111011
1011011011111001
1100010000110110
1000111001111010
1010011100100101
0000101111010100
0000000111101000
1100110000100111
0100010101000100
1100000101100001
1100011111011000
0111111111010000
1100000011011000
1011111001010111
0010100001010101
1001011011011110
1001110010011011
0100000011011000
0100110001111110
1010110110111100
0111011010110001
0111111000010000
0110011001001000
0101001110000011
0110110000100101
1001000000110111
1110011101010100
0001001110111110
1111111100110111
1001111111111010
1010111111101101
0110000100011000
1011101101010111
0011110101101011
1001001100110111
1000101110111011
1011001001101110
0010000010111010
1101110100110100
0100101010001010
0100110111101111
1111000010011101
1010100111100101
0110111000000111
1001001011010010
0100010101000010
0111001000000101
1100001100010100
1000110010111101
1101110100101101
0010100111011000
1011111111000110
1001100001000010
1000011010110001
0111001011010110
1110011011111100
0010101001000000
1110111001000001
0101011100001111
0010001010011001
0111001110100100
1100011010110011
1110101101100010
1101001011101101
1010000101001011
0011110101010000
0100100100001000
1010001101100111
0001000110000011
1001111010100010
1101110011000001
0111100010010001
0011111001111000
1110110101010011
1110101010001101
1100001000010110
1010111001011000
0100110000100100
0010011011111010
0111010100110111
1110010100101100
1001001111001001
1001010111100111
0100000010011111
0110000111111010
1010101100000010
0001010000001110
1110000000100111
0000111101011110
0111010101000110
0001001111110101
0000111010101110
0010010000011011
1001111101001101
0101001101010111
1011011001110000
1110101001111101
1010100110100011
1001110101010010
0110010001001111
1100001001001100
0001111100110101
1111100010001000
0110100100111111
0111110110011000
1110100100010000
1110001001111000
0111000101110011
1101111000101110
0011011111101010
0111011010010011
1101011001110100
1001001010011110
1110111001100010
0111101010000110
0011110011101111
1001100101001111
1010100011111010
0001110100011011
0001001010101111
1000110101011001
0100010011101110
0100000110010100
0001111101101010
1011100011010000
0001111000010000
1001111001111110
0111001100000010
1101111011011011
0000101101111010
0001011110101101
0101001010111100
0101100010101110
0011000100101000
0101100110001010
1100101101100110
1000111011100001
1111000101011010
1011110111110101
0100111110001101
1010000001100001
1001001101011100
1101001100001111
1001111011001000
0011001010111110
0110100111000111
0111111100101010
1001010001001001
1011100110011101
1101000010000011
0110010000111000
1001101110100100
1111100100000000
1100001110100000
1100011010100010
1101000110010001
0011110111001110
0111000011000110
0010011101000000
1011010111011010
1110110011011001
1001111010110100
0101111010111111
0101010101011101
0011111010101000
0011000000000110
1001111011010001
1000111101100101
1010011111000101
1100011111110011
0100110011001110
1000111001011011
0111000000110111
0001010100000011
0100101111110111
1110111001000001
0010101111001111
0100011101111111
1100111100000101
1110111001001011
1000011011000010
1010100011101010
0110010011011001
1111011110100011
1011100111001011
0100101011001110
0101111001011110
0010100001000010
1100100001010101
1110110110010010
0100111111100100
0111111011110101
0110001111010101
1100000101010100
1101101001011100
0001110011011001
1011011101101110
1011000001001111
0101000100011111
0101101100101011
0011000001101001
1011001010110010
0000001110000101
1011101011100001
1110110011101000
1111011101011110
0010101100001111
0110111000000011
1110100001101111
0101010111101101
0001101100010001
0101101101110011
1100101101001011
1011101110000000
0111000101110011
1010100010010000
1000011000000011
0000000000011101
1100001100111001
1011011010101011
1011100011100011
1101100001100010
1011011001100110
1110100111110010
0010100001001001
0000101111001101
1000011010101110
0011111011111000
0011011100000101
1000110101010100
0111000111001110
0001110110101011
1110110101010110
1111111010000110
1100011011010100
0011100100111000
0011111111011000
1010110111001011
0011100010101101
1010100000100001
0101000010101110
1011010010101101
0110000011011110
1001001001001010
0100000100111001
0101111100010010
0110110100001000
1100011110111011
1000011000101110
1000111001011001
0110010100000100
1010110000000100
1111001100011011
1110100000011100
0000101110000010
0011001001100111
0011010001100010
1011000000000111
1010011011000010
1100110000001001
1111000001101011
1011001000101101
1100111010110011
0110001100001000
0001011011011100
0100011100000001
1111010101111101
1011011000000101
0110011111110001
1001100100010111
0111011011000101
0010000011011101
0111110011011111
0100000011110001
1011010001011011
1001000110001111
1000101000010011
1011111011110111
0100010011001101
1010101101111111
1100100010000000
0000011001011010
0101011100010011
1000110011110111
1110101101100100
0001100000101010
0100011110111111
0101001010001111
1010000001011110
1110101111001001
1111000110011000
1010010011100001
1000001100110001
0110011100100010
1010110011101110
0101101100101100
0101000111000101
0100001101000010
1101011011110001
0000100011100101
0111000110000111
0001010110101110
1101011101100111
1001001100110111
0101010011100110
0101001001100111
1010011000000011
0001001111010101
0010101111010101
0101000110000110
0000100111010111
0000101100110101
0101001110001000
1110110000000101
0110111110111100
1100100011101011
1001001011101110
0001001111000010
0111011010100100
1010111111101010
0101100001111000
1000101111111100
0101010110010010
1010110011000101
1111000001010011
1100110010010000
1111000010111101
1111110010101010
1100011101001100
1100011011000111
0001000010010010
1010100110000100
0111100000110111
1100011011111101
1101011111000101
1011001101011011
0111011111101111
0101111010011011
1111011100110000
1000011110101000
1011110110001101
1000001110010010
0110101010000100
0101101101001001
0100110100000000
1000010111001101
0010000001001001
0000001000111100
1010011000000101
0110011001010111
1111110001010001
1100011001001101
1100010010110100
0101101110111001
1101000011101110
1001010000001010
0001011111110101
0100010000111101
1101110001000001
0011000010001110
1010101101111011
1001100001111100
0000001000011101
0100100101010000
0001100111110001
1010110000111111
1001011010100011
1010011100000101
0000111100000010
1010010100110010
0110100100110111
1010100011000011
0000001111110001
1001100010111101
1100001010100010
0100110000100111
0001100110100101
1010000011001000
1011011001010111
0110110101100011
0000100101010001
1111100010001011
1011000011001000
0100111011010010
0110000000011000
0100111001111001
0010000001100010
0010111111110010
1011110101110100
1001110001000101
1010011001010011
1111011100110011
0100111000100110
0000101110111000
1000011000100101
0110101111100010
0001011111100101
0101011111010110
1101011001011010
0010001001100010
1100010001101000
0111100010100010
1100000010011001
1101010001011000
0111100101001000
1001011100000001
1111001010011110
1111111111101000
1010010000111101
1011001001100100
1011001010101010
0001101010110000
1000001010110101
1110101000001001
1010000001100010
0011001111100011
1111000000100110
0010111011010011
0110101011101000
0101010101000110
0100101000111100
0111101111110111
1010001110110011
1000101000000010
0011111001100010
1110010101000010
0000101111110011
0011000110101011
1110001101011001
0010100011011111
1010010111010111
1000001111100010
0101010100101110
0001010110010110
0110010010000111
1111111110000111
1001100001010010
0010100110101000
1011100100111001
1101111011010110
0111100011000101
1101000101011001
1001101000011111
0101111110010110
1000011011011000
1111111101110010
0110111110011101
1101111101111001
0001000011110011
1011010111110100
1001110110100000
1010101100101000
1101001001010111
0001111110111110
0011011101010001
1100101111001101
1010100101001110
0000011111101110
1111010010100110
0100000011110011
1000111001110000
1100001001010111
1100110101100001
0000111000111000
0011001000101110
0111011100000010
0111110111111000
0101100101001101
1101010011010100
1100110010111101
1011100000111001
1011001000000110
0100001110111000
1100000010101101
1011110101001110
0100000101000010
1000110100111111
0111111111110100
0010110011100101
1100000101111111
1011100000000001
0010100100100101
0001100110101100
0111111010110110
0100011100000100
0101010100001000
0011001100111001
0000001000011110
0010011011001100
0101111000100000
1011110010011101
1000110000001000
1100000110001100
1000111111110100
1000110010111110
0111000000001001
1101111111110010
0010111101001101
1011101001101001
0000100000001110
1011101111110010
1110000101000110
1001000011111111
0111100100100110
1000001100011101
0001100001110100
1100011001000101
1111011101011100
0011111001100110
0110000010001010
0111011100110001
0101111110110001
1011000111111000
1100010011000110
1000100100010100
1101100000011001
0010110000011110
0010100011001101
1010001011100110
1100011000111010
1001100010000110
0010111100000100
0101001101110011
0111101000110101
0010111110111011
1010111001010111
0100010111001110
0011111011001011
0010101001010101
0101000110100101
1110101110001101
1111111111111010
1111100101010100
1111011110001111
1101011100010010
1110101100110101
1010001010111110
1111000000000101
1011110101100010
1100011100000110
0100011101101010
1111011010101111
0111100011010000
0010100111000000
0100100001011100
1000010101111111
0011011011010111
1100001100111100
1101111110000111
0110011110011011
0011100111110110
1111011111000101
0010010111111011
1011000010011010
0101111010110110
1100011011011011
0111110101101101
1101011000010011
0101110001110001
0010111100010100
1010110011101111
1010001011100010
1011000000100111
1001010010010001
1010110111111001
0011001010001001
0111101110000101
1001000101110010
1100010001011010
1011000101101011
0011001100111010
1101101110000111
1010100111110010
0000111111011100
0010110110100110
0001000011011110
0010010100011100
0111000010010100
1100101101010111
1111011111111100
1111010010010111
0011101001110000
1100000111001111
1001001000001000
0010010010001111
0010100001101110
0101000011010001
1110001001001001
0011001110011000
1100111011000100
0111000111011101
1110000011111101
0111000110000000
1101001010110101
0100100011001000
1011001100111010
1101111001111010
0111000111001010
1111111110001111
0101100100011011
1111011010011101
1000010100010010
1000111101100001
0111110110010110
1010110010110101
1011010010101111
1100001101010101
1111000100001101
1001010101101111
1000010010110111
0010100101001101
1110111001000100
0110010101111110
1000010000111011
1000111010101110
0000011011001011
1101101100110110
1011010100011000
1111000001101001
1011011111011101
1010101010010010
1011110100011100
1110100110011111
0111101100100011
0010001101111100
0101001000011100
0100000101011101
1000000010101010
1100001011101010
1100101110011100
0000001111101010
0001010110100000
1101000001010110
1110111100000111
0101101011101010
0101101000010011
1110101111001111
1101100011001011
1111010000000000
1001000011100011
1000001111000010
1011100111101000
0001100111110111
1110100000100001
0011010110101101
1110110100111010
0000011100000001
0010101010011111
0111010111001111
1001011011100011
1011011100101001
1000101011101100
0101000010001111
1100011111011110
1000011110110101
1111101001111001
0100000111101101
0001000011101000
0011001100010110
1101001111111000
0110100010011111
1111101010001100
0000101110101011
1110010000111101
1011010000100011
0101110110110010
1000000000101100
0000111010110110
0001011000110001
1011000111111001
1101011000101100
0010111110000100
1000111000010110
1111111100100111
0000110111100001
0001011100010100
0000001011111100
1100001111110101
1101101000110011
1100100111011111
0101111110011000
1110110101101010
0100001010010001
1000111111110110
1000110010001011
0000101011111001
0101110101000000
0010011100100110
0010101111110010
1011010110100010
1110111010110111
1011010100001001
1000001100110101
1111010101011001
1110011000011101
1000010001111001
1111110011111101
0111111101101011
1110101100011110
0110101010101001
1001101100100100
0000001001110001
0111011001000111
0010100011101011
0010000110111110
1000110000100101
1100101101000100
1100100001011001
1111100001010111
0000000011001111
0001010011100000
1011101001001011
0011011010101001
1011110001011000
0011110110100000
1010111011100111
0001000001110001
1100011110110111
1101010111101000
0100000010111101
1101101101101001
0101110101000000
1110011111000100
1000100010001100
1011011001111100
1101111011001001
0111100000011100
0101000110111101
0010111110001000
0001011100110000
0111010000011101
0110110000111011
0110010011110101
0010001010111000
0001001011101000
1011010110000001
1101110100011111
0011011111110010
1000010001111001
1000111111001100
1111100101111110
1111101110110110
1010101000011001
1011010001110000
0110100101110000
1101111100100001
0010000011000010
1101110010011000
0110001110111111
0000001011111111
0011110111011010
0110010100100001
1100100110100001
1100010000110110
0011001001011010
0001111011110011
0001101101111100
1011110110001110
1100001101111010
1001001010101100
0101000001101011
1110110010101011
0100110010001011
0010011001111010
0111101111010000
1100111111001110
0011100111110101
0001111111101011
0100101101000011
0101101011011111
1111001011100110
0100111001011011
0000101010111110
0111111100000110
0001010101001110
0110011011000011
1111100100101101
0010000100010011
1011100101111101
1111101001110111
0111101101010000
1111100111111110
1110010001001000
0100000010011000
1010111011010111
0100111111100110
1011010011001001
0111000101100010
0100010001001111
1001011111000110
0100011101111110
1001011100010000
0110001111101010
0001111110001100
1000011100100101
1111000000010100
1101011100010110
0000011111100110
0010011111101000
1000010001110001
1110001110110010
1011100001110000
1001101101101010
1100000000010100
1010111100011000
0101011001100011
0011011000100101
0001101010011110
1010111100000000
1111100110111001
1110111100000110
1011001100100001
0011010001100010
1110000011001110
0101101110011010
0100100001111101
1110010001011001
1101010100110000
0100011100001110
0001000011100010
0110100110111000
0011000111101010
1100000010101111
0101000011001111
0111010010010100
0111101110111010
0101011001111001
1001110110000111
1111110010001111
0111001001101100
1101011011000010
0100110111100101
1111110100000110
1110110110011100
1010010000010100
1110011010101110
0011101010110001
1011110100010001
1010110011000001
0100111010101110
0101100010010101
1000000110010111
0001111010100011
1001010110100000
1100000000000011
1110001111111010
0111111111101011
1000010010111111
1110011000010001
0011111001111011
0011001101010101
1001110100111010
0110101101100101
0101011111001001
1101110001010110
0001010110010101
1000010001001001
0101111011000110
1001001110110001
0100100100001010
0110010110010111
1111001011010110
1101111000010101
1111001001000010
0100011100011011
1100110111000000
0011000001101010
1100110001001011
1001100000101000
0101010110001101
1111010111110111
0100111100100101
0000011111101000
1111111011011001
0001110101101000
0001101001101010
1111110110000110
1111011110000001
0110110100000011
1111000010010111
1001101011110111
1001110000010110
1011111011001110
0110111111110001
1011101010111010
1101000111011010
1010010001101011
1100011001110110
0110110101010111
0001101111110111
1111111000011010
0101110110001111
1011100100111010
0111110100100001
0000000101111001
1110100110100010
0000100101110111
0100011011101000
1111110111111001
1011100011010000
1010110011010110
0111000011011110
0001010100000111
1101110101110011
1001111111011100
0100011000001110
1001100011011000
1101111001111010
0010110100101101
1100010001011101
1110110011100000
0110001100001011
0010101100000001
0100010101010010
0110111011010110
1110001110011000
0111001001100111
0001100011000110
1100100000000110
1000101110111100
1000000011101110
0011011001001001
0011010111111000
0010110100001110
1000101011011000
1100000000110001
0011001110101100
0010100001010000
0011000110010110
1101010001100111
1000000101111001
1111000011111101
0001111010011010
1011001010111000
0010100010011101
1011010100010001
1011100000010011
1001010010110100
1101111010101000
1011101011110110
1110101110100001
1011001010010100
1110100001110000
1010100101010110
0000101000010101
0011001111101111
0110110011101011
1011011011001000
0100010101011110
1011110001101000
0100001101011110
0100011001001011
1011100110011010
1111011111101000
1000111001011010
0100100011100111
0100100010011010
1110111100111001
1111001100000011
1000101101001000
0011101100000001
1100011010110000
1101011010110010
1000111001011000
0010010001100110
0010100101100101
1101000101011010
0101101000000001
1001101000010000
1110111001100011
0111001100111010
1000101111000000
1101001110010110
0110101100000110
1001011010010110
0100001001000010
0001011101100010
0011111000000111
1010010011000000
0001111111010111
0001100011010011
1000011101110100
0111010010001011
1100111011100110
1100110101110000
1001101001100000
1110101001001011
1101001100010101
0110111010001001
0001101100001111
0111100001100101
0011100011000100
1111101010110111
0011001010100011
0110010100111011
1111010010100111
1001001001011001
0010100001111011
1011110100000001
0101110010011110
0010111011010001
0010001101011100
1010101110110000
1001001010110100
0010110011010111
1111011011100011
1011010011011000
0100011010010110
0010010100110011
0111110010000110
0110011000011010
1010110101011000
1111001100000011
1010011000101110
1101111110100001
1001010100111100
0011110101010011
1000011000000101
1010001100011110
0100001000100100
0001010001010001
0110000100111010
0010011100001001
1001010011110001
0000101000101000
0111101100010110
1001111001001001
1000110010100101
0111111001100111
1001000110110010
0000000011110010
0110101101010000
1110000001010100
1111000010101010
1000010100011110
1111011010011101
1000011001110101
1100100101011101
0111101100010010
1001011011110100
0000100110111011
1001101001010111
1001000110101001
0111011100001001
1101001101011000
0001110010000011
1101101010110101
0100001010001001
1011111010111000
1011101010000001
1111110001111011
0010010010000100
0010100110101001
0000001110101111
1100010001001000
0111110000001101
1011001101101101
1010101111110001
0001001001101101
1000001001111101
1001000100100101
0001011001100110
1010000010111010
1100101100101011
1100011101111011
0001101110110011
0100011111100111
1011000001110011
0100110000010101
0111110011001100
0010011101111001
0010100011011001
1010101001100000
0101001001100000
1111101000110011
0100100110100100
1001010001101011
0101110101000101
1101100100011001
0001101011001111
0101001101100011
0100101011101111
0111011010011110
1001001100001001
0111100100110110
0100011101111010
1011001101001110
0111101101100001
1111000010011001
0101011111010101
1110100011101000
1011110111001000
0101101010010011
0110110000111111
1111111010100110
1111100100111110
1011001011000111
1010011110011111
1101110111000110
1010100011001100
0110100111000100
1110101000100011
1001100000100101
1101011010101001
1101100000001100
1011011010110001
1110001111100011
0001001010101111
0110001110111011
0100000011111100
1111001001110100
0111111010001011
1011001101011011
1110010111110100
0101010000000001
0010100000101111
1110100000110001
0000000100111111
0100100100111100
1000010101110011
1110110000100101
0001100101010011
1111100011110111
1011011100010010
0000000010110010
1011001010110110
1001101011000100
0000110000111001
0110010110110000
1100100100010010
1100111111011111
0110011000100010
1111111111001000
1100110101111001
1010100000011001
0011001000001001
0110100101101011
1001001010000111
0100101000010011
0000111010000000
1011111010010000
0001001111111001
1111100111001110
0110101011010101
1000110100001110
0001010100001100
1101111010111101
1001010011000010
0011110000110101
1011000001000110
1100011101000101
1110001011100001
0000110110111101
0001110100000010
1111101110100101
1011011101001010
1000001010001111
1110111111001011
0101001110000111
0001100001011110
0111000101000101
0100010011010101
1010101011110100
1111011101101001
0000110110010001
1101111101011000
0010010001101001
0100111010000010
0110011100111001
0010011011100001
1110001000001111
0100101010000101
1100100111101000
1011000101100001
0011100110011000
0001010111000010
0110110011000111
0111110111111101
0110110011111011
0111101100101010
0010011011010111
1011111110001100
1010110100001000
1100000101110010
0101011010100001
0110000001001101
1001110111011010
0110010111000011
1010110111110110
1110000101001010
1100010110001100
1111100001001000
0111011111010010
0001111101000010
0111001110111011
1011111101100011
0101111000010111
1101001100111100
1001111000111110
0100111101101111
1000010101001101
1111100000000101
0110110100001001
1000100010001001
1110011111001110
0101101010110011
0111010001000010
1010111110101101
0111010010101010
0000111111011011
1101000110100100
0110110111001001
0001101110011100
0011001101011000
0110011001111011
1101100000101110
1011111111100110
0111000100011001
0110110100001111
0111101010110001
0001100110100100
0110110111010011
0000001011100100
1000100100001100
0011100110101001
0010011000111010
1101001011011011
0111100011010111
0100100100011000
1000101110101101
1110010101111100
1001101011111101
0111110010100001
0001111010011011
0111000010011011
0001011001110001
1110001100000110
1010111010010000
0000111110101001
0110001011111100
0011101101010101
0000001010100010
1010011111011100
0000011010000111
1000111001101001
1111100100111011
0110101001101011
1111110101111000
1001101010110011
1100010000101110
0010010110000001
1001110111110011
1101000011100000
1111010011100001
1111110011111010
1000110101001001
1101110010101101
1001000111010101
1000011101011100
0111100001010011
0010110001110000
0110001100111100
0111100101010010
0111101010011001
1010000010011101
0111111001110000
1111000010111001
1001111100011110
1101010010011101
0100101110101101
0000110000110001
0000101111001010
1010100001000010
0100111101101111
0101010011100111
1010100111001001
0100001110010111
0000011101100001
0001111110101010
1001101101111001
0011101010100011
0101100000100111
1011110111111101
1110000100000101
1001101001010010
0111000111010000
1110000100000011
1000100011110101
1000101100000000
1000001100101010
0010100000001010
0001101111110000
0011001011101101
1010001011010101
1001000100110110
1011001111111011
1101001001010010
0110101010010101
0001001110100101
0001000010101100
1100000110000111
0100000001000011
0011101110000001
1111011111110010
0111011000101011
1011110001110001
0010100010100000
1000000010101111
0001100101001000
1001100110010101
1101111111110101
1110010010111111
1110101111000110
1101010001000111
1000110111011011
0101010101100010
0101001011010010
1101110001011001
1000010010110000
1100100111010100
0101100101000000
0010001111001101
0010101001010111
1111011011111000
1010001110011110
1111100100001111
0110010111111010
1110100000101111
0100100000110011
1101111001011111
0111010000000100
0010100011111100
0111101000100011
0011010111100010
1111001110111100
0011100111101000
1000110001101010
0011001001010111
0010110100010101
0100010100001101
0101001110101100
0010101011100001
0000110010001100
0000001011110010
1110000101101011
1000000110000101
1101011011111010
0111010010000001
1011000010101001
0001011011101100
1100010110011001
0001000111101011
0101111010110000
1010011001000100
0110110100110001
1010001011010011
1000011110001110
0010000110011100
0111100100101000
1110011001100011
0111011001111010
0001110111000110
0010001011110111
1101011000011100
0000010110100100
0011100011100110
0011001010011011
0011001011111001
0010001111101010
0100000001101110
0100111110000100
1110100110101010
0011001010000101
0110110110011100
0010101101001001
0110011111000111
1100100000100101
0001001100111111
1111011001011011
1001100110100100
1110011011110101
0010001001101011
0000010101110111
1110111000000100
1110100101011110
0011100110111111
1011011011101010
1110100011100100
0101111011011001
0011110101011111
1111100110100111
1001101100011011
0001111111111111
1000110011000010
1010000000110100
0100010011001101
0010100001110111
1110001110010000
0011101111111111
1110010011011001
1011010110010100
0001000001110011
0110111011100110
1100101101101111
0000010101010001
1111110101110100
0010010011110010
0010100001001001
1011110001100110
1100001010001111
1101000000000111
0000010010011010
0110100101111101
1101101110001100
0101011110001010
0001110101100100
1010110101011011
0110100101010111
0101000111110111
1110110100100111
1011000010001011
1001101010101010
1011100001100010
0010000100101000
1010110101110111
0111001101101100
1010111100110101
0100001011001011
0000111011110001
0101111011000110
0111111000011000
0001100111000010
0010000010001100
0110100100101000
0000101100010111
1100001110001011
0000111111101110
0100101110000111
1011101101101000
1100100101110011
1110000100100010
0000101110111011
0111111000101100
1000010000000111
0101110011110011
0010000000111000
0110110000010100
1001001111000010
0000100000111000
0001010010111100
0000100000011111
0100110100110000
1001000010001111
1011001010011000
1110010011000111
0011110000011000
1011111010011000
0011100001010000
1010111111011010
0111110000110111
0101010010110010
1100000111101110
1111100010101001
0011100101100101
0010000010110001
1000010111100110
0001111101110000
1100000100111001
0000111100111111
1101101010001100
0000111000011101
0101101010100110
0001010111111110
0001100101111111
1001001001010010
1111011111010001
1001101001110001
0011101010001110
1111100010010111
0011001101101110
0111110010010000
1010011111000010
0000000110010011
0111010100110110
1101110011111111
1110110111010101
0101000010011100
0111110101011101
1100100000101101
0010111010001111
1001110001000101
1000110000111101
1001011011100100
1001110101111111
0010010001010110
0100111000111001
1111001111101010
1000001011000001
1001101101000100
0101011100111110
0111110110011110
1011111001001000
0001010110110100
1101011100011100
0011111000001010
1100110101001100
1011011100011010
0011011011101011
0100000111011010
1001011100001001
0111110100000001
0111001001110110
0001100110000011
1000101000101100
1110111001111100
0001000110101101
1110100011010101
1000010111111111
1001100111101011
0111110011000011
1101100110010011
1101000011010111
1101100110010011
1010000101100000
0101111010110001
0110000110001100
0011111110011111
0101101011011001
1110011100101111
1011011101010001
1010000111101100
0011011101101001
1101011000101100
1101010000110101
1100001111110101
1111110010110110
0010101111011100
1100010100111111
1100100101100100
0111111001000011
0011000011001001
1110000011001000
1010101000000000
0110010111011101
0001101101000001
0010110101000001
1110000101011110
1100110101010001
0100010100100001
0011010011000011
0011001001010111
0100100100101111
1111100100101101
1100011110000101
1111010001011010
1111000101010011
1011110011000011
1110001111000101
0110011000101110
0001111011001000
0000000010101010
0101011011001111
1000010001111111
0011001011010010
0101101111001011
1101010001000100
1110110100000100
0000001110011001
0011110110100111
1100111001100101
0001100010010110
0001110100101100
1011000011101011
0101010100010010
0000101110111111
0000011110001010
0111001111101001
1011000000110000
1110000110111110
1111100011010010
0010110100011101
0001110100101001
0010101001110011
1011010110010010
0000000111101100
0010110101011001
0110001111001100
0110010110101000
0110010111101110
0111001010011101
0001100111110000
1101000100100010
1110100000011111
0011111110101111
0100110011010001
1110011110001101
0001100001011110
1010000011001100
1010011111100010
1100001111001111
1000000111100111
1010111010000111
0111100101101101
0100000001101111
1001111111011001
0101010000011010
1101101101101001
0011001001010101
0000101101011110
0001100101101111
0111010110000101
0011110101110011
1100101100001011
1110110000111100
0001111100001000
0011110011110111
1111011011111011
0111011001100111
1011010011010100
0010110001101011
0111001010001001
0000110100100110
1010001111001001
0111001100000101
0001001101111100
0110010000101101
1001110010110000
1010110101101101
0111101110110100
0100101010111010
1100101100001111
1010110111011001
1000110000101101
1100100000100100
1001011100010010
0001111100000001
1110001101100111
0100101110011000
0000110100000110
1011100000001100
0011100100110010
0100000010010001
0110101011000100
0000100001010111
1101111111110111
1011011111001100
1010010010110101
0001100111111010
1001111001001100
0100110110011000
0101100100011000
0101110100110011
0010110101000111
0010100110000010
0101100100100110
1100011011111000
0011010011111110
0001000000110101
0010010000110110
1111011000110111
1011101010011111
1000011000101110
1010010010000001
1010011110001010
0010111100111110
0010001111001110
0101000011000100
1111100101011100
0011110010011101
1001010001111110
1011111111100110
1010101101001110
0000101000101111
0110100001110011
1000110110101111
0111011110110001
1000111010111000
0101111111110100
1010011001010011
0100111001001100
1000100110101100
0000011001111001
1100110100000000
0000100111111110
0111000001111011
0110111101101001
0001111001110001
1100101110110011
1001101110100110
0011001011110001
1011011111001110
1100000010100011
1101101010110001
0001010001101110
0111010101100010
1100010000100110
0000010001001100
0011001100001101
1111000101110100
1001000000011101
0111110110100011
1101001000000100
0111111100111001
0110100001010010
1101010010000010
1101000100101111
1110010010000111
1001110000011000
1100101110011011
0110001101101101
0101010100011100
0011110000010110
0010111101010011
1000110000111001
0100010101111001
1111001110100001
1000100100000100
1011011011101000
0110000000101011
1010101100110001
0100000010111010
0110011111111101
1000110100100011
1111111001010110
0011000100101011
0001100011110101
0010101100100000
1000110111100111
0100010101011000
1101000001011100
0110001101001000
0110001101000011
0110101111101111
1011100001010000
0010010101000010
1111011001100101
1000000101010100
0010001011100100
0101110011111001
1000000011110100
1011010101101000
1110110100010010
1000000100111100
1001110001100110
0001111000101110
0110101100011011
1100010000110110
1100010101110111
1111111110101111
1010010111100001
1010011101001011
0110101000001110
1101111100001101
1001100100001001
1101110001011000
1110000101110011
1100001110010011
1001010000101000
0000110011111100
1110110100010111
0010110111010100
0000000100001011
1011010011101111
1011011001111110
1111111100111101
1010001111100011
1110101000111011
1010100011010011
0000001111100110
1110011010011010
0111001001111000
1111101011100010
1001111100011010
1101001100110111
0001000010110010
1010001101001000
0100100100011011
1000010001110010
0001001000110011
0001010110110101
1011010011111100
0111110000110011
0110010011001000
0101000011001101
1011100101100110
0111111110011111
0110011111000011
0010010111101101
0011000000001100
0100001010100111
0000001110000001
0101010110101111
0011111001100101
1000001011011100
1101100111111010
0101001100000010
0101010001101110
1011101011011000
1111010101011001
1001101101111100
1110110101101110
0100010010010110
1111100010011011
1011000011100001
0101100100111111
1111010010101111
0010100110001100
0011100100111011
0111100101111110
0110011010000101
1010011110000111
1010110101101111
1100111111000000
1101111100110011
0010110110101001
0001011100011001
1001010001101011
1001000100111100
0111111110000100
0110101111010000
0011001111000110
1100001011100100
0000010011100110
1010000101011010
1000110011001000
0110010101110101
0110101010000001
1010110000101000
1100100100000010
1111100011011001
0010010111010001
1100001010010101
0101010000111011
0111111000011110
1100000100011101
0001001011110110
1011111011010001
1001000110111111
1111010011010000
1000010110000000
0011010011100110
1101011011011010
0101110110010011
0100011000111111
1101000111101000
0110011010010100
0100101100010000
0101010010111100
0100011011010011
0000001011010000
1000010111100010
0101011110001000
1000010101100100
1101000101111000
0010001111001101
0110111001011111
0110000110110011
0011101000010011
1101111001000001
1111011101100011
0011001101011000
0111001111101010
1111001001101000
1101110000101011
0011100000100000
0100000101101000
0110011011100001
1000011101110001
0010001111100011
1010011110110111
0111001110100011
1100011010110110
0111010111101010
1111101101000010
1111010110000000
0001011011111101
1110000010010010
1001010010110001
1110111111111001
0110100010001011
1011110000010001
1101101000010000
1100111100001010
0011111110101011
0001101110000000
1100000001000010
0011011101001010
0011010100100100
1110110011001001
1001010011111100
0000010011001001
0011000001101011
0110010100001011
1011111101101110
1100100011111011
0110000110010100
1111101110100100
1011010010000000
1011110010000011
0010111111000100
1001110001100001
1000010101010101
0111010100100000
1000110001010111
0001111110101110
1010001001100001
1010001110001101
0101010100111101
1100100101011101
1101000101011011
0010010101011011
0111111110001000
1100000110111000
0110100111111101
0101001101100111
1111100011001011
0011111111101011
1100000000111100
0101110010101011
1010101010001110
1010110010011001
0110000100101111
0011111000001111
1011101010001101
1000101000011001
0001100001001011
0101010101111100
0010111011001101
1110111100011001
0010011111011011
1011100001001010
0111101011110001
1000110010011011
1111111110001101
1010010111111010
0110011000111110
1011111100000100
0111111010010111
1010101100101010
0001100011111000
0011101110011110
1000000100111110
0000101101011001
0101110000110101
1010101001101101
0111101011111111
0110010101110010
1000011100000100
0101101001011001
0000100001100010
0101100011110101
0010011110011010
0010111000000001
1001111101010110
0111001010000001
1100011000000000
1010111011110000
0010010111010100
0011001110111010
0010110111000000
1011101101110001
1100100111011110
0001000000101010
1001011001111001
1110101000010101
1001110100000110
0010101011000101
1010000100000101
0010110110110011
0000100011010000
0100111000100101
0110101101101101
1111110010111111
1100111100111111
0111111100010111
1111100001111101
1100101000110001
0111001001111010
0000000000101110
1001100101101111
0001111000100000
1110010111100001
1000010110000110
1011010000010000
0011000000111111
0010111000001110
1110101001101101
0111111101010000
1101110001010001
1101001110111001
0011000100100111
0101110010011010
0011000001001000
1011111000011000
0001101010001100
0111000110110000
1110110111101111
1100101010101100
1001110011010010
0001110000101100
1111000010001011
0110011100001111
0100110000110011
1111100101100011
1010111101111101
1010001000100101
1011011100000111
0101100011100101
1101000110111010
1001011001111011
0101011101110001
1000010110100001
1111001010101010
0001110111101001
0010011111101010
1010010011010100
1101110111001011
0100010101111010
1110000011001010
0101010011101110
1110100100011111
0001010000010101
0011001110100101
0011100100110011
0110101100111100
0110000011110011
1100001010100111
0101010010011001
1001011011100101
1001111101001101
0110101010101100
1000100010100101
1100101110110001
1011100010010100
0000011100111100
1100010100001000
1001110010101001
1111011000110000
1000001110001101
0101000000110010
0111101101101000
1011010101000111
0110000011111011
0111110111000110
0011000100111100
0110010001010100
1011001101010011
1111011000101101
0111001010001010
0011010101000001
1010111011011111
1010100101111110
1100111010111101
0010101111001011
0000011000111110
1010011000100001
1100010111100011
1111011101111101
1001101000010001
1110011000010000
1000000010000110
0101000000110001
0011010101101101
0111111001101000
0110110011011001
0001011001100000
1101000111100100
0110011010000101
0000001001101101
1110110110100100
1011011011101010
1100000011110111
0000001011011110
1011001001101110
1000001100001111
1111010111101000
0111011001110011
0000011111100001
1001011011000100
1001010011000111
1100000101110011
1010010111011010
1110101100000011
0111111000100100
1000011100010110
0010011001101010
1111111100010010
0010011101110100
1001001101100000
1111001001101011
0100000011110101
1101010001011001
1001000000001111
1110100110110111
0100100110010111
0011111010101001
0100011110100001
0000111100001011
1101000100110100
0111110000111010
1100111000111100
0100101110011101
0111000010011100
0000001101110000
1101011010111011
1101010111100011
0111010011011001
0111101010110110
1101001000111001
1111110010010011
0001000010111101
0010111011011111
0101101101000111
0110101101000011
0100011101101000
1101110011101111
0100001001000111
0011110001000011
1110001111101011
0000001101010110
0010011010001111
0111000011001101
1010001100110111
0110110111011110
0110110101001011
1011010010010111
1111011101111010
1011001001000011
1101001010100011
1010011111010111
0000000001011011
1000001111000100
0010010001001110
0100101001001010
1101100100011001
0111010010110011
1110011110111001
1110010100011011
0111001110101011
0100010101100110
0101110011110101
1000111001000110
0000001110010011
1001000000001110
1010000001110111
1011111000010111
1011000110011010
1011100010011001
0010110101101001
1011100100101000
1010110000110011
1110101000100001
1100100110100011
0010101111100101
1011001010101100
1010111111110101
1101110100101010
0100011101001100
0100001001110000
0110111011010110
1011111010100000
0011010001100101
1110011010100111
1011011001010010
1100110110011010
0101100110111101
0000101001010010
0001010100111110
1101001111010010
1101010111111111
0111110010010011
0001111001100011
0111101110010000
1111000101101110
1001010110111001
1101010001001100
1000110110111101
0101111011010001
1011111000000000
1111111000100101
0011000100110111
1110001111000001
1111000000000010
1101101000010010
1111001010000001
0000001001110100
1111101000101111
0110010010111000
0100111101110010
1101001010110010
1010010111000111
0110110010110101
1111001011011001
0111100010110011
1010000001100000
0000101100010111
1001111010000110
1111111110101010
0100011110001001
1111110010001010
0000111111010000
1100010011111110
0100001111000000
0000101000111001
0011101100001011
1010000100001100
1000011001001100
1101100010011010
1110111100001001
0010010101010001
0111000100010110
1111100111000101
0101110001111010
1010101001100000
1010010111000011
0010111000100001
0010010111010000
0000100010100100
0110100100000110
1001011011011011
1010000110000010
0000010011100111
0011000101110001
0100001001111010
0000011011011010
0110001111001100
1100010010110101
0011101001001000
0011110011100000
1010011010100110
0111100110001011
1110100101111011
0001110011101101
1110010111011101
1101111111011001
0011010111100010
0111000110001011
1110000001111101
0110101100010010
0011011011100010
1110011010101000
0000010010101111
1111000110010100
1010010101111000
1111010000010101
1101110100010000
1011000000001100
1000010011111010
0111001111001001
0111111010110010
0100000111011011
1101111101111001
0010101000111111
0011101100001111
0011110111001010
1111100100010011
0110010100000100
0110001110101000
0111010100010001
0011110100010110
0000011100101100
1010110010011001
1101100000000011
1001101100010111
0110010010111111
1010011011101011
0011000001111011
0010111111100100
0101101111000100
1111011000011111
0001100000101010
1010111010101001
0101111010100111
0010011001100110
1000110011011111
1010100011000000
1101001000010001
1101100010011000
0111110000100111
0010000010001010
0111111010100010
0001011000001101
1101001011010011
1101110000101111
1011011111011010
0101110110111000
1000000000111000
0100110100100110
0100101111000110
1100111010010010
1001011111001100
0111011011110110
1100001010110111
1111110000111011
0010010011110110
1100100010100100
0000000110100110
1111101010111000
0010010010010100
1101000110000101
1011111010111110
0001100100111111
1001011101011110
0100111100111110
1111011010011010
0011110111000100
0100111111111110
1101010110100100
0110101111010010
0010010101111111
1001101010000000
0001100000000110
1110100011000001
1100110101001111
1011011111111110
0101110111111110
1001010111011011
1000000111101100
0001001010101101
1001101110000111
1010001011100111
0100101000110010
1111101001001100
0011011101011000
0100000001110111
1100110011110100
1011100011011101
1010010110110110
0001111110111010
0101011101010011
0000010011110001
1100000110111010
0010110010110111
0000000010111100
0010101001011000
1001010100001101
0011110001101011
1100110010010101
0101010110101110
1101110101111011
0000011111100001
1001000011111001
1001111111100101
0001100110110111
0111010110110100
0111111100110011
1100110001100101
1011001110011000
1011001100001101
1101100111111110
1111110001001011
1000110110101101
0000101110001001
0010001111101101
1100011111010111
1000001101001011
1001010010100010
1000100010011110
0111100110110000
1010111111001011
0011110011110100
0001100001101001
1001010011111100
1100101010011000
1001011000010001
0001001000111001
1101011101110010
1011110100000010
0001010100011010
1100000111010011
0001001010001110
1110001000110011
1000111011100110
1110000011110001
0000101100000011
0100000000110001
0101101101111010
1111010000011110
0111010111001011
0100111011101101
1111011110010101
1111101010001000
0100100110000100
0101101100000101
0111010010001111
1000101101000011
0101010100100110
1011000000001010
1000110000100100
1100001010111010
0000001110000011
1010001000001100
0010001111100101
0000101100001011
1011011111100110
1101100000011010
1010011010110111
0000001101101111
1000110110011101
1000000111011001
0101111011000101
0100101110111000
0100101100000110
0010011111101111
1010001111100101
0111011110101100
0101010100000001
1101011100110011
1111011011010011
0001100001000111
1110000110110111
0101011101001000
0111101010000010
0000111000010101
0011101110111011
1011111101010110
0111100010010100
0101010101100011
1010001001010000
1001000111011010
1000010000010100
0010110010000100
1111111010011011
1100111110110000
1011011101011001
0010111000011010
0010010110101100
0001101100000100
0010011101011011
1100001011100000
1011101101101110
1101011111111010
0010011011101010
1100100110000001
0111001100001000
0111100111100001
1110001110000000
0010011011100011
0000000100101100
0101101110101110
1101110000010111
0001010110100111
1111100001110000
0111100001111100
0001111000111111
1100001001100001
0111100010000010
0101011111100110
0011101000010100
1111001001110010
1101110000010011
1011000001001111
0011111000101001
0001110111111101
1011111001011010
0100011100100100
1110001011010101
0010100111011110
1101100101100100
1000011110001110
1011010100110010
0010011001011101
1000101011110110
1001011001110100
1101011111110111
1101110000011010
1110000001111010
1001001111010011
0010010010010100
0111111000100101
1100101100111011
1111000000001000
0100110000101001
1001110000101000
0110000010010001
1100100001011011
1010011001001000
1111100011000111
0110011000100101
0010110001110011
0010110001100100
0110100011110010
1011101001100100
1100010000110010
0100111110011101
1001110101011101
1111111101010100
1111101100101010
0100010010111110
1110110111111110
0010110110010011
0111111111101011
1100011101010010
0101000011001101
1000011010010001
0010010010010001
0111001100000100
1000100001010011
0011111011101111
1001111100000110
1011001101010011
1001110110011110
0000111000001101
1100001111011000
1010100110110001
0010010011010000
1110100110010101
1000111001110101
1010101010000001
1111011111001011
0111010101110010
0010010101010110
1110110110111111
0000011100101011
1111011001100110
0000101111011001
1101000100110000
1110111110010001
1100100100011011
0000100110100101
1010001110100000
0110010011100011
1111010001001100
1100110001000001
0101001001010100
1011011111110010
1011101111110000
1001011011000001
0110100101000011
1010011111011100
1000011011101010
1000101001110101
1010100111000101
0101001001000000
1110011001110101
0100101011011000
1100100100111010
0101001110000100
1111011101101100
1000110001111010
0011011011100101
1100001000000011
1001010111111001
1100101010011100
0011000100101000
1001110000010010
0101000111011110
1011000110010010
1000110001011000
0001111100110101
1110011011001101
0110101100001000
1101111000101111
0100000001011010
0101100111101100
1100000010011101
1011001000011111
0010011011000101
0101100111100100
0100110101100000
0111110001000101
0001101010100001
0110110011000000
1111100110011111
1001100111100101
0110001001111101
0011101011001001
0000001111101101
0111110101100001
1110110000011001
0110100011001111
1100110101111100
0110010110011101
0100110001000110
0101000011110001
1001110010101010
0110100100101111
0011101001011100
1010111001101110
0001001001111100
1110111010001010
0101000011010100
0000100100001110
0101011011110010
0000001010101001
1011110110000000
0001001110000100
0110000100100010
1010111011000010
1010101100011111
0011101110111010
1101011101101010
0100000111101000
0000110100010001
0111001000101110
1010100001110011
1101010101100001
1011000110000011
0111011111001010
1101101100100110
0111111100101001
1010101110101110
1111110110000010
1001011001110001
0101100100111100
1111011100110011
1000001101101110
0001011101111010
1111010100000010
1011001001110100
1101101001101010
0010001011010001
1001010010011010
0111010100000101
1101010010011000
1000110000111011
1110110010001100
0110001010100110
0110101101111000
1001110110001010
1110011101010101
1010111100100001
0000101101110011
1010110000001110
0111010110010111
1100101101001010
0001110100010101
1011111111111011
1010011011100011
1101100011100001
1101010001110101
0000001000101110
0011001000110001
1100010001111011
1110110001001011
0001111101100000
0000001101010000
1100111001101011
0001100001011000
0011100100000101
1111100011110001
1001101000010010
0101100010100101
0010111101100001
0111000011110100
0100001110011011
1011111000010001
1100100000101000
0111111101100000
0100100001010011
1100010101101011
0010010010110010
0000001010111011
1011101010010101
1111101000100100
0110001111010011
1100001010001001
0000111111010011
0101000000011110
1110010010111110
1111001100100101
1100100000101000
0101010011101100
0011110111111101
1101100101101100
0110010001101000
1010110001111001
0111000111011111
0100010110000110
0101110101100001
1111101111111101
1010010011000010
0110001010110011
0100001001100101
1011001100000011
0000011011100101
0111111001100100
0000100000010111
1011100010101110
0111001010000010
1101000001000101
1111011110100010
0101011110001000
0011111001011111
0111111001101100
0110000010011010
0000110001111101
0101010100011000
0001011111111111
0011111010100010
1101111011000110
0010101011010100
1010101100110101
0100100011100001
0100100011011010
1100011000110100
1010110010001000
0111111000100010
1001101110110000
0110001011001000
1001101101000110
0010101000000101
1000001101110100
0100011010000101
0110101010100011
0011010101011011
0001100100001111
0111001110011011
1010011011100110
1110000011100100
0000010001110010
1100100000011110
0001001101000100
0110001010111100
0111001110001111
1000011010101010
0010001010010001
0100010001010001
1100111010100011
1111110000110101
1110011101111110
1001001001101111
1010111100001110
1110110000111000
1101001000100110
1011011101001001
0100110100001001
1001110110010001
1101001111010001
1001001100111011
1101110000101011
0010010000101100
1111011001101001
0000000011110101
0110101100100000
0110001010010111
1110010000100110
0100101100100000
1101111101101110
0111001100110101
0101110111011010
0001010111001111
0111100111101000
0001111011011000
0000101101010100
1111000101000110
1001000001001100
1001110101101110
0001000001011100
1001001100110110
1100101100110010
0111010110011000
0101011110011111
1010010010110010
1010101110010100
1000110001011010
0101100000101111
0011001000011101
0011111100011011
0101001111001100
1000101001110010
1011000011100110
1011111000101110
0000000011101010
1000101000111100
0011010100110011
1100111010100100
1101011000001001
0110101110101111
1110010011101111
0100010101110011
1100010010001110
0000000110111111
0111001001000111
0000101101111011
1100010000011111
1101010001111101
1010010100000000
0100011110010111
1000011000000001
0100100101010111
1001011110000011
0100001100000101
1001110010111000
0000010010011000
0000000000111001
1011101011001100
0101110111111100
0010110111100110
0010110001011000
0010000001111111
0100101000100100
0001000110110001
1010101100011110
0011101111111000
1000000100111001
0101010001011000
0100010100010100
1110101010011101
0011101111111101
1001000100001010
0000110101011110
0111100101011111
1010001100111011
0101010010001011
0010001011010100
0010101011101101
0111111001001101
0000110000101000
0101110001100100
1110111011001111
1110000010101110
0101010111100111
1011111111111001
0111001011110001
0000110100110100
0001100000111100
0101000110110110
1000101101001110
0000001110111001
1111111011100010
0101100100111000
1000010100101111
0100011110010011
1101001011100010
1000011001001110
1011111101111110
1100110101010100
1011101010000110
1001100010111111
1010001101011010
0110010101101101
1000000011011001
0001110100110110
0100000101111011
1111011011100010
1111101100101011
1100110111110011
1000100010001011
1101001000110001
1010001000011101
1101110011110001
1010000001100011
0100111100100100
0000010011011111
1001101101110111
1100010000110111
0111110001010100
0100010010110111
0010110011101101
1000000100111000
0110100110001000
1011011000111101
0110001111011111
0100110100010100
1111001100100000
0110111001011001
0000001110101111
1101111110100101
0001000011100110
1101110110101000
0110000111110000
1001000011010100
1101100010110001
1000101111000011
1101011100010101
1000111011011111
0111000010011101
1100001011110111
1111000100000011
1111000110100011
0101011111011101
0101101011110000
1010111000001011
0000111100111100
1010111111011010
0101000011000000
1010011101000010
1111111001000011
1011100100000100
1111111111110111
1110010000001100
0001111111111000
0101111011101111
1010000001110101
0000010010111101
0101110100011100
1010111011001011
0000010101011011
1111110011100111
1101101001111010
0001100100111100
0110110110110111
1011111101110011
0001010011100001
0100101000100001
0001110110010001
1110000011110100
1000101011111100
1000001111101011
1100010110010100
0010010110000111
0110011111100100
1001100011101001
0100000011101000
1111111101100101
1110101011001110
0001110101000001
0001101000100101
1100100111001011
0100110000010000
1010000100101000
0111100110110100
1101000111010100
0010110100100011
0001110000110001
1100111001111110
0100110111000001
1001001110101001
0101011101000011
0000101111111011
0000100001010101
0001110000101110
0100011110111010
1101010110000110
0000110101101001
0101000010110001
0111101000111111
1010000001101000
0000010001001001
0111101110110101
1011111001000101
1111001011100000
1011010010011100
1000011111101000
1010000101110011
0101001001111100
1001101001100010
0000111110101010
1100101000000010
0110011000101110
0011010010111000
0101101100101101
0010001001001100
1110101110001110
1011100011100110
0101011111111101
0011110100011000
0001110100101111
0010000110010011
1010000110011011
1100000111010101
1000011011101000
1001000100000100
1101000111100011
0100111011000011
1110001110110100
1011010001000011
0010011000110101
1111000000001111
1001001101101010
1000010111010001
0111010110101001
0010011011001110
1111100111111110
0101000000011011
1110110110110101
0110001100011110
0000100010000101
0110110110100101
1100110111010001
0010010101011111
0110000101111100
1110000110101001
1001100001010000
1010011001100011
0000000011011101
0011001100100101
0100101110010011
0011110111100000
0111101011011010
0100010011101111
1010100111100110
1110101011101111
0100001000101111
0111010011000110
0001100100100101
0100010001110011
1111101000111001
1110101011000000
1101110111001000
0111110001111000
0111100010011001
0110001111001000
1000010110101111
0011111000010011
0100011001011100
1100100101000001
0101100010001111
1100011110010110
0100101100111001
1001000111000101
0110101000011011
1011000001101001
0111001001010000
0010111001110001
1100010010101010
0111101100001000
1110101010001110
1110011000000011
1110111001001110
1001000000010001
0100101011100111
0110010000001101
1000111011011100
0111110000111110
1000001010000110
0101110010100100
0101101010010110
1111101101101001
0100111000001001
0000101110100000
0101101011000111
1100110011100011
1101100110101011
0110110011001001
0111001101101100
1001001110000011
1110101011010110
0110011010111010
1110011011100101
1110000011001011
1101110111100101
1000010010110101
0011001101000010
0100110111101100
0100101000000011
0001010000001011
0011001111110110
1100111100101100
0101101111011001
0011111000001010
1110001111011100
0111010101111110
0110000100100110
0001001100101011
0111100101101101
0001011100010100
1001010000000110
1110000100101001
0000111101001111
0001100100110111
0110011100011100
1010111010010101
1100011011100011
1011111100111011
0000001111100101
1010110011101100
1111100100100010
0110001010011010
0010101101011010
1101101010001000
1011100100001100
1011100000101001
1111101001010110
1010110011001101
1100101100001000
0000011110000011
0100110000010110
0101001110001100
1001101101110100
1111100001101101
0001111110100111
1101001110110111
0001011110000000
0010111000111101
1101100101001110
0110001011000011
1010000000111110
0001111100001001
0111101101011011
0011001100011001
0000011100010010
1010111010101000
1011001010110111
0010010001001000
1110110111011101
1011000100010001
1010110010011111
0000110100011101
0101000100010101
1110000001010111
0011010001001001
0011010110010011
0111010010000010
1101101001011101
0111001110000101
1001101100111001
0100110110110101
1101110110110000
0001011100100101
1100011101101001
1000000110111111
1101000000000010
1100010100111011
1001011001011100
0110111011110110
1011101110000010
0000011101000100
1000011010110100
1000111101000001
1101001100010000
0000111110110111
1111111110011011
1100110100010111
1110111000000001
0001000111001111
0100111010110011
1110101011010011
1101010100101010
1110110011110001
1000000011111001
0000101111000011
0101000011100010
0011100010101000
1100110001011110
1100001011110111
1010000100101110
0011001010001101
0001100001110111
0100110000001000
0001101101010010
1001101010101100
0111011001110000
1001001111101011
1111111100100100
0110001110111010
1100010000001000
1101111100001010
1100000110011110
0100000000100011
1101001110000000
1010001100001001
1010010110000111
1101011100110001
1111011110101011
0100111010110000
0011001000100101
0011110101101111
1000100100011010
0010000101100111
0111111101010101
0011001000011101
0101100010011000
1100110011010000
0001111110010011
0100011101101110
1111111000101010
0001100111110010
0110011001111100
0100010100110110
1110110111011000
0100011101101010
0010011101111110
1101110011110101
0001011011110101
0001100111010100
0101100110110001
1101001111101011
0000101010100000
1001110011011000
1011011110011011
1100001011100001
1111111001100001
1100110111111111
1010111101101000
1101011000011101
0000001000010101
1101101101011111
1010010000111010
1101000111010110
1101010011101001
1001100101001001
1111000111001101
0001000000101101
0000001011101001
1111000000100010
0100010100111011
0011100001001100
1110110111111011
0001010111110100
1000101011100100
1011101101000000
1111001010011110
0101011001110101
1110010110110111
1011101011010100
1011110000111100
1111110001001001
1110011011110010
1111100100101110
1100110011101001
1000110000111101
1111000100110010
1101101010101011
1110010111010001
0011100110010010
1001101001101011
1101011001011000
1001100101000110
1000101100110100
1110100011001111
0111000010101111
1111010110011011
1101010101101100
0001101111000101
1001001111010100
0110100111011100
1101100001101101
0100000011110001
1100110001010100
0110000000100110
0001011001101010
1101000111011100
1011101000000101
0101011100010110
1010011011111010
0010111001000010
1100101001110100
1110100100000100
1011011000000101
0000010101111001
1110110011110000
0100110111101010
0010011010101110
1000001001111100
0100101101110000
1100000000110100
0001101000110010
1111100110110111
0110111101001110
0101101110001011
1111001110001001
0111110010110101
1100000010111100
1110111100100101
0010110111001000
1101000011011000
0001011001011101
0100110101110111
1010110001001011
0000010110010000
1101100111111111
0110101000001001
0001001110111100
1000010000100001
0110101001011101
1010100100111111
1000111111101011
1110010001001010
0100011001011001
1000011010010110
1110010000110010
1111110100100100
1000110101110111
0101001001111000
1011011000111011
1101110110001011
1110010101110101
0010001011000010
1111010111001101
0000110111001001
1110000001100000
1101101010010011
0110101011011111
1001011111111001
1011011101000111
1001001001100011
1110010101100110
1101111101001100
0010011001111011
1011000011000000
0101011011011100
0000011101011011
1111011000001001
1111101001100010
1011101011000101
0010111110111110
1100101001101110
1010100010011110
1110100011001101
0010101010111001
1000001010001010
1100110000010010
1100000111100000
1100010010001010
1000001010001111
1011000000101001
0110011001100111
0100011000110110
0101111001001001
0101011110001001
1111100111001100
0101010100110110
0001000110011000
1111000111101100
1011001101100010
0010000011100010
0111011111001100
1110101000000100
1001011011001111
1000000100110011
0011100110000110
1110101011001111
1110100000100011
1011010111100111
1101101000101010
0011011001001111
0100101111000011
0000111010001110
1100100110011001
1111101010000101
1111111010001100
0000101000100100
0101010111011000
1111001101111001
0101110011100000
0001001000101101
1000000101101101
1011001011010110
1001011101000001
0110110101001110
1111011111111110
1001111101011000
1001100101011100
0001010110111010
1101100011000011
0010111100100101
1011111111100111
1011011110101101
1101100001101011
1011101100001101
1000011001100100
1101110000101101
0110110111100110
1110101101101101
0101011010101001
0101001101000111
1111001010010000
1101101100000101
1000111100110001
1011000100011100
1000001000010111
0010110111101010
Time = 4.634s
