n = 6, k = 4, l = 2, m = 249
Expect Resample Times = 0.370192
Result:
110011
101001
010111
110110
110110
101000
100101
100100
000111
101000
100010
011110
100100
010111
011000
110011
011001
001110
010001
111101
010101
000111
010111
111111
011010
110100
110100
000011
101011
001001
101011
101000
101011
010111
000111
110010
010001
111111
111011
110111
010101
010010
100110
101110
010100
101111
011100
100010
110110
101101
100101
111100
001001
101111
110000
010011
010011
000111
101010
101100
010100
011111
100010
110011
101001
001100
000101
110011
010010
100011
010101
100111
101000
010010
101101
110101
011010
001010
110011
110011
111110
010001
101000
111000
011010
010011
101100
111111
010011
001100
100001
001010
101001
111000
110100
011011
110111
111000
001101
101001
110010
011110
010111
101110
101011
101111
000111
100100
100001
011011
011101
010011
101100
000101
001010
110001
101001
101010
100010
001100
101110
101001
111010
110011
010100
001101
000011
110000
101111
110111
101101
101000
101101
111000
111111
111011
010001
000111
010010
000110
110000
000101
011101
100110
110000
111101
100101
000101
010101
000011
110000
101001
100001
001010
010011
000110
000111
011011
111111
001111
101111
010101
000011
100101
110010
010011
110111
110010
100100
011001
110000
100110
100110
110001
100101
111010
101001
110100
100001
100101
000011
101011
010011
111000
101001
010101
101010
000111
001111
011010
110101
111011
111111
101001
111111
000011
110110
011111
001010
011100
110111
011001
100010
000111
100011
001001
010010
001110
100100
001010
101111
001011
100111
111101
001110
111011
111010
011001
010101
111100
000011
000111
001111
110100
100111
011001
011111
110001
100010
111011
111110
010111
001101
110000
001001
110010
111001
110100
111111
111101
011011
001010
100111
101001
000101
110111
011000
010100
101000
Time = 0.001s
