n = 10, k = 3, l = 7, m = 1345
Expect Resample Times = 0.394567
Result:
1000111111
1110001111
0101111111
1111011011
1111010110
1110011011
0101111011
1000111111
1001110111
1110110110
1110010111
1111111111
0011111011
1111110111
1011111010
1101111011
1011101011
0110111101
1111111010
1111110101
0111101011
0111110111
0101110111
0111111010
1001111101
1111100111
1111001011
0101111110
1100011111
1011010111
1110110111
1110110101
1110011101
1011100111
1001111111
1010111011
1011101110
1011101101
1111101111
1110001111
1011011110
1111010011
1010111110
1110011011
1110111111
0110111111
1111101110
1111011110
1110110110
1111111001
0110011111
1011101110
1111100110
1101110011
1101101011
1110110111
1010111110
0110111110
1011111111
1010101111
1110100111
1110010111
0110011111
1011110110
0110111111
0111110110
1101110011
1010111011
1001101111
1011100111
1101101110
1101101111
1111011100
1111110010
1111101100
1011110101
1111101010
1011101111
1111111010
1110110111
1110101110
0110111011
1100101111
0011111011
0111101111
1111111010
1111100011
1101011101
1111110001
1111011111
1111100011
1111111011
1101111001
1001110111
1010011111
1011111111
0111101101
1011111101
1011011111
1101001111
1101011110
0111100111
1010111110
1110101110
1110110110
1110101011
1011111001
1101111100
0110111111
1100111101
1100111110
1101001111
1011111001
1111110010
1010111110
1111011010
0111111100
1111111001
0111011111
1101111101
1110111101
0111010111
0011101111
1110101101
1001111101
1110110111
1011001111
1111001101
1111101111
1010110111
0011111111
1011011101
1100110111
1010111011
1011110011
1100101111
1010111110
1100111111
0110011111
1100101111
1111101100
0001111111
0100111111
1110101011
1110001111
1010111101
0110011111
1100101111
1101100111
1100111111
1111111010
1110011011
1011110101
1111101011
1111101101
1110110111
1110101011
1011110110
1101101111
1100111111
1110110101
1111011110
0101011111
1111011001
1111000111
1111101111
0100111111
1110011111
1010011111
1011111010
1110101101
1011110111
1110110110
0101111110
1111010110
0111110110
1111011100
1111101110
1111100101
1100111101
1111001011
1100111011
0011111011
1011101011
0101111110
0111101011
1010111101
1100011111
0101111101
1111111100
1100111101
0111111111
1010111101
0011011111
1011111100
1101011011
1101110111
1111111010
1110101101
1111101110
1101111011
1001111111
1001110111
1101111111
0111111111
1111001110
1000111111
1111111011
1011110011
1011101101
0101110111
1011101011
1101010111
1111011010
0101111011
0011111011
0011111011
0110111011
0110011111
0101110111
1111010110
1001111101
1101111010
1110011110
1101011011
1110111011
1011111110
1111111011
1110110111
0101110111
1111111000
1111111110
1111001111
1011011110
1111101111
1001111110
1011100111
1101110111
0110110111
1111111000
1111110011
1111101111
1110011110
0111101111
1011010111
1111111000
1111111000
0110110111
1111111000
1111111001
1111011001
1111011110
0110110111
0111111100
1101110011
1111001110
1110110110
1110010111
1111100111
1011101011
1111111011
1110101111
1111101101
1011001111
0101011111
1011101111
0110111011
1111010110
1111111101
0111111111
1011001111
1111101010
1110111101
1111001110
1110010111
1101010111
1111111100
1101110110
1011110101
1011110011
1111111100
1111101111
1101110111
1110110111
1110110011
0111011101
1001111101
0011111101
1011110110
1111010101
1111010111
1101111111
1101111101
1101011101
1111101001
0111110110
1101011110
1110011011
1010111101
1001111111
1110111011
1011110111
1101011111
1010111011
0111111010
1111111001
1111110101
0111110011
1110111010
0110110111
0111111001
0111110101
1010011111
1111110001
1111100111
1111100101
1001111101
0111011101
1010011111
1011101101
0111101101
1111010110
1101111010
0111111111
0111010111
1101111010
0111100111
0111110011
1110111010
1001111101
1111011111
1010101111
0111111011
1001111111
1011101111
1011111001
0111111100
1111100011
1111011101
0110101111
1110111111
0011011111
0010111111
1110110110
1110101011
1111101100
1101011110
1110001111
1010011111
0111011101
1111101100
1011011101
1111001101
1110101101
1111011101
0111101110
1001111011
0111011111
1011011111
0110111111
1101111010
0111101101
1101010111
1011111100
1111111000
1111010111
1000111111
0111010111
1011011110
1011011111
1101110111
0111111100
0011111011
0111111001
1111011011
1101111100
1111011100
1101001111
1101101111
1111101111
1110110110
0011101111
1110111011
1111111110
0111010111
1101011111
1111100111
1111010110
0101101111
1001011111
1100101111
1111111001
1001111101
1111001110
1011111100
1110111011
1111011101
1111101001
1111011010
1111011111
0111111011
0111001111
1101101110
0111011111
1100111101
1111111110
1111110100
0011111111
1110111110
1111111100
0101011111
0110110111
1011011101
1111111000
0111111100
1001110111
1011101011
1011110011
1111110110
1010011111
0011101111
1111100111
1101101110
1101111111
1011001111
1111110010
1111011001
0011110111
0111111110
1111111111
0111010111
1100111101
1111000111
1001101111
0011110111
1111011101
1110011101
1111011110
1111101100
1111011001
0111101101
0101110111
0011110111
0110110111
1011111101
1001111011
1111111000
1111000111
1100111011
1111101111
1110011110
1111110101
0011111011
1011111101
0100111111
1111111101
0111111011
1110010111
1111010101
1111000111
1100111011
0111101011
1110110101
1011110110
1101110110
1111010111
1100111110
1010111110
1111001011
0101111110
1011111110
0011101111
1101111110
1101111011
1111101111
0101111111
1001111011
1111101110
1011111011
0101111011
1111110001
0111111010
1011110110
1101111010
1110001111
1110101110
1111111010
1101011111
0110111011
1111010101
0100111111
1101111010
1111111010
1010111110
1110110110
1101110111
0111111010
1000111111
1111110111
1111011100
1111100111
1111101111
1101111011
0111111111
1110101011
0100111111
1111111111
0111011110
1111111111
0111111010
0011011111
1111110010
1001111111
1110111111
1111010101
1111010111
0101111101
1110011111
1110110011
1110011110
1111111000
0111101111
1011111101
1111110101
0011101111
1100011111
1011111010
0110011111
0111011101
1111001011
1111011110
1011011111
0111111010
0111110011
1010011111
1111111011
0110101111
1010111111
0101111111
1101001111
1111111111
1110101101
1101111100
1110110011
1011110101
1111110100
1111011001
1110101111
1111110011
1011101110
1110101111
0111011011
1100111101
1110111101
1110111011
1011011011
1011010111
1110111011
1111110011
1110001111
1111011101
1101101011
1111010111
1111111000
1101111011
1100110111
1111011011
1011001111
1100111011
1111011011
0110110111
0111001111
1111110110
0110111101
1111100011
1110110111
0111111110
1110100111
1110111010
1101111110
1011111101
1011110111
0110101111
1101111011
0111011111
1100111101
1011111111
1011111110
1101110110
0111011101
1011111100
1001111110
1111001101
1111100111
1111011010
1000111111
1101101011
1111001110
1101011011
0111100111
1001110111
1111101011
1111110101
0111011111
0111101111
1111100011
1011011101
1111011111
1111001110
1101101110
1111100110
1101100111
1111111110
1011110110
1000111111
1011111001
1111101101
1010111011
1101011110
0011111110
0111101101
1100111011
1111100111
1001101111
1010111110
1011110011
1011111001
0111111011
1110011110
1101110110
1111111001
0111110111
1111110011
0111110111
1100111110
0101111110
1100111110
1111110100
1101101011
1011111111
1110101110
1111101110
1001111101
1011101011
0111111001
1001011111
1101110101
0111101011
0101111011
0011111110
1011101011
1000111111
1101111110
1101100111
1011110101
1010011111
1010011111
1111110011
1010111011
1111111111
1101111001
0111011111
1101101101
1101011111
1011111011
1101011111
1111111111
1111101001
1001011111
1011101101
1110010111
1000111111
1011110011
1110010111
1110011110
1101110011
0100111111
1110111011
1101010111
1101101011
0111101011
1001101111
1100101111
1011101111
1110011111
1111001111
1110110110
0111101111
0111111001
1111111110
1101011111
1010111011
1001011111
1001111111
1001111101
0011111101
1111011001
0101111110
0111011101
1111100101
1101001111
1111100111
1101110011
1011101110
0111111100
1011111011
1111100011
1111101001
1110110111
1011111110
1111111010
1101101011
1101101110
1110011111
1101110101
1111001101
1110101101
1011110111
1111011100
1111011011
0101101111
1110001111
0011110111
1100110111
1111100110
1001011111
0110110111
0111011111
1101111111
1111001111
1011111001
1101110110
1010111110
0110011111
1101111101
1111001101
1001110111
1011111101
1100111111
1011111110
0110111011
0111111101
1001110111
1100111110
0111010111
1111111101
0101011111
1111111001
1011110111
1011111011
1110110011
0011110111
1111110100
1011101011
1101110110
1110011101
1001111101
1111011111
1111110010
1101001111
1110110101
0111111111
1010111111
1010011111
1011010111
0111100111
1011101111
1111001101
1101111110
0111111010
0101111011
1101101110
1110011011
1111111111
0101111110
1010111101
1101101101
1111001110
1111111111
0101110111
1011111111
0110101111
1110011011
1101001111
0111111001
1110111100
1011110101
1111100110
1101111011
1101111011
1100011111
0101111111
1101011111
1000111111
1011111111
0111111100
1101111111
1101011110
0111010111
0011111011
0110111111
0011011111
1101101111
1110101111
0101110111
1011111100
1111001110
1110011011
0101111110
1110111110
1110111110
1010111101
0101011111
0111100111
1100011111
1110011011
1111001110
1110111001
1000111111
1010011111
1110011101
1101110101
1111110110
1111101001
1100111011
1101111011
0111110111
1101101110
1111110010
1010111101
0010111111
0111101110
1101101110
1010111011
0101110111
1111110111
0010111111
1011101101
0111111011
1111010101
1100111111
1110110111
0111111111
0011111101
0111110111
1010111111
1011011011
1100011111
1101011101
1010110111
1101111100
0111111001
0111110111
1111011101
1111101010
1111010110
1111111010
1011110011
1101110101
1101111010
1101110111
1100011111
0111110110
0101101111
1001101111
1101011011
1111011110
1111011011
0101011111
0110111101
1011110011
1110111111
1101110111
1011111111
0111111100
1111111000
1101011101
0111110110
1011001111
1101011011
0110101111
0110111110
1110011011
1111110110
1110011011
0001111111
1011011011
1011111111
1100101111
1111001011
1101100111
0111110110
1101001111
1011111100
1111111011
1110101011
1110101110
0111011011
0101111101
1010011111
1111110010
1110101111
1111010110
1101110101
1101011101
0111101110
1110111011
1101110011
1011111011
1110001111
1111110011
0111011111
0111001111
1110111001
1001111111
1110111101
1111110011
1011111110
0111100111
1100111011
1111110110
1100111011
1110101110
1111011110
0100111111
1001111111
1111011001
1110100111
0111010111
0011111110
1101101101
1001110111
1111101001
1110011011
0110011111
0111111011
1110011101
1111101101
0111111001
1101001111
1111111111
1110111101
1101101101
1101011011
1110111100
1110111101
1111001101
0110111111
1111110100
1110111011
1101111001
1110101011
1011010111
1101111100
1101110110
0101111111
0110101111
0101101111
1001110111
1110110101
1010111110
1101011101
0111100111
1111111010
1110110110
0011111110
0110111011
1011100111
1011111011
0111111100
1011111010
1110110110
1110011110
1011110101
1101111110
1111100101
1111110101
0011101111
0111111010
0001111111
1110011110
1110110110
0111111010
1101111100
1111110010
0100111111
1011011110
0110111110
1101010111
1111110001
1011011111
1100111110
0111101110
1111101010
0110110111
0101011111
1110110101
1111011101
1101011101
1111111000
1111110100
1001111101
1101011101
0111111110
1010111111
1110011110
1111110010
1111111111
1111110001
1001111011
0011101111
1111011111
1011110110
0111110101
1001110111
1101101111
0111101110
1111011111
1101101111
1011001111
1101011111
0111111111
1110101110
1011111110
0111011101
1101110011
1101111001
1110111010
0101011111
1101011110
1101011111
1110111100
1101111100
1110011111
1110011111
1111110010
1100110111
1011110110
1111000111
1101110011
1111011001
0111111100
1101011110
1111111100
0111110110
1101100111
1011110111
0011111011
1100110111
1101111011
1110011011
0011011111
1111000111
1011011110
1110111011
1010101111
1111110100
1111100110
0100111111
0011111011
1010111111
1101101110
1110101111
1101111100
0011110111
0011011111
1111101110
1111011001
1111111001
1110010111
1001110111
1101100111
1011100111
1011110110
1110111111
1101111001
1101111001
1101111010
0101111110
1111100101
1001110111
1111001110
1110110111
1010111111
0011111110
1111101101
1111010011
0111111011
1001111101
1111101110
0010111111
1110101111
1101111110
1101100111
1111101011
0110110111
1110011110
1001111011
1011011101
1110011011
0111011011
1111001101
1001110111
1110011101
1011100111
1111011100
1101111111
1111001111
1101101111
0111001111
1101110101
1110111101
0011101111
1111110100
1100111101
1011111101
1011101110
1111111011
1111011110
1111101010
1111011011
0011111110
1110110011
1111011101
1110101101
1010111101
1111101010
0111111101
0111101101
1010110111
0100111111
1011110110
1101111011
1001011111
0111101101
1111011001
1111110001
1110110110
1011111001
1111011110
0110011111
1100101111
0111111010
0111110101
1101111010
1111111010
1111011111
1110111001
1111000111
1010111101
1111101010
1000111111
0111101111
0011011111
1111010101
0111011011
1111101101
1011111010
0111110110
1101010111
1011100111
1001111011
1111010101
1011110110
1011111010
0111011111
0011111110
0110110111
1111011111
0101011111
1101111011
1110111010
1011110111
0101011111
1101010111
0011111110
1110111101
0011101111
0001111111
1111110010
0100111111
1110011111
1110101110
1110111010
0111111011
1110110110
0110111011
1111101110
1111110001
1111111011
1001111101
1110111111
1111011001
1111000111
0111101101
0010111111
0111011101
1011001111
1100110111
1011011111
0011101111
1110101101
1001110111
1111101110
1101111101
1101011111
0111111111
1111101111
1111110011
0111011011
0001111111
1001111101
1100011111
1011001111
1111111110
1011111110
1110101110
0011011111
0011011111
1011011111
0111100111
1101110111
0101111011
1111111100
1111100101
1011101110
1110101110
1011111010
1101111111
0111111110
1100111111
1110011101
1111101100
1100101111
1011111010
1111110100
1110011101
1111010111
1111101011
1011111101
1100101111
1111110001
1111001011
1111101011
0111101101
1110111101
0010111111
1110111110
1110111001
1011010111
1101001111
1011011110
1111111110
1111111111
0101111101
1111100110
0011111111
0101111011
1111001111
1011111001
1100101111
1111101001
0111111110
1100111011
0001111111
0111110111
1101011101
1110001111
1111010101
1111101110
0111011111
0101111101
1110110111
1100110111
1011010111
1010111110
0101111111
1100110111
1111011100
0111111011
1001110111
1111100111
1011101111
1011101111
1100111011
1111111000
1111110001
1000111111
1111101011
1011111010
1111101001
1101110011
0011111101
1110111111
1111001101
1110011011
1110101101
1101110110
0111101011
0111111111
1111101011
1111101011
1011101011
1001011111
1011011111
1111011101
1010011111
1001011111
1111111011
1101110111
1101101111
0111111010
1101011110
1011011101
1011011110
0111011111
1111011111
1111101010
0111111011
1101111110
0111111001
1111010101
1111110111
0011101111
1101101101
1101110111
1110100111
1110010111
0111111110
1001111110
0011111111
1111110011
1011110111
1111111001
1011110110
1111110100
0001111111
1011001111
0101111101
1111011111
1101111110
1111000111
1001111111
1111101011
1111101010
Time = 0.016s
