n = 9, k = 5, l = 4, m = 2756
Expect Resample Times = 0.36758
Result:
111101010
110010101
101010001
001110010
000011011
001100101
011010111
101001101
101110001
110010110
100111110
001111010
110011111
011100100
101110000
000111001
000101110
000110111
001001101
011011011
111010011
110110111
011011111
011010011
010011001
111000101
101010001
011001111
000101101
101010110
010100110
001011100
110011001
010100110
010001101
010101101
111001001
110010101
110110000
011100011
110010110
111001101
110100011
011010110
110110000
011100101
110001001
111110011
010110111
001111110
011001010
011101000
101100111
010011101
100011110
011000111
111001011
010110010
100111010
010100111
100111101
010010101
111011100
101011001
111111101
011000110
010010110
101111011
010011001
100101100
100001101
000010111
000110101
101010011
111011111
111111000
011000110
000001111
101011000
011100011
011100100
111101100
111101110
011010011
011010101
101110100
111100101
110001001
001110010
010011010
011111111
100101010
001101001
011001111
111111010
101001011
111111110
001110011
101000101
100101011
001101011
111110110
001101001
111011111
001100101
110001100
101110010
100111101
011111110
101100111
100001101
110101000
001100101
001001111
100111001
001101011
010011010
110100110
110101111
101111101
011101010
011101000
001011101
100000111
101000111
101111111
101101111
001111100
111111011
101001011
101011010
011000111
010111110
110110010
100001011
001011110
001111010
011001011
010110111
010010111
111111010
110111101
110100011
110111110
101100101
101001010
001111110
100110001
101100110
101010111
100110100
000111101
101100011
101100001
110011101
110101101
011010010
001110111
000111010
101001101
001111001
001111100
000010111
101011011
110100010
110110100
111001110
111011001
100011001
011011111
111110110
101011111
111100111
110111100
111001101
101101000
011101010
011110010
010011111
111111011
000011011
000011110
011100110
101001010
011010111
100111010
100101010
111011100
101111111
100010111
110011001
001111001
110100001
010001110
100101001
010111001
011011101
111111001
011000111
110010110
101001101
011101000
110010111
110101111
111101111
111111000
010101001
100011011
011001011
000110110
010101001
001111100
111111000
111110010
011100011
000011111
111010011
010110001
100011101
010110111
111101011
111000011
101110000
010101011
101010011
110111100
111011101
001110100
000101101
000101011
100011101
111011100
010010011
101110100
001101001
111100000
001101011
011010100
111100100
100110001
110111010
011001011
011011101
001100101
100111100
100011100
101110001
111010001
011010110
101101111
110101011
110111010
100011100
111101011
001011100
110000110
111000101
100101011
100010111
001111001
010011100
100111100
101001010
011010110
010111111
101110010
011010111
010011110
100011110
110010001
110100100
010011101
100101010
101100010
010011111
111011010
010111001
010111101
110111100
010001101
101110110
111111001
110100001
100111111
001010111
101001101
100111111
011010001
111001010
010110101
100111000
111111101
110100100
111000011
100001011
111111000
100001011
110101001
010110010
011100011
000110101
101000111
001010110
100111100
111111011
100101100
001110100
110010111
101101010
001011110
101111001
011101111
111100001
001110011
011101111
010111000
111111011
101001111
001001111
111101011
011110101
111011100
101100100
011011101
111110100
101001010
111110011
110010111
010101010
001111010
111110010
110110111
101110000
001111011
011100111
011001110
001110011
111111111
111000010
111011101
010111000
110001010
111101111
101111101
010111100
101010111
101100010
111010011
100001110
100010011
111001010
101010001
100101110
010000111
010110101
000011101
110001010
011011111
110001010
011001001
111110100
101101011
101001100
100100111
100001111
000101111
111000011
011000101
111101110
110010011
111001011
101001101
000111010
100111110
101101110
010111010
100110100
010001111
101101010
011010001
110001001
011011110
110111000
101111010
101100100
011011101
001010110
010100101
100010111
001000111
111110110
011100001
011111010
111101001
001011110
100110111
011000111
110010011
101101011
101111011
100010101
010101001
110001111
110011000
011110011
100010101
110111110
100110011
111011100
101100001
010100011
111010100
111001101
010101100
110000111
110111100
011010110
111001000
111110000
101010100
001101110
101110110
111000111
100001110
011011111
010101100
001100111
001110111
011101000
110001101
111100110
110100101
111001001
101111011
000110101
110011101
010101100
111001010
111111110
101001010
101001110
010111101
111100101
010101001
001111100
001011100
010010011
100101001
010100011
011110001
101110111
001110001
010010110
011010001
011010110
111111101
011101001
101111101
000101101
001010111
100011110
110101111
001011010
101101110
101101010
111001010
111011001
111111100
100011010
000111011
100101101
001011111
101011010
110100011
110011110
111000001
100011011
010101011
010111010
111000111
100011010
101001100
001010110
110100011
010001111
000011011
100101110
001011010
110111011
110011011
110110001
111010100
011100101
110111110
111101111
110110001
000111010
010010110
010110010
111000010
000111101
111011011
111101001
011011011
001111010
001010011
100111111
100011010
010101110
010100111
000101111
010010011
011010101
101100001
110110001
010101111
011100010
001010111
101000110
011111111
110010010
110110111
101001101
100100101
011011100
111010010
010110111
000010111
101111011
001101010
110000101
010111001
011001001
110010111
001111000
101011010
110110010
011100110
011010111
011110000
111000110
010011010
000111011
000101101
010011001
010011010
110100111
111000010
111101110
011110001
011011000
110010011
110101010
110001001
101100100
001001011
111101010
001111100
110101111
011111001
101011111
111000101
010101110
010111111
001100011
101011100
101101001
100010011
111101101
100001011
111111001
000101101
111100110
110010011
101001111
001110111
010111100
100100110
000011101
111111100
110010110
101001101
111010101
101101110
110100001
100011001
111101010
110011010
111111101
101000101
110111101
001001111
010110111
110011110
011001001
001000111
110010111
011011010
010110110
010110110
101110111
111110011
011010111
101101010
101110011
000011110
110001100
011111010
011000110
110100101
000111100
011110100
101111111
111011000
101101001
011111000
111001010
110111110
110000111
010111110
000101110
101110101
001111111
010100110
111000110
001011100
111000110
101111100
110011001
111100001
010111000
011100011
111001111
011010001
110111100
100011011
010010111
101011001
011000011
010001101
011111011
001001011
110101001
111111010
010110111
011100101
110110111
011100011
110001001
101110100
110110001
011000011
000110101
010111110
111100010
001111011
011010011
110000101
111111101
011010010
100101001
110111100
110001100
011000110
000111100
101101111
111111000
110010110
011001001
001011110
001000111
101000011
110011101
111101010
110000011
111101010
010101011
000011011
001111110
101010011
001110101
100110011
110010100
110110011
000010111
101011010
100100011
010011101
101010111
111011011
111011111
010110010
001101110
011011100
001110111
100110011
111111010
110100110
101010101
101011001
110101001
000011110
010101100
111011110
001111000
100110100
010000111
110111001
100110101
110000110
000111111
110110111
011101011
111010011
011100001
110110001
101110010
101111111
001111111
110001101
100110100
100111110
011011100
011110001
000011011
000110111
010111001
111011111
110101000
001111001
011110001
111010001
010001111
001010011
110011010
101011101
101110110
111001011
001111101
101011101
001011100
010011101
100100111
111010100
111110111
111011010
110001010
111011110
101010101
010101100
010001101
100110010
110110010
110111110
110111011
011011001
101101110
110100100
110000111
010110110
011111100
101111010
001011001
001100111
010110011
101110011
100100101
110111010
110001001
010010011
100010101
011001100
100101001
000011101
001111110
101110100
111000111
010101001
011011100
100111010
101111001
001110100
100111001
111111100
010110101
101111101
110100001
111011100
001001110
110011111
011010100
001111000
100001111
100011010
101101100
011001001
100110010
010011111
100011111
100101011
110110101
110011111
011011111
110101011
000101011
101010110
011100111
001110011
100011100
011100101
001101011
101011100
001000111
111110010
010110011
010111001
011100011
110100110
111010001
111001000
110100110
010110111
101111001
100110110
111011110
100111010
111100111
001111000
011100100
100001101
000011110
101101010
101000111
101111010
010001111
100011101
010110001
010110111
001101100
011101100
101111000
111111010
110010011
100100011
101000110
110011110
111011110
111100101
010001101
111010100
100111000
101111001
101111011
100110110
110111100
011111101
011010100
110110001
111111101
110101001
110101001
110011111
011100010
111001111
011101011
011001100
100110011
001101101
100110011
000010111
010011001
001101001
110011001
100001011
110101101
011001001
110101100
110101011
101100101
111011011
110111010
100110011
101011010
101011110
101001111
100101001
010011100
111011010
011111001
101000011
101001001
111100010
101001010
111110110
100010110
010111110
001111011
110100001
010101111
110111111
100111111
110111011
111110111
101011100
100111110
001011010
101100111
001111111
011011011
011001111
101101100
111011011
010000111
100010011
111000001
101001011
000111101
010001011
101010100
111011111
001011001
011111101
000110101
010110001
110111000
100110011
101010101
111010001
000111111
010001110
010110101
000001111
111110001
010011001
001110110
011000110
001010111
110011110
011000101
010001011
101010110
000110011
110010001
101101001
000111100
101011011
011000101
101110110
111101101
110011110
111101011
000110111
111001101
101100010
100111110
010110101
111011000
011010011
010001111
101000111
011111001
011001100
111101100
000101111
101101101
011101101
001011111
110101000
010100011
100110100
010011011
010111101
110110111
001110001
100110010
001101110
011011001
010110011
111111000
100101101
001011001
001110100
101001001
011011000
010110110
101101010
101010010
110111011
110101001
100111101
001111111
011001111
110110110
100101010
001001011
010001110
100011101
111010010
111010000
000011111
111100100
011110111
110010001
010111001
101111101
110011000
110101010
111000011
111101010
110101010
110101011
101101000
111110111
111111010
111001011
000100111
111110100
011110111
101100011
101001011
101011100
011100001
000011111
011111001
111101101
101100100
100010011
101111001
001111101
000110011
111101100
100011011
000001111
101101100
000011011
110010001
010110011
100111110
111101100
000110101
011100010
001111101
101101110
010111010
111110101
001100111
000001111
110101001
011110011
011100101
100111111
111001010
010110111
000110111
001010110
100101010
011010011
101111001
111000100
011011011
011100011
011000011
010110010
010010111
100001111
011101010
000101101
110010111
101100111
011100101
110111010
001101111
101111001
100110010
001010111
101001101
111101101
111110101
100111010
010001110
111000011
000011111
011000101
000110111
001111010
010111110
010111101
101100101
011111001
110010010
001100101
111011101
111011111
111111101
010001110
000011011
001101100
100011111
100101011
001010101
100100101
101001111
011011100
101000101
010100011
010100111
001011111
001000111
001100110
011011000
111101010
100110111
000110011
101001110
111000101
101110100
111000110
111111000
111100001
110110101
001100101
010101100
011110110
010111101
011010111
011011100
011000110
011010101
011011011
101110111
100010111
111011000
111010010
010101001
000101101
100101110
011100100
101101101
101010011
111001101
110001001
110110111
110111111
110010101
110010010
110011110
111001100
001011110
111111000
111010110
110111000
111010110
011111110
011001011
001010111
100001011
111111101
101001110
011100101
111011000
101000111
011100101
001001101
000110011
011101011
100011001
001001110
010011101
011001100
001011100
101111000
101110111
111100110
101110100
010000111
100011001
011001110
110010010
010001011
011000101
011101110
011001110
110001111
010101100
110011110
101010001
111000101
010101011
011000011
101110010
111001110
111110011
001011010
110101001
111010110
001001101
100111100
101101111
110111110
110110000
101011110
110110010
011110010
001111000
010110100
111001110
010001110
010010110
000011011
010100110
111010100
011010010
001011101
100010111
010011110
111010110
101100100
011010111
101100110
000101011
110010001
110010101
001011111
001110011
000011110
010110010
100110001
010101010
001111110
111111100
111111110
011001101
001111101
000111111
111001001
010100111
010111100
101011000
110111001
010000111
111000110
010111000
010011100
101010011
010101001
011001010
001111010
010110110
101001100
010100101
010101011
110101101
101011101
111111001
000110011
111010011
001011111
001011011
111101101
110010001
001011001
101001001
001100101
100110111
010110010
101110101
001011001
001111100
110110001
000111110
110101100
110001111
100001011
110101110
110110110
011110100
110010101
110001010
110110011
111110101
101100101
110011010
001110001
010100101
100110100
101001101
111100110
111111101
111011011
100010111
101011101
101001001
001110001
111110101
110011010
101111101
011100010
101010101
010011010
100001110
010101101
011011111
000010111
101001110
010111010
001111010
011110100
111101101
101101001
111001100
001100101
111000110
001011101
011001101
101010011
101111000
111011110
110101001
100111111
100001110
101010001
100111100
100100011
110011011
011010011
110011110
011100100
010001101
010011001
100110111
101010100
001110100
101101010
011011001
100011111
110110000
001101001
011011101
010110111
011111011
110001110
110111000
101111011
111001101
100011011
010001110
111110000
000101111
001111110
111010001
101101101
000101111
110101110
111011001
101011000
001011110
111110001
110111010
101111011
100101001
111000100
111111010
111101011
011010001
010111111
001111011
000101111
010111011
100100011
111110101
110110010
101010100
110101001
110001010
011011101
101000011
101111111
001000111
011011110
101101110
111100101
000101110
101111000
011001010
000111100
100111100
101011001
111100100
111100000
100110100
100110111
001010110
111000111
001010011
011010011
010010110
110011001
110101001
001101001
010111011
000111100
111000011
010111100
111111100
100101100
001011111
101011111
101111000
000010111
111100111
110001011
100011001
111111000
110111101
000101011
101101011
101101001
100110001
110001001
001101100
101110001
110001011
010110011
111011011
101000111
001101100
111011010
110010101
011110110
001010110
100111101
010100110
110101011
011110111
010101101
001111110
111011111
011110001
111111001
011010101
110111110
000011101
110111100
001111010
110111010
010110011
111100111
001001110
000111011
110001101
010100110
000101111
011101010
110000011
100111100
111100111
111001111
010101110
011010011
011010110
100100011
101001001
100100111
010010111
000011111
010011110
111111001
011001001
100100011
010011111
011011001
110111100
010011010
111000110
101111001
011110001
011100101
101011111
111110001
010101011
110111011
101000011
111110000
010001101
010101110
100011001
011001111
111001010
011011010
101101101
010110111
101011101
110100001
110011010
010101101
110101110
011101100
101011101
001111111
101101011
011011000
100001110
010011110
111000101
110000110
100011111
011101011
110101011
111011001
011001100
101110001
101111110
001011010
011011100
100111010
010000111
100011100
111011010
011000101
111100111
110111101
001110011
100010101
110100011
011001101
000101011
010110101
110001100
100001011
011011100
110110001
010010111
111100000
110010011
110011011
000110110
110010101
111100010
101100111
111000110
000101111
001111111
111010000
110110101
100101101
101101011
010111001
101011100
011011011
110111010
111111101
100101001
101010100
001010011
001100011
001010011
111111111
001101110
001100111
001100011
000110111
000111010
101001100
111011001
001110001
011101000
100001111
101110101
001001110
110000111
100110010
111111011
011101011
101000011
111101100
001011001
000111011
101100011
010111111
011000110
101110011
100101101
110011111
001101110
010100011
000111100
001110111
101101101
101110111
110100010
101011000
011100101
100001011
011000011
100011110
010011100
101010100
111111110
001011001
111100000
011111000
001111101
000110011
111010000
101011101
000110011
000010111
001011001
110100010
011111000
110001011
001111111
011010001
010101101
011101001
011111111
011001110
101000111
010101010
111101100
100111000
011111110
111110010
100011110
111110010
110100110
110101010
110110100
011111011
111101100
111111111
011001011
110000111
011111001
000111011
001101001
010001110
100101001
010001110
110010011
111101110
100011110
011011100
111100111
000100111
100100110
101101100
101000111
001011111
100111011
110011100
111111000
111100011
001100111
011111001
101011000
001110011
010110011
111001101
111101100
110000111
001111010
111101100
011100010
011101111
110111011
101101110
110000011
011100110
000101011
010100110
010000111
110110001
111110011
010101001
110111011
111111111
011110001
111111001
100001111
001101111
011000011
101110101
111010100
111000101
010111010
001100101
011001110
011010100
110001111
101010011
011101010
001010110
100111111
111011011
010101111
011111010
110111001
001011111
101011110
101110111
101100001
101010010
000011111
100110100
001110001
101110011
010110100
001000111
001101010
111010110
010101001
111000110
111101011
100011010
110110011
100001101
101010110
111111101
001010101
111111010
010101100
101010011
010010111
110010101
101001001
100111001
101111100
111100001
101000101
011011111
001101101
010101011
011101110
101101001
100110100
111100110
100011100
001101110
111011100
001001011
100100011
001111101
001101010
000111111
011010011
101100011
101110101
111101001
100010011
101101001
111000011
011011011
111010001
010011011
111000011
111110110
000110110
011110011
010001110
001111011
000001111
111101101
011010011
011100011
110110101
011110000
011111100
001111100
001101101
101010101
111110101
011100101
100111111
110110001
101100001
011110111
011110101
110010001
100111000
100101110
111001011
111011101
111111111
110010001
110110010
100100011
111000110
101110110
011010111
101100100
101111100
001011101
101000111
110010001
110011000
011100100
010011101
110011100
011011111
000010111
100001110
101110100
000011101
111101001
100000111
110100010
001101101
010010011
001111100
000111110
111111100
101110101
101111011
011111000
100111001
110111000
110110101
000011101
011111110
101101110
111100110
001110001
010111011
110001110
001111000
010001101
110110000
000101110
010101001
101001101
101101100
111011001
001110001
011010111
000101101
111110100
110011111
101100010
111111111
000111110
111101001
100110100
110111000
000101111
111011000
110111100
111101000
011101101
100111011
110111111
110001100
011110110
011100010
101010001
111101100
111011010
100101001
011100111
110011101
010011111
010011111
111101110
010010110
010011001
101001001
010110101
111101101
110100111
110110001
101110000
001110110
101010010
101111100
111111100
011010101
111110100
100011101
111011111
110011011
001111010
111110100
100101101
100001111
011010100
001110011
010001011
110011110
111101000
111100011
110101111
110001110
011111110
101000111
111110111
000001111
010010111
011110010
001111110
111001001
101101101
011100111
010010111
011010001
110110000
101100110
101110000
111001000
110111100
111000101
111101110
011011010
101101111
010111110
101100100
110100110
111110010
011011100
000011111
101111100
010011001
100111011
100110101
110010101
001111111
000110111
111011000
000111111
100110101
100001111
110011000
101110100
111110001
001100101
000111111
100100101
111001000
100001111
000011110
110001101
010011111
111100101
110110111
110011110
111100101
101000111
100111111
100111110
110010001
010001011
101111010
011011101
011110111
011101100
100101010
110010101
000110110
110011011
001111110
101011010
110001001
100001101
110101011
111010100
001111010
011100001
111001100
100011011
101100100
100111111
000111100
010111011
111001010
101101110
001110110
110001110
100011011
000101111
001011110
011010111
000111001
101100011
101001001
101000011
111110000
111110111
110010001
011000101
101111000
001001011
110001101
101011001
010011001
100011100
011010101
101010110
111110000
110100011
110010100
111010101
111110001
011101001
110000101
011101111
010011101
101101100
011011101
010011001
110110011
111011101
000100111
111010100
010011100
101111100
011011001
001111010
010100110
000101011
110110100
110011100
011010001
111100100
100101110
010110001
110011100
001101100
110100110
101110010
001001011
011110011
111000111
111001111
101010011
111110101
100101100
010101010
011111010
010111101
010110110
100010101
111001000
000111001
011100111
011111100
111011010
110011100
110001101
100110111
110101101
011110111
100010011
111100000
110010001
110000101
101010111
101010011
001001011
001100111
010001011
011001011
110010011
011111000
110100101
101011011
100110011
111101100
111100110
011010010
001011001
101100001
001010111
101010100
010110111
100111000
001111011
111010110
111000100
101101011
011101100
100010111
010101011
001101101
111000110
010111100
000101011
111111011
010100110
100001011
011011111
110000101
010111100
011001011
101101010
110000110
100111110
110110010
101001110
110111110
110001111
110100001
110001011
000101101
101111000
010001110
101101010
000111101
111010010
100111001
000110111
101000111
000011011
101101001
011101011
011001001
111010010
110010100
100100011
010001101
011001010
101110010
011101000
101110000
001010011
101001011
001110011
101100001
101100110
010101100
011011000
100011001
110101001
100001110
110011010
011101111
101001010
000101101
111100011
001001101
000111111
001110111
100101101
001110110
000111001
000111010
010110110
011111010
101111010
101001111
100110100
110110101
011000011
010110110
011101111
010101011
110111110
101111110
001101101
011110111
110000101
110011100
101101010
011001101
011110000
111111111
110011010
011111110
101011100
111111011
101011111
011111000
101110011
001011100
000111110
111001011
000111111
110111001
000111101
101010111
111101001
110001001
010011011
011010010
111000100
110101101
111011111
000111101
100111111
110010011
010101100
100100110
111011111
110110111
100101011
100101001
100101110
110110111
100100101
101100111
110001101
100011010
011011101
000110110
111010100
100111100
111100111
001101101
010001011
000111100
010110101
010011110
010110110
111110110
010111001
111111010
100111101
001101010
001011111
011000111
011111000
100111010
110111001
010111010
011001011
111101010
100110010
101011010
101010110
110101011
110101011
100101001
101110010
101011100
011000110
001110110
110110100
011101000
110101110
101111100
111111000
110111001
110000011
101010100
010011101
111100111
001111101
110111110
010101001
111001111
111110110
010010101
000011111
111101110
110110010
011100110
101101111
111010111
110001001
111101110
010100011
101100100
101111100
001101011
110001011
110011011
101101100
111011101
010001011
101101011
100001110
100001110
110110000
101110111
010000111
101010111
110111011
111100001
100011010
110000111
001111111
010111010
010111101
000011101
100010011
111001010
011101111
101011011
110110001
010111100
101010111
100110001
111010101
110001101
100001111
011111111
000110011
010110010
011101110
111000100
110011111
010011001
101111001
001011011
100111100
010011010
111000110
011010111
111110111
011101100
110110011
010100110
110001001
011111001
011011010
001001110
110111000
100110010
011101101
110001111
011001001
101110111
011100100
111100010
010011111
001101100
001111101
101110101
011110011
011010011
111010100
111001100
101110101
110101101
101011010
110010001
010100101
111111000
111001000
111010011
010011110
101110001
111011001
010111110
101011110
001101001
110101010
111010001
101111000
001110010
001011111
011100111
001101011
101100100
001111111
101010101
100001110
100110111
100011100
001001110
100110111
011001010
110011001
000111111
010101010
110011010
000101101
001110001
100110011
101000111
011101001
010111111
010001111
010111100
111111100
110110011
101110100
110100111
100111101
011111101
111110110
111001000
111101001
100110111
100111100
011010010
100110110
001101111
010111010
101101001
000101101
110100100
010011110
110010001
010111010
000101011
010101110
101111010
001111100
110000110
010111110
100101101
010101110
111110111
110000111
100110011
000011111
100001110
010010011
110011000
011011101
011001011
110111100
000101111
011001001
000101111
111000101
111000001
111101000
111110011
011110001
011110000
111000100
100100101
010001111
011011101
111101001
011110010
101111110
100111111
011111010
001001101
010110011
011001100
100101101
011110111
101100011
100011101
110111110
110110100
111101001
011110110
001101111
100111100
011000111
010010011
110010001
100100101
110110001
110001001
011110011
110001111
000011111
011011110
001111011
101011010
111111011
110100101
110011000
011010101
100110010
011000111
110111000
101100111
000110101
011110111
110010110
100111000
110111000
110001010
111111100
100010101
011000101
011000101
110011000
011100110
111001101
001101111
101101111
001111111
010110110
011111100
100111011
011101101
101011101
011011011
101110100
101011011
010111011
010101101
111110111
110001101
100011110
100010111
100110101
101010010
100101001
111111101
010110111
101010011
010001110
101111111
011001101
100111011
001001011
110111100
101010100
110010111
110101010
111100111
110100110
010110101
010101100
101111011
111010000
110110110
100010101
011101101
100111011
001001101
000111111
011110000
111110101
001011101
001011011
110111110
011111000
110110000
100100110
111111111
110010011
110000110
010110101
110110001
011110000
010011111
110001100
111111001
101111010
110011101
111111001
111100100
110010010
111000010
010011111
001101111
001111010
110111100
101011101
011111110
011100101
101111100
111111010
111111010
011111100
011000111
111110011
011110110
001110111
001001011
010110010
010111011
011101100
011101101
001111001
111100111
101001101
111001001
010111110
111001000
100101100
101101111
001011101
100111111
001110001
011010101
110110101
101010011
010011110
100011101
010110100
110101110
000011011
101111001
011000011
100101100
001100110
111111111
111011111
100001101
100111011
001011011
100010101
011101110
011011010
110011010
111011001
100011101
101001010
010110101
110100010
010101111
111011010
110101110
101010011
001100011
000100111
100010101
100101111
111110001
011110011
011011011
100110100
010001110
111111000
011001010
111100011
101111110
001011101
001111111
111100101
100111100
101000011
000111011
110011000
010010110
100001011
111101001
000111101
011101111
010110010
111001010
100000111
001101110
111100011
011110010
001001111
110011110
101100011
011000011
001101111
111100010
100110111
011001100
011101101
100000111
100110111
100111101
100111100
111101011
100110011
001001011
110100011
111001101
001100111
010001101
001101100
101111110
110100100
100110010
001101011
111100011
101011110
110010110
010100101
110110111
100110100
110010011
010001011
101001001
111000101
011101001
101110101
110010011
001111101
001111011
110101010
111010111
001100111
010101101
111101011
110111010
110010101
011011110
110001010
001111011
001111101
110011110
100110100
110001001
011101111
010110101
111011010
101110001
011010111
100010011
011100110
101101001
101001010
011011001
000110110
111001100
010101110
001010110
100111110
100100101
011010010
001010011
111001000
101110010
110101110
011010101
111010000
111001110
101111011
110111000
011010001
101001101
010111000
110100100
010001111
010011101
100010111
011100010
000101111
111111011
001110111
101011000
101011101
110101001
000111011
001001101
101111001
011001111
011011010
101010010
111010100
101111011
100101100
011111110
100110001
100100101
001001110
110001001
101101000
000110111
001111110
111100111
001100101
110111101
101010110
100100111
010110110
111010010
001110001
111001001
011101011
011101011
Time = 0.024s
