n = 16, k = 7, l = 5, m = 4843
Expect Resample Times = 0.36764
Result:
1011011100010101
1000001100010100
1101011101101111
0110011011101010
0100101110010001
0010110011001101
1111010001010100
0110111000010011
1100100011011101
1011000010000011
1001010110000110
1101100111100001
1011010110011011
1110110000001011
1010000001000110
1110100111101100
0110010100100111
1101111010011100
0011111001001000
0100110100000010
0010010110110100
1101011011001011
1010100101001101
0010000010101110
1111011000100001
1101111110001111
0101011010011110
0100101110110111
1100011001111010
0111010010010011
0110100010000010
1100010101110000
1001111010101101
1000101110100100
1001001100010011
1111000011001000
0000001111100110
0100001111000011
1110001011001001
0001011100010000
1110111111011000
1111100011101001
0111001111000011
0100010110000011
0011101111101111
1010000101011110
0011101111001011
0100011100010010
0100000011010010
1110010010111111
1111111001011110
1010011111000111
0101101110100101
0100100101010111
1111011101010001
1101010010110101
0010111000000011
0001110011000111
0000001001000111
0101011001101010
0010011101100111
1000000000010111
1010000000110010
1010110000010101
0110101100010011
0001111111100010
1010000000110100
1101110101000011
1110010101001000
1100110011100001
1011011001101100
1111011010010111
0000000101101111
1011111001010011
0100010011100100
0100101110101111
1111001001001011
0010100111011011
0110010110010000
0000010101001011
1101101101000100
0101100010100000
0000100101101101
0111001100010111
0111010010011011
1010110001000001
0110001110110100
1001000111110000
0100110111010001
1001011010110010
0111110110001000
0000001101101010
1001110110001001
1110001000101110
0011111000110110
1101111110000010
0100010110111101
1100000011111001
0110111111011011
1101010100100111
0101000101111000
1100110001110100
1001001000101001
1110011010101100
0111011111111110
0101001000011010
0011111011111010
1110010111011101
0001100100101100
1101010100010111
0010011010100000
0010111010011011
0010011001101010
0011011110000011
0100001110110011
0111000100110000
1011000111100001
0010100110111101
1001000001001100
0001101011011010
1010001110001001
0100100010000110
1111111011001001
1100110101110111
0101001111100000
1111001010011011
0000111001010010
1110010011010010
0011100001110101
0011010001111101
1100000000110111
1011110000001000
1101101011000101
0001000010011101
0100100110111111
0011110011100110
0110010101110110
0011000100111011
0010000000011111
0010011110110100
0001111100001001
1000111100001111
0100011000101000
0101000001011111
0111111010100110
0110101110111100
0100110101110000
0001000011010100
0110101100000101
1001111001111001
1100110010011100
0001011111001101
1111111110111101
0101010001110100
0011100110110100
1100111001000001
1111101011101100
0101000101011000
1000110000111000
1011101100100010
1111000000111111
1101001101001000
1111110100001101
1001011011000100
1001111011011110
1011111001110001
0001111010011000
1010110100111100
1011000100110001
1011011101010101
0100000110100001
1011010001111000
0101100010001011
0110001100111111
0101101000000110
1110110010000011
0000001010101001
0100101100000111
1010111100001101
1001111101010011
1000111100111010
1001010101110100
1111110001101111
0110011011010001
1100001111100010
0001110110001000
1111110111101101
1111000101010111
0010111100101011
0100111111010000
1111111010110010
0011011111010011
0101100110001011
1000111100000110
0110010111100001
0000001000100111
1001101101111001
1110110000110110
0010011100101100
0001100101011110
1001010111111101
1000101100111001
1110001011001001
0100101110011100
1000001001111010
1011100011110111
1000110100110110
1110101010000110
0111010010001101
1111100011110000
0111000111110011
1101111000000010
0101011101110001
1100011010011000
0010101100001111
0100010110110001
1010000001011011
1000010000001110
1001011001111111
1110100000011100
0110000001001010
0001010101011111
0001111101000010
1110101101100100
1101010000010011
0111001011010001
0101011101010010
1000011111111010
1111100000010001
1000110010110100
0111010100000101
1100111101111010
1010001100101001
0001001111011010
0011000111111000
1111101100010110
1111000100001100
1010110110101011
0101001101000111
0001111100100000
1001010011000101
0101111110010000
1101111010001011
1111010100000100
1110011110110001
1001000101110100
0111100010010111
0010000110010111
1111010001011001
1001001100000101
1110101010110101
0000100111111001
0100111110101010
0001111011101010
0001011110011101
0001110101010100
1110111001111010
1011111111110110
1000101001110100
1111110011010010
0101011101111011
0101101101101101
0000100100010111
1110010101011110
1010011011001100
1001000100001011
0101111000111000
0001001111100111
1110010000100001
1101001010110011
0101011100111101
1000110111001110
0100110011011010
0011111001110001
1000000111001010
0010000011101000
1011111011100111
0110100110101000
1010011101001101
0100111000101110
1110011101111101
0010100011010011
1110011110101000
0000101110110001
1100101100110011
0100000110011110
0111100010100110
1111000011110100
1010101000001011
0000111011111001
1010010110111000
0000011011010010
1000100111011110
1010100010100000
0001100010000011
0101001111000010
1101011010010000
0010101001101110
0101001000001011
1101000111111010
1011100011001111
0001101100111001
0111000110001100
1000001011110100
1111001111110101
1010100111010110
0100011110100000
1001000010101010
1111000000011111
1100010101110001
0000011100101010
1100100110010101
1110110110011100
1000011110010111
0101101100110000
1111001101101110
1100110110011011
1100001001101100
1111110101101101
1110000110000101
0111001101100111
1111101010111011
0011010100001001
1001101001111010
0101110101011100
0010011001010011
1101011000111001
0001100100110011
1110011001010010
1111000000110111
0100001001101101
0100110010110011
0000101000111111
1111101001101000
1000010011101110
0100000110010001
0010100111110001
1010000010110110
1001111000111100
0001010011001011
0010100100100011
0010001101000100
0101100001010100
0111110111101010
0111100000011010
0110110001001101
1110000000101010
0010010110001010
0101101101111001
1011011001111100
1011000100010010
1100001100100101
0010000010011011
0000110011001000
0001101100011011
0110100001110111
1010001001111111
0110001010111101
1011001101101010
1110001100100111
1010100101111010
1010000011100110
1000001110111110
0111001000001100
0000100011011100
0101100011011100
0100110101101001
0001110100010100
1011101111010111
1100011010000011
1101001111010101
0110111010101001
0111101111010010
0011000110111010
1011100111110010
0010111111101011
1010110111101011
0001011111000011
0110110111110101
1000011000000101
0110101110100101
1000001010101000
0101010001111101
1001110001000111
1000011101110101
0101000101010110
1110110000100101
0011001100100111
1001111100110100
1001001101010100
1011101001110000
0111101001001110
0111001111111001
1110111101001000
1101001111010000
0011010101100000
1111100010101100
1000010111111111
1011010000001010
1001101110000010
0010000101101100
0001011110101110
1101111000011011
0010001000000111
1101110111011111
1001011110101101
0111100011011011
1000011101110111
0100110110101111
0111100010000011
0111010110111111
0001000111000011
1011011001111001
0010110101000110
1111000000111001
1001011110010010
0110100010000101
0001011011010010
1101001001100100
0000001111001011
1011001100010100
0000010101001001
1110100010000011
0011110100110110
0101000110011011
1010001011100100
0110101000111110
0001110010110111
1111111001011000
0100101001011011
0101001001100011
0111100000101001
1011100011000100
0011110011000010
1111101000011100
1111010010100110
1010001111111011
0100011101100010
1000110001011110
0100000001011001
1001100000001111
0101011110011101
1110011111001011
1010001000110000
1011100000110001
1011100100000111
1010011100001110
0011000101001011
1000010110010011
1000000111111001
0101111010011110
1101100100100010
1011001010101011
1011111100110111
0010010001101000
0010111010000100
1010111000101000
0100100011001101
0110100110010011
0111011010110100
1100011110001110
0111100110100011
1000110100001100
1000000000011110
0001111011101010
1101011110101000
1000110100010111
0010110100010011
1100101011011010
0111001010100100
0001100101101011
1001000001100100
0001001011100111
1111010011011100
0101110101000100
0101010010111000
0100110111111110
1111010110110010
0111111111001000
0100010101011011
1001001010001011
0101101011010111
0100110111011010
0010011001010110
0101001010010010
1001011000001110
1111101101011010
1010010111001000
1100111011100111
1001100000100100
1111010010100010
1010011000011011
0001101000101011
1011100111001001
1001111010010101
1110011001100011
1000011111000001
1011100111101011
0100101000100101
1000001010100101
0111000010011100
1010100110001111
1010001010011100
1010101101001101
1010110100000010
1100101110111100
1000001000101100
0101011101010100
1001100110110110
1000101111111110
0111011000010010
0001111100110101
1011110110000111
1011111000010011
0111001001111110
1001110011011101
0010000101010101
1110111010101000
0000100000100111
0111000110101010
1001111101011001
1111101110110111
1011000100011111
0101011111101010
1110001101011111
1110010101111011
0111111010101000
0110000110111011
1010001110101110
1100001100110011
1000101010000100
0000001010111011
0111010000100011
0110000100100111
1111000101101010
0011000011011110
0110111000000011
1011000001010001
0111101010011000
0000101111010010
0000100101010001
0000100111111101
0111010101111010
0101010011011011
0010010001100010
1000111000100111
1010000110011101
0101101010111111
1011011011011110
1001000111100000
1010110000001110
1101010100100010
0011100111000100
0001010001010101
1101000111000001
1011010001101000
0000111100111111
1010011101111100
0010001110101101
0010110111110001
0000111100111011
0010101001110011
1000000010101111
1000001001100111
0011001011001101
1110110011111011
0011111011101100
0000010010100111
0100000110000011
1010100010011010
1000111110110100
1110000110101101
0110000001111101
1000111011000001
0011100011101000
0010001000111001
1010110100001111
0101010110010011
0000111111000000
0000101101010000
0101001000101001
1000100101011101
0000101100100010
0011000110011111
0101100101010010
1000011100010101
0101011011000100
1011011010011011
1101100001010000
1001101010110110
0100110010110010
0001111001110010
1011001011100001
0110000111001101
0111011001011110
0001100010110000
0010111100011110
1010101011010000
0100000110011100
0101111110001010
0000000111110011
1010010011000100
0100101001011011
0100001000101111
1011001111001111
1110111001000001
1101101010111100
0101010001101100
1010000100101001
0000011101100110
1010001001101010
0111101111111111
1001101001011000
0110100010000010
0010111000111011
1000111100100010
0011101111001111
1010101001000001
1110010000001110
1110100010110100
1011110001100000
0110010100110111
0110110011100001
0010011001101100
0111001111111011
1001000001010010
1001110000010010
1011010001010001
0101100011111001
1010010011111110
1010011000111100
1110101111011101
0000010101110000
0101001101100100
0110001111001011
0010001010110101
1011010101100101
0111010111011101
1000111011001100
1001001100010010
0001110001100111
0110101001111011
0100110000000101
1010110010001101
1110111000011001
1111010101011010
1111101001111100
1111100110110111
1101000001101000
0100111100001111
1010101000001011
1010100011111111
1010001011010110
0001110011000110
1011000000001101
1011000011110010
1100001100100001
0010100101010100
0011011011110011
0100111010001001
1001111101000111
0110011011000111
1100110110110110
1111001011001101
1110011110111100
1110001110110111
1001110000110000
1001011111110100
0010100111001010
0010111011000110
1011111100111111
0001011010100001
1000110010111000
0110110110000011
0110101110110010
0100101000100110
0110011000001001
1101001100010001
1100111001010110
1010111010011010
1100100111111000
1111100000010000
0111111010110100
1011110001001110
1011010111100111
0001101111011101
1111000001100101
1011001011110001
1010001000100011
1110001111000110
0100101110100010
1010101100110000
1100001100100111
0100100010000111
0111101101111001
1010001001001100
1001011011011101
1110010010111101
1110101010100110
0110111100110101
1000101001111000
0011110101100101
0011110111010100
1110111000110111
0010011111010110
1110111110101001
0110011011101100
1001010110100100
0100011111100001
1001001110011001
0000011100010001
1001010011010011
1110001100101100
1100000000011001
0000101011010010
1000001000001110
0100001100001011
0010001110011010
0111011011110111
0010111101101110
0011101011101111
0010000101101000
1111100101111010
1110001110110010
0011001001010111
1100011000100000
0000011010001001
1110010001101000
0011101011010100
0010011111100000
1110100001111010
1111011000010111
0001111101101101
1001111111111010
1111011101011010
0110000100110001
1010001000010110
0110110110010010
1000001110000110
0010010010010111
0011110010101011
1100011011111101
1101010100010111
1101111111000110
0011001010101011
1001000011011010
1011010111011011
0101001101011010
0111010011010001
1010011101101111
1100100010111100
0000000110011100
0111101010001000
1001111100100111
0011001010001001
0101100000110101
1011010011001100
0111111100101001
1111111001010010
1111110111010100
1000010111110001
1000100010101001
1101000000011111
0101100011110011
0100000111101010
1101001100111110
1010101111010000
0101000111010101
0010110101011000
1010001100001000
0011110111101000
1101001001000001
1001000101111010
1101100110101101
1110001001000100
1101110100010011
1111001100101101
0110100110110101
1110001101111001
1101000010101000
0101011100010010
0001011001100111
1001100010001101
1010100111101011
0110001100111000
1011010000100111
0001101100001101
1010001001111100
1010111100001010
0100110010000011
0010110010010000
1111010011011011
1100001000111000
1100011001001010
0100110110000000
1101011100111111
0111101011000101
0110011110101010
0101100111001100
0100100011001011
0001001001111010
0011000110001000
1001101111011101
1110000101111101
0110010110111001
0001111011111100
1000010100111000
1111101111111001
1111001101010001
1110110000001011
1101001011010010
0001010111000010
0010101000110000
1101001110011011
1101000000011101
0011001011111101
1011111010010101
1001110001100100
0100010011110000
1100010101111101
1010100101111110
0101010001011111
0001110101001101
1011110000101100
0011001111101111
1011010011000011
1011101101100000
1100011111001011
0111101011001010
0101101111101110
1000101101011101
0001100010101001
1011010000110101
0010111110100100
1011100001011001
0101010000010010
1110000010001110
1001011111100111
1001000000011010
1010110100001111
1010100110101010
1101000011010101
1110110100010100
0001001010101010
0101100111111101
0110000111100010
0101010000000110
1111000111100010
0010000001011110
0011110001101001
0110111101010111
1111111001111101
0100010001000101
1010110111110000
1000100110011100
1001010010001011
0001000111011111
1100100000010010
1111000011111001
0011110111001111
1000011000001001
0100000110111001
0111000101011100
0111010100111000
0010111110110110
0010110010100101
1000100110100111
1100100100011000
0110000010000111
0101010011101100
1110000100000111
1111011010111011
0000110101101001
1100011010011110
1100001101010011
1011010000010110
1010000011100100
1111101110101001
1111101101110111
0111110111001100
1001100010001011
0101101100011000
1001001111011101
0010010100110111
1010011101001110
0101110110111010
0000101111010111
0011000010110100
0100100000011100
1101010011110001
1101000110011011
1000000001101010
0001111110100001
0011110001000101
1101111000000110
1111001100000001
0010011000011110
0001010011000010
1001001110100111
0100001001001011
0011001001000110
1011101101011101
1010111001110000
0100111110101110
1000110010001110
0011101010101010
0001001110011000
0101011111111101
1001000001100010
1010000100011000
0101111110001000
1100001001000111
1001001001111001
0011100111110110
0110100001111011
0100000111001010
1010010101011110
1111100111010000
0001101001100101
1110100101000010
0000100011000011
1100111111011101
1110000110011101
0111101101010001
1110111100100000
1111010111100110
1110010000010001
1101101001111100
1110001011101110
1001010100100111
1110001111011100
0000011110111110
1100001010011001
0001110011111101
0010011010001001
0000010000010111
0000011100100001
1111011111000011
0101111111100011
1101100110001111
1100110001011000
0001010011000100
1010010011101111
0011100011110111
1010010100001000
0111001001010100
0001101100111101
0010000000011110
0010010101010010
0010000010101001
0111010111100110
1110110101101100
1100111101001000
0111100001000000
0100100111110001
0100010001110000
0101110111101001
1010011001011011
0010110010101101
0001110101010101
1011110111001001
1001010101110011
0110110101000001
1000000001100110
0101000111111011
0000011011010001
0111011001001111
1100010100101100
1100100010001111
1101010000011110
1000111100011110
0111111000011011
1100011101010011
0110100010011101
1011111001001100
0100111111011001
0001100111001001
1000111010001111
1010011111100010
1010101110100110
0000111101110011
1010000001010100
1011101010001000
0110100110011101
0010011110100000
1010100010000010
1111001011111000
0001111011001100
1111110000001100
0101011101001011
0001011100100010
1000100101011010
1110111111011110
0010111101101001
0110000110000100
0101011101101100
0011100001111011
1100011010000011
0000010111110011
0111100110001110
1011100000110001
1110111001110100
0001110111011011
1110000101101110
0101010110111110
0110000111010110
1011010101111100
0101110110111000
1011011010001110
1011011011011111
1100001111101000
0010000100110001
0100100111100000
0101000111111001
1000111011010111
0111001011110101
0101110110110110
0001111000000001
1111100111110000
1110000010101100
1101101010000010
0001111011111010
1111100010001101
1011010001011100
1000001011101101
0110111010111010
1101100110011000
0001010100010101
0110001111110110
1101001100100000
1001110100010100
1000101101100001
0111101110010110
1001100011000011
1101010010101111
1011001101100100
1010000101001111
1000110110011101
0110111111011010
1100010010001110
1101011101000100
0101001010100111
0101000110100111
1110100010010011
0110100011100000
1111101101111000
0111101110000110
0111011000011101
1101110101010010
0000010100010011
0100011110110100
0010001101101011
0101101110100101
0000100111100001
1111010101110100
0011010001000010
0010111110110001
1100010010111011
1011101001110000
0011010111111101
0111101000000000
0111101100111101
1100101101101001
1011101101111000
0101010001101010
1110111110000011
1111001000101101
1101001010111101
1100111111101000
0101011110001100
1011010010111000
1100010010011101
1011100011010011
0000001100111100
0001111110111110
1001100100110010
1101101001010100
1101111100100101
0100111101001101
0111010100100000
1000100111110011
1100001100111000
0000000011111111
0101111011101110
1000101010011110
1001100001010010
0111111011100101
0111101011011100
1011010010110001
1011001100111000
1000101100110001
0000001010011001
0111100101010001
1111010101101010
1011010100111011
0011101100010001
1001011011000111
1001110100110001
0010000011000011
0000100001101101
0100001100101000
1111011110001011
1001110010110101
1101001010000100
0111111100011100
0101011011101011
1001100000111101
0100110011101010
0011000000101111
0010000011101001
0000111010100011
0000001110000111
1100100000100101
1100110001100100
1101001111101001
1111011001111011
0001101010011110
0000010101111001
1010111011000111
1111000111111110
0010001101111111
1101111001101111
0101010101001111
0001001101001011
0100100110101001
0101001011101001
1100011100001000
0011000000110100
0110110010011011
1100001010110010
0010110101001010
0111010100100100
1101011001010110
0111100010100101
0110100100011111
0011000010111100
0101011100110011
1000000101110110
1101100000100110
0010000100011001
0011000011010100
1011011000011111
0110001111011001
1100111111001001
0000100010101100
1111010001001001
1001100101101111
0111000100100110
0100101111010001
1111001001111010
1011111101100001
1011011111011101
1000000110010100
1110100010000111
0001011010100000
1101111101110001
1011111000100011
0001101010011010
0110010010011011
1111110100110110
0100101101011100
0100010111011100
1011001100001100
0001011110001001
1110010110001111
0110111010000101
1010111110111100
1100100000011110
1000110100111111
0111010100110111
0101000010110000
0000101111001001
0011011111010110
1000110101110111
0101001111011010
0011001010000110
1100010001110011
0011011010101100
0001000010110101
0001010110011001
1001100000101100
0010010010011001
1001100110100110
1101100100101010
0011111011101100
0001111101011100
1110011101110000
1000001001101000
1011110110111101
1001100110010100
1110111100110111
0111010101111011
0111110100101100
1100010111111111
1111011011000100
1001010111001011
1011011011101100
1110000001010110
0101100000110110
1111010001001000
0011100110010101
0001111001010110
1100010110000100
1101110110011111
0001100001100100
0010110011111011
1110001101101111
1101010101000101
0001100100011101
1111000010111110
1000001010001011
1001010010111011
0111000111011111
1010100010000010
1110001011111100
0100011101000010
0000110010000110
0110100110110010
0111111111101110
1001010110001001
0010111110110011
1110010011011010
1100011101111101
1111111011010001
1101101101011001
0101110010001010
1101011110010000
0011110101001001
0101100010111101
1101110111001000
1001110000110110
1001011100110101
1000111001001001
0111001000111110
0011100010110101
0100010010001101
1110011101000001
1010100111101111
0111011001010001
0111101110011111
0111000110000111
1000010110001110
0010011011001011
0110001010000100
1101110011101010
1101011100010101
0100100101110111
0111010110010011
1011001001111011
1100100111010100
0100010110110110
1110101011101001
1101100110110111
1000011001100111
1001100010100011
0110100111110010
1100010101110011
0111000100000111
1001111011000111
0101000111000011
1000001110111011
0001101000010101
0110111011001101
0001100110011000
1111011001000001
0000111010011100
1010011011011001
0110100000110110
1110110111110101
1101000001101111
0011100101001010
1110000000001001
0001101011110100
1101101101011001
0000111000111111
0110001101001100
1011110100011110
0011111100000010
1000001101001011
0100011001000011
0111011011111100
1001100111001111
1000111110100111
0100111001011101
1101111000000010
1111111010101110
1001001110000001
0100101000011000
0011011000011000
1001010000101000
1101101001111010
1011100100101111
0101000111111110
1110101010000110
0011010100111100
0000100001111110
1111010000011011
1110101110110111
0000000010101011
0101110000101011
1001010000000101
1101100110110111
1011111111111010
0011010110101111
1000101010010111
1110000010101101
0111011111001011
1110000101011111
1011000111111100
1001100010100110
1011111011101101
1111000011001011
0101111110001101
0100110001000100
0111000011011001
0111011110011101
0010000110010001
1010100011111011
0000110110000010
0001011100000001
1011010000101001
1101100100100010
0110101011011101
0001110000111000
0111111000110000
0011010001110100
1001111110010001
0010010111101001
1100001110100110
1110011111000000
1001101001100011
0101000011011010
0100111011110010
0001010100101111
0011001111100000
1100111000000101
0100110000110101
1101111111111101
1111011001000011
1001010001111000
1100000101100111
1011100110110100
0101001001101000
0111001011101001
0011001110101001
0010010001101101
1010010110010001
0111110111110001
1110111101001000
0010111101110110
0010111001011101
1101000001000011
0101001100111001
1000000111100101
0100110001000101
1001000101111110
0000101011010010
0111100110100001
1001110010001111
1100101001000010
0001100011100011
1101111100000111
1101011100001100
1100101100000011
1100111001000110
0010101000101010
1001011101001011
1111001001100011
0010110101101111
0101101001010101
1001010011101010
1000101010101000
1111101110100110
1100000010111110
1010110111101010
1010111101100010
1101001111100111
1011000100110010
1001110001100001
0111000001010110
0000101101110101
1000100100111001
1100010101011101
0111000100100101
1110001111110000
0101110100111001
1001111100100110
0010110101100111
0110100100100111
0000001000110101
1011100000100001
0000011010011111
1111100011010101
1111011010111110
0111000100100001
1001101101011101
1001001010011000
0110001111001001
1101011011101100
0100001110101101
1001001110110011
1100100100111110
0111111100100011
1000000001101111
0101011101000111
0010000001011010
0010000001110110
0100000100011100
0000101100010011
0001111100011100
0010111111011100
1101101010110011
0101001000101110
1010010110011100
0011000000101111
0001001011100111
1011000111011110
0101111000011000
0100000110111110
1101100100101000
0100110001011111
1100010111011000
0011000100001010
1111110111000010
1011111001101111
1010000111000100
0010011111111101
1011101111000010
1100100010110010
1001010110100010
1011111101110001
1111000010000001
1110000110100100
0011011100101000
1011011001101100
1010000010010100
1110010111011001
1011100011101000
1100010000010011
1000110101101011
0001100111100011
0010101101010111
0110001101000000
1100100110100110
0010101010100111
0010100001110001
1110101110010011
1001110101100011
0000011101111001
1010100111001011
0110000010101000
0110001011100011
0010100001111010
0001111000001001
1001010010011011
0101100001101101
1100001111010000
0111111110110010
0011001110000011
1010010011011000
0101100010000111
1010000110100000
1100010111111001
1100101001101011
1001110111010100
1011110000011100
0000011010110110
1010110010100110
1010101011111000
1010100011110100
0001001000100011
1101011001111111
1101010000100111
0011101011100110
0110011001010010
1000010001011101
0110011000110000
1001100000111111
1001100011100001
0110011110111110
0111000011010100
0100101010111100
1101000010101011
1100111111101010
1101110001110011
1011001011010001
1001010100111111
1011101101100111
1101000110100110
1101000001010011
0001111010000110
0001010000010011
0110010101101110
0110000111011011
1001101100000001
1101001110100100
0011011001111100
1010011111011111
0011011100101111
0010010110101110
1100011110101010
0100101011001001
0101011111000101
1011110111110011
0000011101111010
0010110100110101
0110000101011100
0111010011100100
0111011011110011
1111011110110011
0111000011111100
1110101001000011
0000101011010100
1111001110010000
1110001111100110
0000101000110101
0000110000001101
1011111111000011
0000010111111100
1001011000101000
0101111011000101
1100011011001000
0101100100111110
0100101011010111
1000000110010110
0011100000110111
0111110000100010
0101011100010110
1100111011001100
1100001110110110
1011101001100101
0101100101010001
1100011000110110
1111010010101111
0001011111011100
1010100110010000
1100000011010101
1000011100011011
1011000011000101
1010110000010110
0011010011001000
1011001000011100
0110001101101011
0110000011111001
1111010001101100
0101011101110110
1111110011101100
1011011100001101
1111101001101110
1000111101000100
1111101010101010
1100110110001110
1011111110010110
0101101111010110
0110101011001010
1000000011101111
1110110100001111
0011100101111001
1111000101010110
0100100001010111
1101011101101100
0010101100110101
0011100010010110
0010001000010110
1010001010101010
1011110000100010
0111110010111110
0110111101000111
1100100000111111
1111001100100000
0001100001111111
0010010111110110
0010001001101110
0001110110001000
1110101000110101
1010010000001100
1011100011011010
0111011110000001
0111010001100001
1101001010111101
0010110010111100
1111000001100001
1110101110010110
0111001110101011
0011100100000001
0000001110010001
1000000111111010
1001111110100100
1011011011001000
1111011101101101
0011100011110111
1001110001110110
1101110001101101
1110111001011001
1000011100101111
0010000011110101
1100001011001111
1101001010011100
0000100011111010
1000110010011101
0111011101001000
0010001100101111
0011000110100101
1010001001111110
1100100110000010
0000100010111011
0111101001111101
1100001001011010
0101110011001010
0110110111101110
0010011001010001
0010010000001101
1010010110101000
0000111101011101
1011111110000010
0011110111010101
1000111100011011
0100111000110110
1001010001111001
1010111110101001
1011000111000000
1111010011110110
0011000010111000
1011001100100111
1011010001101100
0011011101011010
1000110010101000
1101000001011111
0111011111100001
0000000111111010
0110100111001000
1011101010110101
0100101100101111
1010101001011100
0100011011010110
1111000010110001
0010101110001111
1001001010010011
1001110100110000
1011010000011111
0111110110101010
1001110110010100
1110000110101001
1011101111001100
1110111111111110
1001000110110100
1011101110110110
0100110011101100
0001100100101001
0111001111111000
1100010110110000
0010011001010101
0110000011011111
1110100011000111
1000110111011111
0011011010000111
1001010111001010
1110001010001101
1111000011111000
0001001000110111
0100101111001100
0010110110001000
0101101010011010
1111011011101111
0100101000101101
1110000111000111
0010111110110111
1111011011110100
1010001110011100
1011100100110111
1001010110010101
0100001100101101
1011010110100100
1000100101101100
0011110110000011
0010111111010001
1101011011001100
1000111110101001
1001101000001000
0111111110111000
1111101100000001
0101001001111111
0011100011010011
1011110011100110
0011110110011101
1011111010100101
1010101101101001
1100000011010001
1001110101111111
0100101011001011
0000101011010111
0000101010111100
0110100011000011
0101001111111010
1111100100000111
0101100010100110
0100011100011001
0101001100010000
0100011111001011
1101101111010110
1101100110110010
0001100101101011
0010101100101110
1110010010101000
0110001101100010
1010111100001111
1011010001110011
1010010001110011
1000111001110110
1010111011001100
0010010010101001
0011000001101001
0111010000100101
1010111000011111
1100101001011111
0010100110101001
0000101100100001
1001010111101010
1000100100111101
1000011010101011
0111010011001110
1111110110100000
1101111100001100
1000010010111000
1101110111100010
0011101110001001
1000111010010011
1100110010001101
1011111101011101
0101001111011100
1101011101111111
1001100001101011
1011011100001110
0010001001100100
0011111001100011
1000110110000011
1010010101101111
0010010001011001
0111111110001101
0101111010100001
1000010111110010
1011010001101101
0110101011111101
1111110101000000
1110111101101100
0001100001100011
0100100010010010
1101000011101111
1101111110101100
0001101010100100
1110000001000010
1111111101011111
1111111110010110
1001000100011000
1100011001101010
0000110110101111
1111001100101111
1111110101100110
0000001101110000
1110000100100100
0110110001101110
0011111111111111
1110011111000010
0010001001001111
1101001110011000
1011110110011101
1111001000100111
0011111010100001
0110100011110001
1100110111011111
0010010110001101
1011001010000001
1001110011000100
1010110011001111
1000011111011110
1010011110101100
0000110010100101
0100101010010110
1111101010110101
0110100010000001
0000010010110100
1101001100000110
1000010101000100
1111110110111000
0011101010111101
1101111011011010
0110010000110100
1101100001010111
0000000110111111
0111101001100001
1010011110011001
0001011010001001
1111101110100011
0010000011010001
1101100111011110
0101010100111000
0010101100100110
0001111110100111
0001000110110101
0110100111001110
0010100011110101
0000110101001000
0100011010101001
1011100010101111
1011010001010110
1110011001111100
0100010100010010
0110101101000010
0100100010010001
0101011010100001
1000111100001011
1011110011111101
1110110011001001
0111110100001101
1010100000011111
1100011000011101
0011001100101100
1101011101000101
1110101111110010
0001011010101010
1001100011000101
0011100001011111
0110000101111110
1000110010010010
0110010110110001
1110111000111101
0111011011010011
0001011010010100
1111100010010111
0110001110111000
1100110000101111
0111100111110100
0110101111000011
0000011111010101
0000100101101011
1010111000101100
0110011001001001
0100001110011001
0001001111111111
0100101100000101
1100010010110011
1010100011101001
0011000101000100
1110000011000101
1001110011100001
0000110011000010
0011010110011011
0111100001011010
1001111011001010
0100111110000011
1011010001110010
0101100010111000
0010001010001111
0101111000000110
1000100111011000
1001010100000110
0011000111111000
1110001111010100
0010110111011100
0111100000010100
1011101000000111
1010111110010111
0000011001110110
0000000101111000
1001100110011000
0101010101000101
1100010010111000
0101110010111101
0101110000111001
1001110101100011
1111100110100100
1010011000001001
1000011110101111
1001111101101111
0110101110000010
1010000110000010
0111100000010010
0010100010111101
1011111001010001
1000101010001001
0110101000101110
0010110010001001
1101010011001110
1000101011110101
0111000111001101
0100001001100111
1011101111000000
1101110110000101
1100100100001110
1101011101101100
0011100111011010
1101110001011100
0011001110111100
1101010011100110
1110101111011011
0101000111110101
0101010010000101
0000001101110110
0011001010011010
0000001100110100
1010111110001000
0000001011111010
1111101010111101
1011000010001001
1010010100111001
1101101011110110
1001000000111101
0001001111101110
0110011101000101
0001101110000011
0111001000001111
1001101001110101
1011100010101011
0111110010100111
0000001111010001
1011001101001100
1110001100110000
1101110101000011
1001111111100001
0110000001001001
1011101110001100
0100000011111111
0110110001110001
0110011010011001
1000101011011110
1010110100000010
0010011111001001
1111001100100101
0010010100111010
1011101001111001
0010100111110110
0011010111101111
1010001110001010
0001001000100011
0100110010101111
1010001010110011
0100000011101001
1011001101001100
0000110111110010
0001110111010011
0000100111111111
1101100111110001
1001110010000101
1010001000101000
1101000001111011
1011001001000101
1110110011000010
0010101001100000
1110001100100011
1001100011000110
1100001001001100
0011001111000000
0010101101111100
1001101011111111
1111111011111100
1011100101100111
0000000111010111
1110001101010011
1110010001000100
1001111100010000
0110111001010100
0100001100001011
0011110110010111
1100010110010001
1001110101110111
0101101110101110
0111000011011000
0101110101101011
1101101100000010
1111011001011100
0011001100111000
0100001101100010
1110010001000101
0100101101100001
1001001110011101
1000010010101100
0100011000011010
0011010010100000
1111100101010001
0000011110100000
1100111111011111
0011000111110000
1100000001011010
1011001101100101
0111110001000100
0101010000001100
0010111001100011
1011101000010100
1110011010011001
0010010110101010
0010101111101101
1100111001101101
1001111001011110
0101000011001011
1101111001101011
0011010010001001
1001101110101111
0100110001100110
1111110101101111
0000111111111011
1111001111110100
0001101111110011
0001010101111000
1011001011100001
0011001010000101
0010011011101001
0001011110001101
1110011110111111
0010110011001101
0100100101111100
1101010100001110
1101011011100001
0111110001010111
1000000011011000
0011100111111110
1011101100010101
1110100011010000
1011111011110001
1000111101100100
0010010001001001
0101001111001000
1011111110101110
1110010011011100
1110101100000010
0100011100010100
1011000001100100
0110111001101010
1001111101100000
1100100110011000
0011000001001110
1110010001111010
1000110010100101
0110110111110111
0111001110001011
1011110101011101
0100011010010101
1111000110101110
1110001010001011
1011110010011011
1101000110001100
1110000000000111
1010000110001100
1111101110010001
1111101001010111
0001000010100011
0101001010111110
0001101100011011
0100001011111010
0010010100100011
0101001110110111
0010100100101001
0011010101010101
1000100011001010
0110001101011100
0111001000100111
1001001100001010
0010100010100001
1010000000100011
0001011101011110
1101100011111101
1101100000010010
1110011000111001
1011110101100010
1000101101010001
1101101110110010
1000100011000111
0100110100011100
1010101011000111
1100111001110100
1101100101011001
0100000001100110
1111010010111011
0101000111010110
1101110000111100
1110111100001100
1100011010111000
1001101110100010
1101100111001111
0111010000111111
1011110011010110
0111010001100111
0001000110010101
0110100101110111
1010001000111010
1000100101100101
0100101010011001
0111000101000101
0011000101101010
0001111000111011
0110011101100111
0111110010001101
0010111010100101
1101000100010000
0010111101001101
0100111110111100
1010111101101010
1100001010011110
1100101111011001
1111011110110100
0111100001000000
0100001000011001
0101010011010011
0000010010001110
0101001010000101
1010000000110010
0010011011101000
1010100111000110
0101011000000100
1101010011111110
0101101110101111
1100101001110100
1000111101101111
0111001010010110
1110000011101100
0111001000100110
0110011100001111
1011010100000001
0110110111100101
0111001101011000
0011011111010111
1100101111111011
1011110011111101
1110111000111101
0001101000001010
1000110010000111
0111111110111101
0010111001001011
0100111011001111
0111001010100100
0011001000110000
1011011111101010
1011001101010000
0010100010110001
1100001111011001
1101101001001010
0111101100001000
0010011101100011
1110110000001100
1011010100000011
1111010000001010
1001010000100011
0000101110010101
1110101000001101
0111001010110010
0000111010100010
0011100101011011
1101000011010000
1111111001100111
1111110001011100
1101110100001000
0001011101010100
0101100010000110
0101100110000000
0100001111000000
0100011111100010
0100011111100111
0000001001011110
1000111111010110
1111101100110100
1010110101011111
0111001100100100
0100000011100001
1010100101001001
0011010111100000
0100110001010010
0101010101011000
1100001011011100
0111011110111011
0101001111111110
0110000010100110
0111100110001101
0010010011111000
0001111101111000
0010010000111110
1001010000001100
0000011001101000
0011110010111101
1100011100110101
0011011100100000
0111100100001111
1001000100001001
1110001010110110
0111000000011010
0111110000000110
0110101000110101
1101011100000000
0010111001001000
1110110100101001
0001110011010101
0000111100011111
1110101010111001
1101111111010111
1110110111011001
1111111100011001
0111110001010110
0101001101001101
0010001101100100
0111001000010010
0000011011110001
0100000110110111
1110000001010001
1110110011100110
1011001101001110
1100010100001100
1000010110010110
1110000111000001
0000001101100100
1100111001101001
1000100010111000
1001011010010011
0001100011001100
1000100110100110
1111100111111100
1110011010101011
1111100010110010
0100001001010101
0000101011100100
1100011000001100
0011101011100101
0101011110111111
0110011001110100
1100110000100000
1111011000110100
1110101111010011
1011111011011100
1111011000000101
0110111001010100
0011010100010101
1100100001010001
1000110111001111
1101111010111101
0111010001111101
0100011110001010
0000001111010100
1001110001111000
1100101001101110
0101101110011110
0010001101011000
1101100010100000
0001001011000101
1101000100100100
0010000011001001
0000110111000101
1111001010111000
0101011000101000
0001000010001111
1010011011010110
1010101001010011
1011000111111001
0001011010100010
1000001111010010
1101010101101101
1011101001111111
0010110101110010
1101110010011001
0010001010100010
0010111101011101
0011100000010011
1001110010010110
0101000000011110
0111010001111100
0100001000110100
1011101101001011
1011000101101000
1011111101010010
0011001010011111
0101110100011110
1011011011010000
1010010101000111
1110110010111001
1111110111011111
1100101100011111
0100100100110110
1100101000010000
1001010111001011
0010110100000011
0011011010111001
0101100011111101
0111011111010110
0100110100000011
1001010111001011
0100011010100001
0000100010111000
0010111010101010
1000111001111111
1111110101010100
1010011001001011
0110111110001111
0101010110000110
0111010111001001
1100111100111000
1100110111100011
1000001110001001
1111101010100110
0110000111011110
1011100110010100
0001110011011110
1011000100110000
1001001110000000
0000010110010110
0010111101011111
0001010111000101
1110101100010101
1101111100111100
0111000100001101
0000001100110001
0011110001001111
1100100000100111
1001000111111011
1011000000110010
0001110101010011
1010101000001001
1110101101101110
1111011100101101
0011000001101000
0000010000110101
1110000010100101
1101101110110000
0011101011100000
1010010000000011
0001111100110011
1001000001101001
1000110011010010
0001101000000110
1000111010011000
1111100001000001
0010010110000100
0101011000000111
1001111010110101
1100111000001101
0110010110111101
1110010010110001
0100000001110100
0010100001100110
0011010101010000
1100111100110110
0000011000101011
0000100111111011
1111010010100010
1100001011111010
0010110001100100
0111010101000010
0000111010110000
0001010111110011
0101001100110101
0010100010000011
0100101010011111
1011100100001000
0011000111110100
0011010101000010
0011000000100101
1111010101101000
1000110111100001
1100000101001001
1000001110100001
1010101011000110
1001101110101000
0011000010011100
0111010011010011
1111001011100011
0001010110001111
1110110100010000
0111011000111011
0101011110101010
1100111010001100
0100111101110010
1001010011011010
0110111011111010
1101101111111000
0010011011000001
1110011000101100
1111111111110101
0001111010110110
0100010100111010
1001110000001100
0001111111100010
1011001011010101
0011000010101000
1101011010000011
0011101100001110
1000110011001010
0011110110000010
1101000101110111
0110111001010110
0111000100110000
1011111011110011
0001001011100000
1110111010101111
0000011111010000
0101011110011011
0001010110100100
1011110110100001
0111101011001011
0001011101110101
1110100011001001
0001101100011110
0110101111100001
1111101111100100
1001001000110110
0010001010110100
1101111011011011
0010010110111001
0000110000011010
0111110010110011
0001110101101110
0101001010111110
1010010001001100
0000111100101110
0011100100000110
1001010100010111
1110000111010010
0110010100110010
1011111110110110
1101011010010011
1110110011100111
0100101111101101
1100011101001011
0101101011101000
1100001101101111
1101101001110010
1001010011000110
1100001001000001
1100111111000000
1110101111011010
1001110001110000
1000100111110001
1010111010110101
0000111001101110
1000100111101101
0000011011100110
0001001110000011
1110110010011100
0101001001110011
0101011110101000
1100010010100101
1011011010000011
1101011111000010
1000110010010100
0010111010010100
0111110011010100
1011001100000101
0100011100001100
1100010001100010
0010111011100001
0111110101000001
1101100010101011
1101000010100110
0110000001000111
1100111010110010
0101101110110110
0100101110101100
0001010101100110
0001001010101100
1010001110001000
1110101000001000
0110001010110001
0011101011100011
1001000101101101
1111011001011111
0101000100011011
1011100011000001
1110001100110101
0110111011101110
1110001001101011
1010001101110111
1111010111001100
0010011101000101
0111111011011110
1100111101101010
1000101110110110
0111110111010010
1100011100010011
0010001010111110
0110110110011110
1111100101001111
0101011101010101
1010000101000001
1111000111000110
0100001110110000
1001110100000010
0111111100100011
1110100011111001
0101000111111010
1000101010011000
0111000011110010
0011110101100110
0000101010100100
0111100101111001
1010001011110110
1010011101011111
1111100110101000
0101110100010101
0111010010010001
1011011000111001
0001001010010010
0111111101110111
1110100110100001
0110000100110111
0000001101011110
1111100101100001
0000111000111101
1100100100011100
0110001001011010
1011111100100011
0111100100000111
0110010110011101
1100101000100100
1000101001110010
0000101011100100
0111001010110000
1110110101100010
1101001101000000
1100110010101000
0111000010101110
0011111000111100
1111011011000110
1100110000011111
1011010010111111
0111001010110010
0010110110011010
0001100111110110
0011000111111001
0010110101001010
0010001100100111
1000111101001001
0111010100011011
0110001101110010
1000010000111110
1010010101011000
0100111111011111
1101000011011001
0011011111011001
0111001100001110
0110000100101111
0011001011000001
1010100110000110
1100011011110101
1100110011111111
1111111011000000
1011011110101111
1101001000010000
0010001111101001
1100010010000100
1011000000111011
1100101101001000
1010110110010001
1101010000111100
0100000101010011
1111101101110010
0011110001001100
1010110100001001
0101101000100011
0001111100011100
0111110101010101
0110101100001000
1101011111001001
1101111001111010
0101010111101000
1100111101101101
1011110101110001
0100010011101110
1100000011101001
1001010001000110
1001100010000100
0010010101000110
1100100101100101
0110100101110110
1011100000110100
1110001001001010
1010101010011111
0111111101101100
1011011111100001
0000000010110110
0010010011010011
0100100100100010
1100010111000101
1001110011000100
1010010101000011
0100010010010101
0111000101101100
1010010101100110
0100101111101111
0110101010100101
0111010100001110
0000111100100011
1110110011011011
0101000100101010
1010001001100101
0100110001111001
0111011101010010
1011100011011100
0101101110100101
0101010111100000
1011001000100110
1110111011001010
0110100110010111
0010011010011111
1010001110000000
0010111010011101
0100010001011110
0101110110011011
1011000010110011
0000001011100001
1000010111001101
1010101011011100
1111001010011110
0011100010001010
1110000111010101
0000111011001010
1110111001110111
1110010110010011
1001011100101100
1101011101010110
1101110011011000
0001111010011000
1001110111011011
1001001001111111
1010100000011010
1111110101101110
1010100101110000
0001000000111101
0101110100100010
1001100111010101
0011001101000010
0000101100001111
0000000111110001
1111001001010000
1011010101010101
0001111101001101
0100001011100011
0000111110001111
0111100010011001
1001110000111110
1001111001011010
0010001010100111
1010101000000001
1000010100011101
1000000010011110
0100110000010011
0100011101010100
0000110110111111
0110101000101101
0010110110000001
1001000000011101
1010111101111101
0111001001101010
0101011100110111
0100001101110101
1011011000100000
0000100010011010
1001101101011100
1100101111110101
0000111111100100
0110101100101111
0001101001110000
1110000101010101
0100111011001000
0001000101111000
0101001001110000
0100011100001010
0110001100111111
1001000111001100
1000000101000011
1011010000010011
1011101010010111
1010111011100111
1000110000011111
0000100100110110
0010010010001101
0111010011100001
0110011001110000
1010100111010100
1110101101010110
1001101111010001
1100100000101011
0011110011111011
0010011001000011
0111011101010110
1100100011010000
1100011100001101
1000111111000111
1100010010110001
0111110001011000
0101111010110110
0100011010001100
0110001000001011
0000101111001110
0010010100101011
1011100101011110
1111010001010110
1010110100101101
1101000011000010
0011110100000110
1011100010001100
0110101001111101
0111010000101110
0101010001100001
1110000010000011
1111010001101010
1011101111111100
1110100100111110
1010011010010101
0110101101010000
0111010001100111
0101101101011111
0011110011101100
1001011110101110
1101000001100101
0011001011110001
1011111001110110
1101010011010010
0000110101111111
0010010111001011
0001001000110011
1010110101001111
0001001100110001
0101101111010001
0011100110011011
0111100000000001
0110111110111000
0010100010010011
1001011001110110
1100111100001111
1111101110001110
1001001111110101
0101101101000110
1011100011001111
1011111011000010
1001010011000010
1111111000100011
0111011111000001
1011000101000000
1111000111101011
1100101000001000
0111010111010111
0101010101011010
0100111110001000
1000100011010111
0101110110000010
1001011111110111
0101000110010010
1110110010111011
1101110011011010
1111000110111010
1001100001100001
0001100001001001
1101010010111001
1100100001001010
1000000101000111
1101101000010110
0000001000011011
1110100100101001
0010011101001000
0111001000101101
1100001010110010
1000000101011110
1001000000111010
1010011000101110
1010000110110010
1000000001111101
1010111010111011
1101011011010001
1111101000001000
0110110111101111
0001100011111000
1011001011100111
0101110010110000
0001010110010010
1011001010011011
0110000001011110
0011010000100010
0010111110111011
0000101111100010
1010011001110000
1100000011111001
1110101101101101
1101011100001010
0100101101010101
1101010101000100
1110011001010101
1100000000100101
0000010010010110
1111011110011110
1111011100010110
0101100000000011
0110110110111011
1001100010010010
0011010000100100
1001111011001111
1100101111000000
1000111111110110
0010111011111010
1000101111001100
1110011010110110
1011110111111001
0101011110011110
1011010000101001
0111001111000100
0110011111010110
1111011100000100
1010111101101001
0110000000011101
1001111100011100
1011101111111011
0011111000001100
1101101001111101
1001101111001111
0111011110001011
0110001110100001
0111001101100011
0111111001101101
1011100101101111
0101010010001011
1110100001100110
0111000101111000
1111110111101100
0101001000110000
0101000010100101
1111110101011100
0000100011101111
0011001100111001
1110110111101011
1111110101000110
1111100011010110
1110000110111000
1111011100101100
1100100111101001
0110100000011100
1011101011100100
1010011000111110
0100011000010101
1001011111011101
1101011101110000
0001111001010010
1010000000111101
1111110111010011
1011101110110110
1001000101110011
1010100110110010
1010001110011010
0110001101010101
0011001110100001
1010111001101111
0101010100011110
1001011100110000
1010110001001110
1110000101100000
0001100101110001
1111001110010011
0100111011010111
1110111000010001
1001000011010101
0110111011110000
1100001010000100
0011010110111111
1010001100001000
1011010111011011
0010100110010111
0101110110010010
1001111100000011
1011110101101001
1100101011100001
1110011110011110
1111000010011101
1111011000110000
0001000011010101
1001110101101000
0001000101110100
1001000010101010
0101011010000000
1000010010101001
0010011110101100
0010100001111010
1011111101101101
1011001011111111
0000100101110111
1011000111010111
1000011000101101
1000000010110111
0011111110101101
0010011100001000
1010011000010001
1110100101010101
1010110001110000
0111000001101011
1010011110100100
1011010100011110
1011100010001011
0010010011100111
1011100001001111
0010110000011100
1100110110101011
1001000001011111
1001110101000010
1011100011110011
0101001100100100
1011100110001111
1000011001110111
1010010111000101
0110111111000011
1111100101011100
0100011110100100
1000000101111011
0001111101000101
1010110111110000
0011000111100001
0010101100110100
1010001100101000
0001001001011111
1110000110011000
1011100111110011
0001101101110100
0101101000010101
0110010100010100
1010101100101101
0001101000001101
1010101001001000
1110101001011110
1000100101101100
1111000010010011
1101001001000001
0001110100011111
0000111000110110
1001101101110000
1010000101011101
0001110110001111
0100101001101110
0000100110101100
0001010001010111
1000101100010001
0100111010100011
0110110100011101
0110011000101010
1101110111011011
0001011001000111
1011000011110100
1011101110110110
0000000010011111
1110010100010010
1110110111101111
0001001000001110
1001110111111101
1010100011100000
0110100101110011
1000101101011011
1101111110111001
0010111100101100
0011101110101111
0100111001010010
1111101010001111
1111010101000010
0000101110011100
0101110100011010
0101010010111011
0100110110011111
1101111000100001
0100100000100101
0111111011001001
1010110010010010
0010001110101100
1010000100110010
1000111010000000
0011011111100010
0010010000111011
1101111011100110
1111100110100111
0110111001111111
0001101111100001
1010000000111001
1101101100000111
1110010111000111
0010000111111010
1111111000110111
0100111001001110
0011100000100001
1111101111001000
1001001100100100
1010001110101011
0001001101110000
1100001101011000
0000101101000001
0011001111000001
1110111011000011
0010010010010001
0101101000111101
1110001011010000
1111000010101100
1111010111010010
0000010010011101
0110001100001101
1001001100010110
0111111101011111
0111011111010101
0100100011101000
0010001110011010
0111111010000000
0011100001000110
1000100111010001
0011010111111100
0100011101001111
0001011000011111
1110111001010000
0110101101100111
0011110011001001
0011000001101101
0101011010100100
0100011101010110
1000110010101000
0010110011110101
1010011110101101
0010010110110100
0011010001011011
1100100110101101
0110001010110101
0110001000111110
1001110010110011
1011000000001001
0100000100011111
0010101110111100
0011101111110101
1101010110110100
1010000100000111
1001110111101101
0110000110011111
0011011011111101
1110101101101001
0000001101101111
0111011010100100
1010111110101000
0010111010110110
1101010001110101
0011000011001101
0010111001011000
1000111011010100
0110110101111010
1010001101110011
0110100010101001
1011011001010000
1110000000110101
1111001011010101
1000001100011111
1101101011001100
0010001010101111
0000011000110101
0111111100110010
0101001010011001
1110110001000011
1010001101011011
0001111011010000
1100001001100011
0110101111001011
0100010001010110
0010110010100001
0101001001100001
1101010110010011
0001001101101101
0101011101101001
0001000101100001
1011110111100100
1100110010100110
0101011101110000
0101011111100110
1010110000111111
1111111110100101
0001011000111111
1011100100010110
1010001100101111
0001010111110111
0111011111100101
0100000011100100
1011100110011111
1001011001001011
1011110010010010
0010110100000101
1000011111011010
1001000100011111
1100111101001101
0110001010110000
1111110010111111
1011011000001010
1010110110101111
0010111010000101
1100010001001011
1000100101010111
1010011100111110
0111100101011011
0111001110100110
0110110100100000
1111000010000101
1101010111110011
1011000100000110
0001011011011110
1100101001000101
1101111101011111
1000110000111011
1001110011000100
0101000100011011
0100000011100001
0111000010010001
1001111010001100
1110010111110101
1001011000001001
0111100110000010
0101100101111010
0011101010000011
0101011010100001
0010001010010111
1000101100001000
0101010101110000
0001010001101110
1101101110100010
1101101111010001
1000110101011011
0100100110011110
1110000110101110
0101100111000000
0001011111000011
0110000110110111
1110110000000100
0001101000110010
0101001100011101
0101111111001010
1001000100001010
1010011010111110
0111000011000000
0000110001110100
1110001010000010
0000011001001100
1011001100101010
0101111101001010
1101111001010000
0110010111111001
0000100001110110
1010000010101100
0001010110101011
0001001111010100
1000011101000101
1001011110100011
1000110010000100
1100000111110000
0110100101101001
0101011011011101
0011010000010110
1001001001111101
1111101000001111
1110101011111011
0111110111000110
1010000100101110
1100100110000100
1011000001110001
0011110100010100
1100000101011110
1010111010000101
0100110100100110
0110111011101101
0001101100000110
0001011010010001
0001110101110100
1111100100001010
1000110011100000
0001101011010010
1001100110011111
1001101111010010
0111001110110010
1000101110010011
0101100101010100
0110101101110010
1101111001001011
0110110010011001
0111010011010001
0111010001100101
1000111001111100
1111010110110001
0110011111110010
1111110100111001
0001110110001010
1001100001010110
1110011000110011
0101110000110111
1011110010110111
1000100111001110
0001011110010011
1110000110011010
1011110001011010
0100010101000001
0010100011001010
0011101111000000
0100011011111010
0001001001101111
1111011001110111
0101101111111011
1001010001000110
0000011111101001
0001101011111001
1010100001011000
0010111000001000
0011110001100000
1000101011010001
1100110100111010
1111001000010001
0011110010100111
1101010111111111
1110001010011011
1100100011011010
0011101110100011
0011011011100101
1111010011111111
0011110001110100
1101101111101000
0101110001111000
0111100111010010
1000000011100001
1100100011111000
0100000111110101
1111000000000001
1101001010100001
1110110001001010
1101110100001010
1011001000001111
0011111011110101
0010000101010101
0100111011100010
1101011011011100
1001111001110011
0100010110111111
0100101011101110
0110111000111100
0011110110110111
0011101000100100
1010000011010100
1101000001110000
0110100110110001
1010110001010010
1101011110111101
1001011101101100
0000101111100000
0110101011010000
1101110110100011
1010010111010111
1001011110011000
1111101110000110
0101000101000011
1001011000011011
1110011100101011
1010100000010010
0100010001101101
0110010111110101
1101100111100100
1000101010111011
1111110001010110
1011011001111011
1101011011111111
1010101000000101
1101111000110110
0111001000001010
1000111100010100
0101000101001101
1011110101001010
0111010100110110
1101110100011101
0100011111100111
0101110010110101
0100010110100011
1000101111010001
1100010111101101
0001111101001110
0111001110010010
1101011000011110
1110001000111111
1101111101101010
1000000000110110
0111101011001011
1001010010000011
1000110101111011
0101011010010101
1100010011100110
0111010100010001
1010011000011111
0000011100011100
0111110000101000
1101001010011100
0011000100110110
0011011000111001
1100000101110010
1101110111001001
0110101111111001
1000101110010110
0001101100011011
1010010101000110
1010100011001010
0101001001000101
1010010001101001
1001101111100100
1001111000100110
1011100110011100
1000111001000111
0101101001010000
0110111100011010
1011000001110000
0000100101101000
0110001001111010
0000011011111110
0111100010010111
1010110110010001
1000010011101010
1001010011100000
0001000100011111
1010111101101110
0000110010110111
0100000111101000
1011010111110110
1110010100000000
1000000000111110
0100000110111000
0100101111100111
0110010000101000
1100110011101101
0001011010101001
1001011010100101
1110100001000011
0110000100101110
0011101110111000
1010000000111010
1000001000100110
1101001100000110
0111110001001010
1010100001001110
0001111010110101
0011110001111010
0100011011101110
1110000111001000
0101101010010010
0101111101101111
1001111111001111
0011011100111011
1011111011001010
1110001000101100
1001111011111101
1011101101010010
0101011001101100
0110010001100100
1101110101101111
0100001110101111
1010001001010000
0000111101010100
0000111001001101
1000011110101110
1000011111001111
1010111010000100
0011110000101110
1000010100101111
0100101111001110
1111110001110001
0001010001111101
1111111101110110
0001110000001011
1000101001110010
1010111100010001
1001000010001110
1011010111111111
0111110100000010
0100011000000111
0011101011100100
1111101110111010
1011010101110100
0011101000101011
0110010111010011
1010000011010000
1011100101101101
0100110001001010
0011000011011010
0000110110000001
1100101000001000
0001011101101100
1011110001111000
1110111101000011
0110100110100001
1101011101111100
1010110110100010
0001110110001011
1010001100111000
1001101111111111
0110100100111100
0001111011110111
1111100000110011
0100110100101100
0111100001011110
1111011011111101
1101100100110111
0101011001010111
1011101011010011
1100001001001011
1101101001101100
0111000011110010
0111101101111111
1110110010101111
0100101000001110
1000010111111100
1000001001100101
0111011111001000
1100001011001101
1111010110111011
1011100101111111
1010011001110011
0101101100010001
1100101010011011
1100110110000110
1010010101101001
0111001010000110
1011000001110100
0010000011100101
0100110000000111
1011111101000100
0010101011111000
0110101110010011
0010011011111001
0011001001101011
0000011101001100
0101011100000001
1111010001111101
1010010001110000
1111010000111111
0010101011100011
1010000001110100
0011001011111110
0110001000100100
0011000110101000
1110001010011101
0111010101101100
0000011000111100
0110010000001010
1011000101011001
1000000001111100
0010000001101101
1011010000000001
1011101010100101
1011110001100001
0110011001001101
1001001011010010
0100111100101101
0101100111011101
1011100101000100
0001010011010000
0000011101011101
1110111100111101
1111010100100110
1110000100011100
1001111001000000
1010001001000011
0011010101001000
1000011111011101
1001010101010001
0100011100110110
0000101111011101
1010011001100010
0001001101100100
1011111110000010
0111001101101110
0111010010000011
0011101110001100
1100111000111000
1110101001010000
0111101101100110
0100010110100001
0010111000101111
1001010010000011
0000111100110011
0111111101110010
0010101001011110
0010001101001001
0101111111000010
1100011100000000
0001000001010111
1101011100111011
0001111001100000
0110101000101101
0101011101100001
0101011001010000
1000100010001011
1011000101100011
0000100010110101
0100111011110001
0101011100001100
0011011000100101
1101011110000000
1000001010001001
1100001001101001
1010110000001011
0011000000101001
0000111111011101
0010101010001100
0000111000101111
1111000111000111
1000100000110111
1001011001000100
1010110001010011
0010100001100001
1110110101000101
0011111000011000
1000111110101011
0111110010000101
0010010000011100
1011111010101110
0111001000011000
0010010101110101
1011000100100101
0001111101001010
0010101001001111
0110111111001010
0100110110001100
0010001110101101
1011111000111111
0010000101000011
0110001110111010
0010001001100010
1111111100110000
0010100101111001
1001100110010111
1000100111000010
1010010010101100
0101011100110110
1100011100001000
1011100100010010
0101001101010110
0011110101011001
1001111001011011
0110111000010011
1001111111000000
1101000101110011
0101011100000000
0110001001110100
0100010111000111
0110010001010111
1010111010100000
0010101101100110
0100111001100001
0101110111011100
1100000010011000
1100000001111101
1001001011100000
0000101001100111
1000001111000011
1100010101011001
1000010111001101
0001100111101110
0011101100110110
1111010100110011
1001011101011010
1001100110110100
1000011010111101
0101001001011111
1100001111101001
0101010001100110
0101111011011001
0100010100000111
0101010001101001
0001000001111101
1100011000101111
0110000010100011
0110110001110011
1100001101101010
0101100100000011
0011000110101000
0101010011110101
0001110000101001
1001101000000101
1101001100101101
1001001111011101
0110011111101100
0000010110010111
0101111011000101
0000011111101000
1100000100101001
1101001111110000
1001101110010000
1011111101101111
1100111000110010
1001010110111001
0111101001001010
1110101011100010
1010011111110100
0100101100001010
0000101100011000
1110110001000000
0111011010001010
0100001110010101
1010101010001010
0100010101001101
0100101110110111
0101100010111110
0110000010110111
1000111111001101
1010110100000101
1100011101110101
0101000011011011
0110001111101001
0110100111001111
0011101000011100
0111101111000111
1100010011000110
0100111110100011
0101000011100011
1011000101111000
0110100110010010
1001110111111100
1111001010011101
0010010011100011
0100010001111101
0100111111001110
1101001100010011
1111111011111010
0010100011101101
1110110011010100
0000100101110010
1000011110101111
1011110011110010
0111110111111110
1100010110101001
1100001000001111
0000111001001000
0011101100000011
0000001111110101
0100100011101111
0010010100101110
0100100111101110
1111101111111011
0111110001010101
0011110000011001
0010010011001100
1000111000101010
0000000111101000
1011100101010000
1010001010110000
1011110100101011
0010110110111000
1001001000101010
1110101100101010
0101100011011010
0100111001100000
1011011000010111
0110100011001000
0000100110001010
0101111011001001
1110001011010101
0011010001011010
0111111111100010
1101100010101001
1000100011010101
1001100101111000
0011111110011011
1111101111100001
1011001101001010
0011111110100110
0110001011100011
1010100010111111
0101010001010001
0000110011010110
1101010011100100
1100010111011111
0101001010010000
1000101011001110
0100100010100111
0001110001001111
1101101010000011
0110011000011011
0010000011011110
0100011111000000
0000101100011011
1011100101100100
0111110010111011
1011010101001001
0010100000001110
1011000110101010
0001011011100000
0110111111101100
1011010111110111
0110001101010100
0000100000110111
0000000110100111
0101100000110010
1000000100011111
1100110010111101
0100000101011100
0111010110001111
0011110000101010
1001110001001100
0111100011111111
1100110101110001
0110110110101100
1100111010100010
0111101101101011
1011001101110110
0110001000000011
1110010111010110
1111110100010101
1010000111100001
1111011011000110
0100001111111100
1101000110011100
1111110100011001
0010111101010000
0011111101001110
0010100001010010
1001100111111100
1011110100100101
1000110011100000
1110011101110101
1011010000101011
1011011110011111
0001101110111001
0001110110011000
1101000101101100
1011110010001111
1101010010000001
0001101010110111
0010101101000000
0010011101111010
0100110111110010
1011111111111010
1110111001100100
1100101100110111
0110111110100111
0011111001110110
1100011100011001
1100110000101011
0110101100001000
0010000110011100
0111011110000000
1011000011011011
1010100011100000
0100001110100110
1001110111110011
1001001100000011
1011001101001100
1111101010100001
1000100010010001
0110001011000010
0011011010110111
0101001101101111
0011100111001101
0101010111011010
1011011011000100
0111001101011111
0010010011011110
0110110101110001
1011111110100110
0011101110011100
0101000101000100
0001000111100100
0100011011111000
0010000001010111
0011110110000001
1100100101111110
0100011111100110
1100011100010001
0110010011110010
1010001111001010
1101111110011010
1100100000110100
1110001101100110
1111000010100100
1001001010010100
0001101101111100
0100011010101000
1000110001000110
1100100100010110
0111111000111011
1101110110001110
1111110110101100
0001110111101110
0110101110111011
0110000011010101
1010101001011110
0111110001001001
0010010001000101
1011101001110111
1101111101000111
1100001110101100
1100011010001110
0110010100000011
1001011111110000
0101101010101000
1001001110010101
1110001000011001
1110011100110100
0000100110001011
0010000011001001
0101101101011100
1111111101011011
1111000010110111
1001001010100000
1111010100111011
0001110110100110
1101011010010110
0000100001011110
1101010110110110
0010111111011110
1100101110101010
1100010001001111
1100101010101110
0000010110101000
0001000101011011
1010101111010101
1100001010001100
1100010111000000
1110010100100111
0111111000010001
0100010101110001
0100101110010011
0011111110101111
0111101010011001
0111100100101010
0010001100111100
0111000000111001
1001101010110011
0110001001011001
0111100111001000
0101110110101110
0101101101001110
0001010100111001
0011000010001111
0001101010110100
0111000000101001
1101101100100011
0110010101111100
1000011101100101
0111011110011011
1001101001100011
0001010001011011
1011000101011100
0101100100100010
1010010010001111
1011010101010000
1011010011110101
1110101011010011
0110001000001001
1011000010000110
1001011111111010
1011101101101111
1000101100000101
1011010000010011
1011000100001011
1110100100010011
0011001100101111
1000011111110011
1001101001001110
1110100100000001
0000000110110010
1111111100101010
0101111110101001
0101001011110000
1110011000110010
1011010100101111
1101010110011010
0110110100010000
1000110000110111
1101010110011111
1101101000010011
0010111100101001
0001011010001010
1101000010010010
1011000011001100
0000011010111111
1010011111010111
0100101011011001
1100011011100000
1001001011101010
0101100101111001
1111000001100100
1100011000011101
0100011010000110
1111110011110011
1011011110100000
1110110101110110
0001010011101001
1111010111100111
1010010111110011
0111001010101001
0011101110011100
0110110110101000
0010001110010100
1010100010000001
0111100110010111
1110101000111101
1000110101001001
1101110001011001
1100011111010111
1100101100011110
0111101010100000
1110111000111010
0011010001011000
0101011100111010
0011110111100110
1110000110001010
0110100101110111
0110000100110010
1001011011000110
0011111011101101
0111111001111010
0001110001110010
1011110101000001
0110101011001110
0101011111110000
0100010110111110
0100100101111001
0111100111100111
0100011101110100
0001001001111111
1111001010111011
1110101001011010
0100110110100110
0010110110111010
1111000010010110
0001110111101100
1000110101000010
0100010111111011
1101110100000000
0101101110111101
0000110100001010
1000111011101101
1000110001000001
1101101010101010
1001000110111000
1101001101111000
1010110001000011
0101000010101010
1010010011101100
1111100111110010
1100000011000101
0010011010111001
1011001011010100
0011101000000001
0111101101001110
1100000000101010
1110001000100001
1000111001001101
1001110000010101
0110011111001100
1000110110001111
0111100011100010
0110111101101001
1101100010000000
1000000010110110
0101111100100001
0000010111000110
0011011001111101
1001110101000111
0111001100001011
0111100111111110
0100011010001011
1110001000100000
1101101100110100
1001011100101101
0001111110100010
0000010101101100
1011011011010101
1011100100111001
0000111011110101
1101000011010000
1001011100010011
0111010000000100
1000011010001000
0001111011010001
0000011110111011
1101101011000100
1010101101110101
0000000100111001
0110111111010000
1100000000011111
0000111011101101
0110000100101100
1001110100001010
0100110111000001
0001101110100110
0010000001101011
0100110011010010
1100001010010001
0011110001010100
1111011110100001
1100000111010101
1110010011111000
1100101101111111
0000111111111001
0000010100110100
0010011110111010
1101101101111010
1011011011101111
0100000100110101
0101010001101110
0111011100100011
1100010100101100
0001001011111001
1111101100110011
0000000111011000
0100111100100000
0110011000110001
0110000100010001
0001000000110011
1011111110111101
1010001111010100
1010000010111010
0011011000010000
1110101111111001
1010111000100001
0110010111001011
0100100000101011
1001111010101000
1111101100001110
0000000100111010
1110101000110111
1100110000101001
1111001001100001
1010010010001010
0101010100100110
0001010110110101
1110110011010010
0010110100101101
0000011100011110
0101010100010010
0010100001011010
1000100100011100
1111110100001100
1010000010011010
0001101011001001
1010100000010011
1110010001100101
0100110010101101
0010111011001111
1100011001100110
1100111110111011
1111110011000100
0000111010001011
1001001101010111
0101010111111101
0100101000100100
0110110001001010
0011110001110101
1001010110110111
0111110010011011
1001111010010110
1000101111000010
0011000010111010
1101100000010111
0101101011000000
0001101111010101
1011000110111010
1110101000010010
1100010111110111
0110000110111111
0010101001100001
1110110001001111
1010100000101101
1001110011010000
0001010110001101
1111101000100100
1000101110001011
0100101101101010
0111011000100011
0111110000010101
0111101110111110
0111010110110100
0111000101101111
1110111010110100
0011011101100011
0100111100001001
0101100010001001
1010001000011011
1001001010111010
1100010000100100
0000100000101110
0010010111111000
1110111001010010
1000111111110111
1011110011010011
1000111111011000
1111000000100010
0111111001110101
0001001010010010
1111100111110101
1100100100111000
1111000111001011
1010011101101101
0111101101000011
1010010010001110
1011001011010001
0100100000101010
1010100011001111
1001011101100110
1001000000110101
1000111100001100
0100000111000101
1001010101111001
0000110110100100
1000101001100010
1011100101111000
0111011100001111
1110010100010101
1011001101101110
1100011001101001
1010011000000111
1100100111110110
0100111011111111
0000010010011100
1001100001100110
0111010111010101
0110001000101001
0101101101100001
1010001110001000
1111011001100001
1011000001010111
0100001010000011
0011011010111101
0010110001000011
1000010101000010
1001110001011000
1000101101010001
0101111010001010
1010011000011101
1110110010001010
1111001010101010
0010100110110111
0011100011111000
0010101010001101
1011001110110111
1000000101000111
1100011010001001
0100101101101110
0011111000011001
0100110010001011
0001001111101000
0110011011111100
1000011011011010
1000111010101011
1010011111110000
0101111100010101
1100110100101000
1010101011110000
1011001101110110
0111101110110001
1010111000010110
1111111001011000
0000100100101011
0010000101100001
1001101000011110
1011001111100000
0101101000001010
0010101100101001
1100000111101011
0001000100010101
1010010111100010
0110110001110010
1000011000101000
1010000111110100
1010011110001111
1010100000110001
0110001001101001
1100011000100010
0100111010101110
0000110110100001
0001110010101100
0111010001011011
1110110001001100
1011101100110110
0001111000111110
0001000110111100
0101111110100100
0110110010110011
1001100011001011
1110101000111100
0000101011010100
0011011000000011
0000101010000011
0111100110000011
0010101110110001
1010110010010010
1101100101001010
0100001010000011
1000110011110001
1010111010011111
0111000010011010
1001000011011110
0111100010101101
0001101000111101
0100010000101110
0001011101111101
1000001011000101
0010011100101110
0110110011011001
1010011001111101
1001111010100100
1011110110001010
0100101101111011
0010011101111000
0110000010001111
1101011111011111
0101010100000011
1110010001101110
0011110000010001
0100011001101101
1100100110011010
1011011101111001
1001100111000001
0011000110111111
0101000110111111
1111001001100100
1110111111111111
1010000111010100
1001100010111001
0001000011101000
0001010101001101
0110111101111001
0110110110000101
1000101001001110
0001101110001011
1101110111001000
0110011011110101
0100100001100111
0100000100001110
1100111000110101
1110111001110010
1111001001010011
0111100000000111
0100010010010111
1000001110111000
1100010010101010
1101101110000110
0101110010101111
1010001010011100
0111011010101010
1101110001101010
1000100100110001
1111011101001000
1010011100000110
1101100001011011
0011111001100111
1111110011110110
1111001100001011
1111110010001010
0100011010110101
0000111101110110
0000000110011001
0101101001010000
0111111101101101
1001100001110100
0001100110100101
0101011110011111
0010111100101000
0110000010010110
0001110010110100
1010010000011110
1000111010101010
1000000001111101
0100110110100111
0111001110011010
1101111010010011
0100001000110010
0100010011100100
1011101111011100
1101010101000111
0111010010101001
0000101101101110
1111000111001001
1100100110110100
0010000100011100
1100001011010000
0101111101001101
0110011100101111
0100011100010011
0101010001101101
1111110010110101
1011111000000110
1101000111001101
0101000110011111
1011100001011010
0001010001111001
1101011101011101
0000010111100000
1001011101001010
1111001000101100
1011001000111001
1001110100101101
1000010010101111
0110111001011111
0110001011111110
1000000100110010
1010101001101101
0110100000110011
0111000001010001
0010000110010001
1010101010010111
0101111110010111
0110110110011010
1011000101000100
1111000001110011
1010001101010110
0101010101101110
0101011010111100
1010110101001010
1100100000101011
0011010110100001
1011100001111001
1101111010100001
0101110000111101
0011110100000000
1001101101010011
1010001011110010
1011001100011100
1000010001100001
1000000100110010
0101110010110000
0011110100011110
1010101000111010
0001110100001111
1001101100101110
1000011010100110
0000111000100100
1111110011111011
0000011101101111
1101101111011011
1010011111111000
0101111010101010
1010010000010101
0011011101111110
1001000010010010
0111110001001100
1110001001001001
0100001101101010
0001100101010100
0110001000011110
1111100011101001
0111110100110001
0110111000110000
1001111101001110
1101000011001011
0011010111001001
1101111111011110
1111111011111000
0001110001101010
1111100011011100
0110101101000111
1101110000000000
1000110000110001
0001100101010110
1001100110001001
1010101100111010
1011111011110101
1111101000111101
0111000110111110
0011110010111001
0000110110001111
1100111110011000
1100011000111010
1010000101100000
1100001010011101
0100111010111010
1101001110111111
0001111100101110
0000010001001111
0110000100111100
0111110101011101
1010100111000011
0111010000100101
1100000011101011
1110011110001001
1100011110000111
1001010000011000
1100000101101000
0001011110100011
0000100110011001
0101100110011100
1010111010010110
1000000111000101
0110110110001000
0010000100111100
1100010000100010
1100101011110011
1101101001110111
0001101010000100
0011110101100111
0100101000000011
1101010101111010
1011101011111010
1101000010110101
1011001100001111
0010110110110010
1010101011110101
1000100101110011
0000000111101011
1111111010001011
0111000101111110
1100111111001001
0001011001100110
1110111011010100
1100011010011001
0011000101010110
0100101010000011
0111011110000100
1000011010011110
0010101001111100
1111110000111010
0111011010101111
0100110010000010
0010001110011101
1110000011010110
0000011110001101
1010001010001010
1011110101100111
0001101101101001
0101101000000110
1010010011000010
0011100011011001
0001100111000101
1110100101000000
1011001011011010
1101110110111101
1000011000100010
0101001100010010
1000000011001101
1101100100011100
1010000101111101
0111110110110000
1111001101100011
0011011110101010
1101110010101000
0010001001111111
1110110001110101
1010001101011111
0101011000111100
0111111100110011
0111101001000110
1001100011111101
1110001101001100
1111111000000000
0010101111111000
0110010100000111
1100110111110000
0111100100110001
0101010011111011
1000000011110000
1100110111111101
0011110011100110
0110010101010110
0001110011110100
0110001100011001
1111111010110100
0001000101101001
1100000111011010
0100010110001100
1100001101000100
0101010001001010
0111000101001010
1001010100110000
1010011010111100
0110011100011110
0011101011000010
1110010001111000
1111010010100101
1101101000000000
1110101000001001
0001000110101111
1110101101000000
1011001111101100
1001101011111001
1011110111011110
1010101111111100
1010000010111010
1001000111001100
1111100100100001
0111001111011010
1000110100111000
0111110010001100
0100101110110110
1101100110101101
0001101001000100
1001000101000001
1111011001110011
0001111010100110
0010000001000111
1011111111110000
0111011001001001
1100000100011101
0010010110110111
1111011011011011
0100100111101111
0001110010111000
0011100001011001
1010110100110101
0110100100100111
0101110111000011
1010111010011010
1000010101011000
0101011110010001
1101110111111000
0001111101001000
0100100000011101
1110100100000101
1000001010100100
0011010000001100
0100011011001001
0010111101011000
1010110111000111
0100110010100001
1101001010010110
1001000110010101
1111110110101011
1001110110110011
0011011111110001
1001001101110000
1001010000111110
0010010100111100
0001011010101001
0010100101111100
1100000110010100
1001010101101000
0100001110010010
1111001011001100
1011010100111011
0111001110111001
1100100110010111
1110000100110011
0111000011001100
1000101001010010
1001111011011111
0011100101100110
1001010101001000
1001101100101011
1001110000110100
0100000010101101
1111011011000011
1100011011001111
0100001000111100
1011011011111001
1111101101110001
1100000010111111
0001100110101011
1111010001101000
1001001101101100
1111100000001101
0011000100111001
0111101100001100
0000101110000100
1111110100000110
1011000100100111
1010010011111000
0000101011001111
0100001111001101
0111100010001000
0001101010010010
0100110100111011
0100101011000011
0001100000001111
1111000000000111
1001111001011100
0110011101011101
0100101101100000
0010010010010010
0100000111010111
0011010001010000
1010100100001110
0101101001001001
0101000101000101
1000101110010011
1001011100010001
0101000011110000
0110011111001001
1110000100111101
1110001010011110
0010011101000010
1110011111111001
0001000001000111
0100100011010110
1110001110001111
1000000010000111
0010010110101100
0100111011001010
1010110010111001
1100001110111101
0001101111111110
1110111111010000
1101001011000111
1010111000101100
0000101101100110
1101010001000100
0010111100001010
1001110000000111
0100000110010100
1100111010100000
1110110101000101
1010011001110101
0001100111111000
1010111111000101
0110100000000110
1011110111100111
0010110010110010
0111101110100101
1010100111011010
1101001101110011
0010111011111000
0010100011011101
0001101110010111
0110100011001011
0010010100100001
1100001001111101
0001000100101001
0111111101101001
1010100001111011
1010001011101000
0011100001101110
1000111000101000
1001010011101111
1010100010000010
0101110101000010
0110101000010001
0111001100000001
1111101111011110
0001111101110100
1010100100010110
0001101011100001
0100101001111011
0111001100100011
0000111011101101
1110101110111101
0011000000001111
1001101111100110
0001100100011110
0011010111100000
0110101001001111
1000110001111010
0111101000100000
0101011011010000
1111110011100010
1101101110010100
1101001101111011
1111001111111011
1010101101011001
1000000111111010
1000011101001110
0111101000111111
0000110000111001
1000011101001110
0011101111001110
1010100010010010
1111110001100101
0111001101100010
0011010011100110
0001101101101110
0010111110011111
1011011101011010
1010011011111110
0111000001111100
0110001101100100
1000101111011100
1100101100001010
0100100110011111
1110011111101110
1100110000010101
1101000001100101
1111101000100010
0000001100010110
0011110110011111
0110000010000101
1001101001001100
1001010100010101
0101011001010111
0011001011011110
1100010110001100
0100011001111010
0001001101000011
0000101101011100
0101101001000111
1000101011010000
0011001001110100
0100010110100110
1001100010101001
1000111100101100
1010000111001110
1011100010110000
0000001110001110
0110010010001011
0111001101011110
1010010110010100
1110010100100010
1011111101100001
1000001101000101
0001100110000100
0101011011111110
1011111111011001
1100101100000000
0110000001111010
1000001110011111
1000110001100100
1011000010001010
0010011111001100
0101010000101011
1111110101100111
0011111010010000
1101000110111110
1110101101000110
1101000011110010
0001101100011000
1110010010101101
0110100100010001
0110110111101111
1111011011111111
1010010101000010
1010101100111011
0110000101110001
0001010011010100
0001001010001111
0110101011010100
1000011111101100
0011111011110110
0010000111011000
1110100111001000
0111011110000101
0101011010010100
0110101010011111
1010011111000111
0000011110111001
1100010011000001
1000011100101010
0011110010000010
0110011110111111
1000000101001100
1101001101001111
1000101000111010
0101100011100001
1001111100100000
0001011000011011
1101000100101101
1100001011101111
0111001111101010
1110011101011000
1110110011100110
1011110111101111
1011000111000101
1111101000011101
1011010110101110
0110110010111000
0000111001111100
0111100100011110
0111001101111001
0110011101010111
1010110010010000
0010000101101101
0110101010100011
1011100111010000
0111010101101101
1111101110000101
1111110110001111
0110101100000001
0100011100001001
0000111101011101
0010011000101010
0010010101010100
0101001111111101
1100100000110111
0001011000010001
1011001000010010
0110100011000101
1001011101010110
0100111111101101
0001111011010111
1000101001011101
1001100000010101
0100101111101011
1010111110111001
1001111000110100
1010011011100101
0001000001001011
0001100001101110
1010000000100110
0100110001010010
1100001100110000
1000011100100011
1100100111110000
1001100001111011
1101001011001001
1110110110001001
1011110101101101
1100100101001110
0010011001100101
1010111101100100
1110010110100110
0001011110101000
1001100000111101
0101001100100100
0011010101110011
0010010101010111
0010001101111110
1101001011100111
0010000111010100
1010010001010011
1010011100111000
0001111001011010
1110010010101001
0101011011101100
0100011011001000
1111001100110001
1110100110011001
0001110000101010
1000110111110111
0101001100011111
0101001100001011
1001111111101111
1001101011110110
0111111101110100
0011010001100011
0101010001010101
1100011101111100
0000001000111101
0110110100100000
0011100101000010
0001101100011000
1010111001011010
0110111100101000
0111101111110100
1110100000110110
0011100101100011
0001001111001011
0110101100101000
0001010100000111
1010111100010100
0001111110000001
1100001001111010
1010010011001110
1101000001011101
1011111000100011
1001100001101001
1111010011010010
0100101110011000
0011000110111001
0010110100100010
1000110011111110
0110011110100101
0111000110111101
1000100110011000
1100000000110010
0010101101000100
0011001000101011
0001001010100100
1011110100011101
0111001001010011
Time = 5.79s
