n = 10, k = 3, l = 4, m = 151
Expect Resample Times = 0.392012
Result:
1110010010
1101100111
1111101111
1100101110
1101001011
0011110110
0110100100
1010111111
1001100110
0001111110
1000110100
1001101100
1010100110
1010111001
0010111110
0101001001
0001111000
1111001001
1000011010
0100110111
1000111111
1110101011
0010100111
1110101011
1001101110
0110001100
0011100010
0110100001
1101011000
0100010101
1110110101
1001100100
0110011010
1001010100
1011011110
1110111110
1110001000
0001101001
1011101101
1100101101
1100001001
0100110101
1111011010
1110011000
1110001011
1011100110
1001011011
1111101110
1010001110
1000101100
1101010010
1101001001
1010001010
1111100000
0111001010
1101101001
0010000111
1110000111
1011111100
0000011111
0111100111
0101011100
0011000111
0100110010
1100111000
1001001011
0111011100
1001011110
0101110100
1101110100
0101100010
0001100111
0101010110
1111101101
1110110010
1000101010
0111101110
0111000101
1000011110
1111001000
0101010001
1101001101
1001111100
1001001010
0000001111
1111111110
1010101100
1001110110
1111001001
1100111000
0011110110
1100110011
0010101110
0111111111
0011001110
0111010110
1001110110
1101110000
1100010101
0111111011
0111111101
0101101100
1110011011
1100011010
1001100001
1101110010
0000001111
0110000111
1100110100
0110111011
1001010111
1010100100
1111100100
0011110010
0101011101
1110000100
1110001010
1011101100
0011011110
0110101010
1001010111
1100010011
1100110100
1100010100
1011000111
1111001011
1000111101
1100111111
1010110101
0001011011
1000101011
1010100010
0001011011
0010101010
0001100110
0110010110
1111101000
1001000110
1001000011
0011001110
0010001101
1011001110
1000101011
0010001101
1100010110
1100000101
1100010110
1111111100
1100111010
0111011110
1010111110
Time = 0.004s
