n = 16, k = 3, l = 9, m = 313
Expect Resample Times = 0.501617
Result:
0111111000000111
0010101111100011
1010010111111001
0110001011111101
1111011100010001
1011110010110100
0101000101011111
0110110101001110
1011110110010010
1001111001111010
1001001011011110
1111000101001111
1111101100100011
1110111011111000
1110001110111010
1111011111010101
0111000111111110
1100011001011101
1100101110010011
1010111111100100
1101101011110101
1101110101000101
1000111010110110
0110011101100111
1100101110000111
0111101110011110
1010010110111111
1101111101010111
1001110111001101
1001101100011011
0010011111101101
0110101010111011
0011101100011011
1111001010010101
1000011110111110
0110011111011100
1110110100011101
1110010101000111
0101000111111100
0110010100111111
1110001011101111
1010011001101101
1110010000111110
1111111011011000
0100110011111011
1100011111110000
1101100101110101
0110110010011011
1011010001011011
1010010111111101
0111000101101111
0011011110101101
0111001011001011
1101000101111100
0111110101111000
0001111011001101
1011110000101110
0011101011010111
0101010100111110
0111001001101110
1101010101101011
1110100110011110
1100110111011101
1111100010111011
1011001011110110
1010111011110100
0011111111111001
1010000101101111
0011111010101010
0001001010111111
1001111010010101
1111101010111010
1111001100100011
0011110001111011
1010101101010111
1011011111011011
1110110111111010
1001010111101010
1011010111011010
1111010100000111
1111001110001110
1111001101101111
0001010110110111
1111010001001011
0000101110101111
1010110101101010
1010101111111100
1100110111000101
0111011001101010
0011011111010010
1001011011110010
1110001111010010
1000011111101001
1100110101111000
1101000011010111
0101101011101011
0111010101100111
1110101111010001
1000110110011101
1101011110110100
1111011101110110
0111011001001111
0100011110111011
1100011110110111
1010100111111110
1110011001010011
1110001110110011
0101011101110110
1011101001000111
0110101110001111
1101010101111101
0111110011111000
1010111001000111
1011001111110011
1001111001011101
0111101110101101
0111111011100001
1111011111001110
0111100001011110
1111110110100000
0111101010101011
1110111000010110
1101101011011100
1100110111001101
0110111011101001
1111000010111110
1001111011111000
1101101111100111
1000111011111010
0011011110101100
1010110110111110
0100101111110010
0111011011101000
1001001111001110
0111101011101011
1010010101110011
0001110110111001
1101111001101111
0111111010001110
0101011111111011
1010101100111111
1010011000111111
1110001001111001
1110111010011100
0101111001100110
0011001110110101
0101000001111111
1010101110011110
1111001111100000
0111011110100100
1111010011110111
1100101010111100
1101011111001001
1101111000011001
1010100101011111
1011110100001101
1111111100011011
0001111110110001
1101001101001101
1011001100011101
1001000011110111
0110101011101100
1101001011111111
0001011111001101
1000111101010110
0101011001111001
0111000110110110
1111101111110010
1111111111001101
1011011100010101
1001011111011000
1100011101111111
0111101010110001
1011010111100101
0110110011010101
0010000111111110
1011111111110110
0110111100011101
0110001111111010
1111110100110001
1010110111000110
0011011101111100
1101001011111000
0111010110001111
1101101111011100
1010111001110010
1101010111110110
1011101011000111
1111010110110100
1111100001011100
1011111111010011
0110010011110101
0111010110111111
1101000011111100
0000111010111111
0101011101110011
0101011011010101
1111010001111000
0101011011100011
0011110000110111
1111101101010101
0101001111101111
1011100011101011
1110100001011011
1101111110111100
1111110101010010
0100011011101101
1010100010111101
1110101100101010
0111101101011111
1111101110001010
1100001111110011
1101101100101110
1110011011110111
0010111111101011
0110111110010110
0111000011110111
0111111100100101
0111101111110001
0111111110101010
1111101001110111
0111101101101011
1001110011000111
1100011110110011
1000101101110111
1110000111110100
0101101110111011
1111010001011010
1101001011100011
1010001011110101
0101110001101110
1001101101110010
0111010110001110
1101110110111001
1010101111001011
0011010001110111
0110111101011101
1010010101011111
1111111011110010
1010001011011111
1011100000011111
1111101001101100
1001100111111001
1111101010111011
1100101111111100
1111101111111000
1011111001111011
1001010110111110
0111011101111011
1110101101000111
0000010101111111
0000111001110111
1010011000111110
0111110111011001
1011010100111111
1001111101100101
1001011011101010
1110001010011101
1001111001110001
0011101010101111
0110011111011101
1011011000111111
0101111101110001
0111000110101101
1011011101101000
1101011011101010
1110011001001101
1011110100011101
1000011111110110
1110001111010001
0001101111110111
0111011001110100
1100010111100011
1110001111101110
1010111100110101
1000000111101111
0001011111100110
1001111110001111
1011111000101101
1100001011011111
1111000101010110
1010000111110101
0100011111101011
1101101010101001
1000111101010110
0100001111011011
0101101101101111
0001110010110111
1010101010111110
0011110101010110
0011110011111110
0011011001011111
1110111011011111
0101111011100011
1110100011111111
1101011110111100
0011011111011011
0011100110011111
1001011100011101
1001111110100111
0111101110111110
1011101110111100
0100000111101111
1111101110000100
1011110111100100
1110110011011010
1000111100101110
1101110010111000
1101110101001101
0010011111110110
0111010111010100
1111101110111111
1011000111101110
Time = 0.034s
