n = 7, k = 3, l = 3, m = 145
Expect Resample Times = 0.354852
Result:
1010010
0110011
0000111
0011101
1010010
1101001
1001011
1111010
1111001
1110011
1010001
0101101
1111011
0111100
1110110
0111000
0011110
1001001
1101100
0100101
0110001
0011010
1111100
1100111
1110010
0011010
1010101
1010111
0111000
0111011
0110001
0111010
1001001
1010101
1101100
0100011
0001101
1110101
1001110
1100100
1001001
0011010
0001111
1100100
1011100
0101111
1101000
0100110
1101111
1110000
1101010
1001001
1001011
0101011
0101011
1101111
0101111
1110010
0001110
1011001
1100001
1011111
0110011
0111010
0011001
1101100
1010111
1000101
0001111
0010101
0011101
1100101
1001101
0111101
0011111
0011001
0010111
0110100
0010110
0011001
1101011
1011101
0011001
1100110
1011111
1010101
0110110
1101110
0011101
0111000
1101111
0111110
1000011
0111110
0101110
1011000
1001101
1001111
0110101
1111111
1011111
1100011
0110110
1011111
0011010
0111111
1101111
1100101
1011100
1100110
1111111
1101100
1101010
0011100
1010001
1001110
0101011
1100110
0110100
1100110
0101100
0110101
0001110
1100010
0111010
0001111
0101100
0111100
1001100
1001110
1001010
1010110
1100011
1010100
1111001
1100100
1111011
0010111
1110010
1111001
0111111
0101101
0111100
0111000
0101010
Time = 0.007s
