n = 9, k = 3, l = 5, m = 303
Expect Resample Times = 0.381832
Result:
100111110
011111110
111011000
001110011
111100010
111110111
001101111
000011111
110101110
001101101
110001101
011011101
111101111
011110101
110100011
100011111
010011111
111110101
010100111
110101110
111110110
101111000
101110101
010101011
110000111
010110101
110110011
101010110
110011101
010111001
010110110
111010111
001101101
001101110
111011000
111010011
010111010
011110101
101011100
010110110
111110111
100011101
100111011
110001111
111001001
011010111
101101011
011110011
110101001
100011101
101011110
110110010
101010111
000111111
110111100
001111100
010101110
100111001
110101110
001001111
101011101
010110111
011100101
100011110
111000110
011101001
111010010
010111110
110010101
000111101
110010011
001100111
111100010
101101111
110101111
111100111
110011100
010011101
111111011
011100101
010010111
011011001
110011110
101111111
101010110
110010111
011100111
111001111
100001111
111001111
010011111
001100111
110110011
100111111
101110111
010110101
111000110
111111100
100111101
110001011
101111000
101001111
010110011
111110000
100110110
101110010
001111100
101000111
001111101
110101011
011111010
110100111
111101111
101111110
000111110
111100110
111110011
000111101
011011111
110001111
010101110
110111111
011100110
011101100
010011101
101111111
110100110
111000110
101011110
100101110
110111000
100111101
011111110
111001001
101110100
011001101
010101110
011101010
111011101
001011101
010100111
100011110
011000111
000111110
000011111
011011100
011110100
011101110
101110111
101101001
100111010
100100111
010101110
100111101
111010110
011101111
011101110
111001100
110101110
010111011
111001110
010011101
111100010
111111101
001101110
101110011
010001111
111001100
101100101
110101100
110011110
100110111
001111001
101111000
101011100
110101100
111111110
110101100
111001010
111111011
101011111
101011110
111011000
101001011
100011011
111101010
110011001
001011111
010101011
111110001
001111101
001110011
101111000
101001011
011101101
111111110
010011101
101010110
111100001
101111110
101110001
011011011
111010111
010110011
111100110
110011011
110110110
110111111
110101111
101110111
001111100
011101111
100101111
100111101
110111111
011001110
111111101
110001111
110101110
111111000
011011011
111011011
110010110
100101110
110011101
101100111
100111110
001111110
111011101
101111110
101101110
101101110
101011110
101011010
100100111
110010111
111011100
100110110
110010101
000101111
011101011
001110111
111111100
101110011
011111101
001110110
010111101
011110101
001110111
011010111
110100111
101010111
100011011
010111010
111011010
001110101
100011101
110110001
111001111
010110011
000111011
110010101
110100111
011101001
011110101
110011101
101101001
010011111
001011111
001111011
111100101
011100101
011011100
011111010
110010101
110101001
111110010
111000011
110110010
101101001
011100011
101101100
110111001
010110110
110010101
100111011
110110001
110101101
101101110
101011010
011001101
100010111
111101100
001111010
010111010
111110000
011101001
011111011
111010101
101101111
001001111
110100011
101111110
Time = 0.017s
