n = 15, k = 5, l = 3, m = 729
Expect Resample Times = 0.372821
Result:
111011010000110
101111001000000
000001000101111
000110100001011
000000000101100
000111110011101
000110001010110
001111111111000
000100000101100
111011011111011
000011110000111
111110100010110
100100001001100
001101011010101
110100010111000
011100100010111
000111011101110
000000001001111
100010101000001
111011110110111
000110011100001
101100111111000
011010111101101
110011011101110
010000110111001
010110101000111
010011011000011
110101000011010
010101111111001
110111010110111
110101000001001
000011101101001
100100110100111
011101111000001
110001100101000
000110111001011
101001110111010
100100111001110
011011011001101
111011000110111
111011000101011
101110001101101
011010100100110
010011010101110
010110111100110
001000110110101
011111110011110
010111000011100
001001010000001
000100011001101
110110001100010
101110111101001
000010101000111
111100010111001
011001001001111
011101010101111
110000001000111
111110011010110
011101100010111
100011101111111
011111001110110
111100111010001
111110100001101
000010000010100
001000001000110
000001010000111
011000111111110
000100110100010
001110110100101
101010011110111
000101001111000
010100101010011
010110110100110
110100001010001
100110111101100
000011011101010
010000011100011
010110100100101
111011110111110
000000010101100
110111000111111
101100000011000
010000001000110
101101100010111
101111100010101
000001101000000
111000100010010
010000010011111
111110111011001
001000001101001
111001111110000
111100110010111
001101001000110
101101111011101
011100011101001
011101000100100
101000110000110
110011111000011
010111110001000
101001011110100
100001000110000
110000010010000
010011000110010
010011011011110
000011001110011
001011100011011
000111111011010
010010011011000
010100110000001
010101110000100
000100110100010
010001111111010
101010110110000
000111111000111
000011000110100
001111000100100
011001011100010
100100000000111
110010001000001
110100101111101
100010111100101
001011110000101
010001110111011
110011100111110
011111011111111
110111111001001
001111111000001
001001000010101
010010010001001
101110110100111
100100110100110
101011110010011
111100000111010
111000101101101
111000111111100
010010001101010
010000001011010
011000000110001
110011001111111
000111111101100
111010010010001
111100000101001
110000110111110
001110111001101
100101011110001
100000101001010
011010100010011
010111100011000
101110010000000
100011111100010
101000001011111
010011111110100
101100100010000
100011010111001
001011001101001
111101001001011
111001101000010
001010100100011
101101110101100
000111110010101
011001100110000
011110001111011
001110011110110
010011111000110
110101000111010
011001010000011
001010000000110
000010000010111
011110010100000
010101110010001
110101010110000
000101010000011
001111110001001
110100000111111
101100101000010
001000000101001
100010110000111
100100101111101
011010001001100
011001101100111
100011111110100
001011010100110
010011111110111
010100100000001
101010011110010
101111011000110
000011101010001
101110011100110
001110010100011
110011000100100
111101011110101
011101101111001
001101010101100
011011000111110
100011100101110
110101001010101
011100111110011
000111001100001
000111010011001
101010011011011
011000010100101
001101001101110
010011110001000
111110110000101
111100101000011
100101100110111
100111101011100
111111001100011
101010010011011
010011110011001
100100101011111
101011111100100
010100110100110
100111001011100
010110011001000
100001010101101
010100011110101
100110000011001
110100100101100
001101000100111
100111011101001
011100110100010
100101100010111
111110100000110
011010101001101
111100010010111
111111110110110
100110111010110
111101000101001
100001001111011
101111000111111
110010101010111
100100011011111
011110111101010
001011110011000
001011110000100
001000111011011
011010000010101
111001111111011
101000111101100
001110000100101
110000011110110
011111011110011
101100100011100
010111010011000
101111110010011
010010001111001
100010001101000
001110011010101
001010010101110
111100010001011
000010000101110
010010100001001
100100001001101
011001101111100
000011111001000
011100100100000
001101011011010
100001011101011
110010100011101
010000010111000
000000100110001
010001100001010
011000010110011
000110100110111
100010101010100
011100100011000
011011010111100
001100110110110
000010000000101
111100100000100
010100000100101
111101110101000
010100110100110
011001000011100
101111000101000
011111111100110
001111000110000
001101000101110
000110100101111
010101011001000
100000101001110
110001110001001
010010000011011
001001001110110
110110001001010
011110111011111
110011111110011
010110110001100
011010110011010
011000001011011
100101100001111
110011000111000
000011011110000
001100110110110
110001101110110
110001001010000
001100111100011
111000100110000
000011000110001
001010111010111
001000100011010
010101101000110
010011100111110
111110001111110
001001110100110
000000001110101
110001101000001
001111101011100
100000001101100
101101000001001
110101001101111
101001000101101
100010011001010
010011010101111
111101101011000
000110010101011
011100101001011
011111011111000
001110100110011
100010111010111
001010001010100
001110110010010
010011111110110
000001101000101
011011100110010
000110010001011
000000011011000
101010110000010
011010011111111
010110011010101
010011110111000
101100000000110
010011000011110
000101110010110
101110101100001
010000011101101
111000010011110
001100101001000
100001010010110
111111000011110
000011110001111
011101000001011
001100011010111
010110010011000
000000100101000
111110001101011
111010100000001
010010000100111
010001100010100
000100101101011
000100101001011
111001111001010
100000111111001
010011010010101
011100111010010
100101111000010
101101001010110
111101110001110
010001110000000
011110010111001
001110000111011
100000111011110
000011101101010
010111000000111
111110000100110
010110010101110
001010100011101
111100011110011
100110110100000
010000101001111
011010011100101
001100110011011
011101010001111
100101011111000
110011101100010
000011111111011
000011110001100
111010100011011
111000010110110
001000000111000
001110000101000
011111110110010
100000101110111
011000110100100
110101001101100
000101010111100
110110111101001
110101010100101
111001000010011
110100101110101
001100101111010
010110001101010
000000110001111
111110010001000
110101001001110
001101111111000
110011101101000
010010111101111
110110011110100
111010011101011
011010111000011
000111100011111
010101111010100
000101111110010
101100111001111
111011001000110
010001110100110
010101000011010
100011100101101
111001111001010
010010001011100
000011001001111
101011000100001
101110010000101
111000001111010
111111100001110
010011001001110
011100101101001
110110000011010
010011111110100
100100100110101
011111001110000
010010011010010
011100111010000
010100101001111
111001101001001
100010110000010
111111000000111
010000011001010
010110011000000
001001110101110
110101111101101
011100011100100
110101100000110
010011101000000
100000011011101
011100110110111
011100000011111
010111100101110
110111101101010
100111110010101
111100110101100
110101100100110
001100101101101
100110101111011
000000011100001
010100100010010
000100111001110
100100001100101
011111001001010
011000111101000
001000011011110
111011100000101
101001011010100
100111110111110
011011101110100
101011100001111
110100111001010
110011010001001
000101111110000
101101011010001
111010111010110
111100101001000
101111110011011
001001101101111
001110000101001
000110011000100
111010101011100
010100110010011
000111010100101
001001101110000
000010111101000
001001011101011
001111101100001
011011011110010
011001101011010
100011100100010
111100101000110
111101010011111
101010000000111
001011001000101
111011011001011
001101111000101
000101011110001
110011101010111
010100100000010
011101111001010
110111110010100
101101111101111
101000010001011
110101101111111
111010110011101
111111010000110
111011111000100
010100000101010
010010101010000
011011011010011
110111011000011
111000101001001
011001110101010
010011011000101
101000101101111
001111010101001
010110111101111
011101100000000
010100111000100
011110000111111
010000101111111
110011011011100
010011111111001
010000100110110
011011110101000
111000100001010
010010010000111
011000001110111
100100011011100
101110101010001
010111000110110
010001111110110
011101110000000
000001100110011
011010111101101
011011000100010
101100111100001
100000101001010
010010010100100
001110100101111
000101100001000
111110100010101
111100110101011
001001101001000
001011001001101
011101011111101
111100001000111
100011000101011
000001011111110
111010010100001
110111000010100
110110111111011
011000000101010
111100000001111
011101110100000
110010001011110
010100010101010
000001111100100
001101001100001
001100100101110
111101000100010
101001010100011
001101111111001
000100011011010
101101010100000
110111111111011
100001101111001
010000000110000
011011010100111
100011110010111
010111001000101
101011010110000
101111000000100
010100101001110
001000111100110
101000100110101
000010101111101
101110100011011
111011011100100
010110101101001
011010111100010
010111101000001
100001101010101
000010000110001
111011010110111
001001000000011
101111110100011
011011011010100
011111100011110
101110111110101
001000010010110
101101110000101
010110110001000
000001001000100
101011011001011
111101010110110
111011110000101
011100011001011
110100000100001
110010000111111
110010010001001
011100101100110
101000011111000
101111111010101
011011001110111
001010110110000
101010001010010
111111110010111
001111100010101
101100000000100
100001001110111
110001011000111
100011111011111
110101100010110
010110110111111
001111100110011
001010100110000
100010010101100
010110111100001
000001110110000
111001010001111
110010001000101
111000010000111
001100000100100
000110001011011
110010010110011
010001100010111
011010110100101
101110001110000
011110010010101
111011100011011
100011000011000
001000111001000
111111000011100
100110001111010
110101011000100
000010001010111
101100110101000
100000001111001
011110001010011
110100111000101
100000000000011
100000111000000
001101101101111
101110000000101
011011000101011
011100000000011
011101110001101
001011001100100
000100110010010
000000111101101
010001011111000
011110101001011
101101101111010
101101100111101
100011010100100
110011011110000
111100111100010
100100101101110
011011010100000
110000110100101
100000000011001
011010111110100
101101110011000
101001110110000
010011011010011
101010001000011
101010110100101
101101011110000
011010001111110
110011011101110
110011101111000
100101111111001
110110001001100
011100110011101
101000011001010
111111001101000
001001110010010
110110111110111
010110101101101
111000110110110
000000101100101
110111011010000
110011111010100
101000100111100
100011010110111
111101010100000
100101101011101
001001010010000
101111110001001
111111111010000
010001001101111
101001100111010
110001100011010
001010010110001
110101011110101
011111111101010
111101000010000
010011101101011
010011100000011
101010111110111
110001001101001
011001010011111
011110010010010
110110011010110
010011111001010
110011111110110
101111000001101
111000001000100
111011000110100
000010101111111
111001110100101
100111011011100
011011000001001
110001000000001
111101001011101
101101111111111
100011111001101
001000111111001
001000010011100
010010111100101
000111110011110
111010101101010
001001001000000
011101110011011
110111010101101
000101001100100
110110110011011
001101010100100
000000000011010
101000100010100
110100011100110
110001001000010
101001100101010
011101010011111
000011001011000
011110100010010
111110101010000
011101101010101
001100010010011
111000111010111
Time = 10.456s
