n = 14, k = 2, l = 8, m = 82
Expect Resample Times = 0.639123
Result:
11111110000101
00101110010111
10100011101101
01110011011010
11110011001001
01010111011010
10101101111101
10011111100100
01011101101001
01100000111111
11011110101110
11101010110111
10001101111110
00110111111000
11111101101111
01011011101101
11110101110000
00110110011110
01101110011111
00111001110101
10010111101110
10101101001011
10001110001111
10111001110101
11011011111011
00100111110011
11011010010011
10110000111111
11111010100100
01111100101001
11110001101010
10110011101010
11011111011111
00111011100110
01111110010001
11101110001010
01111000111110
10111001010111
11110110111101
00111011011011
00011111110111
10011001001111
11111111100010
01010011111010
11000101010111
00011101111001
10011110001111
11100010110111
10111110101010
11110100010011
01111010011110
11101101110100
10011011011010
11111000110101
11010111001111
01010111011010
11000100110111
11110100111101
10101111001011
01011011011101
10111010111100
00100001111111
10100110111110
10011011101111
11010111111110
11111111110101
01100111101011
01100011011110
11101110101111
10011111000110
11110101110000
10100111101110
11110101101111
01101111100100
10110101110011
11010110111110
11110111011100
11001011101010
10011111001010
11000100101111
10000110111111
11111111111010
Time = 0.404s
