n = 13, k = 2, l = 7, m = 73
Expect Resample Times = 0.624918
Result:
0010011001111
0010101110101
1111100101010
1101101111001
1000010111111
0011111110001
0010100110111
1101000111111
1110110100010
1001011000111
1101100110110
1111110010010
1111010001101
0101100100111
0101110111100
1011100010011
0110111001110
0111011010001
1011001111010
0010111011010
0110010011110
1111100001110
0110001111010
1110110011101
1111101010010
1011010111001
0000110111111
1011111000011
0101101100110
1111010000111
1011111111111
1110010010111
1111110110101
0111111111000
0011111101111
1110100011001
1011111010110
0001111001110
0011010101011
1011011100111
1111110000101
1111011111001
1101100101111
1010101010111
0111100101110
1100110011001
0110111001101
1011000110011
0101111110001
0111011011100
0101101110001
1101111111010
1110010110001
1101001110110
1011110001110
1101110101111
0011101000111
1010101111010
1101010101100
1010101100111
0111010011011
0101011101100
1001011111011
0110100111001
1011001111111
0100101111111
1110101100001
1000011011111
1101001010011
0011101110111
1101111011001
1111011000010
0100111011100
Time = 0.32s
