n = 10, k = 2, l = 6, m = 84
Expect Resample Times = 0.510169
Result:
1111110100
0011111111
1111110111
1100101110
1101100011
0001111111
1011111001
1101101110
1111010101
0111011100
1110111010
1110101101
0000111111
0111001101
0011011111
0111111001
1111001010
0001111011
1100111101
1111000110
1001011110
1001110101
0111101110
1001110111
1001111110
1001101101
0110110111
1011100110
1110110011
0110011110
0111110101
0011111010
1101100111
1010011101
0110111011
0111101001
0111110110
1111011101
0101110110
1001111001
0101111111
0101011101
1110110110
0011101011
0101101110
0011001111
1001110111
0010111101
1100111010
0010110111
1110010110
1101110111
1011101111
1110111001
1001110011
1000111011
1100100111
1011011101
0110111111
0001111111
1110101011
1110111001
0110110111
1110111000
1011101001
1011101101
1100111001
0110111010
0110111011
1011101110
0011101011
1111101011
0011011111
1100110011
1110100011
1010111100
1101100110
1011101111
1111111011
1001101111
1001101011
0111011011
1110011111
1101011010
Time = 0.002s
