n = 15, k = 3, l = 2, m = 145
Expect Resample Times = 0.471048
Result:
000100001100100
110100110111101
101010100000100
011100111001010
111111010111010
010011111101011
111101011100101
010101101011010
110011001110110
111110100100010
000000100101000
000010111110101
011111000110111
111101001110001
000111110010010
010100100010110
010110101111001
000011101110001
100111011001000
100111001110100
011111110111100
110010001111010
111110100100001
011011011011011
111001011110110
000100101111010
011011111010001
001110111011000
010001000010111
011101100000010
110011010110110
000010000011100
000100011011010
110011001100100
110111111001101
000001100101110
000010010110110
000001101000000
111011001000001
101000010101100
000100111110101
101001010011100
000111000111011
000001010110100
110011011111110
010001101101011
010000101101101
010100111111001
110110110001100
011111100011111
110001110010001
111010010000111
110010111101000
011110111011000
011010100001001
010001010110111
100111010110100
111010110010010
111010100011111
100110001010001
111110101011111
000100010001001
110011110011011
111111000101001
000001000001011
111111111011010
110101010110111
101101100011100
011110101100000
011111101100011
010010000101011
001010100101111
000000011101010
101101001000111
101111111110110
011000001011100
110011010101101
110001010101000
110000001000110
110001110011110
011011101010001
100000000001000
011001011110100
011111001101101
011010111001111
001011100000011
011001101111101
101110111100011
010011110110001
011101010010010
001000110110010
000110100000001
100010000010101
110100111111101
100011010101101
000011011100001
000010101000100
000101110011011
000011011111110
010100001110001
100011011010110
110000000110010
001100011110011
100100001111110
101000011011011
100011111100111
111101001110001
010111110000111
100111100111000
111010101101001
101011111110111
010000101001111
001000011111101
100111101001101
000101011010011
011110011001011
100011000101001
100000100000000
110011001010010
101011110000110
001011000000011
011010001101111
000010010000111
111001110101111
101001001011101
010010000001110
011001000011011
011101110000100
100100101000011
101110111010110
111001111001110
100000000110011
001101010001101
000101010011100
101010011100100
010000000010000
010100000010000
100111111100001
111110110110000
011100011010011
001001001000100
111111001110101
010001110101101
110110110110011
011011011001101
Time = 0.026s
