n = 11, k = 3, l = 8, m = 1869
Expect Resample Times = 0.411582
Result:
11111001101
11111111011
11111100111
11111111101
11110100111
11001101111
11111010101
01110111101
11110101110
01111111011
11001110111
11010111110
10111101101
10111011110
11101101011
11011111101
01111110111
01101111101
11101111001
01101111101
01011111011
11101101011
01011111011
11111110010
11010110111
10111001111
11111100011
01110111011
11110110101
11111110010
11101101101
10111110011
11010111101
10111101111
11110101101
11110110111
11010111101
11100011111
11001101111
11111101111
11111010011
11111100101
01010111111
11101110111
11111101100
01111011011
11100101111
11111111010
10111110101
10011101111
11011111100
11110111100
11011110011
10110111110
11110011111
01111101110
11101111010
10111110101
11101111110
11111101110
11101110110
10011111110
01111111001
01011101111
11001011111
01111110110
01111001111
00111011111
10111111101
11011100111
11110001111
10101011111
11011110111
01110110111
10110111110
11110010111
10110011111
10111111100
01101111011
11100111111
11111101011
11100111011
11101011101
11111000111
11011110101
10101111111
11111011110
11101111011
11111110010
10111111110
10011101111
11111100011
11101001111
11111011101
00110111111
11110111001
10110011111
11110100111
11101111001
11110111011
11111110010
10111011101
11111011111
10111110110
11011100111
11111001101
11111111101
11110101110
01111011101
11111100110
01111011101
11010111111
10110111101
10111010111
10111011111
11111001011
11111011101
10110101111
11111010111
01111011111
11110111010
11101011111
11111110011
10111011111
11101011110
11101101111
11010101111
11111110001
01011111101
01111001111
10111011101
01111111101
01001111111
11101110111
01111011110
01111101011
01111110011
11001111110
01110110111
11111011110
11100111011
00111111011
11111011011
11110101111
00111101111
10101011111
11111101100
01111110110
10110110111
01111111001
11111010111
01011111111
11111111110
01001111111
11011101101
10111011101
10001111111
01101111101
11110111010
10101111101
11111101011
01001111111
11011101011
11101101111
01110110111
10111110011
11011110101
11101101110
10111111101
10111110011
11011111110
11101101101
11101011101
01011011111
11111111010
01011110111
01111110111
11010111110
11001111011
10110111111
11100101111
01110011111
01110011111
11101111110
10101111101
10111100111
11011011101
01110111101
10011101111
11110101011
01101011111
10110111111
10010111111
11101111001
11111011110
00111111101
01111001111
11111011110
11101111110
11001110111
11010011111
11010111110
11111100110
11111111001
01111001111
11111001011
10010111111
10011011111
01111110111
10110011111
10111101011
01101110111
11111011101
11101011110
01111100111
01111111100
00101111111
10001111111
11101011110
11101011101
01011111011
10111110110
01110111110
11101101111
01101101111
11001111111
10111111110
10011111101
01111110111
11110110111
10101110111
11111111100
11110101011
11101100111
10011111110
11110111001
11111001011
11010111101
11100110111
10110101111
01111111001
11101110101
11110011101
11110101011
10110111011
01101111011
10011111110
11101011111
11111101111
11111010111
10111100111
01111011011
01011111110
01101111101
01111010111
01011011111
11110111001
10111101110
10111101111
01011110111
11011110101
11001011111
11111011111
01111011011
11101111101
11111100101
11011111111
11111110100
10111011101
11001111101
11011110111
11110001111
11110011111
11101101111
11111001101
11111110100
10110110111
10111111010
10111101011
00011111111
11101111100
10111111001
01110111011
11111001111
11011101011
10100111111
01001111111
01110101111
11000111111
11111100111
01110111110
11010101111
10111111010
11111110111
10111110101
01100111111
11101101101
01111110111
11111101110
00110111111
11110111101
11110011110
01100111111
10111111111
01111101101
01101111101
10110110111
00111110111
11111011110
11110011011
11111100101
11001111011
01110110111
11101111110
10111111110
11111110101
11111001110
01111011111
11001111101
01111111100
00110111111
11111010110
01111110110
01111110110
11111111010
10111111100
01100111111
11011111110
11101001111
01111110110
11110011111
01111100111
01111110101
01011111011
11011011101
00110111111
11001101111
10111100111
11111110101
11011011111
10111111111
10111111110
11011111111
11111000111
10100111111
11111101101
10011111011
11011011101
01111101110
11111001110
11110111101
10011110111
01111101101
01001111111
11110111011
10111011110
11110011111
11111000111
11111110101
11111110111
11010111110
11111011100
01111111101
11011101011
11111111110
10110011111
11100111011
01101111101
11111100111
11110110110
01010111111
11111010011
01101110111
01111011101
11111101111
10110111111
11110101011
11111011110
10110111101
11110111011
11110110011
11110001111
11011010111
11101010111
11011111011
11110010111
11111010110
01111111001
11101101111
01110111101
11011011110
11110111101
11100011111
11011111001
11111101100
01111110110
11100011111
11110110111
11111111111
11111011101
11011110110
01111111111
11111110101
10110111101
11100111110
11110011101
11100011111
11101110110
11101110110
10101111110
11011011011
11011111111
10111101101
11101110101
11111100110
10101110111
10110111111
11001110111
01111110101
01101111011
11010111011
11011011111
01101111110
11010110111
11011100111
10110011111
11110111010
11111111011
11111111000
11101011011
10111110111
11011101011
10011101111
11011101110
10111111011
11011011011
10111111110
10111011111
11101001111
11111111000
11111010111
11111011100
01111101111
00111111110
00111011111
10011111111
11010101111
10010111111
10111111110
01011111111
10111011101
11011101101
11100011111
01111011101
11011110011
00111110111
01111010111
11110110011
11100110111
01101111101
01011011111
11110010111
00111111011
11011110011
11110110111
01011111101
10111011110
10111111001
11011110110
11111111010
10101111011
10110111111
01111111001
00111111011
01101111101
01111111111
11111101100
11110011011
11011011101
11001111011
11111111100
10110111101
11111111111
11001111101
11000111111
10111010111
11111111011
01111010111
10111111001
11111100110
10111010111
11011110011
11001111011
11111101010
11111100111
11001111111
11011101111
11100111101
11111100101
10111011111
11111010110
11100110111
11100111110
11111101101
10111011111
11001111110
11110101111
11111111111
01111011110
11011101110
11101111011
11111100110
10111111101
11111101001
11011101110
11011101111
00101111111
10110111011
11001111101
11100110111
11011111010
01111010111
11101101011
11101111100
11111101111
11010011111
11101111111
11101011110
11110111101
10011110111
11001111011
11111100110
11111111100
01111011011
01100111111
11111001111
11011101101
11011111001
11011111010
00011111111
10011011111
11111100110
10111100111
11111101111
10011111110
01110110111
01111110110
10011011111
01011111011
10111011110
11110010111
11101111001
11111111000
11011111110
11111000111
10101111011
10011011111
11011101110
11011110011
01111001111
11111110111
11011100111
11110101110
11110111001
11011101011
01001111111
11110101101
11111000111
11001111011
11110110111
01110111011
10011111101
11111111001
11111110101
11100111110
11101011011
01011111101
01011011111
10101101111
11001111101
11110011011
11110110111
10011111011
11110101011
11101111101
10111110011
01101111110
01011111101
10011011111
10110111101
11101101111
10111111111
10010111111
01011111110
11100111101
01111111110
01111011111
01111101110
11101101101
10110111111
01001111111
01111111110
10101011111
11010111110
01111111011
01111011011
11111100101
01011101111
11000111111
11110110011
01111110101
11011110110
10111011011
11111001110
11110011111
11111011001
11011011011
11111101011
11100111011
11101110110
10111001111
00110111111
11011111101
00011111111
01101011111
11111110111
10111111111
01111110111
01110101111
11111001110
00110111111
11101111001
11001110111
11101010111
11011110101
01101011111
00111111101
11101111100
11111010011
11111111001
01111101110
01111111110
11011101111
11101101011
01111111010
10011111011
11011101111
11001110111
10111110011
11000111111
11101110011
11111100111
10011111011
11110110110
11111011101
11111011101
11101111011
11101111010
10111101101
11101111001
11010111110
11110011101
11000111111
01011111111
11111111010
10111011011
10111111001
01100111111
11111110100
10111110111
11110111010
10110111101
01111101011
11101111011
11111111011
01111110101
11111100101
10111011111
11011111111
11101110110
10101111111
10101110111
01111110110
11110111001
11011110011
10111111110
11111010101
01111110110
11101011111
11111010011
11111110001
11111111010
10011111111
10011111101
11011011111
10111111010
10111111001
11111010101
10101101111
11111001110
01011110111
11011100111
01110111110
11101010111
01110011111
11101101110
01001111111
11011111001
11111111001
11111011111
10111101011
01111111110
01011011111
11111101110
11011110110
11111101011
11101111100
00111111110
11110111110
11011111100
01101111110
01110011111
11011011101
11111101001
11111101001
11111101001
11110110110
11111010101
01111110011
01011111011
11011111111
10100111111
11111110110
01110111110
10110111011
10101101111
11111110010
11011100111
10111111110
11110111100
01111011111
11110110101
11111110110
01111110011
11011111101
11100111101
01111111101
01111101111
11111111111
11101110101
10110111101
11111100111
01111100111
10011111101
01111111110
11011100111
11110111101
01110110111
11110011101
10111111001
10011111011
10111010111
01111101011
00111011111
11111111010
10101111011
01101011111
11101011011
11110101111
10111101110
11010110111
11011111110
01111110110
11010111110
11101111110
11010111111
00011111111
11110111010
10011110111
11111010011
01010111111
01111111010
10111110101
11010110111
10111110110
11111001110
11011111100
11101110101
01100111111
11101110111
11010110111
11111010101
10011111111
10111011011
11111111110
10111001111
11111010101
11011110110
10111111100
11011111100
11111110010
11110001111
10011111110
01111110101
10101011111
01111111100
10111001111
01111001111
10111011011
11101111101
11001011111
11111001110
11101010111
11101100111
10111010111
01011101111
01011111011
11110010111
01001111111
01110101111
00111111111
11011111011
01111101110
11101011101
01110111101
11011001111
01111110111
11100110111
10001111111
11111011101
10111110011
00111011111
10111111010
01110111011
11111010011
11111010110
01111111100
11010011111
11110110011
11010111110
11110101110
01101110111
10101101111
11111110011
11001110111
11110110011
01111110011
10111100111
10111110101
11111011110
11111110001
11111110001
11110111101
11101110110
11111101010
10101111101
11011101111
11001111101
11001111011
11110010111
11111110001
11101111101
10111111001
11010110111
11011110111
01110011111
11100111011
01111110101
11010110111
11110011111
11111101010
11111011011
10011111101
11011110011
11010111011
11100111101
10011011111
00111111111
11111101101
11110111110
11110001111
11101111101
11101111001
11011100111
11111101101
11101111001
01011101111
11111000111
11111110010
11111101101
11111101001
11010011111
10101110111
11100111011
01111001111
11011111100
10111111001
11010011111
11011110101
11000111111
11111010110
11010111110
11010111111
10100111111
11000111111
01110111011
01110111111
11011011101
10111011011
00011111111
01111111101
11010011111
10010111111
01011110111
11111100110
11010101111
01011111101
11110101110
11011110111
11110111101
11101011110
10111111001
11001111110
11111011110
01111011101
10100111111
11011111100
11011100111
10111111010
01110110111
01110110111
11111111000
00111111110
11010110111
01100111111
00111111111
11101111111
01110111011
01111111011
01101111011
01110111111
01111111111
10110011111
11001110111
01010111111
10100111111
11110010111
10011111111
11011110111
01101111111
11111100011
10011111011
01111111100
10111011101
11110101011
10011011111
01111110111
11111100101
10111101111
01011111111
10111110011
11111101111
11111101101
11011011011
11000111111
11101111101
01111010111
10111010111
11110011110
11100111101
11010111111
11011111101
01001111111
01111101111
10110101111
11100110111
01011111011
11110111001
11011011110
11011110101
10111111101
11111110100
01110111111
01111111001
11101011101
10111010111
11111001101
00111111111
01011101111
01011111101
11111011010
00111111111
11111000111
01111111111
11111011101
10011111110
01101111101
11111011111
10101111110
11111010110
11111110101
10100111111
10101111101
11111110101
10011111111
10101111101
11111101010
11010101111
11111101001
11110010111
11011001111
10111111110
11101111110
10111110111
00111111101
10111101110
11101011110
01111110011
11110011101
11111110011
11010110111
01110011111
11001111110
11001101111
11111001111
11111111011
11010110111
11111111101
11000111111
11111111000
11101110111
11101111010
11011111110
10101110111
11111010011
11110110011
11111011101
11110111011
01011101111
00110111111
10111011111
01111110101
11111100110
01111101110
11011011110
11111100111
10100111111
11011110110
11101011110
11111100101
00111111111
01110101111
11101001111
11111101110
10011011111
10111010111
11011110111
10110111110
11101111010
00111111111
10111110111
10111110101
10111111101
10011111101
01101011111
11101111101
11011111111
11111001111
11101111110
01111110110
10101111011
10011111111
11111111111
11110101011
01101111110
10111101011
11011110111
01110111110
11100111111
00111110111
11101111011
11111100111
11111101001
11111101101
11111011101
01101111110
10111111010
11111111100
01110011111
11110111100
11100011111
01101111111
11100111110
01011011111
11111011101
10111111111
10111010111
10110110111
01111010111
10111101111
11111110110
10111111110
11101010111
11011011111
10110101111
10101101111
11101111010
11111101100
11110110011
11111010110
11011101101
11011011111
01011111110
01111111111
10101111111
01111110011
01110101111
11111110001
01110101111
11111110100
11111010011
11111001011
01111101011
11111001110
11111000111
11110101111
11101111010
10010111111
10111111111
10111011110
11010101111
11101111011
01011011111
11001111011
11011111111
11011111011
11011111100
11111000111
11111111101
11101110011
01111110101
11011110111
11101101011
11101011011
10110111110
11110110111
11011101011
11111011010
01110011111
10100111111
11111101010
11100110111
11011101110
11010111111
11101101111
11110101101
01011111111
11111101001
11111101101
11111101111
11110110101
11011110101
11010111110
11010101111
11110101101
11111011111
11011011111
11110011011
11101111110
11101100111
10111101101
11101111001
11111110001
11101101011
11001101111
01111001111
11110101110
11100111110
10110101111
10011011111
11100111111
11100110111
01100111111
11101101011
11110111110
11101111100
11010111011
11110110110
11110111101
11011110011
11101111100
01011011111
11111101001
11101011110
01111111110
11110111110
11100111111
11100101111
11110100111
00111101111
11101111010
11111100101
11111010011
11111011110
10111101101
11101101011
01111011110
10111100111
11010111110
11110101101
11010110111
11101111010
10111111101
10011111110
11101110011
11101101111
11111101110
11011101111
11010111110
11101011111
10111011110
01011011111
11011011011
11111011110
11111001011
10111111101
11111010111
01111111101
00111011111
11110110110
01111011101
11011010111
01111101101
11010111111
11111011011
11101110101
11111010111
10111111010
10111101011
10101111011
10011101111
01111101011
01011101111
11011111110
11010110111
11010101111
11011111001
11111111101
11010111110
11111010111
11110011011
11001111011
10111011111
11011011110
11111010111
01011111110
11110101011
10101111110
11111011011
11110110110
01101111110
11111101010
11101001111
11101100111
11011111011
01111111111
11111110010
11101111100
00011111111
10111111100
11111010110
11110110110
11111011010
01111101110
11101111100
00111111101
10101011111
00111111011
01101110111
01111100111
10101111110
11111010110
01010111111
11100110111
11111011001
01101110111
11111011110
11110011101
11111011010
11011101110
11011011011
01111011101
11101111011
01110111011
11110010111
01110111110
11111111000
11111011010
11111011111
11110101110
11110111001
10011110111
11111001110
01111101110
11111001011
11110111001
10111111100
10111110111
11101111110
10010111111
11111101100
11001111101
11001111110
10110110111
10001111111
11101110111
11011110111
00111101111
01111110101
11110111001
10101011111
11110111101
11001110111
10111011111
11011111010
10111111100
00110111111
11110110101
01101111110
11111001101
11011001111
11101011111
11101111101
11011001111
10101101111
11110111100
01110111011
10111101111
11111100111
01011111011
11111010011
11011101111
11111001011
11101110011
11111111110
11111011101
11011100111
00111111111
01111110011
01111110111
10111111011
11110111110
10011111111
11011111111
01100111111
11111101110
00111011111
01111100111
11111001110
11110001111
01101101111
11110011101
11101101101
00111101111
01101101111
11111001111
00111111101
11011101111
01111101111
10111001111
10110111111
10111101110
11111001110
11111110110
11011110110
11101011111
10110111101
11110011101
01111110111
01110101111
11111000111
11110100111
01100111111
00011111111
00111111101
01011110111
10110111110
11111101110
11101111100
10111111101
11110111111
10110111101
11110011111
10111111101
10001111111
11101011110
10110111011
00111110111
11111011111
11111001011
01111011111
01101110111
10110111101
10101011111
01110101111
11111011101
11101001111
11111110010
11011111001
00111110111
11110110101
11111111011
10100111111
11011110101
10111111101
10111110110
00111111101
11100101111
11011110011
11110111010
11101111101
10111011101
10001111111
11111110010
10011111011
11111110010
10111010111
11111001111
01110111011
11110110111
11111111111
01010111111
11101111011
00111110111
11111010111
01111110011
01111101011
01111100111
11101110110
11111111111
11101110101
11111011111
11101101101
11101111011
10111101101
01111101101
00111110111
10001111111
01011111011
11111111001
11111111110
10110011111
11110100111
11110111110
11111101110
10110011111
11110111001
11011111111
01011111011
01101111011
11111101100
11111011010
11110111011
11110111110
01111110011
11111111111
11101101011
11011100111
11101100111
11110111011
10111111011
00111011111
10111111111
11011110111
11110001111
11110111011
11011101011
00111110111
11111100101
01111110101
11001111111
10111110111
11101011111
11101101011
11011111011
11011010111
01011111011
11110110011
00111101111
11011110111
11110011110
01010111111
11111011001
10111011101
11101111001
01111111011
11101010111
10111101011
11011111110
01101111110
11100111111
11100111110
10110101111
11101100111
11011101111
11101111010
01111111011
11111111101
01111110101
11011101110
11010111101
11110011011
11100111011
10011111110
10111011101
10111101111
11111101101
00111110111
10111111011
01111110111
11101011111
11100111101
11111100110
11011101110
10111111101
11111111101
11110011110
10111101011
11111011101
11000111111
11101101101
11110011101
10111101110
01111001111
11111001111
11101111100
11111011001
11001110111
10011111111
11101111101
11100101111
11111111000
10111011110
11001111101
01110111101
01110110111
01111111111
01011111011
01111110101
01111111100
01111001111
11111101100
10111111011
01110111110
11010101111
11110111011
10111010111
11110101011
11101100111
11011111110
10111111001
01011110111
10111110011
11101111001
11111001111
11011001111
11111011010
00111111111
11001101111
01110101111
11011110101
11101101011
10101101111
11111011110
10101011111
11110110110
01111011011
01001111111
11011101111
11111011100
01111001111
11111110010
11111111011
11111101101
11011110011
11011111101
01111110101
11111101111
11110110110
10111101011
11110110110
11110101011
11011011101
11110010111
10101111111
11011111100
11111110100
01110011111
11101011111
11011010111
10111111110
11001101111
11111100111
01111110110
11111010101
10111011101
01111011101
11111111111
11011111010
10111011111
10110011111
01111111011
11100111101
11111101110
11111010101
10111100111
11001101111
10110111110
11011101011
11111000111
01111101110
11110101110
11110101111
11110100111
10011110111
11101111101
01101111110
11101111111
01110111011
01111111110
11111011001
00111011111
11110111010
11111001111
11111010111
11001111110
11011111010
11011011111
11001111110
11010111101
11111011111
11100111101
10011110111
11101111101
01111101111
11011111101
11110101110
11110111011
11011011011
11110101110
10101110111
10101111110
11101111001
11011111100
11011101111
10111110111
11111001111
01101111101
11110101011
10111111001
10101111101
00101111111
11111100101
10111110011
01111011111
11101111001
01101111111
10011101111
00111101111
11110111100
01111011101
01111110011
01111110111
10011110111
01111011101
10101111011
11101101101
01111100111
00111101111
01111011110
11101111011
11110011101
11011110101
11110001111
11101001111
11101011011
11110111011
11110111001
11100111101
11101111101
00011111111
01101101111
10111101110
10111111100
11100101111
10101111110
01110111101
11101110110
00011111111
01111110111
11111011100
01101011111
11100111110
01110111101
01111011110
01111111100
10111101101
11011011110
01110101111
11111101100
10111011101
10111100111
11111010101
10101101111
11101111011
10101011111
01111110111
11101111110
10011101111
11101110111
11111001110
11111010110
01101101111
11110111101
11011011110
11110100111
11111110011
11111011001
10101111101
01111110110
10111111011
11010111011
10011101111
11101011111
11101110110
11111111011
01101111101
11100111110
11110101011
01110111111
11010111101
11110001111
01010111111
11101111100
11101111001
11110110011
01111111001
11111110111
01011111011
11101011101
11011001111
11111011110
00101111111
11111011110
01011110111
01101111110
01111110110
11111110101
11101110011
11011111001
10101111101
11110010111
11011011011
10111111101
11111001101
01111101101
11111101010
10101101111
11111001101
11110111111
11111001111
11111111010
01111111110
11111111100
01010111111
11101110011
10101101111
11111110110
11101001111
10111111001
11000111111
01011011111
11011101101
11111001101
11100111110
10111110011
10110111110
11110110110
00110111111
11111110110
01101111111
01011011111
00111101111
11111111110
10111110011
11110101011
10101111101
11011010111
10101111101
11111100110
11111111101
10111110110
11111110100
11110111100
11011010111
11110001111
10011101111
01011011111
01110110111
11011111101
11101111111
01111011101
11100011111
11111101011
11101110111
01110111111
01011011111
01011011111
11101011101
11111010111
11011011011
11101011011
11100111110
11011011101
11111001011
11101101011
11100111111
10101111101
11001111111
11110111100
11101011101
11101110101
11100011111
11111101110
01110101111
10011111110
11110011110
01110111111
11011111011
11111111101
10011111110
10010111111
11101110101
10111110111
11011101110
11111111110
11110111110
11010110111
11110001111
10101111111
01110111110
01010111111
10110101111
11111101010
11011101011
11111111001
11010110111
00111111110
11111111011
10110111101
11111101011
11011111101
11111111011
11111100101
11111110101
11100101111
11111010110
11111110101
11100011111
Time = 0.03s
