n = 14, k = 4, l = 1, m = 320
Expect Resample Times = 0.387192
Result:
11000000110110
00011000011101
00101001110101
00101100110000
01011011100001
10001000001000
11000011010100
00001001110101
11101011100001
10101010101111
11010111011000
01011101110000
11011100100110
01011011000101
00011000100000
01111011100101
00010001011001
01111101101110
01111011111101
10100110000111
10010101101010
01001010000101
00000000001100
11100100111001
00111010011000
00111011001001
11000111101101
11110011001111
00111001010011
10111110101100
00101101100110
10100001010000
11100101010100
01101110101000
10110011110000
01100101110110
01010011101110
01111011111101
11001011011111
10101101110111
10110101111011
01001001110011
10111011101001
01000001000011
11110111111011
01011100011111
10011101010001
10000000010011
11111110011100
01111010001110
00101010011001
10101011110111
00110111010100
11111010100101
01010000110100
00110100000111
01111010111010
11010010101011
00110000100010
11000001111101
11100011111000
10111100010000
00101100101110
10101011011100
00111111111011
11010100101101
11111010111110
00101100111101
11100110011000
01101010001011
11001110011110
00011110010100
11001010111100
10011001001001
10110011101111
00010010111001
00100000100000
00100111010001
00010010010101
11010111011010
10111111110111
01001100010101
01010110000111
10111101100011
00010111111010
00010000000011
00011111100100
00010011001101
11110010111101
11001111000001
01100001101011
11100111011011
00100110100001
10000001101100
10011001100000
00100111101111
11110111001001
11111011010010
11001100101010
11111000111101
10111011101100
10000000000000
01110100001101
01010000011101
10100110001011
10010110100011
10110101000100
11010111111111
10101100001000
01000000000001
00010111000110
10010011011000
11100000011101
00100010011011
00111011100101
11011101010001
00001010100100
11100101110011
00110001000100
10011011100000
01101110101000
10101010000111
11000000101111
10111001100111
00101101000111
00100011000111
00001010100101
11000111010110
11010011011010
10100111111110
10110110000010
00011011010111
11010111111010
01000100100111
11101010010101
10101000110000
10010001100100
10001011100100
10000010001111
11111100010010
00010000100101
11011100111111
10010101001110
11010011001100
00111100100110
00011001100000
01101001100000
00001101100010
00110110011110
00000001111011
10110100110011
01110100111100
10011111100010
00111110000010
00101100001100
01111110001001
11001100010100
01010000101110
10011010100110
11001001010111
10000001101011
11001100111110
00011110111100
10101100000101
01111011010000
10100111110110
00100001011011
10000011011111
00101111111100
00011001110100
01111110110000
11100001111110
01100011010110
01000111101110
01011011000110
01010101101111
00110010011110
00100111011101
00000111111001
00111001000100
11101111111000
00001001111100
10100100100110
10101111010100
01011111100110
10101001001101
11000010001101
01111111110011
10101000111100
00101111101110
01001101110011
11010000001111
01011101001011
11000110111101
10010010100001
01011000111011
11110010110100
00001011100110
10001011011000
01100111101010
00111001100110
11001101111110
11100010000000
11001101011010
11010100001010
10111000100101
11000111000000
01011010101011
10100011101111
11100001111110
00110110110110
10010111000011
01010111101101
01110101010110
11101010010110
01101111010001
00000100101000
11100001010000
01111001000110
11110001110001
01011011101011
11110101101001
11001011101100
01100100010101
11111110011100
01100100110110
01001110101011
00000100001010
00001010101101
10000101100111
00111110001000
11001111001101
01011010010011
11001011001001
10000100100110
01010010111110
01010011000111
10011110011111
11011000010011
11010000010001
01011001101000
11010101101100
10001000111101
00010010001110
10111100101011
00100011010010
11011000011010
10100000111010
10010001101011
11100100111101
11011110100111
00001101001001
01110000001101
10011000001001
10110110110000
00111101000010
11000100100001
10111101000111
01111111011110
00000001010100
10011001000001
11101001000000
00101111000011
00100101010110
10110101010100
11100110010111
01100110101101
00111000001011
00101001100001
01110010011010
01000111110101
01100011001110
11110000011110
11100110111010
11110010010101
11001011111000
00101101000011
01001101010010
11001011100011
11000100010111
01010101010010
00001110000100
10101111001111
00010001011110
11101100100010
10010111101000
10101101101000
00000110000111
10001000100111
11111010001101
11011011100010
00110001010000
11110010010000
10110101111111
01100100110010
01110010010000
11100011000101
10000001001101
00010010000110
11110110000111
11100100100010
00001100100101
00000001100101
00001001111011
00010101011000
10000001011100
10101111000101
01000100000100
01111011011001
01110111011101
01110011001100
11001000101101
00000111011001
00001110110111
01011011111101
10011100011110
10001110010000
10110000001101
11000011101000
01111011011111
Time = 0.049s
