n k l 
6 1 2 15 13
6 1 3 20 13
7 1 2 21 14
7 1 3 35 14
7 1 4 35 15
7 1 5 21 18
8 1 2 28 15
8 1 3 56 15
8 1 4 70 15
8 1 5 56 16
8 1 6 28 21
8 2 3 56 47
8 2 4 70 58
9 1 2 36 16
9 1 3 84 15
9 1 4 126 15
9 1 5 126 16
9 1 6 84 18
9 1 7 36 24
9 2 3 84 48
9 2 4 126 54
9 2 5 126 70
10 1 2 45 16
10 1 3 120 16
10 1 4 210 16
10 1 5 252 16
10 1 6 210 17
10 1 7 120 20
10 1 8 45 26
10 2 3 120 50
10 2 4 210 53
10 2 5 252 62
10 2 6 210 84
10 3 4 210 151
10 3 5 252 219
11 1 2 55 17
11 1 3 165 16
11 1 4 330 16
11 1 5 462 16
11 1 6 462 17
11 1 7 330 18
11 1 8 165 21
11 1 9 55 29
11 2 2 55 51
11 2 3 165 51
11 2 4 330 53
11 2 5 462 59
11 2 6 462 72
11 2 7 330 100
11 3 3 165 130
11 3 4 330 145
11 3 5 462 184
11 3 6 462 282
12 1 2 66 17
12 1 3 220 17
12 1 4 495 17
12 1 5 792 16
12 1 6 924 17
12 1 7 792 17
12 1 8 495 19
12 1 9 220 23
12 1 10 66 32
12 2 2 66 53
12 2 3 220 53
12 2 4 495 54
12 2 5 792 58
12 2 6 924 66
12 2 7 792 82
12 2 8 495 118
12 2 9 220 207
12 3 3 220 133
12 3 4 495 143
12 3 5 792 167
12 3 6 924 224
12 3 7 792 358
12 4 4 495 351
12 4 5 792 473
12 4 6 924 797
13 1 2 78 17
13 1 3 286 17
13 1 4 715 17
13 1 5 1287 17
13 1 6 1716 17
13 1 7 1716 17
13 1 8 1287 18
13 1 9 715 21
13 1 10 286 25
13 1 11 78 35
13 2 2 78 54
13 2 3 286 54
13 2 4 715 55
13 2 5 1287 57
13 2 6 1716 63
13 2 7 1716 73
13 2 8 1287 94
13 2 9 715 138
13 2 10 286 245
13 3 3 286 137
13 3 4 715 143
13 3 5 1287 159
13 3 6 1716 195
13 3 7 1716 272
13 3 8 1287 450
13 4 4 715 343
13 4 5 1287 419
13 4 6 1716 603
13 4 7 1716 1072
13 5 5 1287 1131
14 1 2 91 18
14 1 3 364 18
14 1 4 1001 17
14 1 5 2002 17
14 1 6 3003 17
14 1 7 3432 17
14 1 8 3003 18
14 1 9 2002 19
14 1 10 1001 22
14 1 11 364 27
14 1 12 91 38
14 2 2 91 56
14 2 3 364 56
14 2 4 1001 56
14 2 5 2002 57
14 2 6 3003 61
14 2 7 3432 68
14 2 8 3003 82
14 2 9 2002 107
14 2 10 1001 159
14 2 11 364 286
14 3 3 364 142
14 3 4 1001 145
14 3 5 2002 155
14 3 6 3003 179
14 3 7 3432 228
14 3 8 3003 329
14 3 9 2002 558
14 4 3 364 324
14 4 4 1001 342
14 4 5 2002 392
14 4 6 3003 507
14 4 7 3432 769
14 4 8 3003 1424
14 5 4 1001 779
14 5 5 2002 982
14 5 6 3003 1493
14 5 7 3432 2884
15 1 2 105 18
15 1 3 455 18
15 1 4 1365 18
15 1 5 3003 18
15 1 6 5005 17
15 1 7 6435 17
15 1 8 6435 18
15 1 9 5005 19
15 1 10 3003 20
15 1 11 1365 24
15 1 12 455 29
15 1 13 105 41
15 2 2 105 57
15 2 3 455 57
15 2 4 1365 57
15 2 5 3003 58
15 2 6 5005 60
15 2 7 6435 65
15 2 8 6435 75
15 2 9 5005 91
15 2 10 3003 122
15 2 11 1365 182
15 2 12 455 332
15 3 3 455 145
15 3 4 1365 147
15 3 5 3003 154
15 3 6 5005 170
15 3 7 6435 204
15 3 8 6435 268
15 3 9 5005 396
15 3 10 3003 684
15 4 3 455 335
15 4 4 1365 345
15 4 5 3003 378
15 4 6 5005 454
15 4 7 6435 618
15 4 8 6435 975
15 4 9 5005 1866
15 5 4 1365 775
15 5 5 3003 906
15 5 6 5005 1222
15 5 7 6435 1977
15 5 8 6435 4017
15 6 5 3003 2210
15 6 6 5005 3499
16 1 2 120 18
16 1 3 560 18
16 1 4 1820 18
16 1 5 4368 18
16 1 6 8008 18
16 1 7 11440 18
16 1 8 12870 18
16 1 9 11440 18
16 1 10 8008 20
16 1 11 4368 22
16 1 12 1820 25
16 1 13 560 31
16 1 14 120 44
16 2 2 120 58
16 2 3 560 58
16 2 4 1820 58
16 2 5 4368 59
16 2 6 8008 60
16 2 7 11440 64
16 2 8 12870 70
16 2 9 11440 82
16 2 10 8008 102
16 2 11 4368 137
16 2 12 1820 208
16 2 13 560 381
16 3 3 560 149
16 3 4 1820 150
16 3 5 4368 155
16 3 6 8008 166
16 3 7 11440 189
16 3 8 12870 232
16 3 9 11440 313
16 3 10 8008 473
16 3 11 4368 830
16 4 3 560 345
16 4 4 1820 351
16 4 5 4368 373
16 4 6 8008 424
16 4 7 11440 533
16 4 8 12870 754
16 4 9 11440 1230
16 4 10 8008 2413
16 5 4 1820 782
16 5 5 4368 868
16 5 6 8008 1075
16 5 7 11440 1537
16 5 8 12870 2613
16 5 9 11440 5521
16 6 4 1820 1704
16 6 5 4368 2021
16 6 6 8008 2810
16 6 7 11440 4781
16 6 8 12870 10466
16 7 6 8008 7904
17 1 2 136 18
17 1 3 680 18
17 1 4 2380 18
17 1 5 6188 18
17 1 6 12376 18
17 1 7 19448 18
17 1 8 24310 18
17 1 9 24310 18
17 1 10 19448 19
17 1 11 12376 20
17 1 12 6188 23
17 1 13 2380 26
17 1 14 680 33
17 1 15 136 47
17 2 2 136 59
17 2 3 680 59
17 2 4 2380 59
17 2 5 6188 60
17 2 6 12376 61
17 2 7 19448 63
17 2 8 24310 68
17 2 9 24310 76
17 2 10 19448 90
17 2 11 12376 113
17 2 12 6188 154
17 2 13 2380 235
17 2 14 680 433
17 3 3 680 152
17 3 4 2380 153
17 3 5 6188 156
17 3 6 12376 164
17 3 7 19448 180
17 3 8 24310 211
17 3 9 24310 266
17 3 10 19448 365
17 3 11 12376 560
17 3 12 6188 998
17 3 13 2380 2246
17 4 3 680 354
17 4 4 2380 358
17 4 5 6188 372
17 4 6 12376 408
17 4 7 19448 483
17 4 8 24310 630
17 4 9 24310 920
17 4 10 19448 1540
17 4 11 12376 3083
17 5 4 2380 795
17 5 5 6188 852
17 5 6 12376 991
17 5 7 19448 1294
17 5 8 24310 1941
17 5 9 24310 3434
17 5 10 19448 7487
17 6 4 2380 1718
17 6 5 6188 1926
17 6 6 12376 2438
17 6 7 19448 3623
17 6 8 24310 6536
17 6 9 24310 14992
17 7 5 6188 4405
17 7 6 12376 6257
17 7 7 19448 11073
18 1 2 153 19
18 1 3 816 19
18 1 4 3060 19
18 1 5 8568 18
18 1 6 18564 18
18 1 7 31824 18
18 1 8 43758 18
18 1 9 48620 18
18 1 10 43758 19
18 1 11 31824 20
18 1 12 18564 21
18 1 13 8568 24
18 1 14 3060 28
18 1 15 816 35
18 1 16 153 50
18 2 2 153 60
18 2 3 816 60
18 2 4 3060 60
18 2 5 8568 60
18 2 6 18564 61
18 2 7 31824 63
18 2 8 43758 66
18 2 9 48620 72
18 2 10 43758 82
18 2 11 31824 98
18 2 12 18564 125
18 2 13 8568 171
18 2 14 3060 264
18 2 15 816 490
18 3 3 816 156
18 3 4 3060 156
18 3 5 8568 158
18 3 6 18564 163
18 3 7 31824 175
18 3 8 43758 197
18 3 9 48620 236
18 3 10 43758 303
18 3 11 31824 424
18 3 12 18564 660
18 3 13 8568 1188
18 3 14 3060 2699
18 4 3 816 363
18 4 4 3060 366
18 4 5 8568 375
18 4 6 18564 399
18 4 7 31824 452
18 4 8 43758 554
18 4 9 48620 746
18 4 10 43758 1118
18 4 11 31824 1912
18 4 12 18564 3893
18 5 3 816 801
18 5 4 3060 811
18 5 5 8568 849
18 5 6 18564 944
18 5 7 31824 1151
18 5 8 43758 1572
18 5 9 48620 2454
18 5 10 43758 4482
18 5 11 31824 10019
18 6 4 3060 1748
18 6 5 8568 1885
18 6 6 18564 2228
18 6 7 31824 2994
18 6 8 43758 4708
18 6 9 48620 8904
18 6 10 43758 21192
18 7 5 8568 4183
18 7 6 18564 5377
18 7 7 31824 8230
18 7 8 43758 15568
18 7 9 48620 38187
18 8 6 18564 13629
18 8 7 31824 24847
19 1 2 171 19
19 1 3 969 19
19 1 4 3876 19
19 1 5 11628 19
19 1 6 27132 19
19 1 7 50388 18
19 1 8 75582 18
19 1 9 92378 18
19 1 10 92378 19
19 1 11 75582 19
19 1 12 50388 20
19 1 13 27132 22
19 1 14 11628 25
19 1 15 3876 29
19 1 16 969 37
19 1 17 171 54
19 2 2 171 61
19 2 3 969 61
19 2 4 3876 61
19 2 5 11628 61
19 2 6 27132 62
19 2 7 50388 63
19 2 8 75582 65
19 2 9 92378 70
19 2 10 92378 77
19 2 11 75582 89
19 2 12 50388 107
19 2 13 27132 138
19 2 14 11628 190
19 2 15 3876 295
19 2 16 969 550
19 3 2 171 159
19 3 3 969 159
19 3 4 3876 159
19 3 5 11628 160
19 3 6 27132 164
19 3 7 50388 172
19 3 8 75582 188
19 3 9 92378 216
19 3 10 92378 265
19 3 11 75582 346
19 3 12 50388 491
19 3 13 27132 772
19 3 14 11628 1402
19 3 15 3876 3210
19 4 3 969 372
19 4 4 3876 373
19 4 5 11628 379
19 4 6 27132 396
19 4 7 50388 433
19 4 8 75582 506
19 4 9 92378 640
19 4 10 92378 884
19 4 11 75582 1354
19 4 12 50388 2356
19 4 13 27132 4862
19 5 3 969 823
19 5 4 3876 829
19 5 5 11628 854
19 5 6 27132 919
19 5 7 50388 1063
19 5 8 75582 1352
19 5 9 92378 1921
19 5 10 92378 3096
19 5 11 75582 5803
19 5 12 50388 13236
19 6 4 3876 1785
19 6 5 11628 1875
19 6 6 27132 2109
19 6 7 50388 2627
19 6 8 75582 3725
19 6 9 92378 6136
19 6 10 92378 12055
19 6 11 75582 29558
19 7 4 3876 3772
19 7 5 11628 4085
19 7 6 27132 4882
19 7 7 50388 6708
19 7 8 75582 10945
19 7 9 92378 21861
19 7 10 92378 55984
19 8 5 11628 8952
19 8 6 27132 11634
19 8 7 50388 18206
19 8 8 75582 35747
20 1 1 20 19
20 1 2 190 19
20 1 3 1140 19
20 1 4 4845 19
20 1 5 15504 19
20 1 6 38760 19
20 1 7 77520 19
20 1 8 125970 19
20 1 9 167960 19
20 1 10 184756 19
20 1 11 167960 19
20 1 12 125970 20
20 1 13 77520 21
20 1 14 38760 23
20 1 15 15504 26
20 1 16 4845 31
20 1 17 1140 39
20 1 18 190 57
20 2 2 190 62
20 2 3 1140 62
20 2 4 4845 62
20 2 5 15504 62
20 2 6 38760 62
20 2 7 77520 63
20 2 8 125970 65
20 2 9 167960 68
20 2 10 184756 74
20 2 11 167960 83
20 2 12 125970 96
20 2 13 77520 117
20 2 14 38760 151
20 2 15 15504 210
20 2 16 4845 327
20 2 17 1140 614
20 3 2 190 162
20 3 3 1140 162
20 3 4 4845 162
20 3 5 15504 162
20 3 6 38760 165
20 3 7 77520 170
20 3 8 125970 182
20 3 9 167960 203
20 3 10 184756 239
20 3 11 167960 297
20 3 12 125970 394
20 3 13 77520 565
20 3 14 38760 898
20 3 15 15504 1643
20 3 16 4845 3786
20 4 3 1140 380
20 4 4 4845 381
20 4 5 15504 384
20 4 6 38760 396
20 4 7 77520 422
20 4 8 125970 475
20 4 9 167960 571
20 4 10 184756 741
20 4 11 167960 1047
20 4 12 125970 1632
20 4 13 77520 2879
20 4 14 38760 6012
20 5 3 1140 844
20 5 4 4845 848
20 5 5 15504 863
20 5 6 38760 908
20 5 7 77520 1010
20 5 8 125970 1214
20 5 9 167960 1602
20 5 10 184756 2351
20 5 11 167960 3892
20 5 12 125970 7450
20 5 13 77520 17276
20 6 4 4845 1827
20 6 5 15504 1885
20 6 6 38760 2045
20 6 7 77520 2404
20 6 8 125970 3146
20 6 9 167960 4669
20 6 10 184756 7995
20 6 11 167960 16198
20 6 12 125970 40681
20 7 4 4845 3856
20 7 5 15504 4061
20 7 6 38760 4602
20 7 7 77520 5827
20 7 8 125970 8502
20 7 9 167960 14637
20 7 10 184756 30557
20 7 11 167960 81013
20 8 5 15504 8734
20 8 6 38760 10516
20 8 7 77520 14688
20 8 8 125970 24667
20 8 9 167960 51495
20 8 10 184756 140154
20 9 6 38760 24827
20 9 7 77520 39490
20 9 8 125970 79822
21 1 2 58 1
21 1 3 1330 1
21 1 4 5985 1
21 1 5 20349 1
21 1 6 54264 1
21 1 7 116280 1
21 1 8 203490 1
21 1 9 293930 1
21 1 10 352716 1
21 1 11 352716 1
21 1 12 293930 1
21 1 13 203490 1
21 1 14 116280 1
21 1 15 54264 1
21 1 16 20349 1
21 1 17 5985 1
21 1 18 1330 1
21 1 19 210 1
21 1 20 21 1
21 2 3 1330 63
21 2 4 5985 63
21 2 5 20349 63
21 2 6 54264 63
21 2 7 116280 64
21 2 8 203490 65
21 2 9 293930 67
21 2 10 352716 71
21 2 11 352716 78
21 2 12 293930 88
21 2 13 203490 104
21 2 14 116280 127
21 2 15 54264 166
21 2 16 20349 232
21 2 17 5985 362
21 2 18 1330 682
21 3 3 1330 164
21 3 4 5985 164
21 3 5 20349 165
21 3 6 54264 166
21 3 7 116280 170
21 3 8 203490 179
21 3 9 293930 195
21 3 10 352716 221
21 3 11 352716 264
21 3 12 293930 333
21 3 13 203490 447
21 3 14 116280 648
21 3 15 54264 1037
21 3 16 20349 1911
21 3 17 5985 4430
21 4 3 1330 388
21 4 4 5985 388
21 4 5 20349 390
21 4 6 54264 398
21 4 7 116280 417
21 4 8 203490 455
21 4 9 293930 526
21 4 10 352716 648
21 4 11 352716 860
21 4 12 293930 1236
21 4 13 203490 1957
21 4 14 116280 3493
21 4 15 54264 7364
21 4 16 20349 20159
21 5 3 1330 864
21 5 4 5985 866
21 5 5 20349 876
21 5 6 54264 906
21 5 7 116280 978
21 5 8 203490 1125
21 5 9 293930 1401
21 5 10 352716 1909
21 5 11 352716 2877
21 5 12 293930 4868
21 5 13 203490 9481
21 5 14 116280 22292
21 6 4 5985 1870
21 6 5 20349 1908
21 6 6 54264 2016
21 6 7 116280 2269
21 6 8 203490 2787
21 6 9 293930 3810
21 6 10 352716 5876
21 6 11 352716 10386
21 6 12 293930 21579
21 6 13 203490 55276
21 7 4 5985 3950
21 7 5 20349 4083
21 7 6 54264 4452
21 7 7 116280 5296
21 7 8 203490 7084
21 7 9 293930 10888
21 7 10 352716 19604
21 7 11 352716 42425
21 7 12 293930 115691
21 8 5 20349 8681
21 8 6 54264 9886
21 8 7 116280 12667
21 8 8 203490 18893
21 8 9 293930 33700
21 8 10 352716 73983
21 8 11 352716 209543
21 9 5 20349 18490
21 9 6 54264 22378
21 9 7 116280 31626
21 9 8 203490 54305
21 9 9 293930 117459
21 9 10 352716 336218
21 10 6 54264 52442
21 10 7 116280 84410
21 10 8 203490 174451
