n = 13, k = 4, l = 1, m = 307
Expect Resample Times = 0.375877
Result:
1001010111011
1100110000101
1010100111001
1111100001011
1101110101000
0111010100111
0111100001111
0000111110101
1111010010101
0100100011000
1111011101010
0100100001100
0101111000110
1110111010100
0011001011001
0010001111000
1011100111110
0001010110111
0101011011001
0100110000001
1001011110001
1010011000001
0111010111011
1001010100101
0011011000011
1000110110100
1101111010001
1000001100111
0110111000011
1011010010111
1011100010001
0000100000111
1100101000001
1011001100110
1111011011000
0010011110001
0101000010100
1100100101101
0000001100011
1110111100111
0010110011010
1110100001100
1001111101111
1001101010111
0111101000010
1100000010011
0100001010010
0000101010011
1010101010110
0111010101010
0010100101110
1111001010110
1100000000011
1010010000001
0110111111110
1000011101001
0100100001001
1101100101111
0101110111010
0100001101100
1000111101010
0000100000011
0000000111001
1111110100111
0111010011111
0110000001110
0101100111011
0111100110010
0100011100100
1110010011101
0101100100100
1101001101101
1001001100001
1001110111110
0010110000100
1100011011001
1011001000100
0111101011101
1101001010110
1000110010010
0110111011010
0001000000110
0011100110101
0100010000110
0111100110010
0111100101111
1101010001000
1110100010101
1011100010110
0110110100101
1010010100010
1011101000100
0000110011111
0011011011001
1001101000111
1010110011100
0010100111011
0100111101010
1011011001111
1100110011001
0111010100001
1110011111011
0101001101101
0001101110101
1001101110111
0100111011111
0011010000110
1010000001011
1011001100101
0111101011010
0101010101000
0010111101100
1010101000110
1011001111100
0010111001100
1110100101010
1001100000000
0001000010011
0101100011011
0000000101001
1001000110011
0011000111110
1010010011101
1011110100100
0111110011000
0101110000011
0101011101001
0111110110011
0001010000111
1011010000100
0001001111100
0010010101010
1010110000111
0101010100000
0111100011011
1010110111111
0111110011001
0111001010110
1111110010000
0110101111101
1010110100111
0001100111011
0000000111001
1010011110011
0100000010000
0100110111111
0100011111000
0010001010111
0000010010101
1111010010010
0100000101010
0000010000001
1110101001000
0000111000001
1010100001001
1100001001100
0101011001011
0110100011110
1101100111110
0100111001001
0010011001101
0111110001010
0101001010101
0100100110110
0000001011010
0100010011101
1011000100111
1000110000011
1011000101110
1111110010110
1010110100100
1111101010110
0011011111011
1100011001000
1100100111001
0111000110001
1110100101100
1100010101101
0110101010011
1011011011100
1001101000001
1011101101001
1100111000110
0101110010101
0011111111000
1100010110100
1100001011011
1001100101001
1111110001001
0111100010011
1001011100100
1100010100100
0101000001001
0010001001001
1011010011101
0011001111101
0010010000010
0111011101101
0001111011000
0011011110110
1111011011001
0100100010010
0110001100101
1000100011100
0100100010011
1101111100111
1101010110001
0110100100011
0111011111001
0010000001011
1101111111010
0000011001100
0011111011001
0110101111110
0100111000001
0011010111001
0010110101111
1011001011001
1111111110111
0011101110111
0110000001100
0001100101101
0011000000110
0101111001111
0010100110011
0010000000011
0011100110111
0010111010000
0111000101011
1010000000110
1111001011111
0110001111100
1110001101011
0101010101111
1100100101010
0110101001111
0101001111011
1000010101110
0100010001010
0011001100010
1100100100011
0111110101111
1100001011101
1110000110010
1011110111101
0110011000000
0011011010010
1011111010010
0110000110001
0010100101001
1011001011111
0010101000000
0010001111011
1100111010001
0110101011101
0001110110111
1100101000010
0001110001110
1011111010000
0101110010110
0001100001011
0010100010110
1100001011111
1111001011010
1101000111011
1000110011101
1010101111010
1110101101111
0110001010011
1101100110011
1000101110011
1101011011010
1010011101101
0101100011101
0010101001101
0101000000010
0111101100110
1010011010010
0110110100010
0000111010000
1010000010000
0001011001000
0110111011001
0100100101110
1100100110011
1001001010000
1101010011111
0001110100001
0001110011011
0111110000101
0001100101011
0111100101111
0101101110011
1000101111111
1010000010110
1000000000010
0111110011001
1111010110101
0010111001010
0011101111100
1100010110001
0111110001110
0011001000110
0100001000110
0001111000000
1011010011111
0001000000011
Time = 0.061s
