n = 14, k = 4, l = 4, m = 342
Expect Resample Times = 0.385678
Result:
00101000010001
10011011100000
01000100001110
10100001011100
10100100110111
00010100101101
01110001001111
00000111010011
10100111111001
01000011001001
01010000010101
00100000110001
11000001010010
11000110110001
00001110010110
11100101110101
01010100011010
00111111111011
01010110001001
11100000010110
10000101110001
01101010111001
01100010101011
01000111110100
10111110111101
00101000000101
10000100100001
11000100110000
10111000000000
00100100101100
10000110111111
01011010111100
11010101001000
11011110011001
10001001111100
11111010111111
00110111100110
11001010001101
10111010110011
11100101111111
10110100100110
00111011110100
00010010101111
01011100011101
11000000001011
00111001000100
10011110011011
00101101011010
00101000000111
11100111011101
11111010011011
01111110001011
01101010010100
10011001000001
11011101011001
11101011110010
11110111110111
01110100110000
01000111011100
01000011111110
11111110001101
01011110110111
01100101100010
01011011001000
11000011101111
10100011100110
00110010101011
11100011011011
01110000011010
11001100001110
00111101101000
10111010101100
11111011000011
11010010001011
00110110011010
00011100000100
10001101101100
00000011110100
01111011101110
10001110011001
11111011010000
10000010001101
00101010101101
01110111010100
11000111000010
01001110101011
11000000101001
00100101110100
11101111011001
01101111111100
10101011110011
11100011110000
01100011000110
10110010100000
00010000101010
10110000001100
00001010101010
01111001010111
01011000111001
10001111000010
11011101100011
10111100111001
00100101010110
10111111101110
10000110001111
11010000100000
11100000010010
10101100110101
11100101110100
01110110011111
01001000000101
01011000111000
11110001111011
11100100101111
01000111111101
11111110011111
01011000100101
10011111111001
10110101111011
11111100011110
00111101110011
01110101100000
00010110111111
00100110010100
01011100110111
01000100101010
00101010010100
01001001110101
00000110000111
10100001001110
10101010001101
10011100110010
01101111110010
00000001110110
11011111111101
00100101010010
10101101000101
10000001110011
00110001111100
11110100001111
00010001100011
10001100111110
10001111110101
01100111010111
10000011111010
00101001111101
00101100101110
11011011000100
01111001010010
01010111101010
10001100011000
00011010110001
11111001001111
00110010010111
10000011010010
00111100011100
01111000100001
00101001101110
01011101000000
10101001001010
00011011001100
10010110100000
10110101011011
00000110100101
11010001010110
10000001001010
11100100110011
01100100010010
01111100010011
00010010101001
10100000010010
11000111100100
00000011110001
10100000111010
10010000011101
10001010100111
11110000011010
01111000111011
01111001001110
00001111000000
00000010101001
10101110101110
00010010110011
10010100011100
11001101101010
11001000100000
01011011100110
11111011010000
10000110000101
01011100001101
11100010011111
10111001100110
11111110101011
00001011111011
01100001110100
01001110001110
00100101001101
00101100111101
10000101110111
01110111101001
00101111110110
01011100110111
00101111000000
11101011111100
11101111001101
11100000100100
01101011111111
10100100000010
10000010111100
11001100000110
00100000010011
11101100011001
11111110001010
00001111110010
10000111011111
10110110010010
00101100001110
01110011100111
11011100011111
11111000010111
11110001111110
01100011101000
00000011101010
10101001111011
01111011100010
00000100110011
00000001010011
11000111001010
11101010011101
11000111111010
10001101100111
11000000101000
00110111001010
10011111010000
01101011101110
00111101011011
00011111110001
10110100100101
11011111000001
10110110011001
00111100011110
01001111111101
01011111010000
10111101011100
01110111011011
00110111111100
10101110100100
01110001110111
10000101110001
00111111110101
11010110000001
01101111010010
11101011011000
01001001101010
01111000001100
00000011010100
10011000110011
10101110001011
11111001101010
10101111010001
00000110011100
00011111001000
10101010101111
01100101100001
01110010001100
01011101000011
10101010000010
10010010010011
10100101011000
10010111000101
10101100101110
01101001011111
11010110000101
00000010011010
11011010010011
00011110101101
00111101000001
11101011101111
10100000101100
01011100010011
01111011010011
01111001011100
10010111100001
01110000110101
11010101000000
00111100011110
11010101000010
11010011010000
01111001101111
01000011001101
10100010110111
00011100000100
00110000110111
01110110100100
01110101001001
11101111001101
10100100000111
01000001100100
01001001000011
01110011111010
10001001010101
10101011110001
10101111001010
11010111101110
11000001110110
01111010001000
01011101111111
10101010110111
10101011101111
11100010010101
11011000101010
11000010011011
00110111100011
11101000101010
01111101100100
00101000111111
01100110010011
11101101011001
01011101110000
11110011000111
01111011001011
11111000100101
11000111001110
11111000100100
00001111111101
00110101101010
00110100000110
01011111010100
10100100001110
11111101111011
10101011100101
11010111101000
10011000001100
01111000101011
00011110111000
11011000101001
11110111010101
11011110111110
01011100111010
00110111011000
00110100100010
10111000000100
Time = 0.055s
