n = 12, k = 3, l = 7, m = 358
Expect Resample Times = 0.423278
Result:
111100110110
100101111101
100111101101
101110011100
011110110100
100111011010
101110010110
101110110110
101000111110
111010011011
101100110110
000111011110
001110110110
111110111011
101100110111
001100111011
111110111100
111111000110
100111001111
000111101111
111101001010
110110101011
111110011000
111110101001
001010111011
111001011100
110011110110
111101011010
101010110110
111100111001
011110111011
111100101010
011111100001
101101011011
011110111010
001100011111
111101110011
011100111100
101111110000
111110011110
101011001011
001001111011
110110110011
111111100110
110100111101
011011001011
011110000111
101110010011
010111111111
011110011101
110001110011
111100001101
001011011110
100111011010
111101111010
111110111000
001111011011
110101011001
101111010011
101110111101
010101111110
011111011000
111101001010
110101110110
101110001101
111110001001
110111110001
110100111001
111001111000
011110011010
101011101001
101100001111
100011011101
100111000111
011001011011
011011011100
011111101110
011111010110
111110100011
011111110000
010110100111
101111011110
011011100110
001100111011
100111110011
010111101011
011111000111
011101110111
010101101101
110011111101
111011001001
001101011110
111011110111
111001001110
001011110111
100011111100
111110110011
110110001110
111110110110
110001011101
011101011010
100111111101
111111110010
100101101011
011011101100
110111101101
101101010011
011111100110
010100111011
011110100111
010111111001
011101110111
111011100010
110101010011
001001111101
101110001101
110011111101
110011010011
111010011111
110100110111
110101110101
001101111111
001110111110
101010011110
100111001111
101011110111
011001111110
111101110000
111010011001
001111110100
111111110010
111011101011
011011100110
100011101111
110001111111
011011001111
101111110100
111100010101
101101010111
000110111011
111110011010
111111101010
010001111111
101111101110
010111011101
000100111111
111100101101
100011111111
000011111011
010111111100
000101111011
000011101111
101011101110
011111100110
010111111011
010111110010
111101110001
111101111101
110110101110
111101100110
110011011100
011011111101
111011001001
110101101010
111111010101
101101101001
101000111011
000001111111
000110110111
011110101011
111110010011
001001101111
110110100110
000101101111
111010101110
010101101110
010100111101
101110110110
111100111010
011111011110
011110010111
011011011111
011111100100
000111111110
111010001111
111010011101
001111011010
111111000110
100111101101
001111110011
111000111100
011101101010
010110101101
111101111100
011111110000
011111011100
001011101101
101100111011
001101011101
101110001110
110001101101
101001101011
011101110101
101011110010
101111001110
111100011001
101010111100
101011110110
100110011111
101011011100
010011110110
111010110011
100110111001
101100110101
110111010110
110111000101
011110111111
010110011101
110111000110
100101010111
111110000011
011101010110
111110101100
000111011011
011110111010
101111100001
100111110100
011001110011
111100101110
110111011100
010111100011
111100100110
111011110001
011101001011
110100011111
010110111101
110011110001
101000110111
001011111100
110001111011
011010001111
011110110010
100110111111
110100111010
100010111111
111011101001
111010010101
111100001111
000011111101
111110111001
001010101111
000011111111
111001011001
111000110111
101111110000
011111111110
011111000011
001001111011
010110111001
110011010110
010111011101
101101011010
011111001001
111110110101
101110011011
100110110101
010001111101
001011101111
011001101110
001100111111
011011111001
110101110011
010110111110
111100101111
111001011011
011111011110
011100111010
101101010011
101111101111
101011100111
111100011001
101110101110
111000011011
100111111000
101001110111
111101010111
101001101111
011101111011
110010101101
011101000111
011011010101
111110000110
011011110111
101110010110
011110111000
110100110011
110001111100
010010111011
110110101110
011110110010
011111110101
101101011010
111011111010
111111000001
111010101010
101101111110
011111000011
101011111100
111110010100
111111111001
101000101111
010100101111
101011111101
110011101001
100111110001
101111111100
100011011011
001011100111
111011001101
110111011001
011110111111
010111111001
111010111110
101001011101
101011010101
110010101110
011011100101
100110011101
111010011101
110111001011
011110101011
101010110110
011011110011
111101011110
111011010001
110001101111
101011111011
101111101110
001111100111
111000111110
110011011111
101011010110
011101111010
101011001101
011001110011
110111010011
011000111011
001111011100
100011011110
111001110101
101010110101
111111111101
100110101101
111011101000
111100101111
101111101011
111010111101
101001111111
Time = 0.122s
