n = 15, k = 7, l = 2, m = 3050
Expect Resample Times = 0.367588
Result:
000100011101010
001110101110000
000111100010110
110101100011101
011011000001101
110010000111010
011100011010000
001010010101101
010110101000100
101110000111101
010110001100010
001000101001000
011010100100101
111000100001011
110110010111011
101101001111011
110100111000111
100010111010111
101010101010011
001000010010101
101010101101111
111100100101011
100011111001010
001011100010110
001010100101001
010010100000011
110111000100101
000100111111110
111001100101101
100011011001010
010110110001101
111110011111111
111011001000010
111010001001101
000000111000001
101000001101010
111100100110011
000110011010101
000111110101100
010001101101100
001010110000011
000001111100110
001101010101001
011101000011010
111101101010111
110111001100100
011111100101110
010010111111000
100011000101011
100011110101000
110001011110111
001000110000010
000000011010001
110100101110111
110000010010010
001101000100000
010001110100101
011110101011100
111111011011100
010010101100010
101010111111000
001101001001110
100010000111001
110000110110100
110110111111100
010110111101000
010100001101010
001110111011001
111111111100110
100100111100100
010101101100100
010100100100101
110111111011100
010111110011100
011100111101011
100110001000100
010101011100000
100011110010011
010110011111100
111100101011011
011100010100101
110010101100010
000111001000010
101110000000101
001010100001000
000110111001011
111111101001100
100100100100101
010000010001111
011000001100000
111000111100011
101110010000000
010100011100011
000000101101011
100111110000000
100010111000010
001000111011011
010011000001001
101110001001100
000100011010001
000010000010111
000001001010111
101101100111100
110001011011010
011101110000000
001101101000101
100001000000111
100110000110000
101011011010011
100001110010010
101001111110000
100000001010101
101000110000111
101100110011010
001000111000010
001100111111101
111000011111101
111100011100110
010011110111001
110000011110000
101111111100001
010001111001110
011110111001110
000110100100010
001010110110101
010110000000001
010001001110101
111010101000110
100111110010011
110001011101001
101001010111001
010010000001110
011100000011000
001111101100001
111011111001111
101000100110001
110010011000010
001010111010010
001000000000010
001001011101100
101011111000001
100111110101000
101001010100110
001111110100000
001110100001101
111100010101000
010110111111100
110001111110110
100101100001000
000101110000111
001110000111110
011111010001000
000001101011111
101001000100011
100000011000110
011010011100101
101110111110010
111100011000011
010110111101010
111110111010101
110111101010101
010000000001010
001110101100000
010001100010000
011100100100100
110010111011010
010111000001001
001100101001011
101010010101010
011010011100101
000110011011111
010011100111110
011000000111011
011101101000010
100000111001100
001010101110111
100110111001000
011000000110100
001101101000011
100100110011100
111000001110100
100001010001111
100111110111110
001100111010010
011100110110010
010100011111000
000011010011100
111000110100000
000101010011101
011001101001011
000001000101000
100011011100011
110001110110100
001001111111111
100011001110111
101100011100111
110101011111010
001101111000001
010000000001011
111111101000001
010100110000011
100110110110100
010000010111110
000000001111000
001111111000001
100001101101110
000100110000000
110100110010011
010101111101011
110100100000011
110111101110100
010111111000010
110001000000010
000011000101111
000100111110101
011111000000011
110101110001001
001000001101011
100111111000101
001011001001110
011111101101011
111011111111110
110000111000001
000000111111001
110101101011100
101000110000000
110001100001111
001000001111000
110110100000011
111011001000110
100011111100011
001000001111010
100000001101011
010001001000101
011100000100110
101101010010110
000110100001100
000001110100110
100101000010100
001100010011101
101000111100001
010111110000101
010000111101100
110101001001111
101110100111110
000101001101001
110010101101101
111000010100100
101101010111010
110100001110111
010110000110000
001110110110101
011100110001101
001000100001101
111110101101110
111111110100011
110000010011001
110111100001111
100010101011001
111101011111000
011100100100111
111111010010111
000011110110111
000010001111000
001010011101011
011000000011100
011101111000110
010100000110101
001100001101101
010100010100010
110010110110110
111010000111011
111110001110111
111011001111100
110000101110001
000100111111000
001010001000110
001111100010101
111111011010101
110100001110011
111010111001011
000010000000010
011011001000001
100001010111100
001101111010110
101100011101100
101111100101110
100010000110100
001100111100010
110010111001011
111000111001010
110101111111110
001011100101110
111010110010000
011110011010110
101110100001111
011111100101011
001010000111101
000100100101011
011101011011100
001101010110000
100011100010110
111011100111001
011000001110110
000010010100010
011000010010011
000110001110110
101001010110101
100000110100111
000010110101011
101100001110000
111101111101111
100010110000001
110001100101101
001100110100111
001010000010111
001011001001110
001001001001100
111000010100111
011110011001010
000001001010000
000011010000100
100101000011111
110001001110111
100100010011110
011111011010111
011000111100100
000011101000101
001101001000111
000011011101110
011001000111101
000101110010101
001100010110001
111000011011101
000110100101001
011111110111011
110110101000110
101011101111100
010011001111000
110110010110110
010100000111111
101000000000000
111000000010111
011010101001100
100000101100010
100011000101000
100010000101100
001110111000001
100111010111000
110000000000110
000000110000010
010110010011111
110100000001111
000111000101100
001011101111010
000100101111100
001000011111111
001000000010111
010001101111010
101010000001101
110110001101110
100101011111100
110011000100001
000101000001101
111001111110000
010111011011101
010011111111110
011000011100011
010101001100110
101100001101100
010111111100000
010011010000011
010100010111000
011111001011011
000011100000101
100111000011010
111111000011111
111111000110110
001001010100111
011110100010100
001111101100010
001110110101101
100000100101110
100110100000101
101100110100111
011001101101011
010011000111011
110101110101111
001010100110101
001110101101101
011011000111111
010000110001010
110000000010010
011001110101010
000110110111011
011011000111101
010100011111100
100100111001000
011100010101011
111010000010101
111010011001011
011111000011000
001100001101111
111110000000010
110100000101010
111101101110011
101001001000100
000000010111111
100000011011010
010001010000011
011000111011100
111000000111100
001011000110001
010000101000001
110100000100001
111110111001100
100100100001011
111010001001101
111100101101010
000000000111110
011100010001010
000001111010001
001011111111001
110001001110010
101011101000101
111110110001100
111101011111001
011011011010111
110001111001010
100000001110011
001101101101110
011111010000110
011000100100010
101100000001001
011101111011000
010010111010011
100100000110000
011010100011101
101101001110000
111100000011110
010011101010010
101011000010101
001101000101010
000000010011101
110010000101101
100010010111011
011000111100100
010011111110001
110011101000010
001000001111111
111000011010111
000001100010110
111100100111111
010010011111111
110111000011111
111001010010111
001100000010011
101011001100100
110100100101000
011010101111001
000101010001000
110101001010101
101111111110001
000101110111110
000101000110010
001011010011001
000001100111111
011001111100011
111100101010000
101010011110010
011010101010101
100101110010001
011011000101000
111101000100111
110000100000110
110011110011001
011101010001111
001001100011111
010011111011101
101011111100101
100001001100010
011110111111001
011000010101111
100100101110110
100011111000010
110001000110101
010111101001101
010100100100001
011011111010000
100111110010010
011010110010111
110101100110100
110011111111010
000001010101000
101100011111111
010110001101001
110100000011001
011101000011101
000100000111001
000001000101000
010001111101011
101001011111101
110110011000000
000111110111011
101100100000101
111111011101000
110001110100000
100110100000100
001100011101110
001000101100100
110111010000010
000010001110000
110100010111101
101111101111100
011001111111010
101111010111111
010001111000110
100000001110110
000110101111011
010000101001101
010001101110111
001001101011000
111001100010001
000100100001011
001011101001110
111110111000101
011001000100101
101001100000111
110101001111011
110001101101110
111101001100000
101111101001010
010110101001110
011000110110101
010011001010011
111110011100011
000111100100110
001000000110010
001011000001001
010010110110011
111011110100111
100011011011010
010111000101110
100111001110010
100011110100101
010010100010000
011110011010010
101101011110000
001100010110110
001001110110010
110001010100010
111100000100110
011011101010001
011110110011011
011110111000000
111111111110000
011001000100000
000100101110101
011011100111100
000011001001101
000100011010010
111110001000100
010001100011000
010110001110011
111000100100100
001101010000101
010001100001000
010010010000100
010010110111101
110001100010101
100100000100111
110010010101000
011001011011010
111001010110010
000010100011111
101011000111010
110101000101111
011111111000011
010001111100110
001101001111011
110101011001100
011010001101101
011111101001011
100000000100000
110100011010110
100110011001011
111111101000010
001111101000111
001011111011001
011000101010010
010000010010011
111001010001111
011110110100110
101010110001000
100100110100000
011011011001110
010100000010100
001110101111110
111010000001100
101010001011101
110001000100000
110010011111001
111010011110001
000101101011000
011011110101011
001000011110110
010110110000100
011100101110011
100100010011100
111100000101011
101100100100100
101010101001010
110111010101100
100010110010111
100001110110100
000101011110000
100000111001100
011110011111111
110010000110110
110100101010110
011010010101001
110000000010110
010011011101110
100111110000001
110110000001000
010111010110100
011010011010010
011010100000100
011010011010010
110001110010101
011110011111110
000001001000010
100010100101011
010100101000111
000110110101100
110001001001000
100100101100100
100101111101011
101000010100001
000110101111111
000101100000110
100100011110001
001010100100110
001101011000000
010001100110110
000101111101110
000101110110000
010011110101111
000011111010110
100001001000110
011000011010111
110110101101011
001011001111010
110001101100111
011101100100110
101001011100111
010000100000101
000001111011100
000010111001001
000111111101010
011101110110100
111101000010100
100100110100010
110001111111100
110100010011110
010010110100011
010010100000101
100010001110101
110011011011000
111110111011011
110100110011100
111011010110001
100101110100011
000110001111101
000011011001010
001011110011001
010110000110010
001011000001100
101100000110110
111110110111000
011000000100000
011010010011001
100110110110011
110101110110001
101000111000111
011101111101010
011010100111100
110001001001011
011010110000111
011111110101111
100011101000000
101100111101110
000011001111111
001100011100110
010001010100001
100001110001111
111010111000100
110111011001111
000101010101001
110001111100101
110001111001101
000100110010101
011100111011001
100010101110000
110100101110110
100110000010001
110010100000111
101101100000100
101001010011111
111100001010100
010001000010001
110000101111111
001111111110100
110010101110011
010000010010010
100110010011010
100111001111001
100011110001101
100100100100001
100011011111001
000000011010101
011111011110001
001000001111100
100101101110100
101111111101000
101001000101001
101000110001101
101111011100000
111110011110101
000001100101101
100011111000101
010100101000111
001111100011010
000001011000001
111100110001010
110110100001111
000111010010010
110100011000010
001110111100111
110001010110001
100101001111001
111111000011101
110110111110011
111110011011011
111110111110011
110011000000010
111111100110101
111011001000000
111111100110000
010100101110010
101111111010101
000101001110011
110011000011010
100111011000000
111101011100101
100000011010110
001110101111001
111010000011100
010010000101111
010110001000011
011100011110001
000110100001101
001011000011110
100011101000100
001000101001010
010110010111101
101010011011000
111110111001111
100111000101000
000000111000100
010011101011110
100110110000111
100111000111111
001011111001001
100101101101010
010001111001001
011101100000100
001101101011110
111111010011001
000011000101001
101110110101001
010010101110010
000101010110100
000000110010001
001000101001010
000110000111000
011010101001111
011101100001100
100101000100110
110001010101011
011011110000011
001110111111001
100111011000111
100100010100001
111010011011111
010011011100010
111001001100111
010111010110110
111000111000110
011011000010000
011110100011111
011110010001111
100011101011100
111001101100011
100010101101010
000011101011010
011101000101111
100010100000010
000011000100001
100100101110011
110001101100001
101110111111101
011100111000001
111110000011101
000111111100010
011111000110001
101111010001101
100100000011111
111001101100101
000100001110110
110101100011110
101111101010101
110001011110000
111111000111000
111101100001111
101101000011110
100100010100101
100001011101100
110101001011101
101111110101001
100100110010011
001010110000101
011110100000111
101011111000111
110000000100110
001110011100110
101101010110011
101000010101101
100010111010011
001100111111000
111101011100000
010001000100000
001101000010000
110111001111101
001010101011111
101100101000010
011100010111100
011000100011000
000110011010101
101101111000001
010000001010011
101001011101111
101011111011010
100000010010111
111011001001111
011001101000101
101010100010110
001000100110001
010010101011111
001110110010011
000111101111011
000101001010000
010010011110101
011010101101000
100000110100111
010000011101010
000000000111101
111001000001010
111101001011000
000101101111000
110101110001111
000000110100101
101011101000010
111111001101010
010100101110110
010001010111011
011010000101110
000001010111001
101111101110111
001001101011010
110011000111010
010000001010100
011100011001111
000101111110010
010110110011111
010000010110101
001100111101100
000001100101111
010011100111100
111011000010010
011001111010010
011101100010011
010111100111010
111100001001110
010111111101100
110100010010111
000101000010111
000111110111001
000100001011110
101101111101011
000010011100110
000110110100000
010011000000011
000010100101101
011010111110001
101011110000100
000010011011110
111111000110010
110100011010110
111101001000001
101001101011110
010111001000110
000011110000110
000000001111100
010011001011000
110010001001100
011110000001110
000000011011010
011001010100111
010101001011011
101001110101110
010111110001110
100110101100110
010001011000100
000010010110100
111100001011111
100110011100001
110010001111100
110001110101010
111100000011010
111101100111011
000010000011001
011111110100111
001110011110111
100000001000100
011011101010100
000010010111111
110110110011110
010101111001011
101011111001010
101100111010001
100101010101010
110110110101001
101100110001001
101010111000000
110000001010100
011000010111000
001100101111010
000101101000000
110011001010111
001110111111010
001100000100000
111010001011000
001010110010010
100010100111101
001111001111011
001000010101000
101011110010001
011100101010000
011111100000010
100000001100001
010110110101010
110111110000001
100111001111111
001100111101010
001100001000011
100101001110011
011000001001100
011001010000001
010010100110001
001001101101001
110101000001101
010011010100100
100010010111110
010110110101010
110000100100001
110101010000111
000101010111110
001001110100100
110010011101110
000111101010101
101001011011010
111111010001101
000010000111000
111010010000001
001001100001101
000110001101001
111110101010110
011000010001010
010001101010100
110100111011011
101100001010000
101100011011000
010100010100000
000100011011110
101001000000001
100010001011000
110110101101011
101110001100100
001011101010000
111011110111001
011001000110000
010110011010101
001010111101100
010000110011011
010000010100100
010110001111010
010110111101110
101010100111000
100000100100100
100011011000010
101100100101111
110100110000011
011011100010000
101111111001100
000011001101101
100010110100100
001000001110001
011001111100011
101010101101100
101111110000010
000101111001101
001001000010101
001101101101001
011001011001010
111010100101110
100110001001000
101101110110010
110110001000011
000111111000000
111000101010010
101000110011001
001100011110010
011110011101101
101011111100011
111111101111001
101111111111010
110110010011110
111100100110110
010100011011101
000010111111110
001001000101010
010100101001100
101101010010100
011011000011100
010010010011011
001000010101010
000000110010100
001101101000101
111100000001110
000010011100001
000110011111110
011100100010111
110101000000110
100100000011110
010000011101111
000000011000100
010101011010110
001000010011010
111000111101110
010110001000110
010010100001111
100001110110001
001010100110101
001010110001010
000001001101011
100000110010000
010000001011001
010101111001001
011100111110101
001111010001111
011101110110101
111000001100001
111100111011100
111101001011101
101001110010010
110101010010111
110101000011100
000101010111000
100000101010110
000011011011011
000110100010000
111000001001000
110100111101110
001000111011111
110101000000111
100011011011111
001010101000111
100111100010111
111100010011111
100010111100000
000100000011100
111100101100001
100001010101111
110101010100100
001111111101000
000001011110101
001001111101101
111111011100001
111000011011111
011100101110011
101111110111010
000000101101100
101100110010101
010111100101001
011101001101010
100110101101111
101101100100010
100111011010110
111010010111000
101011100101101
100111111101001
100001000010001
101110000100110
011001101010010
001001011111111
100111111011001
101010111101110
111001000101011
001011000001010
010010000100000
100111011010110
000101011111111
001101000110101
010011011010100
000100011010110
011101101101000
010100010000001
010101000100101
110101111000111
101101000001101
100010110000010
011000101000011
010000101111011
111100000011010
110110101010010
010100101111001
011110100111001
010101111011101
000101100101001
000011100010110
001000011101010
001011101100101
010101101000101
010010010000100
101000001000011
101111110001000
111011011101111
101110011000100
110111111001100
110110101111100
100100000010000
101110100010100
110010001100100
011011001011101
111111110010101
010000101100100
011110111101101
001011010010010
100101100110111
111001011000100
011110001010001
000001001111011
001000111101110
100001110010111
000011100101001
110101111011000
001001101111100
000100010111000
001000010001111
111110110000010
111111101010011
000011100111100
001000011000111
010110100010110
010011010001001
100000100100110
011011000010110
110101100100010
110110110101011
101110000011001
001000001111101
110000011010010
011110101110000
100110010011001
111110001110110
001000110000101
101001001011010
110010101111000
000110000100000
001000001001011
010000101010001
011110000111000
101010101111000
110111001010010
010111010011010
010100001000110
001110000110011
001100011111010
100010110010110
110001011000101
000100000100000
000010110000011
011101011010001
101010111101110
101111111111101
100110011010000
111011001110000
101001100100110
010010010111110
011011000000010
001011001110001
011011110000110
011111110011110
110101100110101
111110011000010
000110000010111
010101010110100
100100001100011
010000000010110
110001011111010
000010001101111
110001111000111
000111100110001
011011100001001
100111111010111
101111111101111
011001011000011
001001101111010
001000001001111
101001111000111
110001100001010
011000011100100
000000011010111
000100111011101
010110111101101
011001110010011
010110000011100
011011001111100
001110111000110
111110001000001
011001110001010
000110010100111
110101100100001
010100100000101
101011010101100
111101101110101
111010001001000
111101011011100
001110001011011
110000110010110
010100001010111
111011100100011
010001000010001
000010011001101
111100101000110
110011100010110
100110010110001
101100100001000
011100000011110
011011110100011
110110001001101
001011100111000
100011001011000
110111001001100
110110101111110
011101110000111
111100001011001
001100110100111
100011011000110
001101100000010
111110111011010
001110110110100
111000011101111
111110110111101
100010101110101
101100010100011
100000111101101
111111100100011
100100110110110
100011010110100
101001010101100
000101101110000
100000111111000
011111111101011
100100111011010
101101011000110
011010010101111
001011011110011
100101101110011
100101001010110
011100010000111
011000010000000
101110110011101
110101100001011
000111010110100
110000100101111
110000110110000
000010101000111
100111000001101
011110010010000
101111100100101
010110011010100
110111100001001
011110111110001
000001100100111
100111000101011
001100101011010
011000011100101
100110011001000
110010010110111
000000101100011
111010011010111
010010110100101
101001011001110
000111100011011
111110110011111
100010111101111
001100011010011
110001011010010
110111100111101
110000010111110
101000000001100
010011000010110
110000010001011
000000100100110
101101111101011
001101101101110
101110001101000
100011100011101
010001011100110
101100110011100
110111011001110
011100101010001
100110000101110
001001001000011
001010110110000
101111010111110
011011101001101
011100000101110
111000101110110
111101111111111
011110100001111
000111010011000
100101100101110
101001001010111
000000000101100
110111100001100
000100010110010
000010001100101
000010100011101
101110111101111
000011101110000
101101010110001
110011101100001
000001110110110
111000010100011
110000010000010
001101100000110
111110011010111
000111100000110
100111001011001
011110001000000
010011000100000
101111110001001
011111001110111
010110000111110
001101011000001
101111001101010
111110100010111
000110001110110
001011000101001
010010001010000
011011010000000
111101101000100
101100111110110
001001010111000
010000110111101
110101010001011
001101101111100
111011011011110
111101100010100
100110110000110
001110101011011
111000111010110
100101010111110
001010000101011
010001010001010
100000100111011
100100111001011
000000001011001
000001100101001
011111101101010
110000010110011
010111001010110
001111010011111
010000010000001
001101010001110
000100110011101
111110100000110
100111010011010
000010011100001
111010111110000
001001010101001
000001001001011
101100011011001
111100011001000
011100111101111
001100011011011
110010001111010
001000000011010
110110101011101
000101000000101
000010111000011
000011110011111
100111001110000
010010000001010
011011010110110
110000010110110
000110000011011
011011011001101
110100001101011
100000010010011
111111101110101
000111101111010
111111001111101
011000110101101
111010010101001
001011110100100
111111100101110
011100011110100
100010000110000
100100111011001
100101111111000
001000110111000
111100100000111
110111001011000
011001010000011
011110010101001
110011011110001
100110110010001
100011001111110
100110011111000
110101011000111
000111110001000
100001010000101
111111011101101
100101110100010
001010110110011
000101011111111
010001111101111
110001000101000
010001011011011
111000101011100
100001000000111
100001001001001
010110111001110
011010111100010
110111111110011
011111010111111
110000111111001
011101100000101
001100101111110
010010111111000
101111011010000
110100100101001
001100111001111
000001010110010
111110100100110
111010011011111
111000110101101
010001100010010
001110000011111
111110111110001
110110001000010
011101110111001
011110100011111
011101011000111
000000010110010
110001101100011
100110110100111
010101101111011
101010000111010
111000101100000
010010110011101
001110101000101
001000110100111
010001001100110
111011011111101
011010100111111
101100100110100
001100000010001
011100001111111
110011011001011
100110000001111
100111001110101
001001000100010
111001101111111
011100001011101
000110000011010
100111010111001
010101100011101
000001110001111
001110011000001
100001110111110
100010111000000
110011101001111
101111001101111
000100010001101
100000101011101
110000010101001
000000011010100
101001010110111
110111100101001
001111000011101
001101010100011
010111111010001
010110110010110
111010000011000
101111101101101
101110000100111
011101110001000
000000111010111
110111111110101
010111100001111
001100110010000
101110010111010
010001010011000
011110011100011
011001111010110
111101100010011
000000000110111
001100100100100
001010010000101
010100011110011
011010101010110
111111010000101
111001001000010
000001110111100
010100101001010
110110101101000
100010010101000
000101000110010
000101111111101
111110100101111
011111100101101
010100011010110
010100110010010
111101100111111
101100010100011
110010111111111
101100000001111
010101011010001
100100011111000
000101000011000
000110001010010
101011000100011
000111001001101
101011101101010
111001010000100
110010100001110
110001100111000
000100110011000
111101010011101
101101011001010
111101001010110
111010001101101
110000101010010
111010110011110
111001111111111
111011010010100
001111110011000
011111011011100
111011010100100
110111001110101
101000111111010
011010010011011
000101100000111
101000100010100
000100000111110
000111001001111
000111001101001
100010010011001
110111110000001
101100011110111
101001001100110
010110010101101
101111110100101
011100000000001
010010010101010
101001111000001
100111000111000
111111110000111
100011101001010
000010111000110
010000010110101
001111100011100
000111011000110
010100011100100
001110001101011
000110010101011
000111001010100
101110001100001
010000100101011
011110101100110
101101000100111
111001101101001
000101010110100
010011110000110
100111001001011
101110111101100
101110011101110
100111110100100
100001101011011
110110100000011
001001000010110
011111100100011
111100010000110
111000011010111
100000111111111
000000011011010
000100111000101
100110111101001
000011000010111
110001001011010
110011010110010
100110110100011
001101000111000
111100110100100
110000111110100
111010001010111
111011111110010
110000111000011
100110110110011
110100000110010
110101011000111
000010010110111
000010101001101
100100111101110
101111101110110
111011011000111
111100011000001
100110101110101
010110100110111
011001111011110
001111001001011
001100100101100
111111101110101
001011111011001
010111010100100
011101011101001
001010001011111
011000111001111
001110011111101
010000000010111
001010100100110
001000100011011
101011011111111
011101011111100
101110010001011
111100001001011
000111110110101
100011101000010
110011100001000
010101111110011
111101111101001
000010110111001
010000001100011
011101001101011
111010011010101
011100111110101
001011111010000
000100111011001
100001101100001
110011011101001
010110011010100
011100010001110
001000000111011
011101101000001
000000001110100
100000000010011
111000000111110
010010101011111
010001100001110
000101111010011
101011111011000
101011000110110
100110000111100
110101001110010
101110011110101
010111100011010
001101100011000
000110110100100
101010001010011
111000001100111
101000011100100
101000011111001
101110001010011
111100100000111
010110110101000
011010111010111
111000001101010
110100001100001
111110000110000
000101000011000
101110000011100
100010100010110
001010111000100
000001000011001
001101101000000
011010001011001
001100010010010
000011110000001
111011111111111
100010010111001
100011100011011
011000101110001
101001010111010
001010110001111
111010111001111
100100100000101
010111100011111
010010001111110
000100111110001
111001000101000
010011010101001
110110011101110
010010001111111
011111001100111
011100111011110
101100100001001
100011101001001
111111100000100
111100111100101
110110001010011
001100001010110
010100000111100
011001010100101
111010110110100
010100111000111
010111001100001
000101000101010
101101000001011
101011000110100
010101101001100
100000111011011
011010100010010
001110110100111
011111111101110
100011110100000
001111101110011
000101101011010
011000100100010
011100001011101
001010101011011
000111100011111
011011111000011
001001110110100
111100011110101
001101110011010
100101001110000
101010000101011
010111000011101
101111011101110
011100000000111
010101000100110
000000001100000
010101001010110
010000100110010
000111000010101
111001110101000
000000010001001
100100111100100
100001000111111
010110100000011
100111000100001
101001101010001
001111100101001
111010100000000
111100110010111
100110100110110
000101011110101
110101000000000
101110000110000
010110100100101
111110110100110
100000111100110
001101010111100
100011110111011
100100111100100
101001000111010
001111101101100
001101111110111
110100010010101
110010001111001
001101100010010
000110001100101
100110010001101
001111101010111
101101100011010
000110110110101
010100110100101
001011100110101
001011010001110
011000101001110
111001100111001
110011011111010
101011100001101
001110011001100
101100001111001
001001001001011
101000011111100
111001101001001
110000011111011
101011100000010
001010001001001
101110001010111
101011101111111
100110010100010
010010100010101
011010000010010
110010100011111
001110100101010
001000010110100
101110001001011
001100000000000
110100100011000
110111001100111
100111101110010
001000010111010
000110110100010
010100011111110
001111010001000
011111000111010
101100001100111
100001001100111
010011101101100
110000000111101
110011100000001
011110110000110
101111000010100
001100101010011
001110101001000
000111110111010
111001110100110
110011001010101
011101000101010
101101100001101
011011101110111
001010000010001
110010001010010
010110100011000
101000100110010
010110011110100
010001010000000
001111100011011
010010110001101
001101100111110
110110111001001
001110101001010
111010001111001
001101011010111
010011011010101
001001010111100
100111101001110
011110100100011
111010011111111
001001000111010
111011011011111
110100101001111
000010000010000
100101111110101
010010110011100
011010010001011
111010111110010
001000110111110
011001001100010
011010110110110
111101100010101
100111011001111
001011010000100
000100010011101
111111000101001
011110111101111
000100000010100
101011001011101
001100110000001
011011000001110
001011001001111
000111111011101
110110101111110
100000001011000
001101000010001
110101101000111
000100001001111
111000011011010
110011111011001
110100110101110
010100100111001
000010000110001
000110000001101
111010001101111
001110011000010
000110001110101
110011001111010
111001000110000
101100110101010
111011100010100
001101101010001
011000000000011
011100011001101
111110010110100
010010011101110
010110101100101
011101101110111
010011001011101
011101010100001
111101010101101
001000101000110
001011111011100
100000100001100
010101001101100
101011110111101
110010110111011
000011101000100
000011101011100
110011000100011
010110011100000
100000101101011
100000111000010
011000100101000
000111110011111
101110110001101
000011100101000
100001001111110
001001100101000
001101110000001
011001101000000
111000110001100
010111010000101
000111001010101
101010001101100
110011111000111
010000001001010
001111001001001
101110010101000
000100101111000
101010111100001
100000010001111
011011010101000
000010101010100
110101000010110
011101110000101
110011011100101
011000001101000
010100101111110
000111011101101
010011000111011
111101100011011
110111111100001
011110011101010
111010000000011
010010000011100
000011010010000
111101101010111
110100010000010
110101010110101
101101001101110
111000100011011
111110011011010
110110111010110
010100010101011
101110101010111
000100000111111
100111010100101
111110111011010
001101110101010
011110000110001
001000111011010
010010111000000
001011110111111
000011010101000
111001111000100
001000101101100
101100001111100
010000011000111
001101011001111
110010011100001
011011011100101
011001010110011
111111111111111
010110000011111
000011110001111
101101011101001
011100010110101
001011010001111
001011111011001
110010011001101
011001010011000
010010101100001
101111100010010
010100100111000
010101010100101
110000101111101
010001010000010
010000110011000
001011101000001
011100110000100
010000100111101
001100011011110
101010100100010
111001100100011
100111110110001
111101000100010
101000110101101
000110101001001
010100001111000
110001010001011
100011000111101
001111101001110
110010010100010
011110111001011
001000001010100
110001101100101
100110000000001
100101110110101
110111000100000
011011100011100
111110111000101
110011110010011
001110110100111
011010110011100
010010110100110
011100000100101
010000101111001
010110000001011
010100100100101
001010110001101
000000101100011
101011100011010
100101011100110
110010111010111
110000011011000
010010110011110
111000000110001
101010011010110
000011101011010
101101101110000
100100011010110
001100111001011
111111111100001
101001101101110
010001001111011
101000000001100
110111011110010
010000010011100
111100010001010
101000010111100
111101110110000
111011010011010
101011001000000
100111001001110
010000011011111
001111000101000
111100110001011
001011100111100
100101010011001
110000000111000
000001011101111
000001001000110
001111010001011
010101011010001
111100000000100
010110110101011
100001000001001
000000010111110
011110010111101
011011111110110
100111111111110
110100000110000
110001000011011
110010011000110
010100111111101
111111110011001
101011000001100
110111000000011
101011010111111
010111101010000
100101101000100
110000110000111
011000001111110
100000110010110
001011010001100
110001000011111
010011000110001
101111010100111
100101001011011
111001000010111
101100101100110
010110010100110
101100011111110
101000010000011
100100010110110
011000001010110
101111111111011
111010010101111
100011101001111
101101100010111
111100110110000
001101000010010
100001101111111
011101111001000
011000011011011
000101011010010
011110110101110
000100100101100
110010101111011
000100000111011
011110111111001
100001100011100
110001100000001
011010101100010
001100100010011
100110101110010
000010011011111
001110001010000
001110000010101
010011110110101
010100110111010
101001110001001
010110000110100
111001000101010
010001001100010
101101011010000
001100100111111
000111011110100
101100110111100
101001001101011
000001101100000
110100111110100
000011011110001
000101110001010
001010000011000
100110010000000
100101011001111
010000011001011
001110000101111
101101001011001
111111001000100
010101000110101
101101001000101
011100010001110
111001011101011
000010110001110
111100011010000
101111101111000
101100101010010
110101100100110
011010001000100
011100111011101
001010100001111
001101001110101
000111101001010
001010111001011
110011110110011
110100001000100
011000101000000
110100010110101
111001100111010
000100011100011
001111010111011
100001000000000
100111101001011
110011010100010
010100001001001
110001110010100
010101010000011
110110100110101
110000101010100
111110110111100
001000001110110
100000011100100
011100110101111
000011101010100
110010001010100
101001101100001
010110100111111
101011001101101
010000101001100
110001001010001
001011010111110
101100000111000
011111001110111
001111011001110
010011101100100
001001110011011
111110101010110
110111001110100
111010101101100
010111001111110
110101010100011
011101110001101
100001100101001
101000110100000
010111111001000
100110100110001
101011010010001
000011000110010
101110010110111
001101111001011
000011010011010
000010111000101
100000000000111
010000110110110
001100010010111
110011000111110
011101110001001
000000011001110
111010001011010
100100010101010
101010100011010
000111100000010
010010100001000
011111111001100
001010011001111
001101111011110
100010000110000
010110001100001
010010110000111
100001101110101
010100010111110
001111010010110
111010000000101
011000010000000
001110001101110
110000100000110
000010010101010
011100111110001
011101011001011
001010000000110
100100111111001
110110001000000
100101110111001
001001010101000
010001100011000
001011111001101
010010111011000
001101101000110
111000110110101
110100100110000
010001110110010
111101001001000
010101100011011
011100101001110
111000001100010
100110010111011
010011011100000
011010001010001
110000101010110
101001011001101
111111111100011
100010000110011
110010100111010
111111101010111
100000010001110
000110101100001
101111001000011
001011110011100
011100111100011
000110101000101
111111100100011
100111110111100
111110111101100
101110100100100
001000010000010
001010100011111
001011100001000
100101011010001
110001011100010
111011011100111
111111111110110
110000100000110
010001011001011
000100110100001
101010111001101
110111111110010
110101000110110
001101101111010
100100000110000
100000111010010
000110000110010
011100000101101
011100000011101
001001110001101
000111100110010
111110111110110
100111001011101
000111000110000
000101100010110
111101010000100
011010010101100
000111000011011
011010101100011
011101010001100
110000000000110
010001111010001
000010111111111
010101101001001
100100111100010
001001101110000
101010011010100
000100000101000
100000101101101
101111000011010
000000011110100
011110100101000
000100110101011
110001111101010
111100110101100
011001101010100
001010010101000
001110100100001
001000000100000
000101111011101
001011110001100
001010101111110
101001000100100
101010011101111
010101110110100
011110010101011
000111101100101
100111111010100
011101011110110
110111001101100
111010111010000
101101111111101
010100111001001
011011011011111
011011111111000
101011010101000
110101001111011
001110111111010
101110110111011
111100001100111
111010100011010
011010110010011
010001000110101
111011000011010
010011011001110
110110100000110
100010100000001
011100010100010
000100110010101
101000111000110
111011001000111
110100111001000
111000101011000
101010111110110
110101101000010
101110000010001
101000011110010
100000110110100
111111010000000
011101000101010
011000010101111
101110000101101
011010000100001
110001100000001
110000101110000
101011101011010
010011001000111
100111110001010
011011011111101
001100000101010
110011101001010
010000100111101
011010111101001
011111000010101
110101110000000
110111000110110
100100010100001
111111100100101
110011011011100
011101001101011
000101000001001
001000001000000
111010000010111
111001010111000
110010011010101
000010111110110
001110101100100
100001101000101
010110100111011
111000010110111
001100101011010
010011011111111
000000010000011
010101000111011
010010111010010
010011010000000
100111001011101
001100000111011
001001011110010
000110111111100
010110001110000
000101101110110
001011011101100
001101010110011
110000000100010
010101110001101
001010111110101
101100100010100
011100010110011
011000010110101
011101111100100
001000001000000
110110011010000
010111101001011
101000100111101
101000100111011
111010011011110
000101011100101
001110100110010
101000010110111
110010101001101
000001111100000
100010000101001
111011111110111
110100111010011
111101000010110
001011111000100
110101000100000
001110011001000
000110101111101
101010111110010
010100111000001
001010010001001
011110111100000
001011000111110
000101010101100
111100110001100
110010000001010
110101000010110
101010101101111
010001010110100
101001110001010
000001111110011
010010111011100
011000111111001
001000000110000
111010101001101
111110011101101
010101111010101
110100000110111
011001100100111
100011010001110
001111001010010
000111001100110
100011001001100
011010000010111
011001001001010
010010100011000
110110110010010
111000100010110
101011100010010
011000011010010
100101000100111
110000100001000
000001100101110
011100110110001
111110110010001
011001000010101
100111010010011
000110010101111
110001101110011
011100111000110
010100101101010
001101000010000
010100000111110
011010110010100
101101010101011
000011011111000
011000100010101
101010001001100
100101110111001
001001111111010
000011010000100
101000101011101
000010101110001
000100000111111
111110111110000
100010010100011
001111010001000
010011011110010
000100101101010
000000100110000
100100101111111
111100111110011
100011001010000
010001011011101
100010011110011
101001010001111
000011000100001
101000100011100
110111101100010
110100100010110
110111011111010
000110101110100
011001100011010
110100000001000
001010001001011
100100010111011
000000100010111
111101101111010
001000100111000
110011100100111
010000011101011
100101110111101
011101111100001
100001000100010
100101111100001
111110111010110
011100000100000
000100110010110
100111101010111
111000000010100
111110111011111
001001110111110
100001110101000
101101101001010
111111101101101
000110111101100
010011011101010
001100110000100
111111111000011
110110010011100
000001001111001
100110101100111
000000111011101
010011100011101
111110110000000
011011101011111
000101011100001
000110110000110
011110011100001
101110111110111
100001010110011
111000111001101
111111010110110
101101011011110
010001111000100
000011111111101
001100010110000
011111000111100
111101010010000
000011101011001
010001111110110
010010000101011
100110110110000
010110010110011
110110000111110
001010111101101
101001101100001
101110100001011
000010011101000
010110000100111
001110111000111
110011100011000
100000111100111
011000000101011
010000000011100
111100010001100
001001010111110
010110101000001
101111011101111
001011100011001
000100011010100
000100010001100
100001101011111
001100100111010
000110111110111
101111100001001
100000000001110
010101100100100
101110010011001
101011001111100
101011101011111
000101101111010
011111000011001
000100011111110
000111111111111
100111001110110
000111000000100
010001011011001
011100110101001
100111000000001
110110111000100
011011010111010
010101100101011
111100011010101
100101101000100
001101100000010
010110101100110
010110101010001
001101111100010
110111101110000
110011100010110
010011000001100
001000111010100
111010000111010
010000010010111
110110101101101
000110101000001
111010111010100
101010000001001
100110110101110
110100111101011
110001001110011
110010010110101
011101010111011
110011111110000
011101010010000
011111000001111
100111111000011
100000001110111
100101010000111
000011101001110
010110100011000
011000110100110
100110111101100
110000110001000
000110010111110
101100110010000
010011001101111
101011011100110
010000000010100
110011111001001
100111000011100
111110101001110
100001111010010
110011010100000
111111000001111
100011101000111
011011010100110
101010100100101
110100101110001
111110000011000
110000000011001
111100100100000
100100000010111
111111110000010
100111001011100
100000011010110
111101010010100
110011100110000
011011110101010
101011001100011
111111011111001
011001000010111
110000001100111
111001001000011
101010011000110
010110000110110
101111010010110
010010000010111
101001100001100
100010101100100
101101001101001
001110100001111
001010100110011
010001001100010
011110011110000
000000010101101
101111100110110
100011010011111
111011100110101
000001100100011
001111111001011
010000100011101
000110001011001
000110110100011
011110111100101
110000001011110
010011110101101
001100011001011
111010010011001
100100100101001
001001111100011
110110100000101
101010100110100
010000111000100
101010100100001
111010100010111
000001001100100
011110011010011
111110010010101
111101010001100
111110001001110
100100100110100
101011110010111
111101100110001
010110011111101
110111100010101
001000001100000
001001011101000
101111011011001
000110110001100
101100111110100
000101001110010
011000100111010
111101011101011
101101000100111
110000101111110
100100101001111
110001100111000
001001110111001
001110010001001
100101000011101
001011111110011
011111000010001
010011100001001
110101011110001
011100111011011
100010000011000
010000111100110
000100100110001
010010101110110
011000101010001
010101011000000
101000001000000
001111110000000
010001001110110
101001110111011
011111111011001
011100101000100
110000011010010
101111101001010
101000001101010
011101011011000
111001000100111
000101111110101
001010100010100
010111000011010
000011001101100
011010010110111
101100000110110
111001101000011
111000101111011
010101101100111
011001110011111
001110011000001
110010000001110
011010000000001
101010001001110
111001111101100
011011000111000
101101100000000
110101101110000
000100110000010
010101000111101
111100001110101
101010001010001
000111101111001
101111001001001
010011100000111
110010110010110
110100011110110
101010100111101
000001011011000
111010100001110
001100111111111
001011000111010
011100101011111
000111001101001
111010000001000
000011111100001
000010111000111
011110101010011
011010011111001
110101000011111
111100001100010
010110100011101
000100001111100
000100010101000
101001101010010
000111111000110
001100010110100
100010001010000
011101010110110
011001111010010
010001100110001
101000000101011
101111111101010
000010101011011
010011111100011
000011010001001
010000011010010
011011011111110
110011111111001
011011110001000
010110110010010
110011000110101
010001100001100
000000000011011
000001011111111
110111011111111
001110110100010
001001101001111
110001000010110
011000110010011
111111111110100
010001101100100
100100001011110
100101111111010
000101111001110
000111001000110
101011111010001
101010101110100
000000101101101
111100101001101
011011110110000
101101100001111
111001100011001
001100110011111
110010101010110
111100000010010
011010011101010
101101111010101
110011100111010
111001110011011
010100011100001
011101001001100
101010011000110
000001101110000
010010001011110
110010101101001
010001011011010
110000011110100
100000100010100
100111010100100
010011010111010
111000000111010
100111011000010
110010001011000
111011100001001
111101010100101
100001110001100
010000100111000
111011110000100
100000011000001
011010100000011
000100000110001
000110001000100
001011000111110
110010010110011
000011000101111
100110111000100
101010110010011
011100010000110
111100010011101
110101011110000
010010111101011
100001101000001
111011011101011
010101011001100
101111001000000
100010110111010
000001100000000
000001001111011
111011110001010
101011110000110
101000100100100
101010100011000
000010100111010
011001101011011
010001110001110
110111010101110
011000000101101
100010000110011
011100110110000
001010001100100
110001001010111
010011001101010
101101111001100
000011000011111
011000011001111
110000111101100
101110011001010
101110101111110
110001110011111
101100010011110
000101110010010
111100100110010
110110100011100
110010111111011
001100100010000
101001110110001
001101010001001
100011101001110
101110000001111
001001111000111
110000001101111
111101011111000
000010000001001
101000101111110
111111011000100
010111001001111
111111100011110
111010100001101
000001000110011
011001000011101
011101000100101
010111001011101
100001111011101
001101110010111
011101100000110
001100010111001
101111111010000
010001000110011
100010101100111
101111101111001
000111110111010
011101100110010
010010110111001
000011110101010
011000010101010
100110011001001
100100100011011
101110110111011
010100010011110
001000010011100
000101110000000
100011011100110
111100001000000
100010011111101
011100111101010
100010000011011
111110001111100
101001000001101
110100101001101
000101101010010
010000100111010
100111011101101
111010111001100
000110011101011
010100111110111
001010111010101
110110000011100
110010000111010
100011101010110
100010110010100
101001010010000
101000011001110
110111011011001
100100011001111
100001101101000
111011100101100
011110011001011
101011011010011
110011011010001
110000100111000
011110110100010
100100001110001
011101000010101
110010010011000
010010011101011
010001010110010
010011000010001
101111000111101
001001011011111
010001011100010
011110011111000
001111101000111
000011000111110
101010011111010
011011111111000
011001011011011
101011100001100
111000000010000
010111111100111
100111111001111
010111000000001
010111001000001
111101000010010
011111111101111
101111000111101
101010110000010
001011111100001
011011000110111
011001000110011
111000001010001
011010110110010
010011010000100
101110000111000
010111111111111
001110111101010
001110011010100
010001100010110
111110000101001
101001101100011
101000100010001
110001101100101
011000010001100
001000000111100
000011011000010
010110100010010
000010011110011
011110111011001
010010010111110
000000011110100
000001010011110
011111011001100
011110100010001
111110001101000
101110011010100
100101110000011
001000000000111
010000101010000
110010001101100
111010000100111
101010100010000
011010010101100
100010110000100
101100100001001
110010001000101
010010110001100
010011011110001
010001111011101
011101110100100
100010001101011
101000100000000
110110100100110
111011111001101
001010101010001
011010011110100
100111110001101
001110000000011
000110101111010
001110011100110
111001011011000
101000110110011
001001001100000
011101001111110
001000000100101
100100000001100
111011000111110
010001101011100
011011111100101
011101100010001
111001111011000
Time = 78.842s
