n = 13, k = 2, l = 5, m = 57
Expect Resample Times = 0.609085
Result:
1001011000100
0100100010110
1010100000011
1000100111101
1001000110010
1111001111110
0001011011000
1001010001100
0011111111110
1000111101101
0011111010000
1011101110010
1100000111010
0111101010111
1011000111010
0001011111101
0001001111011
0011000010110
1101111111001
0100011000011
1111101110001
1010101010111
1010010011001
0100001101001
0011110101101
0001101001110
0110001100011
0100010011011
0101101011100
1011000001100
0100011100101
0010110001010
1011010111111
0000101110001
0101110011101
0100111001110
1011000010111
0110111110101
1011101001100
1110111011010
1110011110011
0110010000011
1110010001110
1111001010111
0011101100110
0001011101000
1001111100010
0010011001010
1100100110001
0100101010101
1010101110010
1011011100000
1111000000100
1100101001000
1101110001101
0001100111110
0110011010011
Time = 0.009s
