n = 6, k = 3, l = 1, m = 78
Expect Resample Times = 0.361957
Result:
101010
100110
011101
000111
101101
111101
100100
001010
101100
110111
010000
010011
110001
001101
111101
010111
111000
100010
001000
010110
010100
000011
100001
011001
000101
001111
110001
101010
001011
011010
000100
011111
011101
001000
100111
100010
000010
011010
011100
011000
100000
011100
111111
000111
111111
000110
100111
101101
001111
001001
001001
001010
100101
010100
110010
001100
101101
011000
110000
101111
011111
011010
111011
111101
101001
100101
110101
110001
101011
011001
100001
110100
011110
110011
110001
001000
000100
001010
Time = 0.001s
