n = 11, k = 5, l = 4, m = 1009
Expect Resample Times = 0.367216
Result:
11110010000
11101001001
11111111111
10011100110
10001010011
11100101100
00100111010
00001011011
00111010001
00010100101
01101001101
11111101110
11101011000
11100110110
01100001010
01011101011
11111011111
01110000011
01101001011
01110001010
00111101001
01100010001
01101110111
01100000110
00011011000
01001101010
10001011100
00111010111
01111010100
11100101110
00010110001
00111010001
11010011100
11110100101
10000101110
00101010001
11101011101
10011111001
01011001110
00111011111
10100111110
10110101011
11100010001
10100110100
11110011000
11111101001
11101101000
01010101110
10111101011
11111001000
11100010110
10010010101
10011101111
10111001100
10001011111
11011100010
01001110111
10111111010
11111101111
10001000111
01100111100
10100111111
11111010111
10001010001
10111010011
00111110011
00110111011
11011000010
01111001010
00101010110
11001111111
01001111110
00100111010
01000111010
10001111100
10010100011
01011110101
11110110010
00110111100
10100100110
01001001111
01100011111
10101110111
11100010010
11010000100
01011101001
00110101101
01001101110
11101010111
00110100010
01011100101
11010101101
11001000110
01010111001
00100100110
00000101111
10100000111
01110100111
01101101000
00011111000
00000111110
10011000101
10110000110
10110100110
01001011110
01100001110
00000111101
00100111100
11100100010
11110000110
10011000001
11000011101
10100100010
01101001010
11100011010
11110001111
01010110101
10111011111
01100110000
11010101111
11000001101
11001011010
11100000100
11001000100
01010001101
00110110001
01101110011
01111111000
01100101100
00011101101
01111010010
10111110011
00100111010
00111111001
11011010000
01111011101
11110000101
11101100111
01011110011
00001101010
01110010111
10101111011
10010100110
11010101110
01110011100
11010101110
00110111010
11010011110
10111011100
01010001001
11110010111
00011111111
10111101110
00100110010
10111000001
10111111010
10010011001
01010010001
10110101111
11001000101
00111010101
10010101000
11100011011
10110111111
01111111111
10101110000
01010100010
00011011000
11110011011
00101101110
01110000110
00101000110
10010001111
10111010101
01100111001
11011001000
01011101011
00011101010
11001000100
01011111011
11101110111
01101100000
00100110001
00011010101
11110011000
00110111011
11111111100
01010111011
01011111111
11000010101
11010100100
11100001111
01111001111
00010111001
00100110011
11001011100
00111010001
01100110100
11100010001
01010011001
11010110011
00101110101
01001110010
11101110101
01010001100
11110000000
11011000001
10001110100
00001111001
01011111111
11001111111
01001011100
00010010110
01111110010
10011001111
01001001011
01010110111
01101000100
10011101000
11010100011
11000110100
00000111101
01100011010
10100110100
10111101101
00010111010
10001100110
00011011010
01110010101
00001101001
11100000011
11100001000
00110110100
01101111001
10011110101
11111000111
00100101100
01111000111
10011100101
00111011010
10110100100
00100101100
11011100011
10111111111
01010110011
10001111111
10110101100
00101110011
11000010011
00111100001
00011001100
01100001001
01101100101
00011010001
00100100111
01111100010
11011001101
11110001110
01110110001
11111011110
10101001010
10001011110
01011011111
10100010011
10000101100
11101101000
00110001010
11010110101
10011011000
01101100110
00100011101
11100100001
10111110001
00110110000
00110101101
10111000011
10001011100
01110000100
00110001101
01011001010
10000111110
00111100010
01100101011
00111011111
00001010101
10000011011
11000111110
01101100110
11110010000
11100000011
01011010111
01000111111
01100100110
01111010111
10101111100
10100011111
11000010011
00000101011
00001100101
10011111100
10111000000
10010101110
00011011111
00111001000
10110100110
11101011010
01111111111
11010011100
10000011011
01011100010
11000100011
11010110001
01000011100
00111100110
00011110000
11010010110
01100111100
11111011101
11000111000
01011100101
11101011111
11111000001
10101111111
01100111000
10000010110
11011100010
11001001001
11001101001
10101011001
01100111101
11101011001
01101011011
01010000110
11000010010
11111000100
00100011111
00010101101
01001110001
00101101111
11011011011
11000110000
00011000110
00111010101
10001011011
10100011010
00100101101
01110111101
11111000010
01100000111
01000011101
00011000101
10101111000
01110001110
00100010101
01001011011
00110100110
11111111001
10001011001
01011001111
11001010000
10101000100
10111100100
10111000010
10001011010
10101001001
11111111011
10100001011
11010110100
10000000111
11101110111
11011110101
10111111010
11101110100
11001111001
01101001101
01101100100
11000010110
10011101001
10011000100
10100110100
00111101110
01101011110
00101001110
11010100001
00000101110
11001110010
10000001111
00011111001
10100111101
01101110010
01011111111
11010101001
00111010000
00111111100
10000001011
00100011011
01110111010
11110111001
00001110010
00100011011
10101010110
00100000111
11001111101
00010111101
11001000001
10110101010
00110100111
01011010110
00010111111
11100101010
01010110000
00001100011
10010100011
00101110101
00011100100
11001101100
01010100101
01110001110
11010101011
11110100100
00100101001
11001101011
01101000100
11011100111
11101111111
11001010011
00100100101
00100101101
10001100100
10011010110
00110100001
10110111000
10110100101
11000000111
10101011110
11011100001
11010101001
11100100001
10010110010
11110010001
11110011000
10010110000
10101110110
11111011111
00101001011
01111101000
01001011101
10111111010
10010101000
10101100111
01001110110
11011010100
10011100100
01001101101
11111100010
00011110101
10100111000
00101011010
01001100100
11101110111
00101010001
10101010110
10101000010
00001011110
00111101011
00001111100
10011110001
11011101010
11011110000
11110101011
00101100111
11110001111
00111100110
10111100100
00101011001
11101010101
10010001011
10110101000
00110100010
01101010111
00001101110
11101010010
01111100101
10100101110
00111011010
01100010101
00110110110
01110110001
01101101101
00011011010
00110100010
10100101000
01001100111
10010101011
11101000001
11010111111
01010100011
11010100000
00111011101
11110110110
10011011110
11111010101
11011101111
00001110111
11001101010
00010110111
01001010010
01000111111
11110111000
11110100101
11011011001
01101101100
00111010101
11110011011
10001010011
11011000101
11010010011
11111111101
01001100110
11001010111
01111101001
01101010101
10111100101
00010101110
10001001010
11001100011
00001100111
10001001110
01101000110
10100100011
00111010000
11000000110
11010100110
10011011001
11001011110
11100111100
01011011011
00111100100
10000110010
01101110011
11000111000
01100110111
11100101100
10000110100
10110111101
01111111010
10101001000
11111000000
01110111001
00001111011
10101110001
00011111011
11101010110
01101100011
01111010000
11000100001
00010010111
01011110111
11011011110
01011010011
11110100101
11010110101
01000111010
11101001001
01011010111
00001010101
01010010011
10010110010
10001000111
01111100111
10000111110
10011001000
10000110110
10011101100
10110010000
01001100010
11111000000
01101100101
01110011000
01111101011
00011110001
10111111011
01010010011
11101000111
00111100001
11110001000
10011001100
10111010010
10101000101
01100010101
00011010100
01110000111
00011101000
11011001010
01010011000
00100101011
11100011010
10111010011
01011111011
01001001010
01001000111
11101001110
10101101101
01000110100
10111001101
11010100010
10001001111
10101000001
11101111110
00111101110
00111001000
10001010110
10101110111
00110111000
11011111101
10100000110
10000001110
00100110110
10001111011
11011000011
00111000011
11111010101
01111100011
10000110001
01000100011
11100010000
11011011110
11100001001
00110010111
01100010100
11110111110
01101011100
00111111011
00110000101
00111100100
10111111100
11111100101
00100111100
11000010101
10110100111
10001110111
11101100011
11110001101
01111111100
00111001011
01100001101
01111011110
01010010011
11001101001
10010000110
00010001011
00111010011
10101101000
10110101110
10010010001
11111000001
11010011100
01100101011
00011101001
01111111100
11110010101
11000011111
01100111010
11110110111
11011011000
00010011111
00001001110
00101000111
11101000101
01011110001
10110110011
00110010011
11101011110
11101000101
10011100101
00111110010
11010011100
00011110001
10110011100
10101001000
11100010100
11000101011
10110111000
01011011010
01111110010
01011110001
00100111011
01001100111
10110110101
00011100001
11100011101
00101110011
11110100011
10101100011
10101101000
01001110100
00100111100
11111011110
11010110101
10010011010
00001111111
11111011000
10001100001
01111000000
10011111010
00100110111
01001011010
11000110011
11010110101
11001110101
01011101111
00111000101
00000110011
00111101101
10000100101
01100111100
11110011101
01010111001
00100010101
10001000111
10011110110
11001011011
10111001111
11101010111
10001010110
10100001001
11010100010
01011001000
10001100011
10011010001
01011110111
01110000101
00100110001
11101111111
10010010100
01010010100
11101001011
11111000101
10001110100
00011110010
01100001101
00100011011
00000111100
00101001110
10001011001
10011000011
00101111011
10101011101
10000100111
11101001101
11111100011
10101000011
11110110111
10101101010
11010011110
01101101011
11100010011
01111000001
00110100101
10100010110
11010011001
10101100101
01111111010
00110111110
01011001100
10001110010
00001000111
10101101011
00101010110
11001111101
01100011011
11111111110
00100011010
00001110100
10100011101
00100110010
11100101111
11010100111
11110001100
00111010000
11101010111
01111001100
01111110011
00111111011
11110111111
01111101111
01001101100
11000110100
00011111111
11100111101
10110100100
00111110101
01010001100
01111010000
01010001101
01111111110
11111000011
10101111000
11101100011
10111011111
01101010001
01111100000
10010000011
10100001011
01110000100
01110001111
01011100110
01110100001
10001100011
10000110010
10011010000
01111111111
11110101111
10111001001
10010101110
10101010110
10101111010
01111000010
00011101110
10101010010
10000110100
11110101100
00111111101
00111111100
00111011100
11101001011
00111100000
10101001000
01001011101
01101010001
10110101100
10101100111
01010101011
00111000110
11111100111
01111000001
10001010010
10111000010
01111011001
01011101100
01111000100
01000100101
11000101101
10000100110
10001101000
00101111011
11010101010
11101101001
01010101101
11100011100
10110100010
10011011111
00110010111
11000111111
00101001011
00010100011
01101010101
10000011110
10110110010
10001011000
10010010101
01100110111
10110100010
11010110011
00010101011
11001101111
10000110110
01010011000
01100111000
01011100000
11111000011
10101001110
11110000000
01100100001
00100000111
11111111101
00000101011
01100110011
10101101101
01101110111
00011110100
01101001010
10110010110
00111000111
01001101000
11101010011
00111101001
11111000111
10101001111
10001000011
00011000101
11010101110
10011111010
11000101001
01101111110
01010000011
00010011110
10011100101
00011111111
10111011110
11001010000
01011110100
01101100010
11100110100
11110000101
01011100011
10001001100
00010101001
01000001110
10101010011
01110101111
01101010111
00011100111
00111000011
00111001111
10000101011
01010001010
10001101111
10000101001
01111111111
11111000010
01111101001
10011111011
01110011111
01010100001
00111001111
01110001000
01011100010
11001000010
11110100111
11000111111
10111110000
01000101100
10010000101
11000101101
01001101010
10111101111
01001011101
10111100111
01100110001
11011010110
11110000010
10010111110
01011101010
01111100101
10101111010
11111101111
00101110000
11011000010
00011110000
00101110110
00110010010
01001001001
11111010001
01000001111
10110101001
00110111000
01011110101
10000011010
11010111000
11100101111
01000010011
11111100001
01101111110
11101100101
01110001010
10101101110
10010110111
01100111010
11110011111
10010101111
00111011100
00111110000
00111010110
11001011101
10111110010
01001100100
01110101111
10010100010
00110011101
00001101010
11000001001
01011101010
11001011000
01101001111
10001101011
01111100010
11011010011
01111100011
11101000100
11100110001
01000010101
11110100010
10001010011
11111000101
00001100111
00010100111
11011110110
00001011110
01001001100
10011000011
11001111011
10100111101
10101111011
10110101000
01100110011
01011110011
01011110110
00111000010
Time = 0.037s
