n = 17, k = 5, l = 4, m = 795
Expect Resample Times = 0.379057
Result:
11110101000100010
01110101011010101
00101010001000110
00101001110000101
10000001110110001
00100010111011011
10111000001111000
01111101110011001
10110111111011101
10010111001010011
00110000100100101
10111101011011000
11011111110001010
01000000010010100
11111111101110011
10010000000111011
00001101100010011
10010001001110011
00110000000111001
11001001101111110
01101011000111010
10000010000100101
00101010010010111
10111001001100110
11100100110010011
10000101010110101
10110101100100011
10100001000010100
11101110001010010
11110100110011000
10110111011111101
11110111110110110
00100101100010100
00100100011001011
11101101111000011
11110000011001001
00110111100000111
11100110101100011
11010010100100110
00111111111010101
01100110011100111
10101010010000011
11100111110000111
10011110001110011
00001010110011011
11001110010000111
11011111000001110
10111100101111010
11000110111111111
00010101101101000
01011111111101000
01011010010110000
11001101001100000
10011001010011101
01010001001101110
10111110000111011
01010100101110000
10001110111101010
10011011100011101
01100000100101000
01101110000001001
01100100000100010
10111101011100101
01100101110111110
10111010110101101
01100010011000001
01000011000001010
10001000011110001
00000110001100101
00101100111000111
00100111000001011
10110001010110101
11100111000000100
00011100010100111
00011011111000111
01000110101000000
10000100010110000
01110101101111011
00000111111011001
10110111100101111
01010101110100111
00110100001111101
00011010000111100
11100011111010110
11111111011000111
11000101110011100
10110001101001111
01010101001010111
00101110011011100
11010111111011000
10011111001111001
01001000111111011
10110100010100111
10110100000111001
11001010000100111
00001111001000111
00100000100100111
11100101001010010
10111100011000001
01100000111011001
01111010001011100
11011010110001100
11101111111001011
10101100011100100
11111110111010111
10011011100111100
10001101011100010
00110110011111100
10101100011000100
01011010001010110
10110010101010010
10101011011011100
10110001010111110
00010001011101010
00111000010110010
10011101100111110
10010101001011000
11011001011000111
10011111000111011
00011100001110110
11110000011110011
11111011100000110
00001010010111111
01010110101001001
00000100101100000
00100100111011011
10000000100001100
01010001100001100
10101000101001100
01101011011110110
01011011010000111
00110110011010011
01000011100010110
00100101011010010
10011101111001001
10000001001010100
10011000011100110
01010110000111101
10000111000001100
11000010001001110
00100010111001101
11011011000101001
10010101011100100
11111111111111100
11100001111100110
00111000101110001
11100101010111111
00000001010011111
11011111011001010
11100100111111001
11001001010110001
01110010101100000
11110110001111110
10000000110011011
00101100010101010
10000001011001110
01111000100011100
01001110101100010
00010111000011001
00001110110001001
01010001110110010
01111101010010111
10001001011111100
11110110001011101
10110000100101100
10011001010001110
00111101000100011
00011011100111011
00001010110100010
10001000000111111
00110010100100100
10111001000101011
10011110000010100
10110101110000110
00001011001011101
00101100100110100
01111010110010011
01011100010101010
10110000111110010
00100100011011110
00011000000001101
00010010101111100
01111100111100000
11000100001001110
00011001001100111
01010110001000111
00010101111010101
11101101111110100
01110110101011010
01111100000110001
00010000110111101
01010101101100111
01001011110010001
01101000111010001
01000101110100110
01011110110001001
01111100011011001
10011110011111100
11000110100000100
00010010000001100
10111100100000111
00110110001101101
00000100001101011
11001001111111110
10000101011110011
10011100111011000
00111110011010001
10001010000111010
10110011010100101
00110011101001010
10111011110000001
00000101010010011
00011101101010011
00010001001101101
11001010111010110
00100010111011000
11100100110100010
10111011010100001
00011110001110000
01110010011011010
00010001001100100
10110101111000101
01100011011001001
00000000001011010
00001010110111010
01001110111100111
01001101111101011
10100000010111101
00101001000011111
11111011100101011
11111011011010011
11101101110000100
11100010011101010
11111011111000100
11010111111110001
11110011011000101
10000110010001000
01000101101111001
10000100101111001
01001010001111010
01011000001110110
11110101111010001
00100000001010100
01100011000010011
01110100111011111
11100101100011011
11011101111110110
10110000110000100
00100011000111110
11110000001100110
10110011001000110
00100100111110010
10000001111101100
10010000110000001
00110110011101000
00011011110100010
00000011001101001
10000000101110011
10001100001110100
01110110101100100
00010100101011000
10111011000110110
11011110001101111
10101000101101111
01001000011100110
10000110010001011
10111000001010011
11010100100010101
11001010100101000
01110101000000111
11010010110011001
00101001010100110
10010010000011000
01110101001100101
11000011011001101
11101100001101110
00011110110010100
01000111010110010
10011000010011011
01000011111100010
01010000010100110
11010010000010001
00000010001101110
00111000101100110
11010011000101100
00000100110010000
11100011001000111
10011001000001101
01010000101001111
01101000011000001
01000100101001101
01100101000011110
11101100111011001
10001110010000000
01100010100100110
00101111111101000
00100010101100001
00001100101111110
00100001111111001
11011101010011001
01000011011100010
10101011111111000
11111000000100011
01101010010110000
00010101010000000
00101011010001010
11111000000110100
10011010100100001
00010101100010011
01100100101000010
00000100010010101
11100110000011110
01111100101001000
11010110110010100
10011000100100000
11011111101100001
01000010010101111
10101011001111110
01001000100101010
11001010010110011
10001110011111001
01011001000000000
11000000000101010
00011000011111101
11000000000111111
10001000010000110
00000010000100111
10011111111011110
01100110000110110
10110111010101000
01000100110110100
01001101001010000
00100000110101001
00101101101111111
11010001000111111
01101001101111100
00000011100100011
00100100001110011
01110001110111110
00100101111111011
11010000110101000
11011011010011000
00000011010010010
00000001101011110
00010000110111100
00100010101111010
01101110001000111
01000000010001001
10110001011100110
11111100101011001
10010100001111001
10011100010110111
11001001000101110
11010100110001010
00100001011001011
01110001001010101
01001101111000100
11001001001100001
10111100010010010
01011011001011101
11100111110111100
11011010000100111
01111010011000000
10011100101100001
01000110111011001
01110001110101001
00001001110111001
01001100001010110
11010010101101010
01101000000001010
10011001011111001
10111111110001100
01100000001011001
11000111111000001
11000010110000011
10011100010101001
01110000101101110
00111000011001110
00000001111100101
10010000111010110
11000000100010110
10100111101101101
11010000001111010
00101110111100100
00100011000010101
10101110010001001
11101100110000101
01010001100001001
00010101010000000
10100111101011100
11101110000100110
00001000011010000
00111111001010111
11010111000110011
01000100011110001
00001100010111001
10001001111101001
00001010001111110
11001110001111010
01000110101100101
00100100001111010
11110000101001101
11001110110001000
11010000101001100
00110000100010101
11010010100011110
01010001011100100
11111110101010101
10011100001011111
10101100101110000
01110011000110111
00100110000100010
10000111011001011
11010111011011010
10111010001100000
00000011111111010
10111000001011001
01011110010111001
00001000101111100
11010111000110011
00100000010111111
11010100000111110
11101010011111010
01101000100110011
11110100101001110
01110011011111110
10001100111000101
01111011111000100
10110010100110111
10111001011101010
11110100111011000
10000010110111100
00101110101000011
00000011001001101
11101111001101110
00000000100011101
11100111011001100
01010101000100010
10001001110101110
00100110000011101
11000110101101111
01110100000010011
10101001010100010
01100001001110110
11000000011110000
10101000011011110
00100011001110001
01101001111010000
11011010110100111
00001001000010111
10011010001000110
00000111111000111
01110111110011101
01100101100010110
01011000001110111
11011000101001110
10111101011001110
01011101110000100
01011011001110101
11110011110010000
01110100001000111
00000111010111101
01000011000100011
10100000101100100
01000101110010010
00010010101011000
11110000110100000
01000001100111011
00101111111111111
11101111011000010
10010111101111011
11100001011100101
11101111001001010
11000100101100111
10010101110111101
00011100010010110
01010111111001011
11111000110010110
00111101110000111
11111000111100100
00011000001001001
10111111011101000
00111100011010111
11111100101101110
11011101111111110
01101111011100011
01010111110000011
11100011000010000
01011001011010110
01011110100010110
00011010111011100
00000110011101010
11001111000100101
01000000010101010
00111010111101111
10010000010100010
10100111101101100
01000011101001000
00001110101011010
00101111111011111
10111100100001100
00111010010110110
01101111010101001
01011110001001011
11100011101100011
01000000111111011
10100111110001101
00001011001011100
00000110100010110
11100001100010011
00111011011010010
01101011101011101
00011011110011111
11100011000101101
11000111011011101
11101100110101101
01111001010001100
01001000110011100
11100110100000011
11001111001111001
01101110010110001
10011110001101000
00100101110001100
10010011001100000
01010111111110011
00111111111001111
11111010100010101
00100101111001101
10010111000010001
01001011010100010
11001101101101010
10100111011001110
00011111010111000
00100011001000000
01110010111000001
11011101000011111
11000110100010011
11001000110100100
00001010110011101
01011110101011101
00001101001110101
01110101100010110
01010100011111110
11010111101111001
00100011001100101
11001010001010000
10001101111100011
01111100010010010
10101011000000100
01010110110001110
01011000001010100
01000010011001110
01011000110101101
11101111110111101
10100000110100110
10111101011100100
00011110000110111
00011010010111100
10111011101111010
00010011010001011
01000001001001110
11110010111011001
00001111000001101
11100100001001111
01011001000110001
11011101111110111
01100001110011101
10101110001000011
00101100010000101
01011110010001101
10100000110011010
00110111011011100
11101100100100010
10111111101100111
01011011001110110
01010010100010111
00101001000100100
00001100101111100
00001110111101100
01110100000001111
10010100001100110
10010101110001001
11001010110000101
00110011010010000
01100011001001100
11110111011011011
10101011011100010
10110111111001010
00000100000110001
00100000011011110
01100010110011001
01110110000001101
11111000111000101
11011011011001001
01000101100101101
00111110111101011
11111000000111001
11001011011000101
01010101110110110
00111111111010000
10011110001001111
00110101011001111
10110010100000000
10000110010111101
10010100110101000
01011000101000010
01100000100011000
10101111101100001
10110010011111111
00000011001110011
00011111101111011
10111000010101000
11101010000001111
00001101101001000
11111100101101101
11100001100111101
10111000001010100
01111101000010101
00010101000001001
01100011100000000
01101100111110011
10001000000110110
00101110000101101
00011000000111011
00110000100101100
10100101001100000
00110111011011001
10111110010001010
11010011101100000
11111110101011101
00111001000100110
11010000010101110
01101100100101011
00101100010000010
01111111101111111
01101110010100100
01010001110111010
00111110001101010
10010111111110111
01001010000010000
00110000001100101
10000010011101011
01011100110000011
00011110111011111
01100100100101000
10111000100110001
11101111001000101
11011000011101011
11101010101011001
11010000101010111
00110100101110010
01010001100011111
01110110101111010
00111010000000000
01100111000000011
11101101101101000
10110011100001110
10001000110100100
10010101101011110
00100100110011111
00110011101101110
00101010001011110
01110011001111111
00100110111011110
10000011111001010
10001010001001111
10000111101001111
01011000111101001
01110101010111001
00000111011101011
10011001110110011
01011100111001111
11001001010100110
11111001100101011
01110111101110010
11010101111010011
11011011101010000
00110000111110000
00000101010011010
10110101110111011
00000011100001000
10110110101001001
10100010101110101
11101111000110100
10100100111001010
01101110011001100
00111011100111110
10100010111100101
01010110110010110
00110110100111011
11110111000101011
11010100100011001
10010111001010010
01001110100001001
01111110010010101
10001011111001011
10011110111000010
01100110010010110
11101100101001101
11001110000001001
10110010000101101
11011010101010011
11100100011110000
00011010100110100
10010111100111000
11011111001111110
00111100011110011
00011001101110100
00101011011100011
00111000101101100
10101101010100110
10101000110010011
01110000001010000
00000101000110110
11011101000100101
11011101110101010
01101101100000011
01100101011110011
01101110011111001
10110011011111111
00000111011111001
11011110101010001
11101001101000100
10101001000001000
10110011111110001
11000010111011111
00011101011000010
11100001100011100
11100000111010110
11101001100011001
11101001110000111
01011010010000011
00001011011101110
00111001010111011
01001100011001000
01011100001011011
00000000111011001
00010101110100010
10110000100101111
00101000010000100
10000101100110101
00111010011101111
10100010110101110
11010110001101011
11000111101100111
11011111011110110
01101100010111101
10100100001101101
01111000010010011
00011100000011011
11001101101010101
10100000110101011
01001100100010101
11111011010000100
11100000001111001
01111110001110100
00110111011100001
01110100101000000
11110011001101101
00111010110100001
11000011101001010
11010101001110110
00010000000111110
00011011100101010
10111011100101000
01000000111111111
10110111110000101
10010001010010010
10010001010101111
00110110100101001
01010011111010110
10000101101000100
11010011110111010
10001000000010111
00011000101101011
10101010100000000
10001011110101010
01111000000111101
11111001110000001
11001111110101110
00100100110101110
00110101001000010
10010000011000000
11110111000110001
11111101100000010
10100111110000101
10000101101111000
10100010010111100
00110111111110000
11111000000001101
01101111011011101
10010101000001010
01100101010011110
00001001011001110
01000100010110011
Time = 0.727s
