n = 16, k = 5, l = 7, m = 1537
Expect Resample Times = 0.37535
Result:
1110111101101010
0001111100010011
1010001110101000
0010111101001011
1111000101001010
1001001010110010
0111111101100110
0111101000111111
1001011101100100
0100010110110010
1010110011011101
0111010001001011
0010001011111000
1111000111110111
0100101111011101
1110101110111101
1001110010101101
0010101101101000
1111010100010000
0001111011010011
0110011010011110
0011110101001001
1010101101010101
1000011110000011
0011110110011010
0111101010011101
0101011001001101
1010111101011000
1000101110111010
1000001111100101
0111110110001000
1010001011111000
1101010000111100
0000101000111110
0011011101011001
0110111001010111
1011101111100000
0101111000000110
0101100111101001
0101001000100111
0001110011100001
0011110111110110
1110110100011100
1011111001010100
0000000110111110
0111110011110001
0001011011100110
1010110100101100
0111111001001000
1001001100101111
0011111100010011
0001101010011111
0110000100001111
0111100001010110
0100011011001101
1000001111010110
0111000001010111
0111101011111101
1100011001100111
0110101011110101
0111011111111111
1001011110011001
1111011000111101
1010101110110101
1110100001011011
0110011110111001
1101010000110111
1101000101010100
1010010001111001
0011011001111000
1100100010101111
1101011010011010
0101001110100011
0010010100101101
1101000100100111
0011011001111101
0010110100010110
0101101001001010
1011100101010011
0010111011101011
0001010010011011
1010011101111010
1100101100101111
0101111010011000
0100100010111011
1110100110100111
1111100100111101
1011101001001111
1111011101101011
0101011110011010
0010110101010010
0111111001101010
0100101011101110
1110110010101011
0111011111101001
0101111000101110
0111011100100001
1011011111000100
1101000101110101
0011110001111001
0110111001000100
1110111000011000
0001000010111011
1100100010100101
1000101000011111
1101111000110001
1100101110110101
0111101101110000
1110010010110111
0101101101110111
0101001111111100
1011010110010010
0101011011011101
1101010110000111
0001101100101111
1010101100101101
0001011110011010
1110101000111110
1101000111110100
0001110100100111
0111001010111100
1100000011001101
1011010011101101
1001101010100101
0101101011011100
1111000100110100
0001111011011010
1000010110011111
1110000111010101
1000001000101111
0010101101111110
0111101100001000
1101100100000110
0101101110101010
1010000001011011
1100001110110000
1000011011100001
1110101110000010
1101100010001010
0000010111110110
0000010011110101
0100111001100110
0010001111110110
0110110001001111
0010010101101110
0010010110111001
1110011111111001
0100101001001101
0110100101010110
1000100101111110
1101001010011001
1101001000011111
1100111110101101
1111110010100011
0011101011001110
1011101011011011
0010100001101111
1101001111010110
1001111110101001
1011000011111001
0111001110110100
0011001110110110
0101111001111101
0001110011011010
0000110011110001
0101101110111111
1111101100110101
0010001110011101
1111110011011111
0001110000011011
0110011110101010
0110101010010101
1111000111111000
0110001101011011
1100111101000100
1101001110011111
1111000000111011
0101111100000101
1101001101111110
0111110111111110
1101001010101011
0001110111101000
1001011001000101
1101010110111100
1001011101101011
0001001110110111
0101101001000110
0011001111011010
1101101110010101
1001010111000111
0011111110011101
1110100111010011
0111100100001101
0101000110001110
0001110111111101
1011010010011001
0011000011001110
1011011100101000
1001010110101100
0000101111100011
0101010011011010
1011000010100111
0110101001011001
1101001101000011
1010001100010101
1001101000011001
0011010011010001
1000111110111111
1011101000101110
0010001111100100
1101010111010101
1100010001001011
0100110110101111
0110100100100110
0111100110111100
1111000110010000
0001000101101111
0010111110010111
1100010100010111
1010010101011110
1101111011110010
1110101100111101
0000001110001111
1010011111100100
1111000001101110
1111101111010101
1100011110111100
1101110001100111
1101000010101101
1101111011000000
0011100001111001
1101010110001100
1011100010000111
0001001010111011
0010101111000111
0111101111110001
0001101111111110
1111110101011101
0101110010011010
0000110101011010
1111011000001111
1111100100000111
0011010111111000
0100110011110101
1011000111101110
1110010001110101
1101101000001110
1001101111010110
0001101101011111
1000011110011110
1101100100110101
1001110010111011
0111010111100011
1001101011111100
1001101101101011
1110010100010010
1111001010110111
1101111010110000
0000011111111000
1110011111001111
0111010101111011
1000101101011010
1011110110011010
1101000001101100
1110001011100110
0111001110111110
1000000111011101
1111000100111000
0010001001011101
1110010011010110
1010010101011111
1101100011011011
1000111110100101
1001010111110101
0010101100100011
1011110101100110
0111011010100101
1110111100001101
0111011101011110
1001000111001111
0111110100100000
1110110001001010
0010001101110011
0011000010101011
1000111011000111
0100111010111100
1110111101110000
1110100111111010
0001010011100110
1011100100001001
0000011111011001
1111001010011001
1011011000111101
1101100001010110
1101111010101100
1101101000010100
1010111001110011
1011111111011111
1001001000110111
1100100111010101
0101001000110110
1000110111010100
1110011011111001
1110111010010101
0110000001100111
0100011001011010
0111000111111001
0111100111010111
1110001010100101
1000111111001011
0111011100110111
0010110010001111
0111001111100000
0100010111000110
1001011010001001
0011111011100001
0001110010101110
1111101011011100
0011101001101010
0011000100111011
1100110000000111
0010111110110110
1010010001110110
1011010011100000
0110011010110000
1010100100110011
1000101100001111
0100011110111101
0110001011101001
0010010011101011
1101100001000011
1110011101111001
1010111010001110
1111101110011101
1111010111010100
1010101110100100
0110100011101111
1011010001011010
1011010011001000
1000111010011001
0110100101100100
0001100101111100
1001011101101110
0111101111111100
0110000110101101
1001011110111111
0010101100101011
1000101110011110
1001101101110011
0000001110101101
1010101010001011
1111110111111011
0011110011010010
1011101110011100
1011100001010111
1010011011010101
1100000111111101
0010101001011100
0001111011101100
0110001111101011
0011001110011110
0110100101110001
0111001011000010
1010000110101100
1001111110000101
1011100111110010
0011100000011101
1101010011010011
1111110111000001
0101011010110101
1111001011000100
1111000110111010
1100011111010101
0001111110101001
0101010000110011
0011001000111011
1101001100011110
1100100100100101
1010010011100111
1101001011101011
0010010100111011
0101110001011001
1010101001110101
1101100101111000
1100010001110001
0111100000100101
1001110001110010
0011001111111011
0000110111011000
0011001100100101
1000000101101011
0111001101111110
1011010001111001
0010111011101011
1110010000101110
0010011010111111
1111000010010110
1010110010110011
0000110101010011
1011001111000101
1001101110111111
0010110100111101
0100101100110010
1101010010100001
0110110111011111
0111001011000001
0110101101101100
0111011000000011
1100111001001011
1000101010111000
0110110101111100
1111100000101011
0011011010101001
1100001111100111
0110111010100111
0101100000011110
1011101111100100
1100001001100101
0100110111111001
1110111000101100
0010111101010010
0100111011001001
0100110110101011
0101101111010000
1111111101010100
1101111100000100
1101101110011100
1110010010010101
0111110110110100
0100101001111100
1011011010110001
1010000110111010
1000010101101100
1000101100100110
1110111101011110
1111010101110010
0000111110011010
1011100001001100
1101110001110100
0001101100001110
1110111110100100
1101001101101110
1110000101100001
0110110001111001
0111110001000100
0110011101100100
1101001100001111
0111001011011110
1000001011101100
0010111111111100
0010110000101011
1001111100001101
0010101001010101
0010011100011101
0111000101011000
1001001010111111
0001111001101000
1010001111100111
0110011001011001
0010001011001101
0111101001110111
0000111010100011
0001100110111111
0100011111011001
0111010011011010
1010000010110011
0010101101011000
0011111100000101
1010100011111100
1111111101010011
0010111111110010
0011001011101011
0010011111011011
0010110000011101
1100000111100101
0010100001110011
0111010011110011
1111111001000011
1101000010110010
0111011110100010
1101111010101111
0101001111100111
0001001000111111
1100111010110111
0000100111011001
1100110110101100
1010100100101101
0001111101010001
0110010101001001
0001101101100001
0101100011111011
1000011010110111
0001000111001101
0011001110110111
0101010111101000
1011010011111010
0100110011101010
1100001101101111
0010100011000111
0011110101000100
1011101101101101
0100010111101101
0100010100111010
1000010000111101
1010011101000101
0101101101111110
1101101100110010
0111110011101111
0000011100111011
0111110100101111
0110111101110011
0101010101011011
1110001101110100
0001011101101011
1101110110001111
0111100001100100
0111111001010011
1110011011100010
0001111010100010
0001010111011110
1100000101111010
0100101111100011
0001111111101110
1011001011010110
0010111100011000
0101100001101110
0001010111111100
0011101110110011
1001101010010100
1110101001110110
0011111010011010
1011101011001000
0001110011101111
1010101101100001
0010010110010101
0101110111000111
0100100011101001
0101001101010101
1111011111010110
1001001001010011
1101101010101001
0100000111101101
1100010010010011
1101110100111110
1011000101000101
1010001011001100
0101000110011011
1101100111000001
0100110010010101
1011110001101111
0010001110110100
1111001100011011
0001110101000011
1011110110000110
1011111110000100
0110010110011011
0110011110001000
1101010101001001
0001101110001111
1000110111010001
1001000110111111
1110101010010011
0111011111101101
1100010110101101
1010101111000111
0000011110111001
0101001011110010
1100011001110110
0011010111101011
1100101101011101
0001111100100010
0101101111111111
0110010100110110
0111011000000110
1010011111010110
1110010111100000
0010111111101011
0010011110010110
1100110010011000
1011011100010100
0101011110101000
1110101111110100
1011001010011110
0111010001110100
0101101000111001
0010101101100011
1101000010011010
1101101001101001
0001101100110111
1010111111111110
1100011100111111
0000010111110011
1100001110100101
1000011111011010
0111111010001110
1101111110101100
1001000011110011
0100011010101010
1100010110101110
0001111001101011
1111010110000011
1010011111110011
1100011001001111
0111100011110110
0100110101110111
0111110100111000
0111000001011100
0100010011100111
1101111010111000
1111101001011010
0011100000011101
1110000010101101
1000000011101110
0011110000011010
1100001110011110
0110011011000101
1110101001101110
0011011010110111
1101011011010100
1100110000101001
1101001111110111
1100111110010100
0111111001111000
0001010100111010
0111110010111100
1100010011000110
1000100111110011
1111001111000111
1111110001101000
0101110011100101
1110011100000101
0001001111011000
1111101100101110
1001101000100111
1000101010011001
1101011110001001
1001001111000011
0100111101001110
1001100111011101
1100101001001111
0110011110010100
0111001000111001
0011011100101110
0110011110101101
0111010001111110
0111101010101001
1010111110111000
1111001101011011
0111011000101010
1010111100110011
1001001011011111
0001010011010110
1000011111111010
0101111101000000
1111011000000100
1001111100110011
0011001100100110
0010110011111010
1101110001000011
1110110000011011
1011101101001000
0011001011001011
0010100101100110
1010010101110000
1011100110000100
0111000111000110
0101110101001011
0011110001011100
0001011010100101
1011101011110000
1111001000010101
1100010011101010
0100001101011101
0100010100010111
0001011101011010
0010101110001110
1101110001101010
1111000111011001
0010010110100110
1110000011111011
0100011100001101
0100111101100111
0001011100011010
0100110101101100
0111011010011000
1011001010010011
1101001010100001
1010101100111100
1000101100011100
1010110111010000
0011101101011111
1010101010111011
1110101010000001
0011101011111110
1111101000001011
1010010110100110
0001110111101110
1001101100110001
0110110100101011
0111011010011000
0110111101001000
0001100000111011
0101110011101011
1011101100111011
1111110101100011
1101011111101110
0101011011110001
0100111001001111
1011101110110000
1011001010111000
0110100110101011
1110101011001011
0000110100111111
1100111001100110
1101010001001100
0111101010100010
0110011001010100
1111101100010010
0000101000111011
1110011110100110
1100111011000001
1111101101010110
1101111011111101
1101101010111111
0101101001110000
0111011010001000
0011110011011010
1111110000010111
1110010110111010
0111011100010001
1100111101110101
1101111100111011
1111001010111010
1110100010111110
0100100001111100
0001110001101111
1010011110010101
0011110010111111
0100110110001001
0111110110011000
0100101011011110
0111111111000000
0110011111111000
1011001100001001
0111000100001111
1111101010111010
1011001010011000
1101100010101100
0010101001001011
1100110011000110
1000110011010110
1011011010111000
0110110110111101
0000111110010001
1111111000010110
0100000101111010
1010110100101110
1011110010001011
0001111111011001
0101111111011111
0100100111110100
0111001100010110
0101101100110101
1101100101000111
1011001101001001
1011111111111011
1110100011011010
0110101001110110
1111011000001100
0000001011111001
1010100101000101
0010000111101101
0100000111101010
0101111010001111
1101100100110001
1110100111111000
1011010011001101
1100011001000110
0101101010010101
1001010111111000
1110110110010100
0101000111010001
0111101001011101
0001101010110111
1110000100101101
0101101000110100
0010011111101000
0010010101001101
0110110010100001
1101010010000101
1001000011111010
1001010110111101
1111001001100111
1001100011110010
1100001110001011
0111001110111101
1000110111101011
1001110100001110
1101110010100011
1000000110111110
1111000001011010
0101010110100001
1010101111110111
1110000001111000
1011111010001010
1101111111010111
1001001110011111
0100111011010011
0011010000110011
0011100111101100
0111000110011110
1111001110100101
0110111010001001
1011100101101001
0011110000100110
0001110110000101
1001001111010100
1000100110100011
0011100110010111
1011110101011111
0110100101001010
1000101110100111
1001110001011111
0111000100101100
1010111101101011
1111101001001110
1100111011111101
1001110011110111
0000101010011101
0000111110101001
1101000101010100
0100111000011111
0011110101000111
1001110000110001
0000100101010111
0001111011110000
0011001111110001
1100000010101011
1101010010000101
0100000111101110
1000001111000110
0110100101001100
1111100101011010
1110100011000110
1011101100010101
1010010111101101
0000011111110010
0001010110100110
1110110101111000
1001001010010110
1100110101110010
0110010010000111
0000100110111101
0111110001110100
0100111010010011
0001111010110000
1101100011011011
1111101110010001
1011100011100000
0011011001010111
1100010100100110
0100111110111000
1001101101010100
0010011101111011
1111010100111100
1011100000010111
1011011100010100
1100001110100010
0101011001011010
0010001000111101
1100101101001101
0010010001110011
1001001111010100
1011010011100000
0111001000111000
1110100111111010
0101101101011001
1110100110100101
1101010100100101
1011100100101110
1101111100110100
1100000010101110
0100101110011000
0011110100010100
1011110010110010
1110000010010101
1010011101111011
1111000001010101
1111010001000011
1101010001111110
1011100010010111
0010010111100100
0000101111010111
0111000100101111
0110010010101100
0011101001011100
1010000110111110
1100111010100001
0100111101000101
0011011001110000
1011010011101101
1001110011001111
0001111011110110
1101001111000011
0110110111100100
0110111110001011
0111110111100011
0000110101011010
1101101011110101
1101010110100100
1101110000011010
1110100010011100
1001111001100001
1001100100111111
1111000001110011
0111110110011111
0110110001111111
0100010110001101
1111101001001111
1100100011111100
0010110101100101
0100111011111000
1000010101110011
1011111100101111
0011110001000110
1110101000110001
0110111000010111
1111000010100111
1101111100001011
0011100100010110
0010011010011011
1000010111010010
1001110111100010
1000111000110101
0111111010110001
1110010100101110
1010011101111111
0000001111101101
1011000110010111
0001101110000011
0101101011111010
1101011010110101
1001100101011110
0111001100001001
1100101110000100
1110011111100010
0110011110110010
0111100110111100
0110111010011100
1100010001011111
0010101010011001
1110110101000110
1110110010100101
0101100101001001
1010011111110111
1010100100011010
0011100100010111
1011111011100011
0100010100111011
1011010010110001
1110101100100000
1010010110011001
0100111101011011
1101111101000100
1000000111011101
0101110101100111
1111111100010111
0011001110010101
0011011101101000
1111100001100011
1011111000111000
0000011101001111
1111110101010010
1001011010110001
0111001010001001
1101101101101001
0111100000100101
0011101011010100
0100111000101101
1001001100100110
1100010011110111
0000101111001101
1110011111110001
0001010011110110
1001001111010000
0111100101000111
1100110111001011
0101000111111001
1111001011100000
1111111000001100
1011010001000011
1001000110111111
1100110011111101
1010001000111011
1110110001000011
0000110010010111
0100011011010011
0111101110001010
1010010001010111
1000111101000100
0110001101011000
0101101010001011
0001010110001110
1001101100110000
1001001011101010
0010110110000011
1100100111100000
0101100100110111
1100011010100111
1011000111010001
1111000011001001
0011100011010101
1110111110000100
0101110010101111
1000110001111010
0101010110110111
1110101111011011
1011100011001000
0011110001010011
1001100110110011
0100110010011110
1001101000110110
0001111000110011
0011101100100010
1110111110001001
0101011101111010
1011001011110010
0100011100011010
1110001101001110
1000011011101101
0110100100111100
1010111000010100
1001110111010000
1110000111110010
1110000011101100
1010111100111111
1011000101101111
0110111000010111
1011011101101010
0001010111110110
1000110101000111
1110011100001101
0100011110011000
1111111110001100
1011011101000001
0010101111111111
0111111110011110
0111000101101010
1100111101010000
1010000110011101
0011100110110101
1000001010101110
0100001001001111
0110000111101001
0101001110001110
1011110110000110
1111110100011010
1011011011100110
0011000100101011
0010011001001101
0101100001011101
0101111101111100
1110111100001110
0011111100010001
0100100110100011
1100101101101111
1111101001011101
0100101010101010
1000101000111100
0110111101000111
0010010011101101
0111010001101111
1001011001110000
1010111001000100
1100100011110101
1100100011010010
1001001011111111
0101000011101011
0011110101100101
1000101110010111
0110101010101001
1101010111010011
1001001111000110
1100111011001110
1101001111010101
0011101011101111
0101110101011101
1000000110100111
1100111010001001
0000101111101110
0111010100110011
1010101101111101
0101001011100110
1000011111110010
1110101011010001
0101110100010011
0101011111011010
0101011100101101
0111011010101000
0011100010000111
0011101100011100
1100111011000011
1100011110000011
1101110110111110
0111001101000111
1001010110001010
1000011001110101
1010001010100101
1110111100010111
1110111000001111
0011111100001000
1101100101001010
1001110110000100
0010111010110111
1011110111101111
0101011111011011
1100101101111100
1101000110011110
1001010101000101
1001111101011001
1101100011101000
1010101110101001
1010100011011111
1101000011100111
1110100110111111
0111011011010010
1101110101010000
0011110110110100
0010010101010101
1010111001110110
1111001000011100
1011010110110010
0011100101011010
0001001111000011
1111111100011011
0010111010000011
1101001000011101
1101110001010100
0111000010010111
1011100100110000
1100010101101110
1111011111110010
0111010011101111
0011110000010110
0011001111100110
0101010101010101
1111101101110100
1001101111111001
0010111110000110
1010110011100101
1000111000101010
0011000011110101
1001101100010111
1011111101101101
1100011010111001
1100110010001110
0101111101011100
0101010110110001
1001111110001111
0100101110011001
1000010101110111
0001100100111110
1000011111101001
1011001101111110
0111101111011001
1101111110001100
1101000100001110
1001000111111111
0001100011111101
1100100110110000
1011100110100111
0100101010100101
1110010000010111
1101100111110111
1010111001011111
0101001111010011
1000011011000111
1100110100010001
1100000001101111
0110001101101110
0011101100001111
1101100100011110
1000011111100111
1110111111111111
0101100000111100
0110100111110010
1100100010011111
1101000101101101
0100011000110111
0111100111011111
0111100110110111
1010101010010101
1101110011010011
1101010000010111
0010100101111100
1110001101101111
1111011010111111
0001101011001101
0101100101111010
1100010000110101
1010100111011001
1111010110001111
0010100101100111
1110101010110111
1001111010000100
1101000010001111
0110010101111011
0011011011110100
0111101011110100
1110011100110001
1110000100101101
1101111101100111
0010110000111110
0100110110011100
1001110101101000
1000110110110010
1011010110000010
1001001010001011
1001100011111011
0001010111010100
1011000010101010
0100111101011000
0001011000110101
1011001000110110
1101010010101010
1000101110011011
1001111010010010
0110001001001110
1011000101111000
1111111011010011
1110101110101101
0101110111011110
1011001111011100
1100100110111100
1000111000111111
0101101010111000
1010000110110100
0101100011110011
1111001110111100
0101110110111000
0110110100110111
1010111000011010
0010110111101101
1001001101101111
0111001100001111
1101110010110010
0011010011001101
0010001011001011
1110010101010110
1101110000101000
1110001010111111
0111001111100101
0101101011010100
1101001011000100
0101110100100100
1111101100000100
0111001011000011
0000111111001011
1100010110101110
1111110110010100
1000001111001101
1000001100011011
0101011011111100
1100001010110111
0110101010010010
1010110110111100
1001100011010011
1010100001101111
1010110001110111
0101110110100101
0100110100111111
1000100010111011
1110101110011101
1011101110101010
1111011001110100
0100000111100110
1010001010011110
1000001111111010
1101111110000011
0011100010100110
1110110010000101
1110101001101100
0110111001101100
0101000101101010
0110110101010001
1010010100001110
1101100001110000
0111101010111100
0111101000101101
1000010111111100
0000001011011011
0101011101010010
1100001100001101
1001101110000101
0101101010010111
1111011011101100
0101110101000001
0100110111101110
0101001010110001
1111001010001100
1101011010100010
0011110100111100
1111100011010001
1100011111100100
0100100011111010
1111000010011010
1011111100000000
0011111111011101
1010101110100001
0100101011011010
0100110010011011
1100101000101111
1100110110111000
1000111100010010
1000101110100011
1011110100100001
1100111001000110
0110111010000110
1000100101011111
1010001011000110
1000111000110001
0110110110100010
1101110110111100
1010110111100001
0101011110110001
0011110111111110
0110110000111010
0110011100010110
0110010011110010
0011100110100111
0101010111101110
0110100000110110
1110100011000001
1110011101111010
0001011111101111
1010010001101001
1000001111010101
0101101101110001
0101110000010011
1001001101110101
0101001100001011
1001001111011100
0010101001111000
0100111001110101
1111110010000010
1100011101000111
1010010111010100
0001000111001111
0000011100011111
0001001110011100
1100101100101111
1011001010101111
1100011011110110
1000000110111111
1111001010000100
1110100101111111
0100011000100111
0000011111100111
1011100010000110
0111000100011101
1011111111110101
0100001101110111
1001101100001100
1110011111110110
1011010100010110
0101110011001100
1111000010101100
1111011001010000
0100101100111100
1010110010110110
1100110110100000
0111001010110101
1100011110000101
0011101011101000
0011101111101101
0010111011111110
0001011110001011
1001111010110100
0111111101010001
0110111010010100
0100111010001110
0111110011000110
0110110101111100
0110001100101100
1101001001001011
0101101101101000
0100010101111000
1010010100111011
0101011000111100
1001000011111001
0111110111110101
1011011000110111
1011110001010011
0101011010000101
0100010111101011
0111101000101100
0111011100101010
1101011111010100
1101010001011101
1100101001011000
0100110111010110
0101100100101010
1101010010011111
1010011001000111
1101110011000000
1011110001100011
1101000100110110
1101000011101111
1001101010011110
0111100111101010
0111111100100010
1101101000001011
0100101111001100
1001111110110100
1110100100100100
1100100111001011
1111011111101100
1000011011011101
1101100000001110
1111110001111001
0001011100010110
0111101101100011
1110111001110111
0011011101100000
0101011011111010
1001001011010011
0111101101000111
0110001110110000
1001000111110100
0000100001111111
0111111011010101
1010100111100101
0111000100000111
1101000111100011
0111111101001010
1100101000110001
1100011111010000
1001000101111011
1100001101100010
1111100001111001
1011110011011101
1101100110100010
1011110001010011
0111101111110011
1111100100010000
0100111101000111
1101110101001100
1111011001101010
1101001100001111
1010101010100010
0110010001001110
1100111111010011
1001111110101000
0001111010010010
0010110110111011
0101111011111010
1101111111010000
1000111000010111
0010101110101011
1011011100111001
0101101110010110
0010110001010111
1000110110010100
1001011010101100
0111011000011101
1111110110011010
0010101110010010
1100111010000111
0111101111000000
1100001110010100
0110011011111101
0100100110011101
0000111101110011
0101101001101010
1011001010010111
1001011100010100
1101101100101101
0001100001110111
1110010001111001
1110010011100010
0111010111100100
1001101111101000
0011100010011110
0001100111010110
1111100001000100
1000110111000010
0011101111001101
1011011100011100
1000101011101001
0100010110001111
1010001111101001
1111110010010100
1010110101100000
1011001011100000
1100101100111100
1111101010011001
1001111011111110
1011001011101000
1010010111010010
1011010100101101
1011111111100110
1010101010001110
0101101010100110
0001100000110111
1111111011100000
1010111000100010
0111100010011011
1010011011110000
0010111101101110
1010011100101100
0010111110000110
1110111101111011
1011111000110000
0101110100000101
1001110101011000
0101111111000110
0100101110110000
0011101001000110
1101101110011011
1001011011010011
0110101110000110
1000000111011011
1111100000111101
1110100111001000
0010111101010111
1111110101101101
0001100100011101
0100100111011000
0010011011011011
1100011010110000
1010001110001101
1110110011111101
0001001110101101
0101110011000101
1011110000110110
0111010111110010
0100011111100111
Time = 0.887s
