n = 8, k = 2, l = 6, m = 217
Expect Resample Times = 0.440876
Result:
11111100
11101101
10111101
11111100
11100111
11101110
01111011
11111110
01111011
11011101
10111110
10110111
11001111
01011111
11011110
11111100
11111110
00111111
01111011
01101111
11100111
11111100
01111011
01111101
11101111
01011111
00111111
10011111
01110111
11011101
10101111
11101111
11111011
11010111
11010111
11110101
10111110
10111111
11111011
11011101
11011101
01101111
00111111
11111110
11110110
10111110
11101111
01111011
01111110
11111011
11101101
11110110
01111111
11011011
01111101
01011111
11001111
10110111
10111101
11111001
11010111
11011011
11101111
11111110
11111011
01011111
11101110
10111110
11101011
11111010
11110110
11101110
11011111
01111011
11101011
11111100
00111111
11111110
01111011
11110110
11011111
11101011
11101011
01111111
10101111
11011101
11110011
11110110
00111111
11110111
11110110
11101011
00111111
11101110
11101101
11101011
11110101
11111101
01111011
11011011
11111101
11111011
10111011
11100111
11111111
01101111
11100111
11101101
01111101
11101111
11111100
10110111
10101111
11011101
11111110
11110110
11001111
11100111
11111101
11111011
01101111
11110111
11111100
11011011
11100111
11111010
10011111
11011111
11110011
11111101
10111101
11011101
11111011
10110111
11011110
10110111
11011111
11001111
11101011
11101101
11111110
11101110
10111111
11010111
11101110
10111011
01101111
11111010
10111101
11110110
00111111
01110111
01011111
01011111
11101111
11101101
01111011
11101110
11101101
10111111
10101111
10110111
11111110
11101111
11101111
11011110
00111111
10110111
11001111
11001111
10111011
11101011
11111110
01110111
10111111
11101101
01110111
11011101
00111111
10101111
10111111
11111111
10111101
11110110
11111001
11101110
11110101
01111111
00111111
11010111
11101011
01101111
10011111
01111101
11101101
10110111
11110101
11111001
11101011
10111110
11010111
11100111
11111111
01110111
10111101
11010111
10111011
10111101
11111101
01111110
01110111
11101011
11110011
10111101
11101111
00111111
11111010
Time = 0.001s
