n = 16, k = 3, l = 10, m = 473
Expect Resample Times = 0.496648
Result:
0101110001111101
1011110100011110
1110111111101111
1100111100110111
1010011101111110
1111001010011011
1011011110110010
0010011111101011
1110011111010110
0110111100100111
0010111111100101
0110111011011101
0011011011111010
1001111101110011
1011111010011110
1011010001111011
1011111111001001
0111011101111011
0110010101111011
0111011101110111
1111011111100001
0011101111001011
0110011011100111
0111111111000011
1110010111001110
1110110101010101
1011110110011110
1010100110110111
1011111111000101
1111101101011101
1100100111111011
0111110111010110
1111111001111000
1111100111101000
1000111111111100
1111111110010101
1101001110111001
1110111011101101
1101110110111110
1111010110110101
1011101110100110
0111001011101011
0111110011011101
1110011011011100
0111110010011011
1111111011000100
1111100110101100
1111100001111011
1111011101101100
0111100110011111
1010011110011101
1011110111101011
0111011111100100
1111101100111101
1001110111110011
1101001001111110
1111101011110101
1111000110011111
1011111110100110
1011010110010111
0111011001111111
1010111100011101
1111110001001011
0011111111010110
1111000111001111
0111111011001101
1011111110101100
1100010110101111
1001111001011101
1110011110111110
1101110101010011
1111111001001101
0111110111000111
1101111000111001
1010111111010001
1111100011110110
1011101101011011
1110111001011111
1011111001011111
0111001111101010
0111001111010011
1011001111011100
1100110111111001
1111011011010100
0010111101111010
1110011011011111
1011110110011100
1100001110111101
1010011101110110
1101111000111011
1001110111100011
1101011111110101
1011101011110100
0111100111111000
1110101011101011
1101111100110100
0110101110110111
1100101111111111
1001111101111110
1111111010101111
1011011110010111
1100011111011001
0110101111010110
1011111110010001
1010110110101011
0111111110000011
1111011000011110
1011111000101101
1100110001111101
0110111110001011
1011100011110101
1011010011110110
1111110011001011
0111101011011010
1001100111011011
0011111011010111
0111111100011101
1110100010111110
1111001011101011
0111110110010011
1011010100101111
1111101110000111
1110001100101111
1011011110101010
1111011010110100
0110011111110110
0111111110000101
1011101111100110
0100100111110111
1111011101000011
0110101101110011
1101010101011111
1110111000111101
0011111110111110
1110100101101011
0011111011001101
1101011111110101
1010110101101110
1100000110111111
0011101111101001
1111111110010000
1001011110011101
1111010011111101
1111101011100100
0110011011011101
1001111010010111
1111010110101111
1100111101100011
0001011110111110
0101111011101100
1011000110011111
0111110111100101
1001011010101111
1111000111110110
1000111011110110
1111101110111000
1001100101111110
1011010110111011
0110010111111001
0011110111101110
1100101111101101
1101111111110100
1011001001110111
0111101101101111
1101010100111011
0011110100111101
1101011100101110
0101011110111101
0110011111010111
1110010111011011
1001111000110111
0011101101111011
0101111111000011
1101111001011011
1011011110101100
1110101110111011
1100100110110111
1110111101000101
0010101111101101
1101111111111000
0111110111010101
0101111110101001
0110111111100100
1011010110010111
1100111010111101
1110111001101010
1100101001111101
1101101101110111
0010001111111011
1110111110100110
1111111110101111
1011101000111110
0011010111011011
1001011111110010
1001010111011101
1111110011110011
1011111001100011
1110001000111111
0110110110110110
1111101100111010
0010101110111011
0110011111101011
0111011101101001
1101101110001110
1111011101111001
0011101011111101
0101110011111011
1110100101101111
1101111111100001
0110011110110111
1100101100111101
1111000111110101
1111010110011011
0111011101111110
1111100111110010
0001111011111111
1000110111101110
1111011100011100
1011010011110011
1110100110111010
1011100111111111
1110101110001111
1011011011110110
0111111101101011
1000111101011101
0001111111111110
1001100111110111
0011011110110110
1011010111101011
0111011111111111
1111110110001101
1010001011011111
1011000111111111
0101111111010110
0110111010101011
1110101111111010
1101110010100111
1110010111111101
1001100111001111
0110111101111100
0101011101110110
1011101011101001
1111111110101011
1111010110101101
0101011111011111
0111111110010100
1111111101110011
1011101001011110
0001001111111111
1010111001111101
1010111100101101
0011101101111100
0101101101111010
1101100110111100
1001111011110010
0110101001101111
1100111100111010
0011110011110101
1010100101101111
1000101101111101
1110111000110101
0110101111101001
0110110101110111
1111100110110100
1111110001011011
1110111110101001
1111000011111001
1101010001011111
0011100111011101
0001110101111110
1000111111010110
0111010110110111
0111101100101011
1110111101101000
1111010010011011
1011111001001101
1111111111111000
0101010111100111
1101110111111100
1001011001111011
0111101011101001
1111001011001101
1101101011101010
1001101010111111
1001001110011111
0011111010110011
0111011001110101
0111101111100111
1110001111101001
1011100101111100
1010101011110101
1011000101101111
1111100101001110
0101011101011011
0010101111011111
1111101001101010
1111111111000100
1101001111100011
1011100110111101
1010101111111110
0111111111001011
1110110111100101
1110101111110110
0110010111011111
1111001011010011
0011111001001111
1101101010011110
1110110110101110
1011001011111011
1100101111110001
0111011100111101
0111110011101110
1110000101111101
1000011101111101
1101011110110001
1011100111100011
1111011111111101
1010111101010110
0110001110101111
1100011010011111
1111101101111000
1010101111011010
0011101111111100
1010101110111010
0101011001011111
0100101101101111
0011111110011111
1101011111001011
1110101010101101
0110101101010111
1011011110111000
1000011111110101
1001101101111011
0111010101101110
1010111111111111
1010001011110111
0111001011111100
1010110111101011
1110111111101010
1001111011111100
0100011101110111
0110011111011110
1000111010111110
1010101011010111
1111110101010101
0110111101110111
1011111011111110
0011101111111010
0111111110001010
0110011101111111
0110100111101101
0101010111011111
0001110111111011
1110101110100110
1101100101001111
1110101101001110
0111111001111010
1101001100111101
1111110110010001
0011100101110111
1100111010110111
0001101111110101
0111111001010101
0101111101111000
0011101001111011
0110011110111001
1110101110011001
1000111110111110
1111101000010111
0011110101100111
1101111110010101
1011111100101111
1111011000111001
1101111110001111
1011001111110111
1100110011101101
1010110001111011
1100101101111100
0011011111100011
1010010111111010
1100001111111111
1101110110101010
0110110100101111
0001111111010101
1110100111101110
0101011100111110
1101110100111010
1111000010110111
1010011111000111
0010111100111110
0011011101111111
1010111111101010
0011110111001011
1110111000101011
1010101000111111
1101111110101000
0101101110010111
1011110101101001
1011101011111000
1110100101101101
0111101110001111
0101101011111101
0011111011110101
1110010111111010
1111001101111101
1111001100101011
1101001101110011
1110101011001111
1101011001111010
1101100111011001
0111111101111001
1101001100111110
1101001111011110
1101011100111010
1011101011010110
1111011110101100
0111100100110111
1001011011010111
1010111111101111
0011101111110010
1111100010101011
1101101011111101
1110111010101100
1110111011110110
1010111001111100
1111110100110001
1001100110111111
1011110101110110
0101110100110111
0111111011111101
1011110100011011
0111101001110110
1011011101101010
1011110110001101
1001111110111110
0111011011111100
1001000101111111
1100110110110011
0101101101111111
1111101111101100
1111100111010010
1011111111011010
1010011001111111
0111101101111101
0010111011001111
1011001101111001
0111100110011101
0011011101111001
1111101001111010
0111001010111110
0111110101010111
1001011101011101
1001110111011011
0111110001110111
0011011011011101
0111101001001111
1110001111010011
1101010111101110
1011111101001101
0110111010111111
1111101010010101
1011011011101001
1110011101010111
1110101010111101
1010011110110110
1100101111101100
0110111110111011
0011100011111011
1111100010001111
0101110111100011
0011111101110110
1110010111111111
1100101110101011
Time = 1.952s
