n = 12, k = 7, l = 1, m = 2372
Expect Resample Times = 0.367163
Result:
110100011001
001110111101
111111110010
000101011010
110100010001
110000001010
110101000111
000111110000
000111000100
111000101010
000001100100
110000011010
001001011011
010101111110
010001010010
100000111101
010100100001
110001000011
101111001100
101001101001
011000000011
010100000111
111101001011
011101110000
100000100011
011001110110
101100110011
100010010110
011111100011
111000011010
000100011001
101000101000
000010010111
010001001101
100011101111
111000100111
011010000110
000110111010
011011010010
001001101101
000110000111
000001001011
001110101101
011111001000
001111011000
110010101010
110011100111
011000011011
110000010111
010010110111
001011001010
110011010110
010011111001
100111110010
101100011001
110100000010
110100110111
000000001001
101110001011
010001101011
110010011110
011001111100
011100111100
010111110011
100001100010
101011111100
100110100110
111110100111
111011011011
000101100001
000010001100
000100011101
110111100110
010001001110
000000001110
101100010011
100110000001
000101110011
000001111100
000111000010
111100001011
001001111110
110111000100
111111101011
001101101011
100100001001
100001111011
101001010001
110001101001
100111100110
110000111101
001100000010
101111111110
010111011001
111000101110
010100110001
101000010100
001011000000
011001000100
111011101101
010100011010
101011001001
000110100000
011101101111
011011100001
101001011101
111001100110
100001110010
110101000010
010001010110
010000011010
010001000011
100111001011
100101101000
100010100110
011111000111
001001010100
000001011100
110100110010
111010111100
001111100110
000010010011
000001100111
011010100010
011010001100
011010111111
001010110110
010100110001
110111101111
100100100000
110100101101
011011001011
010100000100
010011101000
000000100111
000100110010
010010001101
011111110001
100001000101
010010011101
111011001001
001111011000
001100111110
110001110010
010110111110
000001001011
010101011001
011010110011
000010001101
010010011100
010001100010
110001101011
001100001100
111100110110
101111110111
001001111000
001001111011
100011010001
010110001010
100100010111
000110101000
011100100000
100000101011
000010111001
101101011010
111010010011
111110000001
011010000110
010111010101
100011010110
010111100000
000010101100
111101111011
010110000001
011001001101
100000010011
001111010101
000001001010
111100010011
101001000000
010011000111
111101100001
000000100001
111101100001
000110011000
000011110010
001010001000
001111101001
100101001111
110001010001
111001101110
111110111010
100000010010
110110111101
101001100010
000010001011
100010100111
111111101000
111010001111
011101001001
111100101110
110010100010
110000000110
100100010001
001011100111
010100101111
010111000101
111101010100
110100010011
001111010000
111111111111
011110101000
110010111001
010111011110
100111001110
010011101000
110100001100
100000000101
011001000110
111110101000
110000100000
100111001010
111010001010
100101101110
110110000100
001100111001
000000110101
001000100010
000100001101
101010110000
010011111101
000011001011
110101001011
101111110010
100010010000
110000110111
100000000000
100011001110
000110111111
000001000100
010011011011
001011010011
001111100101
111111001011
110001110111
101100000001
100111101101
001001001101
100111010011
110100010111
100111010011
100010100000
011110100000
001101110100
010010100010
110100000111
001011000101
101010001111
110010100011
000011011110
011010001101
011101110010
110010010001
001101110101
011101111110
000101000100
011010110000
101101011011
100111001011
000000000110
011010000000
000011110100
111111001011
000000100101
101110000111
110111101001
100111100101
111110110101
101010110001
010101010100
011101100111
101100001000
011001100101
011001110000
110000001111
011010101100
111101001000
110010011000
110011000010
111001111101
110111010000
100111000001
011001011010
011100101101
000001000001
100010001110
100100111000
000100011110
010100110101
100011101001
101011101000
111101011000
100111111111
001110101000
101010101100
010001001100
001011110010
111010011110
000111101111
100011101001
100111011000
110010100101
100000010101
111101010100
110000001111
001010101110
000001000101
111110111101
110011101000
011011111011
111000110000
100010000001
101100011010
110111111010
001010100011
110101010011
010100000000
010010110010
011010000110
110011001011
111011101110
001100100011
010010000001
001010111110
001010101000
110110110010
010001010111
101100110110
110110101110
010000011101
011101111000
000011001000
000110110011
011010011001
010101011111
011010100101
110100011001
011101111011
111011100100
101111010100
100010110010
011010111011
111000011011
010001100111
010011101000
110010000000
000011111001
011100001001
011001011010
000010110000
110000011110
100111001100
010101110001
111111110001
110110111001
010111110100
101100100111
011011011110
000010110110
010100011011
101011111101
010110111111
001011101000
111111001001
111000011000
100010011101
010111101001
110001110111
000100100100
001100010111
000111101011
011110010011
101110011101
111000010000
000101011000
111100111001
011011000001
000011101001
000010001001
111010000110
111110010010
101010011101
101001011011
001010111010
110000011111
111010110111
110011111000
010000001111
100001110000
001110111010
110110010001
110011110011
111100000111
010100010001
011101111100
010011000101
011100010001
000101111000
010011101011
111111000101
010010001100
011011011100
101110100101
010100010101
100101011001
010001101111
001111100011
110001101101
001000100111
111001110001
100100111100
010111000011
011111111001
010100110100
111000111010
110100001010
111000111101
101011100100
001000101101
100010000000
000101100001
100110011110
010010101000
000011101111
101010100011
111100101101
110111101010
010110100001
100111011001
001100111001
001111010101
000110101111
110010101101
001101110111
011001101111
100111011101
101100011011
010110001011
000010010001
011101011000
110110001101
100011000010
101101100001
100000010101
101000111011
011110001011
000111001000
011000000101
111110101001
101011001100
000010101101
011100101011
110110111011
001001000000
000101101000
011010101111
010101011001
011101111011
110111000101
101000110111
010101100010
011001010110
101110011011
000001110000
001000001000
011101001111
010110110111
100100100110
101011111010
011010000101
001001011100
100110011101
000010010100
100011011011
100010011100
101000000110
110100010110
111000111111
011010111011
011101101101
010010011111
011110100100
110110010001
110001100010
011111001001
010001100010
001100110001
010011100100
000101000111
101100100000
000101110010
100010110010
110101111111
100100010110
011111100100
010010000011
111111011100
110101011001
001010100000
100111001011
110011110111
110110110111
000000100101
011000001010
011011110100
000011011011
101100110001
001110000010
010100100010
110000011110
100001011101
101000100000
101100000000
100000000000
100100110111
011000101001
010101001000
010110011100
111111010001
111101101001
111100100011
100100101100
011011011100
111000001110
101110001010
011101011010
111011111000
011011001110
010000001000
100011110101
111101010101
100101100101
010001011111
011101100110
001001010111
111010001110
010111011110
101011100111
010010101101
101111110100
110100000100
111011011011
110000101010
110011110000
101110101000
110011111000
111101101010
011110001010
100001001010
101100001000
101001011010
101010100111
111010100001
111111101011
111100101001
000000111010
100111111001
110110000101
011111001010
110001000000
111011101011
010100100011
010010011010
011100001111
001001110100
000111111111
110100101101
111100100001
110111001110
000000111001
100110111101
000101101110
011101111000
101100111111
001100000110
011100100101
101000111110
010001100100
110101011000
101110011000
111110110111
100100111101
111101011000
011101000001
110101000110
011110110011
100010111100
000010010010
111001011000
011110110001
111000010011
010001000001
000110000010
001011111100
110100000011
001001110100
011100011101
010101011111
100000101101
010111110000
001100100111
101000100001
110000110000
101011000001
111100000010
000001010000
111110011011
010110111011
011011100010
001111010001
110100101100
011101100111
100000011101
110110100110
101100101100
110010011000
101111100100
010000111100
110110010101
010110111100
111001111011
110000111110
001101100100
101111010011
100011100001
010011111000
010101111111
100101001101
000100100101
110010011011
110001011010
111000101101
101111000001
110010010000
000101001011
100101010101
011010010101
001111010100
110011110001
111000100000
101100001111
100000111101
111100111001
000011101010
011010111010
111101101100
100110001101
110000101001
011101111101
100001001000
101101101000
100000110110
111111010010
010100101011
000001100110
100110000101
011101111100
000011010111
000101011101
010011011101
000100111010
010100010011
001011010111
100101111001
010101110111
001101110110
000000101010
110000011001
110001101110
110011011011
000000110001
100011001010
101101000110
110011011011
011110000100
100000000101
110110101000
001011110100
110111011001
101011000001
000100101100
110111000011
100101110110
111010100111
000110100001
010111000001
110001101001
000010100111
111001101110
101111000010
101001101110
100010010110
101101101011
010010110110
111101101110
110110111001
011101001010
011010001000
000001100111
110011110110
011111110001
110101011101
010100111111
000011101010
101101001001
110001101011
111000011111
111000010000
100001010000
001101001110
010101101011
111101011001
011000110000
010111101000
001010010100
110001110000
010010111010
011000001111
110010001111
100100001100
010011111011
110101011110
001111010111
010100000100
011111000101
011101110010
011010110110
011001111111
010110100001
011100101001
111100100101
000011010001
100011100100
010000101110
010001110111
001000011101
011010111110
110101100110
000101110100
101011011110
110000001000
000010010001
010110110010
101011111010
011110010010
000000100001
111110010011
001110010011
000111100000
100111000000
101000111100
111101011111
001110010001
101110110111
101100000100
011100001111
101101100000
000101011110
000111000011
011010101100
001011011011
001110001001
101101110100
000010010111
011010101101
101001101110
011111000000
100111101110
000010110100
100010010110
000010110110
010100010010
000000000101
000111111100
011111110000
100111100101
100011101100
101100110001
010110001001
001110101000
010100000010
010100010010
110111110111
010111100010
011010010000
111111100010
000111010100
101011010100
000100110100
111101011011
010111100110
000000111001
101100000010
100001010011
110101011011
011000100000
111111110101
101010111100
011011110110
111100001000
010000010100
111110000011
111110010001
011110001011
011100001111
001110011001
100001110111
000101001101
100001011010
100101111110
111000001111
011101000100
111011110111
001001001100
110001100111
111001100111
000011100011
001010110000
100101011011
101011001101
100111000100
001001101100
111001010000
101010110011
011000011111
000111100010
100111110111
011010101100
010111111111
001011001010
110101010101
100100011110
000000000010
110111011001
001110111100
001011010000
000101100010
011011011110
000110000000
101011100100
111000101010
000001111101
010111011100
011000101010
010000110100
011101100100
111101001101
101100100010
101110000110
101011010001
001111010010
111010101101
100100100101
000000100101
010100001011
001111100011
011101111100
100001011101
111100100010
001111100011
111110101100
100110100010
001010011101
111011110011
010110100000
010110100000
000010001011
111000001011
000000001001
000100100000
001100011011
111000010110
001001100110
001010010110
011110001011
010100000001
011010100101
000110100110
101100001110
101000110101
101111011011
011001000001
010010001111
011111100011
010100101000
110111111101
101010011010
111100010101
110011110001
111000101000
111101100101
100010000111
011100111011
110111111011
100110011111
000001110010
101100000000
000000110111
111101001100
110001110001
111101100100
011111110101
100101010111
000010001110
101100101101
011001100001
110010101011
011001011000
001000011101
111000111010
011000101011
110101001010
100010000100
110110111110
001110111000
010110110110
000001100000
100000100100
011110010001
001011100000
001001010010
011011001100
100001100100
110100010001
111101000000
011110011111
110001000001
010101101010
010010010011
111110100101
000010111000
100000000000
100011011111
000111010000
010110100110
000000101111
010010100000
001100110000
110100001110
011001010110
100101111001
000010111100
010110000000
101111100111
010001110001
111100100011
011001010111
000000110110
110101010100
001001111100
110100000001
111001111010
010011101111
011011011101
111111100111
010000101110
101100100010
000001101011
001010011001
010110010010
111110111010
010000100110
110101111001
000111011101
110110100101
110010110100
011111101010
010100100010
100110111111
010000011011
110111011100
100111001110
000010001111
100001100001
101101111001
101110111100
010110110101
111010010110
001111111011
010000110011
101001100101
000110011000
001000101011
000001010100
100110110011
010001111010
001111111101
110000101101
011101101010
011000100000
001111010001
000110001010
001101010101
010011000101
010111101010
101000010111
000111000001
111001110001
010001001011
000100001001
011101000011
101010010100
110101000011
101001101011
110011011100
010011100110
100111111010
000100111011
101011011101
111110010100
100110001010
110011010000
100010011001
011110000100
010111111010
100101100100
011111101110
010000101111
101000110010
101100010101
010010100100
011000111011
110001101110
110100011010
111111010110
011010010111
110010101010
010111010001
100101000101
010010111010
010111110101
000010100000
101010010101
111100110001
000110100011
010110100010
001000000001
110011010000
100100000111
110001110000
101000110101
110111001100
111100101000
010000011000
111010100001
000000000001
001111001110
010010101101
010001100011
111101100010
100110100100
000111001111
110100001001
100101010000
000110010101
011111001010
001000110110
101100000010
001110110011
001110111101
000101010011
000100111011
001011000100
110001101000
100001000101
000010111000
101011010000
011111111001
001111000000
010011100110
110001111001
110011010001
011111110100
011100100101
101100111101
101110110110
100001010010
101110110011
000000110100
111000010001
010000101110
101011110011
001111001101
100000110100
011011011011
101111110111
011100101101
111011011011
011101001110
011110001001
011101000011
111011100101
000011010101
001100010000
010101101110
101111011011
111100001110
000000111100
111010111110
110001100101
010000011001
110010100111
000100110001
001110111110
110000110100
111101101101
000011010001
010001110101
101000101110
011000001100
010111010111
110101011110
011011010000
101010011011
010010100111
110111001000
110000001101
110111100000
100110101110
001001100110
001100100100
010001001110
011011001011
111110000101
010111011010
001110001100
001001010010
000011000110
100010111111
100001110100
101110111011
111011100110
001101010110
111101000100
011111010110
101011000100
101101111101
010010111001
001101011001
000001101000
110000010111
101000011010
000011100000
110011100110
010101010001
100010100101
001111101110
100110111000
010010101010
010111101001
101100010111
101010011001
010011111101
110111010101
011111001110
101001101010
100001000010
101010011001
001101110000
110110111111
001100010010
111010000001
111100100011
001110100111
111010000110
000100110101
100111111110
000001110000
110101100000
101000111110
011010111000
001001001001
011111111100
100011011011
101111111000
011011010001
111011101001
011001101001
001110111111
011101000101
111100011000
111110000110
001100111010
001110000101
101000001000
110110100010
110000010011
101111100010
001001111100
001001011010
100110101101
011110110110
000110101101
000101101111
111100110010
000100010001
001000110100
100010010111
010001111110
001001011011
111110011110
010010100110
101101101100
010111111010
000000110101
110100011010
000000010111
101000001110
100101110001
010000000101
110100010101
100110010010
110111010011
000001011110
000111100111
110110010011
000011110001
111001110110
000001000000
101011001111
101110101001
000100000011
101110110111
101011001011
100101011101
011100000100
011100001101
101000111011
000011101011
010111110100
000111010000
011010110100
101000101000
111000101001
011011011011
111011011011
100111000101
011000011000
000101101010
100001111110
010001111111
001011000101
111001010100
010110100111
001110101101
000000111001
000010010111
111001011110
010001011001
011010101011
111100010001
001100011010
011111110001
101011011010
001110010101
110000001011
101011100110
101110011010
111000100010
111110001100
101100100100
110101001011
010000010110
111101011001
101110010010
100101001010
111100101001
100100010011
000100110010
001100000100
101001011011
011111011011
000100010111
110111111100
110111101101
001110110000
001101000111
000000100011
100100100110
110110110100
010110101110
010000111000
010101000100
001100110011
001011001101
010110011001
011011011010
000011100101
110111110001
001101110101
011100100100
110001011000
110101100010
111110001000
110000001100
111100101110
110111010001
100010110111
010010000100
101111000101
011000111101
111011101001
100010111011
001110010101
010100001111
111010011110
111110011101
101100010011
001101001101
100000001111
101100011011
010100100010
110111001110
110101111011
000000100010
000110001100
100110111010
100011110110
101011101001
111110000011
010101010000
101000000101
101101100000
011001100000
100111000111
010100101100
001100111100
110001111011
011000110000
010100111001
010001010110
001110000001
110010011110
001010000010
010100001100
011100111100
011011001011
011100111110
011000000000
100000111110
001010001010
100011001100
000110001100
110110000000
101000011000
101111001000
010100110000
111101111011
001101101101
010010010000
101001111001
111000010001
100000110000
100011101101
010111001001
000001000100
100000001110
001110001101
101110010111
101101111111
110110110010
001000110101
100100010110
110110100110
001100101000
011100011000
010110111001
110100101101
111101110001
111011000000
111110010111
010001100001
100101010000
101110110010
001111011111
110001100001
010011101111
011001101101
101101011000
010001001000
011001011011
101101000001
100100011000
001111111000
001111111110
010111110011
101100110111
010001101001
000101100100
001111110011
110001110101
100010101000
111111010011
001011100110
000001001100
001011101000
001111100001
011110001001
100011101011
110011110100
110110110100
001011101111
101001000100
010110100010
110110110101
000100010001
000011010110
010111111111
101010000001
111101011110
000101000100
101110101101
101101000011
010000010001
100000001000
100001100011
101111111101
110101111010
111011001110
011001110011
110001111101
011111001000
110110101011
100011010110
010111101011
111001110011
110100111110
111000011100
011000101001
010100000100
111101011001
000010011011
001011101111
110110010100
000101000011
111010111001
100101011110
001100011100
001000101110
111111000001
001001000101
010110001011
010000000101
011011001010
011001011011
000100101110
111010010010
110100101101
010110010001
000010011100
001111110101
110010011100
000101101010
110110001010
000100010011
011111000000
010011000000
011111001000
010101000100
010110100011
010110010110
010110000010
011001011111
101111000001
011101111111
111100111010
110100101110
001011000101
100110111010
111011111101
110110111110
011001101110
001010101111
011101111000
100100010011
010000101011
011010000010
000011000111
000110100110
100010101101
011001000000
111000001010
101101100011
001010001000
000000101011
100011011111
100111110001
011011011011
001100100001
000100000000
000100000111
100001101010
101100100001
111101110011
111011100101
000010010111
001011110111
111010011011
010111100010
010111111100
000000100011
000001101010
000101010001
001100010100
001100101001
110011001110
101111101100
010000101111
111010111010
111011011001
110111111111
101100001111
000111010010
100110101000
000000011100
010010101100
001010000011
011100000110
010000100111
110100010111
101001011111
111100111011
111001001001
101100000010
010110000010
010010101101
000010001111
100110111011
111110110010
111010100000
010111011110
110111101110
110010101011
010010011111
110001101101
000101001100
011001100110
010001001000
101011110011
101011011111
110100110110
101100110000
011011100110
110011001111
100111011101
001010000101
011011110101
000011110111
000101110010
000000100100
101101111001
011001101110
111100100101
011001011100
101010100011
010101101100
011000110100
101000000011
110111011010
101100100101
111010100001
001011111110
011111110000
011111000110
000010100000
111111000010
001101010111
011110000110
101110000110
010111110111
000001001011
100001001001
011110100011
000101100111
010101000010
001100011000
101010111011
000111011000
100001100000
111011110100
110101111000
001001110001
110101100100
111101110000
110001010100
100101000110
100111100111
010110110110
100111010111
100100110101
011110011000
111010111000
011011111001
111101101111
110101011011
001101001001
001111001111
100010100010
000011000011
101001000010
011011101010
111101111111
010011110011
100101111001
110101100011
001000001111
101100111110
100011100110
010001101110
100010110001
101110110011
010001101001
011010100101
011110110011
100110110000
010000010000
010010011111
011001010111
000101011101
110100000101
001101101101
110000000100
100100110101
001100110111
100001111111
100100101000
000100101110
110110010110
100010010100
011001110100
111010010001
100100100000
101001001100
001010011101
011101010010
001010001010
111000101110
001011110010
011101000100
010101110101
010000110110
011101010100
001010000110
110001010110
100011010110
010110111001
011001100011
011010111011
000000000110
001101000100
110011110000
001010010101
011010000010
001110111000
000011001110
111011110110
110111000001
101011110001
000111110011
001100111101
011000101101
011111000111
011101101101
111011100111
110011000110
000011110000
110000111010
110110100010
010011000011
010010110101
101010100010
010010101111
100110111110
100100000011
100001110010
010010011110
100000011110
100001010011
011000111011
101010110111
111101010101
011001001100
001001000110
101110101000
001110000111
011000001110
001100011100
111101001011
110001101110
011001110100
110110010000
101111010101
011101110000
111101001101
100100110000
111101111010
000100000001
010111010000
101010111001
111010110001
101000101100
110001100101
010010000001
111110001110
010001100100
011001101000
010101111111
100011010110
110001001111
001111010110
100111110010
001001101001
011101111101
001101001111
010111100000
010100010010
101111110010
101000101001
101101111110
101011001011
001011011100
100011001100
000011001100
101011010010
000110010010
100001001010
011011010100
011010110100
000001111100
100001011011
100110000101
101101100000
001100010101
101110110101
101110010011
011111011000
011001001101
011111110101
001100000101
011000010010
101100000101
110101110001
011101011101
010100001101
101111010010
000011111111
100110110100
000100110001
101011011000
100111011110
000001001111
010111110010
000001011100
010101010001
100101101001
010100011000
010100111111
010011011100
001000111100
011110010111
110011110110
011000000101
000111111000
100101011111
010110001000
010000100110
111000101010
111100000111
001010001010
101011001101
011010011011
110101111100
101110111110
111000001000
000000000101
011110000110
100101101011
011111101101
001010110101
100011010010
110011110000
100111110100
010010010011
100101110000
010010001011
010101010110
101001001101
101011011000
101000011000
100111101101
011010000111
000101011100
010011011111
000101111101
011001110111
000001101000
110011001011
111001111000
100110001101
110010000010
101001010101
001010001110
110110100110
111011100011
001101010110
001101111110
100100011001
101010000000
001101110001
001010111110
010010100001
011011000000
110100010001
101110110111
100011010011
001010000101
011001011100
000101001011
010001010010
011010011110
100010000010
110100100001
110101111011
100101010010
100000001101
010100011000
101101100110
010000011001
111101001001
101011011011
010001000110
100101001100
110010111101
000011111011
111001111101
111010110010
100011000111
011101110110
100010101110
110101000111
001110001101
000010010101
100110110011
010101001011
110101101011
010010110100
000100001111
101101010110
001010100011
001111001000
010001110010
101010010100
011000011010
000011111100
101111100111
001000101111
111011010101
000010110000
101011111001
011001111100
100000000111
000010101010
111010110010
000110011110
000010001010
000011100101
000001011101
010111100110
000000111101
111000111000
101110001001
010000100011
000011111010
110000001000
001111000000
111100010010
010011101001
100010101100
100110000010
001101111001
010010101010
011001000001
001101010101
100100101001
100111011011
010001101110
111010101101
101111011110
111110110100
011100011000
101101010100
111011110011
001111111101
111000000111
010100011111
010101011000
001000010000
100100001011
111010011110
011100101100
011010101101
001000110101
101110010011
011110010100
011111110101
110101010101
111100001111
011000101110
010101011110
010000011010
101110011011
110010011110
010100111111
100110110010
101000110110
111010101101
100010101010
101110101000
001100000011
101001110000
110011010100
001110011001
110010000001
100111000110
101001000111
010000111111
111100101111
110111010000
000100101000
000001011011
001010000010
100101100010
100000001101
100001011011
001110110010
000001010010
001000100101
001011001111
001101101011
000101101000
110000100101
011110001111
111100000100
000101000100
010111000010
000000111111
011101010110
000100100101
101011101010
010111000000
011000110110
110110010111
000111000111
000101000001
100100101010
010000001011
000001010101
111101111100
111100011110
010110111100
110110110111
001010100111
111000000111
111000001001
111101101011
001100001001
011101010000
100011100101
010110101100
000010111011
111000001111
110010100010
011100001100
010011010001
000010101000
101010001110
000101100011
110110111111
110101101110
100001010000
101111101111
001110101001
001110100011
011011110111
111000001110
001110010010
110001001111
010011111110
011110101100
000101001100
111110000100
110011000110
011001010110
110100010011
001110110110
001101110011
110010101001
010010111100
110111101110
111011111100
100111010111
101111100111
010101001011
111111001100
101101001100
011100110100
110010100000
001100100011
011001011100
111000000100
000010011100
010011011010
001100110010
101101001101
111010110010
011100010110
011010111111
001101110111
111001110010
011111110001
011011100000
010000011101
001111001010
001011011010
111000111101
000110111010
000100101101
110111111011
011101110111
110010111110
011100001110
101100111101
000101110011
010010100110
000010110010
101100110111
010001001000
100100110110
011111001001
100000101100
000100010010
101110101110
101111010110
110011111011
010111011111
001000010000
000111100100
011101111101
110110010111
100110010000
100111001110
111011001011
000010000101
111010010110
010011011100
001010000100
101000111101
101011100010
001100111010
111100010100
011100101101
000101110111
101110111111
000111001101
001010000011
010010110011
011000000110
011111101100
111101001111
010011111010
001011100011
111001010000
110111100001
101110100001
011111101010
111101101010
011100001100
110011011010
100011001111
011010110010
111100110010
011110000001
001101001011
111110010010
101110101011
000001111010
011001000100
000000101001
101010011011
001110010111
111101011000
100010100111
001100111011
000100010000
000011110100
011101110010
010000001100
110010010000
001000000111
100110101001
110010110100
011111101010
101011100011
110001101111
000111111001
000111100001
001011010001
011110010010
110100101011
001101101111
001010111101
101010001010
100110000010
111100110000
011101100010
001011111010
010110000110
100100001100
101001010111
010100011111
001111011110
011111110010
010001110011
000000100111
001100001110
000011101010
011101011111
011110111001
000010110100
111100010010
101001001011
000010000101
101101011100
001011111011
011000000111
100110100001
110100000100
001010011101
000110100110
001010110010
100101001100
100111101111
100111100110
000011011100
011000011001
100000110110
010111000110
011010111001
110101101101
101100111011
110110110101
110010101000
001011010011
110011000011
000111111100
100011011101
001111000111
101001111101
000010011010
001100010100
000001111111
110011011111
001111000100
110111011111
111100011011
011001000011
010010111010
101001100011
101111000010
000111100001
010101010010
001111010000
100001001101
000010011011
000011001001
111100101011
110111100011
100111110001
000110111101
100001001010
101111000001
100111100111
001101101111
101000010111
011010001001
010110010001
001010010110
010011111011
010111011100
011100111100
000111010010
101000101111
000011110101
000110010111
011111011110
110100001011
011011000010
100010100110
001000101101
101100010111
100100101100
011101001111
010000000100
010100011110
100111111000
010011110001
111101101010
100111011110
010001000100
000101100000
101000001100
101100101100
110001001110
111100100011
111100011101
111100111001
101100000111
000001101011
011001011010
001100000011
001100111000
000100000010
011001011001
110100111110
000111101001
000101111001
101110101111
110010000101
101101000100
111010100010
010111100000
000000000111
010111100000
100111100010
010111000011
011110001010
011010101110
011010111110
100110100110
010100010111
100001001000
100000010110
100110010110
111111000111
010100010110
101110000011
001010010111
110101100101
001011100010
011000110010
111111011110
100000110011
001101011101
101001011000
110100011011
010101100101
110111000000
100011101101
000100110011
001011110010
111000000111
100000010010
001011101110
100101010010
100101111111
111000110111
011101000011
100100110101
010110010111
101000111111
001101110110
010100000010
001110100010
010010011011
000001111111
100001001001
010101100110
011010110011
110111000001
111100001000
101000100111
101000111001
111100101100
110011101001
001011011100
011010001001
000010010010
000111110000
010001001100
101001111001
000011011101
110011000010
101111001101
011011011110
001101001011
101001100111
110011111100
010010111011
011001001000
100100001100
111110100100
001111000010
010010001110
010101100110
101100010101
101011011111
000110100010
010101101000
000011010000
101010110101
010101000011
110011010101
011101010011
001100110101
000101100000
000000000110
010101110000
000010110011
111000001101
111100001000
011101100111
011001110000
110100011010
001010100000
001011010110
111100111110
011001100000
101101110110
100010011001
100110011101
010011010111
110010010100
011011010111
011001110000
111000111111
110000010100
001100111111
011111111101
001011111111
100010010010
101000100010
100111010111
110100101010
110011100010
000101000111
100001101100
010100100110
101000010101
011101101010
100000111100
011011110101
001111010001
100110001011
001111010001
100100001110
011100010110
000100101010
111111010010
110100101011
010010001111
110011111011
110011001101
Time = 0.123s
