n = 12, k = 1, l = 11, m = 60
Expect Resample Times = 1.09251
Result:
110111111111
111111111011
111111101111
111111111111
011111111111
111110111111
111111111110
111111111011
111011111111
110111111111
111111111111
111011111111
111110111111
110111111111
101111111111
111111101111
110111111111
111111110111
111111011111
111111111110
111110111111
111111111110
111111101111
111111111111
011111111111
111111011111
111111111011
011111111111
111111111111
111111101111
011111111111
111011111111
101111111111
111111111011
110111111111
110111111111
101111111111
111101111111
011111111111
111111011111
111111111011
110111111111
111111111111
111110111111
111111111111
101111111111
111111111110
111110111111
111111111101
111111111111
111111111011
110111111111
111111111101
111110111111
111011111111
111111110111
111111110111
111111111111
110111111111
011111111111
Time = 0s
