n = 17, k = 4, l = 4, m = 358
Expect Resample Times = 0.41643
Result:
10001101111001011
10011011011011011
01101011000010011
11100110110010001
10100001001111010
11101010110010000
01010000101000100
01001011000011111
01100111111110100
11011011000001010
01000111010111001
01001100101100110
00110011000000111
00111011000101101
00010000001101001
00111111010100000
00001011011011000
11001101011011001
11110101111111010
11111000010111100
01000001101011100
01011110100111010
00011100010100101
10110111100011001
11111011110000110
11100000011100111
11010010001010101
00011000010101111
10101110110010101
01011010010000101
01001110110010001
01001000101110100
01100101011000001
10001100001101011
10001000010100110
11010000101111000
10101011110100000
10101000011011001
00011100000110011
01000011001010010
11111010110110000
11111001110100010
00111001110000010
10100001011110000
01000101110101010
00000110110011111
00011010101010100
01000001110001110
00011000011001111
01100101101100100
00110001001111110
11111110101110101
01101111011100010
10100000010110011
01000111000101110
11001110001010111
00101000100111100
01011111011000111
00110111011100011
00010111011111111
01110011100110001
01100101100001010
11000101000010010
11101010101100111
11100001010000101
00111010101011110
10001100010000110
10100100111011101
00010110010001101
01011011111010100
11100100100011001
10011100110010001
00011110001001100
01010110001000111
11111001011010001
11101011011101011
00010000001000110
01000100101101011
10110111000011101
11100011010001010
00110101000001101
01011010101010001
00100001100111010
00111101001001000
10001001011111000
01010101000111101
00101001011011011
01111001101011100
01011100100010110
11011110000001111
11011111101011000
10101100101011000
01000011001011100
00010001000100110
00011001110001101
00001000101110101
00001011100011001
01000111010110111
11000010011111010
10000010010110101
00110010011011111
00111111000001111
11010011100010101
01010010100111000
01110011011000000
10100100000110000
10101101010101000
11101010101011100
01101011100010111
11001011011011011
00001001111101110
10110011111110110
11000100101011010
11001011100111001
00010011111011001
11000011111110110
01100100101001101
10001011010000100
11000110100011110
00100001100101000
10100010111011101
11001001001000100
10001010011100111
01101000010110111
01001010101101011
11001111111100000
01101100000101010
11110101100001000
00101000101011110
10001010100100010
01100100000011001
01101001000000100
01011010100010110
01010110100111001
00010101011100011
10011101001110110
00110011101001101
01010100010000001
01110101010110100
01011001101010110
10000000101010011
10011110110001100
00111010100011010
01001000011110010
10011100111110001
00011000101101001
01100111011101000
01101000111000010
01111100000101111
11001101111101011
11100001101001011
11010001110010111
11110101010011000
11110111001110100
01110111100100000
00001000010011001
10101100000100000
00001011000011111
10110110100001100
01001010100111100
01100011010101010
01001111000111011
00100011111100100
10110010110010100
10101110101011110
10011111110000110
10111001111110110
11001101001001011
10100101111011001
00111001111000111
10101000101000100
00101000101010100
01000110011100000
01011111111011011
11110101000111111
00100111011010110
10100010111111011
00001011001100110
00001110011011000
11001110110110000
00101111001111000
11101100110101010
00000110010101001
01110111010101010
10000101101011111
11001100111111110
11101111001110000
11101001000101110
11001111010110000
00100000101100101
11001001110010011
00101001001010000
10110001001011011
00010101000100010
00000101011110010
01110110111111001
10001011111011011
00111010001101000
00001110110010010
11111010100111000
01110010100001100
01101101111001010
01010011000101111
10011000011111110
01100010110010100
11110101110110110
11110010101010001
01110000110000011
00101101011000000
00111001110100011
01011000010010101
11111001101100010
11011110111111010
01010101010011101
11001110111111011
11010110110101110
11010011111001100
11111110111101000
00100000101111001
11101000010101010
01011101110010001
11111011100101000
11111101100111011
11111001000111000
10001111001001001
00101100010101001
00100111000100101
00110010100101100
00110010011001011
11101011010101000
10101100110101001
01111101000100110
10110001011001010
01100001100100010
01011101001101011
11011000001000001
10011111001101110
10100100000010101
10000111100100111
00100000101010111
11110001001101100
00001101100000011
01000001000100110
11010110111000010
01010100110101111
00010110011001011
10000111101111011
01001010000010010
10111010001011011
10011111110101110
00000001101001010
00111101011110000
11000010111100110
10100110010010000
00001110000001000
01001011110001110
11010100011110100
10010100111010010
00111011000100000
01000110100011011
00010010011101011
01110111001011010
00011110100100000
00011110000111010
01000011011100110
01110011000011011
10010101001111100
10111001000111101
10110000101110001
00111110011010111
11000011011010000
01010010000111000
10010011110101100
01111100010011110
11111110111011000
00010010010001101
01100101100111100
01101101010110100
10000001100101111
11000100100110101
01000111100110110
11101110100110110
00010110001011010
01011101000011010
11010001010111010
11101000001001011
01111011001110010
00101000100011000
10101001110101011
00111011101110101
10011001101101101
10101110100100100
11001110011100100
01000010011100001
00010100010111110
00001001001001011
11011101111010101
11110101001001110
01110111100101011
00110111001011111
01001100001011110
10001000010111111
01100100001100111
10111010111100100
10111000101000011
00111111011010101
00100001100101000
00011001111010000
00110010101100110
01101101010010101
00001011001100101
10001001100110100
00100101011001111
11001110000110010
10101110111110011
01010010110110010
01100001000011000
10010110000110111
10101100011101001
11000101010001001
11001110111011000
11000111101010100
11111000101111101
01010000111010001
01111100000111010
01001010001011110
11100010110001101
10010101010100011
11101000001100110
10001011001110100
00001111111111000
10001110011010011
11010000010110100
10101110111011101
10001111110000111
11010001101001111
01011100010010111
01011111100010100
01010001101010110
10010101100001110
01000100111000001
00111100101101111
11011111110100001
00000110000111010
11110010011010100
01110010011011001
00010011110100111
10110010100000101
01110100110110000
01111001001111010
11110111000010100
01110001111111001
00100010001101000
00100001101011110
01101100001101010
00011000111100010
11000101010111011
11001110100100110
Time = 0.152s
