n = 10, k = 4, l = 1, m = 256
Expect Resample Times = 0.36914
Result:
1110111011
0010001010
0011110100
1100110111
1000110110
0110011001
0110100000
1011100110
1011000110
0111111001
1001101010
0010110111
0011110111
1111011001
1010111000
1010001111
1011101001
1100100100
0001100000
0000010110
1010010001
0100110010
0010011000
0100001110
1001011010
1001100101
0101011011
1111100000
0001100101
1000101111
1100100100
0011111101
1110110010
0100110000
0101010101
1110101001
1010000001
1111100000
0101011110
1011011110
1111011011
1101010001
0110101111
0110101101
0010101111
1001010111
0101011001
1011000100
1111111011
0011010010
1110110100
1010011010
0000100010
1001010011
0110011111
1001001011
0000110110
1000001010
0011100100
0001110100
1100001011
0001111010
0011100110
1000011011
1010010110
1110001111
0100001000
0001011110
0111010111
1100101100
1000111001
1001001001
0110010001
0010001011
1000001110
1011000111
1101101111
0001110010
1000101011
1100110010
0100110010
0111001101
0101010111
0111111111
0011111000
1101100111
0100011101
0010100110
0000000110
1100110111
1000110100
1000011011
1110101101
1111001111
1101010001
1000010001
0100111010
0001010100
0010001111
1110110110
1111010100
1110010101
1110001101
0011010110
0000111111
1110001101
1101111110
1100110000
1001011110
1011011000
0110000000
1000010101
1000111101
1110100000
0000100100
1100011101
0111110000
1110100000
1001000000
1110011010
0000101010
1110011010
1111100100
1101110100
0111001101
0000110110
1011101110
1110011101
1101000111
1111011101
1110001001
1010001011
0001001110
0000001111
0100000010
0011010101
0110011001
1100111001
1000111101
1011011000
0011110001
1100000001
0100100011
0001111001
0001100110
0010111110
0001110001
0010011101
1101001101
1011001111
0110010001
0111111101
0110011001
1100101010
1001100001
1100101000
0111110111
0001000001
1111000010
0011010010
0101000110
1111100100
1000001101
1000010001
1110100011
1111000100
1010010100
0010111010
0000010000
1011010001
0100101011
1111011110
0010000100
1010100111
1101010100
0110100110
1000110000
0100100101
1010010101
1110110101
1111000110
1101011101
0011011100
1011100011
0110011001
1101010111
0011101100
1100010110
0110110001
1110000011
1001110011
1000011111
1111010001
0110000011
1001111011
0111001001
1100110111
0111101010
1101000010
0001001000
1100011000
1101011010
1001011000
0010000111
0111001000
1001000000
1111110010
1011000000
0110010111
0100100010
0111000001
1101110110
1010001100
0010000100
0100011100
1010110110
0111100101
0011010101
0100110000
1110011110
0100100100
1101000100
0110101111
0000101110
1110100010
1110011010
0101011101
1001100101
1011011001
1011111100
0010101011
0111001100
1100011001
1110111110
0011011001
1010111000
0000011010
1010111110
1101011001
1001010101
1001010000
1010101001
1001111110
0101000100
0011110110
1001100100
1100000011
0111011111
0110010100
0110000001
0110111100
0110001001
0111010011
0000101101
0011001101
1010000101
Time = 0.005s
