n = 17, k = 5, l = 5, m = 852
Expect Resample Times = 0.378077
Result:
01101001011001110
01000110101110111
11101101100100010
01001011100011110
11100110000110111
11101011111111000
11100100101100101
11100001011110010
00010101100101110
01000111100010110
11101100001000001
01011011101000010
10101101011010010
10010101000010000
11000110110110010
11100110100000011
11010110101011111
10100110111011101
01110000010100111
10111100101000010
10011110000111000
01110110001101010
10100110000000100
10101000001101110
01000010011011000
00100111001101101
01010100111101000
10110111111110001
00110100011111101
00000100111011000
00110010011110010
01001000101011101
00011100000001100
11010100110010000
10000010100110000
01101000111011001
01001001001100111
10110110111000000
10011000010000011
00011100011001010
11001111001011000
11010100011010100
10000010011100000
00001100010100101
11111101001101100
10011100111000110
00011111110011100
10110101111011011
10110100011101110
11111101000101010
10000000100000111
11001001010001111
00001011011000100
01111101011101110
01001010100011000
10000010010100111
10001110100110000
10110111111101111
00011101010000111
10101101100101110
00101100010101001
10101100011101101
01111001101000011
00110000000000111
00000001110011101
10111111100011111
11010011110110100
11011110110001000
01101101001111110
10111101010110011
11000110111000111
00110100101101100
11011101101011110
11111010100111011
00110100111101000
11011011110010100
01001110100001011
00101110100001001
11111000010011001
00100000101001110
01010000100001110
10011011111101110
11011101101101111
01111001001110011
11011010110000011
10111011110101000
10000110101010110
00100001001101011
01000110101011010
11100001111010010
11101001111000000
01100110001110010
10001000010100101
11011010100011010
01111011010001010
01101011001000011
11001100001001001
01001111110010111
11010001010110111
01011001100011010
11111011100100101
11000101100011010
01010010100011111
00111010110010001
11001001111001100
10010010001001100
01100011011100010
00010011010111010
00100000101110110
11101010000110001
01001001000001101
11001110001011110
01100010111011010
10000110001100101
01001001100101110
00111010100111011
00101010100011101
00101010011110111
11011000011110000
10010000101101001
00100111010111010
11101011110110110
11011010110011010
01101100001110101
10011011111111111
00110010110110111
10010100101100000
01001000101000110
10000110010110010
11001011100100110
01010100101001101
10110000110101000
01011010001001011
00001000101100011
01001011000111111
00010111100100001
10001111011110101
01011101010000010
01011010001100010
11001000101111000
00101001010111111
01101011011000110
01010011000100110
01001000010110111
10000001110101011
01111000011101101
11110001100011001
01010111000010111
10010000100000101
01110000011110100
01111101111010011
11010001101010111
10010011111011001
00011101110111010
11100011010101010
00101110111111101
01001001111101100
01110111110101000
10000011011010000
11011011001111101
11010010010001111
00101111101000111
00101001001011101
11001100010010000
10000000011110111
00101001010100000
01010101111100011
11101100110110110
11000010010110010
01110011001101111
11101100110101000
11111010011010000
01111110110001000
10001101010011011
11101101111000110
00101100100100101
11001110111111100
10100011111001011
10000010100001111
11100011110110111
00010101100111011
10101000011100011
01010011011001011
01101101111010110
11011100011000100
11110100001010110
00100000011110011
10110100010100110
10000001001101001
10100101111001010
10101010000111010
01011000001010111
01100101110110001
11010111000111010
10111001110110001
11000110011110100
01001001111000100
10110010111001000
01000101000011111
10110000010111101
11111011110000010
11010000011001000
11111100110101000
11010001101110011
00011011011101100
01100110010001111
01100110100010000
01011000011000010
01110011101011111
00001011101101101
01111011011111000
01101101111010111
10011111100101010
11111101101100010
00100101101000000
01100001111100101
11011001101100000
10000001101100011
10100101001110110
11010001110001111
11010010101100010
11111010111101000
11010110010000111
11010100001101010
10110111101110101
01001001000110101
11000100110110011
01000010110010111
00110111110000011
00100100011010110
01001000100111000
10010001001001000
11000100001010100
00100011100000110
00010101101000111
01000001001111001
00110101111011001
10000010110001111
11001000111100011
00100001010011011
11010010010100010
10011111000100010
01011011110001101
11010111101110110
00010100001101101
00110111101110111
10110011110010011
10000011111010100
11011110110110110
00100110100101100
01001110000011101
01100100101101000
01100101100010101
00111110110110010
01100000001010101
01001111111111100
10111101011000100
00010101001000101
01110111001010111
01110001111010101
00000110001000011
11010010110100011
11100011011001000
01100000010111011
00000111011000110
11101100100001110
00110111000000101
00001010001011111
11000100001001110
01000111000110000
11110101101010100
01111010110110011
11000111011010010
01111001101111100
00001100000010111
01111110101011101
11101000110011010
11110110011111100
01000110111111100
01011100011001111
01010010010011110
11111010011000010
11100011000100011
10111100011010010
11101011110001010
11000110101000011
10101001100100010
01001111001011011
00101100110000100
01011111010100101
01011010011001110
10100001010111100
01010111001001100
01111101010001100
01101101110010001
00110000110101010
11111010110010110
10101011000111000
01101100100010000
10011000110001000
01111101100001000
10111000111110111
11100101010001110
01110111111110010
01011000000101100
00010000111001001
11101100001111001
00110011001010101
01100101111001111
11110011010011111
00000010010111001
11110010110111011
01100111100010110
01111010100011101
01000110100100011
10110001101100001
10001011100001111
10010100000001011
01011110001010011
01001001001010110
10000100000001110
10100010111111011
01101100011101001
01011101111010000
10001010011000110
01111010000100110
10010101000010010
11011101111001010
00001011011011111
10001000000111111
00000111010000100
01111101001011100
10001001010100111
11110001110010010
01101101111000111
11001101001110000
11110001111000110
00101110000011000
00101101000011011
10110101001110110
01001111000101011
10110010000100011
00011111001000111
10001011010101010
10101000000011011
10000100001101011
01010111010000011
11110101111010110
10010001001011001
10010000010110101
11011011001011110
01010011000001111
01010111110000010
01000000000110101
11100010101101000
10110010000011100
00000010011111110
10111011110101110
11000011010111001
00101101111110010
10111110111010001
11101000100101000
11001101010111100
00101111011100001
10111001011000010
11000101100000111
10000110100101010
01000111001100111
11101100111100111
00111111010011000
11101001111110000
00010000010011111
11000010001010010
11011001111100101
10101001100000101
01011110010101010
01010101011101000
11011110110001010
00110101110000011
01000010111110111
11011110010101111
10111101101100110
01000111000000001
11111001111101000
00011010100000100
00100011100010101
10011101001110101
00101011100100000
10110010100100000
00111011111011101
10001010111111001
01101000010000001
11101100010000100
11001001011011001
10100111111111100
00011110100100011
10110000000111000
01111000111110111
10111001111000000
10111110110010010
01110000101100001
10111110110110010
11101100001101101
01010000111110001
11101101011111000
11001010011100011
11101101100110111
11001110010011001
01100111110111111
10110101010011000
00101010100110100
00000000101111101
01101101110000101
00101111000101010
11110000011111111
00001000010101111
11101101010110001
11110010000011000
11100110000110011
01101000101111100
10110110011011111
11101001000000000
11101101100100101
11100111101101101
01100101101101100
01111111110011100
10110011100001000
11100111000000100
00000100110100101
11100101011111101
00001011110111001
00010100001000111
10010101010100101
11010110111000000
11010101110000001
01110011111000111
10100110001011111
01101001101000001
00101010010011110
00010100100111101
01011101001000001
11000010101001111
11100110000010011
01010100000110001
01101110100111100
00110110000101001
11100011111011010
00100010001001100
11000100011001111
01010010100000110
10010001100111100
00110110011011110
00110100011010110
10000111001011011
11111011111001101
00111110101011001
01011101010100000
10010000101110000
10011100110010010
10001011101110100
10000000000011011
10111000001001000
00110000110110001
00010110111111111
10010001011010011
11100100011110001
11100101001111100
01010101001000011
10010000110010001
11111101011000001
01100011100001000
01110001110011101
00100001010000101
10100010110011010
00000101001010011
10010110011000010
11100000101111001
10000000111110100
01011000100110111
11100111011100011
11100101011100111
01001010010100101
00111010011110111
00101110101100101
10001011001111100
11110010010000001
00011110101111110
10111011000010110
11101101010100000
10111101101000011
10010001001101011
01001001101010110
01000011001111110
11011011110110011
00000111000101010
01111100111000000
11010110000101011
00001001001010110
11000110000100001
11100110010011101
00100100010110111
11100011111100111
00110101010111011
00100000011001001
01110010111010111
00100111101000100
00110010000000011
11011011100101011
10111101010000100
01111101001110111
01001110111000000
00111000111110001
00011101001111110
01001011000111011
01001101110110010
00001010001010111
01101101110110001
01000100100011101
11111100111110110
00011101001001011
11101010011010100
01100010010000101
01010000011000101
11011101110010100
10111000000101110
11101111111011111
11010111001101000
01111001100111010
00101011110100111
11010001100011000
00011101101001000
01111011011011011
11000011110111011
10010011100110101
11010010000111000
11100101101111100
00011110110100111
00001000000101011
01101010010011101
00101101101110111
11000101100011101
00111000011110100
01001100111001101
11001111010010011
11101010101111001
11110001000111101
11000010111010100
00011100010001100
00001100000100111
10000010000011110
01000001110101011
11111111110011010
00001110111101001
10001011010010111
00111000010011001
11100001101111111
00110111011100000
01010011110000001
11111101101111110
00100110101110100
00100001110000010
01110100100111010
11110000001100000
01010111010011000
01101010011000110
01001101000000110
11101010000001100
11100000110110101
10111100010001011
10111001000010010
11100001010111100
10001010110010001
10101110110111101
10101000100001001
10000100010001100
11111101101000101
11110001001001111
01110111111100001
10000110010011101
11001001110101101
01010010011100010
01001010101010010
10010101110010000
10011000011010011
00001100101110100
01100010001001001
11101010010100000
00011100110111011
10001101101101101
00110011100011010
00001001111001001
01010011111001101
01111010100100001
01101010000001000
00010011001011000
00001101000010100
01111111001011101
01101000011100111
01110010100100011
00011101110001010
10110101100011011
01000010100111000
10110000001000100
10101010001101000
11001100101110110
00000101110001111
11100100100010110
00011111101101001
01010101000010111
00101011000001111
10010011111001010
10111000010011100
00101000111011101
00111000110011011
00001001000011100
01110111111010011
01001111111100111
00011001100100000
10010000001011011
01110001110100101
11000011010001101
00111010011000000
01111000110001000
11101011110011100
11011100001101101
11011101011110100
10001010110011101
00110101010000101
01011111101100101
00011010010110111
11000010010100110
11010010011101000
10010111001111111
01100101000110101
10000101000100100
11111001101010110
11001100011110011
10001011000101110
01010110010000010
01100110010010110
11001010010110110
11010110110001110
00011100100001110
10000010111111011
00110000110101000
10111011001010010
01000101100010101
01101101100111000
11101101000101010
10110001000111001
00001000010110111
10011011101001000
11111111010110101
11101010110000000
10101100000100100
11000110001010011
10000100111100010
10111101101011011
10111110100011010
10110010001000011
00011100111100110
01000101100001110
01111111100011011
10011001101100101
10011011101010110
01100111011100000
10001011000110001
00011111011011111
01011100010010110
11011111101000011
11001010001100100
00010000011101110
01111100101011101
01101110100111110
10011111011001000
01111110101101111
00011011100110110
00000101010110001
00111100010011001
01000010000011010
10100111011010010
00001110110010010
00100001111100110
01000000011101100
10110111000101001
00010001100010010
01110011001000100
01011000000100111
00011011101010111
01101000101101111
01100001011101100
10110110000101000
01010000101010100
00000101101100001
10000000110111010
11100010010011001
01111111011000111
00111010001110010
01111110110110100
11000111010011000
10011001101100101
11011001101001011
11011000101000010
01010010100101110
00011001011000000
01000111000111001
11100100100111011
11010111101110010
11000111100110110
00000111000110001
11100101000100110
10001000100110011
01110111010000000
11010001110101100
10010010110011001
10110000110100011
00101011100110111
10101100001001000
00011101111011110
11100110100010101
00100101011111000
00100101010111011
01111110011000101
10001110001000100
11101001010100110
10001010100111011
00000000110101111
01100110100110000
10101101111110001
11010001100000011
00011110011001010
00110111010100001
10010111111100100
10111110111000010
01010100010101101
00110110001000010
11101011000101101
01000111100001101
01100001101011000
01100011101011011
10011010100100000
10010000011101100
10111110001111100
00001101011001111
11011111011000010
01110010110101110
11010100101010111
01101010111111110
01001100101000111
11101100011110011
11011011010011110
01010110011110101
11100001001010100
10110010000111001
00100010101000001
00101101001110111
10111101001011011
01000011110000111
01001111111010011
00010010010001110
11101001100110001
01000000111111011
00101101101001111
11111110101101001
11000100111001110
10000011110011110
11000011100001011
11110000001011111
01010000111101100
01001001111101110
01101110111000001
01011101110110000
10011100111100010
10110011001110101
00100000010111011
01111000111101010
10011101001001111
01010110001011011
00101101110011100
10001101110000100
10111101110110101
10101010010100000
10001111101000100
01100100100001111
00110111000010100
01010010001000111
01000100011101100
10011010000010110
11111110010101010
10101010100111100
11010010011011101
11011100011100000
00100101111011111
11011111010101111
00111011111010011
00100110000011111
00010111010110011
00111000111001010
01100011111101101
11111010100100001
00101011110111100
11100110000100010
01100011100000010
11110100000010011
01100110000000110
00111110110000010
10110001011001110
11001101000110000
10101010100011001
00110100010000111
10001101000100110
01110111111100010
11100000100001100
10001111101001100
10110110110001101
10101010000101111
10010000010100011
10110011101110010
10101100110111001
11011111100111110
11110111001001110
11001111011110110
11001000110001101
10110111100011000
11010010100110001
11011111101110100
01111100110111011
01001001101011101
11000100011100000
01111000010111010
00010110000110110
01100100010001100
10000010111010011
11111111111010010
01010000111110011
10011010000111110
00010001100100011
10110011000100011
11010011101010000
10100001111111111
01100101010011000
00110110011100101
01011110001001100
01010100000111000
01000110100101111
11110110010010000
00001010011110111
10110110101101010
11101101001111100
01110100001000000
10101011001000100
10000011000001111
Time = 0.767s
