n = 9, k = 7, l = 1, m = 1346
Expect Resample Times = 0.369111
Result:
111000110
110000100
111111100
010001100
100110011
110100010
001000100
101111000
001101010
100111110
010111101
011100000
011010000
100011100
110000100
101111110
100010100
001101100
001000100
101010101
101001110
000110010
100111101
110011010
110111100
000001111
110001110
001111010
111100111
101101111
101001101
000101010
100010110
010010010
110000010
101001101
011110110
111110100
010101011
101111011
110100100
100111010
011100001
001110111
100100001
001011111
001010010
000111010
001010011
101111001
110101001
101011000
011001110
011101010
001011010
001011110
111101110
100100011
000101000
011010111
110101010
101100000
110111000
111110100
101101000
100101111
011011010
101100101
111011000
101111001
011011111
000100100
101011011
100110100
101100011
101111100
010000100
000111011
100010111
110111101
101000111
011000110
001110111
110001001
111110111
100000110
011111101
010000011
111001111
010001000
110111000
111110010
111001011
100100010
110011110
011000000
010100010
101101000
101011110
111101110
111101100
110101011
111111010
111010111
111011100
000001111
011101111
100100111
100000011
110101000
100110010
100001010
100011101
001110111
001011011
010111001
011110101
100011001
011001001
001011110
101000110
001011111
101000001
001001001
000101111
001101000
000101110
110010111
101100011
111111011
110010100
110011010
000100010
000001001
011011001
001011110
000011111
001100111
000000101
001000010
011100010
111100011
111111000
110010011
010111010
010000011
100011100
010000001
001111110
100011000
110101111
000111001
001110101
010101111
101101100
010110011
001110000
111000010
110010111
101000101
100011011
001000111
011110111
000000111
100101101
001001110
110010000
010011010
100110010
000001101
111011111
100001010
101111000
011111111
011101110
001110010
101100001
101101100
101101001
011110110
010010010
111011000
101110101
111111100
010010010
101111111
011000101
000000110
000000110
011100110
101010000
100000011
111101101
110100110
000100000
000111010
001111101
001011000
110110011
011101000
010110100
101011001
111100000
110010010
001010000
111101000
011110001
101010011
001100010
110010101
100100001
100101101
010111001
111001000
110101110
011011011
100000000
101010110
111101010
101101110
010110101
001011111
111001100
010101100
101010101
010110011
110101000
100000011
010101110
010000110
100111110
011101000
110001011
001010111
000000100
001001001
011000111
110011111
000011011
010000100
011010000
111100000
010011011
000011111
100011001
011010001
110101101
100001001
001110110
110111101
011100111
110010011
010011101
010001101
111100110
101001110
101000011
111011010
011111001
011010001
100011000
110000100
011101100
110111111
000100011
000100101
101001010
001000111
110010110
011111001
011001000
001110001
101000110
000100101
100010011
110111010
001010100
101101000
101000110
110001001
010100101
001101101
110001110
000011001
001111101
001001100
010110110
110101100
010110101
011000000
010100000
101100011
010010010
101011100
100000101
100011101
100111101
001001000
101001010
001101011
111100010
001001010
100011001
101011010
000010001
000000100
110001011
110001100
011010111
100011011
001010010
011100011
010000101
110011000
010001110
101111100
111010110
101010011
101110100
101001011
110010001
100101111
001100001
110010111
010110101
101000001
100110101
100111110
001111111
000110011
101111100
001111111
000101111
011011101
111111110
110001111
101100101
111100000
001000000
001110011
110010101
001110111
111111111
010001001
111110010
011101010
111100001
001101111
101010101
101111001
000110010
101111000
101001000
101111101
100010011
000000111
110000001
100111001
101110111
000011101
111100010
011001011
001011011
011111110
100011101
010000101
110011100
111100101
110101011
011000001
000101000
010000011
101001000
111011100
000011011
111101101
110001111
001100100
111111010
010000110
011011111
101100001
110011001
110101001
101000111
011001000
010010001
001010010
110000110
010000110
101100000
101001111
000001100
101000111
000110000
111110110
011011010
101110001
010000100
110101000
001010000
111010101
011000110
010110111
001111111
010011010
100111100
101100100
100110000
000100101
011000110
101100011
000000001
100010100
100110110
100110111
100010001
001111100
110011000
111110000
110001001
000001000
100010101
010101011
011110111
111001110
100010110
111110110
110101100
001001111
000111011
011111110
101100100
100110111
000111010
001000100
100000010
101001101
010000101
001011100
101100111
001000110
111011000
100111100
011110111
011011100
010011001
000010001
111110110
001101000
101011111
001110101
000101111
110100110
001010010
001111101
111010101
011000100
001011001
100001110
011110111
100000100
110011010
010101011
101001000
101101001
111111101
101000100
000010100
110001101
100000111
101010111
110000111
001001110
001100101
011001011
100101111
010111011
111001100
111100110
000001111
111001010
001100001
001011011
111111011
010111111
101111111
110001111
010101011
110101100
110110000
010111000
110001010
010001000
110110111
110100100
110000101
111001010
001111011
001101010
110100101
100101010
011111010
111111101
000001100
101000001
000110100
011111000
110000011
100000001
001111111
011001101
101011000
100010110
111101101
111101111
100000001
000110011
010110000
011110111
101111010
101001011
000000001
110101101
101111111
010001100
101101000
011010111
000111010
010000000
001011001
101001010
011011110
100010011
010111010
101101011
110010011
010110001
001001100
110011001
101000011
011000111
001001101
000011100
110100101
001100001
000110100
111101011
101100111
100010100
101110001
011010000
100110110
100000111
100110010
011110110
100000011
110101101
100111000
011001111
001001000
110000010
010011010
010011110
010011000
100010011
110101011
110111110
100000100
101011011
111100011
110100111
000111011
000110000
111011000
100001000
101000100
001110110
011111110
100101111
001010001
000110011
001000100
111000001
101110001
111101101
001101001
110110011
000011111
101000011
010110100
000001001
001010000
010011100
110010110
100001011
100011001
100111010
100000000
000100001
101000000
011010111
001101100
000010101
001111100
110010010
111000111
100101110
110111110
011110110
010100111
101010111
101100000
110000001
010001010
110010010
110110010
100011100
111001011
111100100
001111110
001001110
010110011
100110111
010111100
001101101
011000000
101010010
010010100
100001100
000010100
101001001
000000110
111001110
010001010
000100100
101111100
100000100
100100111
101101001
001111010
110011011
101101110
010000111
000101011
001000110
001111001
110001101
001100011
111001011
100010101
100010011
010011001
011000010
100010110
100010000
001010011
011100110
110010111
010001001
111110001
110001010
100110000
110101101
101111111
100010111
110110101
111001001
000100100
010000000
110011000
101001110
111000110
000101101
100111110
000011001
011010010
000110010
101000110
010000100
010110111
000101001
111000010
011000000
101010010
010111110
101001001
110011000
111011010
100001100
000001110
000000011
000111010
001100110
101010101
001000010
110011100
110001100
100010110
111100110
011010100
001011001
000100010
111000001
010010011
010100100
011110000
100000001
000001111
110000000
100101001
001001101
110001011
010101011
011100000
110111101
010010101
101111101
110110111
100100001
011001101
010100000
001100110
011111011
111010000
100011100
101110111
010110000
110111100
100110101
011001101
000100001
101111110
010100010
101111101
111100110
111101110
101000011
010010110
010110111
110101000
010100011
110000011
001111001
100001000
000100100
000111001
111101110
100101100
000010100
110010111
011010100
010100100
010111110
100101011
000000010
110011111
111011101
100011001
100010101
010011111
001000001
000011001
000101111
000111101
010011001
010100110
100110010
100000100
100011101
000100111
011101000
100010001
111011111
011101111
011101101
000110111
101000010
001011000
011100001
010001111
011000111
110110001
111011110
101011011
111111010
010110011
001111111
001110011
100011101
000001101
000100000
101110100
101010010
110010011
110101111
011100011
001010100
010100000
001001100
111010010
101111010
101011010
010100010
100101000
011100010
111011111
010010101
000010101
010010010
010111000
100011101
100110110
011011111
011000001
010010111
101010010
110001111
001111010
110001001
011111001
011001011
011000100
011110111
100010001
010000000
011000010
110110101
101000100
101010001
001010110
111100100
110100110
110110111
001001011
110111000
011001011
000110000
011000101
010101011
010001100
101010111
111011011
101110001
100001100
000100101
010101110
011110010
011001101
010010101
110001001
100110011
111011001
100011011
110101011
110000001
010101100
010101011
010111111
011101000
011010111
101100000
100010010
010111111
010011101
001010101
001001000
000000001
000010111
010111100
101000011
010001001
110001100
111000011
110010001
110010001
100000001
111101101
010011110
100001011
010000101
001110111
110100001
010100110
010010101
000100110
010010001
101110110
001011110
110101011
110011100
011111001
111111110
101001101
110100001
100100111
011101111
011001001
101000000
100100010
011000001
000011011
001111000
111001011
101111011
111000100
111011111
001001001
000111111
000101101
001001110
101000000
101001100
011010011
101010111
110011110
001100000
001101000
001010110
001101011
010101011
000101111
100100001
101100101
010100110
010110111
011111111
101000100
111001011
011011011
111100100
000001110
011011110
101100000
101110011
100000110
100010010
000010110
100111011
010010011
011011101
010111100
001101100
110110110
111010011
011011101
101001000
100001101
101010011
111011101
011010010
101100000
101010011
011000001
111111101
001010001
110010110
100010000
011111111
000001000
100000100
011110101
000100110
011100111
110111111
001011111
111001011
100110110
011100110
011111110
111001101
010100100
011111000
100011010
010101011
110011000
001111101
011010110
101110110
100010010
111100000
001110001
000101011
110100111
110001011
110100110
100101110
111010110
011000110
111011011
010001110
111111001
000010001
010110111
011000000
111000001
101001110
100110000
111001111
111110010
101111100
110010000
000110100
100010011
110100011
101011110
010100110
011111110
001111110
001100110
000000111
010010110
011001000
001001110
011001001
001001100
011000111
111001001
001111101
101110100
101010000
101000001
001001000
101001110
010010101
101101000
101111011
000000011
100001010
111011101
010101011
100111000
111101110
101010010
101000011
011011000
110011100
011111111
110111001
011101100
101111010
101110101
011100110
110000110
011101001
011101101
101101111
111010111
001110001
100111000
010110010
100011101
100000010
111001101
011010010
110000011
111010011
111010011
100010011
001111000
010111011
100100101
001011011
100100000
111001100
111100111
111010010
111001100
110101001
100101111
000011111
001101110
110100011
010101011
000010011
001110111
010000100
111101011
101100111
000111000
101001111
001110100
001101100
010001000
000111100
101110111
011110110
100110011
101001101
110111111
101111101
110101011
100101011
001001001
010011000
110110000
010111111
101111001
011011101
111001111
100110011
111001010
111101101
011001111
001010001
010011000
101101110
101100101
010001110
101100101
011111100
110011101
010010111
001100111
101111011
100000100
011011010
101000110
100101000
010100101
001111101
000101001
100101010
110101010
001110101
010011101
111010101
111011000
110010010
110101110
101111010
101100010
001000100
101100001
110101000
100000100
000010011
001000100
111111100
011011101
010111101
110111011
110101101
001110100
111001010
000100000
110001100
001110100
101110111
111011001
011000001
000101000
111100111
111000011
010001010
100010011
111101110
001010101
111000101
101100111
010100000
001101010
110010010
111011110
001011010
100011001
101001100
010100000
111101110
011011001
111111110
110011101
101111100
011011010
010000011
110100111
101110011
111111101
100110110
000000101
100010010
010100100
100000100
010100000
011010100
001010010
000110111
111011110
100001110
000000001
010011000
100100001
010000000
101010111
010000011
001101010
110001011
100110011
001110110
100001101
100010000
101111101
001010100
100100101
011110010
001000110
011001110
100111111
011100000
011011011
000101101
000110101
111000001
101000101
101100101
111100001
001001110
110001100
101011011
111110000
111011001
000111000
110111101
111000101
001110011
100011011
100000110
010001000
001001000
101111000
011101111
110101010
100101010
100101001
001000100
000100101
000111000
011011001
111000101
001110101
000111101
101011110
000111011
110010110
111000110
101001011
000001000
111001010
011110111
111000001
101011110
010001100
111000001
100110011
001010010
000100011
101001000
000110011
010010110
110101110
110011010
001010101
110010001
101000101
101001100
111101011
010001111
101010110
111111100
010000111
110011111
000010100
101110101
110000100
101011100
101100101
101111100
011111000
110001111
001000010
010111110
001100000
111010001
111111001
000001010
000001101
001001110
011000111
001011000
001110010
110111110
100111110
010110101
000111101
101001000
000010000
000101000
100010001
110010001
110111010
100111110
001101000
101010011
001001110
000001000
111101001
010110011
000100010
000011100
101011100
010101011
100010010
110111000
101110010
010110101
001011110
011101100
110110100
011010110
101000110
111101101
100000100
101010011
011010100
010010101
010110111
001101101
001011110
001010010
011101100
000001000
100100110
111110000
110000001
011111010
111001000
010111110
101010001
101010101
010100010
100110000
110101010
110100010
101101101
010000011
110001100
Time = 0.007s
