n = 14, k = 3, l = 6, m = 179
Expect Resample Times = 0.460158
Result:
10101110101110
00101100010011
10111110010010
01110100100001
00100011011110
10100101001010
00111000001011
11111010110111
01010100101101
01101110100111
00010011001111
00010011111001
11101010000111
01011110010010
10110001000110
11111100001011
10011101000010
01000111100001
10010100011111
11010011011010
10010001110100
10111101101011
10011011011011
01100110100111
11100111101100
10011011000011
00111001011100
00111010011001
11110011110001
11000110110011
01001011001001
11010111010000
11010000001101
00111011111011
01100000100111
10110100011101
00101111110010
01110010111011
11000000001111
01001011111001
01101000111101
01010001000111
11101000010011
11011011110011
01001111101101
01001101010111
01101000110111
10110011011001
00101010101110
01100110110010
10010010110111
01110100110000
01101101011101
11001011101101
10111111001100
10011010111101
11111101001111
10110001100010
11101011101011
01001110111011
11100100010100
00111110011010
01101110110110
11001111100100
00111011101100
01100101000111
10111110001000
11011010000100
01001110010010
11001110100101
11011111100110
01101100011101
11000011001101
01111011101000
01011110111100
01100101001001
11110000011101
10011100100100
10000110111111
01001110010001
01011000111000
01111110111101
00110110101110
00010011111001
11101101101111
10011000111011
01101001010101
11110001101011
00001111100001
01010011110010
10100011001010
10100111010101
11010000011011
01101100000011
10000111110010
11111011101101
10100111111110
10001100010101
00110011011110
10010111010000
10100100111010
11110011100101
00101010100011
10010110001101
00001011001011
11001101000100
11111000101010
11101000010100
11001001011001
01101010100011
11110100100001
00011010010011
10000110001111
00001101100110
11101101011111
11000111011000
01011111011011
10000010011111
01000101111011
11101000010110
01111011110011
11100111001010
10000100011101
10010101000111
00110110111110
10011101101001
01110011010110
00010101100110
00111101001101
10000111110000
11101011100001
10010111011001
10010011100001
10110100101111
10010111010001
11111011111101
11111000001111
10111000101110
10001001001011
00111101001100
11010011100010
11101000101111
11101101001110
10100101111010
10001100111101
01100011100100
11001101011111
10111011010011
00011010011100
11100110001000
01111001001010
01110110001010
01100010111111
10001110110000
11010010001010
00011111111001
01101100110000
11111100110001
11011110111011
10100100010110
10001100011100
01101010110100
11011010010000
11110000100010
01011111101111
01010101001010
11110001100100
11110010000110
00000111111100
01101110010100
01010111010110
01110000110010
11110111111111
01010101101111
11110000011000
01111100101010
11010011001000
11111010100100
11000110011001
Time = 0.013s
