n = 17, k = 2, l = 4, m = 59
Expect Resample Times = 0.773862
Result:
11101111111010111
01000100101010001
00110011001110110
10101100111100001
11100100101000010
01001110110100111
11001001011011110
01111111101000000
01101010101111101
00000001101011001
00100101110001001
01001000111010010
10111010000111110
10101101001001001
01111111010100011
01110100101110011
10011001011101110
10111011111110110
01001011000011110
11100001101011100
10011110100010100
11100101101010010
10010001101010101
10001001011101111
11110010011111011
01010001010101110
10011000101110010
11110110111001101
01111001101000010
10101011100011100
00000010110101111
10011111001110101
10001001111110101
11000100111101010
11001011100101101
11101100111010111
01101000000111011
01010101001101101
10010001110000000
10101101111011011
11001001000111101
10010000010001101
10111100101110010
00101101010110101
01000111011100110
10110110010110111
01010100010101001
01101010001010110
11000010001011010
10011110010101000
01111010000000110
11000011010001100
01010101011000010
01000010001010000
01111000000100100
00001001100100100
11010001001010010
01101000000110100
01000101000001101
Time = 0.009s
