n = 16, k = 2, l = 9, m = 82
Expect Resample Times = 0.711178
Result:
0100011101111010
0011010111101011
1100010111101101
0111011101100001
0011111011101100
0000101110111011
0111110101011110
0111100110000111
1011101101000011
1011010111000110
0010111101101010
1111111101011101
1101010111100110
1100110100111111
0101100010111110
1110111100001100
0101001110110011
0111101110110100
1111011000100110
0011011110111100
1110001011011111
0111011001110101
0001110111110110
1001011101110001
1111110011000111
1110010101111110
1011110110010010
1100000101011111
1010111010111111
0101001111100111
1100011111010001
1111011110111101
1100000011111111
0111111100010100
1100111011000011
1111111111100101
1110010111010001
1101011101100001
1110011011110011
1010101011101101
1101001001111011
0001011110101011
1010101111010011
1111110100100011
1110111101011001
0110001011100111
1101101110000111
0011101101110110
0111111101011100
1111010101011001
0110011110110011
1110010100110011
1111011101010011
1100110101001111
0101010110010111
0100111011111001
1110010001011101
1110101100011010
0010111111001001
0100111001110110
1101001001111111
1101100010111010
1111100000110101
1001001111110100
1110011011001101
1111001100001110
1011011111101100
0110001111101110
1011100111110100
0011110110001101
0011111111010011
1000110011010111
1101000011110111
1001100110100111
0011010111111010
1111100011110001
1000010111011110
1110001101011010
1111010011010100
1101001110011111
0100110001111011
1011010111101011
Time = 0.006s
