n = 10, k = 4, l = 4, m = 428
Expect Resample Times = 0.362956
Result:
0111111111
0000011110
0010101011
0110111011
1010111101
1010101111
0000110110
0101101111
1001100001
0101010111
0110100100
1001110011
1010100010
1101011110
1010100001
1011010001
1110010100
1111001110
0111010000
1010111110
1000000111
0001011001
0100110100
0110010011
0011100010
0010110100
0111010001
1001100010
0111110100
1111101100
1100000111
1111110110
1101010010
0011101111
1110000001
1011100100
1101101101
0000110110
1110110110
0101100101
0011110110
1111011011
1101111100
0000101110
1101101001
0011011001
1001010110
0110001010
1010100111
0001000111
0111110100
0111001110
0101001011
1001011001
0111010011
1100100011
0000111101
1010101111
0011100101
1011100111
0010101011
1010101111
0110110100
0010111110
1101000101
1110111110
0111101010
0110111110
1011001111
1001010011
0100001011
1110011010
0101100010
1011110111
1101001111
1101100011
0110110111
1110100101
1111111000
0001010111
1011011010
0001011001
1001001011
1110111000
0010101101
1001110100
0000111010
0111101111
0011010011
1101000010
1111110110
1010000111
0010110011
1011001010
0111011110
1111011011
0110010101
1001000011
1000101110
1101010011
0011111100
1111011100
1101001100
1100011101
0110010101
1100100010
0111110011
0101000011
1101110111
1000101010
1110111011
0110011010
1100001111
0001000111
1100101111
0001110010
1111101001
1110101101
0101110011
1011000111
0010100110
0001111011
1011000001
1101011011
0101001001
1110001000
1001111100
0100111010
1000111011
0111010010
1000011101
0011110010
0011111000
0001100101
1101111001
1110000010
1110001101
1100001111
1101100111
0011001010
0001111111
0110110111
0110010111
1101001101
0010011001
0110000101
1111110100
1100111100
0010011001
0000111101
0011111011
0000111010
0101100110
1110000011
0001111111
0101100001
1111101001
1101001110
1001110111
0010111101
1111110000
1100001110
0101101100
0111001001
1111101110
0001110010
1101011010
0011011010
1001001110
0110010010
1100011001
1100011000
0000111111
1101011111
0110110001
0101110000
0111110101
0011011100
0001101010
1111000101
0111100001
1110010011
1011101000
1100110111
1101011010
1100100101
0001011010
0010011110
0010100110
0100011001
1010011100
1100110001
0000110011
1001001011
1100100110
1111111010
0101001101
0110001100
0110001010
0101100110
1010110010
0010100101
1111011010
0110101000
1110001101
1011000110
0011101010
0010101011
1111001010
0101010101
0110010111
1011010001
0001101111
0111000010
0101110100
1001010110
1011010111
1100101010
1101011111
1000100011
0111100100
1101100101
0011000111
1001111100
0010110011
1111001011
0011100011
1001100111
1100011111
1001111011
1110111011
0010111010
1001010100
0111101010
0110001101
0101101000
0011111010
1001111011
0100111000
0111001100
0100111110
0010000111
1100100111
1111101100
1101101000
1010111100
0110111010
1001011011
1101101010
0101111000
1010011111
1011100011
1111110100
1001110100
0000110011
0111101111
1100101010
0001010110
1110110111
1100011100
0111101001
0100111101
1111111100
0110010001
1100110110
1010010001
1110000110
1110001110
0110110011
1101101100
0101111100
1001010111
1101100001
0010011111
1010010001
0010101010
1010011101
0100110110
0100011001
1000100110
1111100111
1101000101
0101010011
0101101110
0110011111
0110110111
0100011010
1110100011
1100110111
0011000111
0100101001
0100101110
1011110111
0010100101
1001100001
1010100100
1011100000
0010111111
1011001111
1011000110
1011000001
0101001001
1111011011
1011101011
0101100111
1010110010
0011010011
0101101000
1001111111
0111110101
1111110110
0111011110
0111101010
1101001010
1010011110
0001110010
0010011011
1000100110
0111010010
1001111101
1100001110
0110001001
1111101101
1100100001
0111101111
1001111011
1111010111
1000111011
1100110100
1000101101
0100010011
1100011000
1001111110
1000101010
0101100111
0111111110
0100110110
0010100011
0010110110
0001011100
0111011000
1001110100
1111001101
1101001111
1111101000
1101001000
0111010100
1111111010
0100011010
1110011110
0101101110
1001101100
0111011001
1010001010
1011110001
1011011101
1100010001
0100001111
1000011101
1101110110
1101101110
1010001001
0011110100
1010111001
0011000101
1001011001
0101111001
0100011011
1110100110
0010011111
1001010111
0100100111
1011101011
1011101011
1100100111
0010100110
1000001101
1100000111
0111000100
1100001101
0101010011
0111001111
1110110011
0001101100
1101000001
1110111101
1001101011
0101111000
1000100110
0001111101
0111111010
1101110001
1101010100
0001010101
0010100111
0001100101
1001010011
0100110011
0011010010
0010110011
1010011111
1010111010
0111100111
1011001000
0100110010
1000101100
1100010101
1001000101
1011110001
1010100110
0011110011
1101100110
1011101000
0111001000
1101010001
0100101111
0101101111
1010001101
0111100011
1011111010
1011001100
0010011100
1111000100
1111000100
1110100011
1001010010
1001111101
1110101001
Time = 0.009s
