n = 11, k = 6, l = 1, m = 1115
Expect Resample Times = 0.366312
Result:
10001111010
10101111100
00010110000
01100100000
11000100111
10110010010
00001111010
10110110010
00011010101
01011000000
11101110110
11000000101
00000001000
00000000010
00101111110
11111100011
00000000100
11111110110
11011101010
01001011100
10111010011
11110111000
10000100010
00110010110
00011000011
01110011001
01111101101
10010101100
10110100100
01000110100
00111010001
11011010000
10101011111
11101011011
01100010011
10101001001
11010011100
11101010000
01100011110
10110000111
10111010000
11010011001
01101001011
10001100011
00111001000
11011101011
10011000001
11110100111
10010001100
10001100010
11000011010
10011101001
11100110100
10001010111
01110100001
11101011100
11110011101
10101100001
10010110111
10001011000
01001011001
00101110011
11110111000
01011101101
00010110111
10111100100
01110001100
00100010000
11011010110
01101111101
01011101001
01011010010
01011011010
10111010101
01010110110
01000011000
10001111100
11101001000
10101010011
10101001100
11001111001
10110101100
01100101111
10000101111
01001100111
10100000011
01011000111
10101010011
11111100100
10001000110
11010111010
10011110101
10100011111
01100010001
10010101101
01011101011
11000001000
00010010110
01111001010
00101011101
11101001001
11001110100
11011011101
01001111001
10111010010
11111111011
00000101101
11010101000
10100001100
01101000110
00111011011
01111001010
11001110111
00010111101
10010100001
11001100001
01011100111
00010011100
11001110110
11100000100
01110110011
00011010101
10000100101
10110100110
01100001011
01001100110
00011011000
01001111011
10111111001
11001000011
01111101000
11000110010
00000001101
01011100010
01001001000
10010111011
11000110100
01011010101
11100110100
10010000101
01000111010
10001010111
01001011110
01000001111
00010110100
00010110100
11001000110
11101101011
11101110110
11001011000
11110011111
10001001011
00110110110
01101100101
10110101110
10001001011
11001111010
01001110101
11101101011
00101111000
10011000010
11110111110
01000101111
11010010001
10000001011
00000111010
01011100100
11011100011
11110010101
11011010111
01010011101
01101111111
00011000001
11001101111
01010101110
00001111101
00110011100
10110110110
10101000111
10010111111
00110101101
00101111010
00000011010
10001010111
10111000011
01001011001
11000101010
00001010010
00001010011
00011010101
10110100101
01101100100
01110111101
10001011000
01000110010
11011111001
01101110110
11011001111
00011110101
00110110111
00111100010
00100110000
11010011011
10000100000
10111000101
10100011011
10100010001
01111101100
11101001100
01100011111
00101110001
11011000000
11100000100
10100001111
11001001111
11000011101
11100100010
01010000111
01011101011
11100001110
00111100101
10111001010
11000010111
11010001001
00010001110
00110011110
11110111110
00010011000
10110100111
01000001101
11100110110
01100000110
11111111101
00001101010
01011110100
00110111101
01001011000
01000000101
10101010111
10000011110
11100100011
10101101101
11100000000
10110000001
11011001000
00101101110
01000110001
01111110110
01101111110
10001100000
10010011101
10110010000
10001111001
00100000011
10111101001
00010000101
00110001011
01001111001
10100011111
01001111010
10000111101
11110111101
11101010011
11110011001
01110011101
11000110110
00000101010
11000011010
11001000011
11000011100
00000000011
10010100010
01000100101
10010010011
00111010011
01101010110
11101101010
01001101111
10101011111
10100100101
00111111000
10000110100
10101011010
00110100001
11111011010
01010100110
01110110011
11011111110
11110001011
00000000111
00001001001
00101110100
01001000100
10100111101
11011011000
01100011001
00100110111
01010001001
10101100010
11111000011
00101010000
10001000010
10011100100
00101000001
01011001000
00101101100
00011010001
00101000111
10100110101
11011010001
11100001111
01001100100
11000101000
11001011101
00010000001
10001111111
11011000100
10101011010
01110011011
01101110000
11011100001
00111101011
10010010111
00101011100
11110110000
00010001110
00011100010
10110001111
11101010110
01110100011
00100001110
10010101001
00111101011
10000100011
11011011011
10111101000
01001101100
00110010001
11000100011
00000110001
00001101101
11010101010
10100010111
00100000000
01101001001
00011011110
11010111000
10101101110
11001110000
01101110001
10110010110
01101001010
10011011000
11101010001
01011101010
10111110101
01111010010
01101110011
10010011111
01001000111
11010110000
01011110101
01010011101
00111010010
00110010111
01011100001
11111011111
00010111101
01110110100
11000001110
11100000101
11111001011
00010010010
00011100110
10110100101
11101010011
01010111111
01110000110
00010101001
10100111110
01011000110
01111110101
01000110100
10111110001
11000100010
11011011100
11111000100
00010011101
00001111001
00010110111
00100101010
00110111000
11100011101
10101101111
11100101111
01000110111
01111010101
11111111110
00110110100
10110100001
11101011000
01001100110
11110111010
00010110101
11101001110
01111001001
00000010110
11100110000
10110110110
01110110111
00110100101
00010101001
00001110010
10011101000
10110011110
00011010010
01101100010
01111111000
00010111010
00010110001
11001000110
10010000101
10011100110
10101001110
10010110110
11010011100
00010101011
00000000110
01100101001
01111011111
10010001111
00110111100
01001110011
00001001101
00110100110
11010000010
01000010101
00001101010
00011101110
11101001101
11101010011
00000011111
01111010011
10011110111
11101011010
10011000100
01010101110
01111000000
01010000100
10111100000
11111100110
11000010100
01000101011
00110101110
10011101100
01000000111
01011011000
11100110000
00110111000
01100100100
10000001010
10011111100
10011101100
01000010000
01100011001
00010000101
01110101100
01111101000
01110110001
10100100000
01011000111
11111111000
11010101010
01111100111
00011110001
01000100110
01011100111
00011100000
10010100010
00110010101
10110101110
10110000000
11100101100
00101110011
00111010100
01110010001
10001011010
00010011011
11001011111
11111100101
01001101001
00011001110
01110011111
11100010011
10010011000
11011100000
00011101101
01010101001
00000101100
10111100100
00010110010
10111111111
00100110010
00111010111
01110101001
01011100011
11110000001
11101000011
11010111100
11100111101
10111101110
11110110111
11101011011
10010101010
10001010001
01101110001
00011110010
10000101110
01001001000
00010100110
01011111011
11001110110
00001011011
11011001111
00000010110
11100011100
11000100000
00001010101
00101011011
00011110001
11101111011
11001110000
10101001011
10010010001
01101011001
11010110110
11001101110
00010010001
00010111110
11100001100
01000000010
01110101011
10100111111
10001000011
01101110111
11000011100
01101001110
00011110000
01111011001
10011110001
11110010100
00010110111
00111000110
11011010110
01111001101
10011011101
11110001000
10111101010
10100000010
11001110101
01001111001
00001000001
11111100100
01010100111
11100010111
10110111011
00010111110
01110110110
11000001100
01011110101
01011110110
00000111110
01100011000
11011001000
00101010111
10100000110
01101001011
00001010111
10101010011
01000101011
10101001111
00100101010
10110100001
00001011110
10011100110
11101001101
00110101001
01101011001
01000100111
10111110110
11100010100
01011010000
01001001101
10010101100
11011010011
10100001100
01010000110
01100101111
00101110000
00001110101
00111101000
00001101111
00001100000
11110001011
01110001000
11011100101
01100010010
10011000110
11101111010
00010110111
11011000010
00001011110
01101100101
11110010110
10011101010
00110011011
00111000101
11001110100
00000010100
00001101001
00000001101
01101100010
01001100101
00011001001
10111001010
01100001101
00101010111
10010001100
00010100000
01010100011
10000001000
11001101111
10001110011
00000000100
00110001000
10110101111
10110001001
10101100100
10001010011
10101101101
01110110000
01001011100
10000011011
10000011001
00010010111
00101101101
01011101101
00011011101
11100101000
11000000010
00000111101
01110011000
00001111011
10000101101
00111000001
10100111110
01110110011
00011100010
11010001101
00100010001
11110000010
01101000111
11011100100
10011110000
10000101010
11100010101
00101000000
10000000001
01010010111
10001011000
10110011110
01100111110
10100011110
01000111000
11100010101
00101010100
10010011110
10000100111
10001011110
01111101110
11011101001
01100001001
10000011001
00110110110
01011011101
11001011010
11110011111
10001000001
00101010011
01110001101
00110111101
00001100011
01010111010
10100001110
00000000111
00000010110
10011110010
11101110110
11110101101
00111011001
10001000110
00100010011
11010001010
00001000010
10101100001
01011000000
01010110010
01011011000
01000101101
10001000100
11010100111
10111101011
10100000100
10011110010
01110011111
01101000010
01001010001
10110000001
10011101100
01111001100
10111001100
11011010100
11110011001
11000100111
00100100000
00111010010
11110000111
00011110111
11001001100
01001011101
01110110111
11110011111
11100010001
01010110100
11101000011
11001011000
10111101001
00110000101
10101010010
10001010110
01101110111
10000110001
10100001111
00010010100
10001110001
10110111001
00100101011
10011101010
00001100010
01110010100
01011000101
00000001110
00011101101
11011100111
00001110010
00101001000
01011000011
10010101110
00110000101
11101011101
01011101100
11111001000
01111000111
00010111110
11100011001
00011001110
11100000011
10001101001
00100000111
00100110100
00001101110
11101111011
01111100110
10110010110
01101000110
00100101110
10100001000
11001010001
10001001000
10001000110
10111010011
10011000010
00000000001
01000110110
11111001010
11110010011
00111011000
00010101001
10010011001
11101101101
01100011101
01110111101
00101101010
10101110100
11111110100
01001000010
10000110101
00110110000
01011101000
01101100111
00100100110
01100110001
01001011000
11001111101
10101011111
01010001110
01001011010
11011010111
10010100000
00101111100
10000110001
11101001101
10010101001
11001011100
01011111000
11110010010
01010000110
10011011101
10111100111
00110000010
00010110101
11111000101
00010111111
11001001110
11010101110
11110000101
01111011010
01000110000
10000100101
01001011101
10101110000
01000001110
10010100001
01011111001
10010010010
10111000001
11110010010
01010110111
11110010000
11010000101
10101001110
11010001010
10111010011
01110001101
11001110110
01101001000
00011010110
11001000001
10110000110
11100101010
01111101110
00110101011
00011000010
10101011110
00011100000
01101001011
10011010001
01100111111
00011111010
10011010001
11111001011
01000000111
10100100110
01010000011
10011001111
00110111111
00000111111
11010101011
10101100010
10011000001
01000001010
10011110000
11000101011
10000111110
10011000000
01100000111
00101001000
11000000001
10100001000
10011000010
11100100110
10101000001
10110100101
10111000011
01000100011
10111100110
00111011111
11100110100
00101101100
10010110011
00101010100
00111000011
11111110110
11011000101
01001101110
11001100000
01000000010
00011101101
00110011101
11101000011
01110100111
11001111010
11001100110
10101101011
00110011110
11100000111
00001110010
10111110000
01101111101
00100101010
11100011111
11000001001
10100010011
11110101110
10000010111
00100000110
10100000001
10010100011
00000110101
00101001110
10010101011
11101000011
00101011101
10000100010
11011001000
11001011101
01001100001
11011101001
11001010110
00101011111
11110111111
11101001011
10011011010
10110011100
11001001101
00111111110
01100001001
01111111100
01010001111
00001101111
00101110010
11000000011
10000001000
01100110001
11001100001
01011001011
00111110101
11001011001
01110011011
11100111010
11110100000
10100111110
10100010001
10100000010
01100011000
10111010101
00100000100
01111011001
00000011001
00011000110
00100001011
10100001000
10011110111
01000011101
00001000011
01000011101
11100110111
00010000101
01100011111
00010000110
00010011111
00111000010
00001010001
11110111001
11010011011
00101011111
00100111010
10001101010
01101010010
10000001111
10011101001
10100001010
10101011100
01101100110
01000101001
00111110101
11100001010
01010010010
01100011000
00101011111
00100011100
10111100001
10110100000
10110001010
00000111101
10111100010
00000010011
01111100110
11000010110
10110011100
00110101011
01011001010
01000010111
11110000000
01110000100
10011000101
01100011111
10100100001
00111010010
10011101101
11001011011
00011100010
10000111100
01000011110
01011000011
01101101111
00110101011
11000001110
00111111010
10110100000
10111010101
00110001111
10010110110
01100101101
00110011100
00100011111
10001011010
00100101111
00111011100
11101101000
00101000110
10101001100
10000010100
01011110001
10111010011
11001001101
11100011001
00001110111
10010100100
00000110010
00011100101
00101000010
01010100111
10010101100
11001111010
00010011001
01101100100
01101001001
01100010110
11111111100
11001111111
10100111100
00010011111
10001010010
00100100110
10100111100
00010001110
00001010000
11110110011
10111010110
01001011100
11111011100
10010001101
10110100001
10110010000
01111010000
01100111000
11111100001
11101000111
11111011100
01000110011
10101101001
01101111000
01001101011
00100101000
10010110011
11011010011
00101111010
01011100101
01100101001
01011001110
00101110101
00010011100
11101110100
11000000110
10110000111
10101011110
00001010110
10111111100
01001001111
00001100111
00010010001
01001001110
00101000110
10010111001
00101100010
00000011000
10011010100
11001110101
10011001110
00001100110
00101110100
10000101101
10100011010
00111001101
00000100011
11111110111
10100000010
00110011001
01001100100
01010011111
11100011011
11010101100
10000000000
00101000000
Time = 0.035s
