n = 12, k = 4, l = 1, m = 292
Expect Resample Times = 0.372013
Result:
100101000101
010010010010
110010111001
011110110010
000110001100
001100000010
011010011100
100111111110
010001101111
001000101000
111011101110
110101010010
001001010000
100010100110
011000101111
000010111001
110011010011
011101110101
011111101110
001111101110
110000110001
110100101011
101000011110
010101011100
100011111111
110110011000
111101001010
000110010101
010010101100
011110101010
001001011001
101111101011
110101011011
100001001111
011101111000
001001100000
010001111001
001011000100
111010000101
010000100000
000001010001
001011100011
011001111011
010100011110
000000111000
000110110111
100101000100
101011101000
101000000101
100011011110
001000100110
100011100110
101111001001
010011110000
011010111010
010111000010
011100110011
100010011001
010111111111
100011000010
011110100011
010000011110
001111100110
110111101000
100100010110
100010000000
111010010110
101001111010
100001011000
010001111110
100110000110
111110101100
000000101100
101001010011
000000100001
111100101011
110011010111
110111001101
100010001010
011011100101
110011111011
000110000100
001011001111
111011110110
010000010001
010011110000
111010110101
011011111101
010001011110
000010111110
110010011001
010110111101
010100100010
001101111111
101100010111
000001111111
111001011011
111110101000
010011000001
101110000100
001001101010
010111011110
000001010110
001001100111
000111000101
010100001001
010100111100
101111111011
011000111101
001110001000
110111101001
111100111101
011001100001
100111110000
000101000011
001110100000
111110010111
001000111111
110000110110
110101001010
111000000111
100011001001
011010101000
100011000010
100000011011
110010100101
101010011101
100011110100
001000011011
010110001011
101100100000
000110000100
011010101111
111001001101
010000011001
010000100100
001110111101
001000100111
110100111101
101000010111
000001111010
010110011110
011100110111
101100101110
001110111111
010111001111
010101101110
111111100111
110001001110
011010001000
010001011000
010001101100
010000100010
001101010111
010100101010
101110101001
000010110001
111101100101
111011000000
011001010011
100001100001
010100111111
110010111001
011011101111
010011011111
000011001111
011000100100
011001110011
101111100110
111100010010
111110100001
101100111011
001010001010
100111000011
010110011100
010100110111
010101111111
111001101010
101011001110
111100101110
001100000001
100000111010
110011101011
110111101111
100111100011
100000010110
010100111001
010010011101
101000111101
011111001011
011100111100
110110001001
011001111010
100001011111
010001110001
011001010110
111110110101
010101001100
110011110110
000111101011
101010001110
110010101101
110010100000
100010011001
111011100010
111011111100
101101110001
110000001011
100000100101
011010100101
001000010001
111001010100
001100111110
101111000000
000110000111
101110000101
010100010111
101110011011
010101110001
011000010110
011101110011
101011001010
001001001001
001110001111
100100100111
000010110000
111100100111
001011010110
010010110100
010110010111
001110011100
101101001000
011101100101
000001010000
111010101011
011111101110
011001000010
100101110010
100101010001
001011111111
111000110010
011110000110
100001100111
001111111000
100111110000
000101101111
001000001001
010000111001
110000011000
011110010010
101111100101
011111110000
101110101110
001010111100
011100101001
010011101101
100100000010
011110011110
111010110011
101000111010
101010001001
001011111100
001011110000
111011011011
010111111010
101110011000
110100010101
011101111000
011101100001
100001011011
101111111010
001110101100
110110000110
011001011001
111111010101
101111110111
000010001000
010101011010
010000000110
101111010101
110010000100
000100001001
001001110011
101001010010
010101111001
001001011011
111000011010
011101110110
010111110111
001010011101
001100000110
111110010100
Time = 0.016s
