n = 11, k = 5, l = 2, m = 582
Expect Resample Times = 0.367074
Result:
00001101111
11000000101
01111001101
00001010000
11111000011
11001001001
10001001001
10100000110
00101100010
11111101000
10010101100
10010111001
11001000100
01100100100
10110110100
10011011100
00110101001
00110000010
11011000100
01111011111
10010011100
10100011010
00010110000
11100110011
00101101100
10011010011
11000011101
00111011101
11010100100
10011001101
11100110000
01101010111
11100110110
11101011111
01011000100
10010001111
11100101101
01101101001
11001011000
01101100111
01010000101
10010111000
01110011110
01000111010
11110011101
10111010100
10111010000
00011110100
11110101100
11010101111
00111100100
01011110110
01111110110
01101001001
00101000110
11010110101
11111000001
10001110000
11011011000
10100000101
00111100101
00001100110
11011010010
11110111111
11101011001
00110110010
11001101001
10010111111
00011011011
10101001100
01110000010
11010110001
11110001011
01001011110
11010010000
10001100010
01001000111
10100101011
10110001000
10101101011
10101100010
10100101111
00011000000
00100110111
00011110101
00111010110
10000000111
11010000100
11011101001
10100010010
10010100101
01010011010
00001100110
00100111000
00011011010
11011010101
11000000101
10101010101
11101010111
01000111010
01001100001
01111000011
00001101100
00000011011
11111110101
10001011011
00110100011
10101110100
10111001110
11000100010
11111010100
00000011110
10011001010
10101001001
01100101011
00110110100
10001011010
10010000100
01011111100
11000101101
00101110110
00010100000
01010101100
01111110011
11010010000
11110011011
00111110111
01100111011
00010010101
11001000100
10100000101
11111010100
01010101101
10101000001
00001011000
00110001011
01100000001
01001111110
00101100110
11100011001
00111001001
11010111000
10100101101
11100011110
11100111100
01001111100
10011101010
00101001101
01101011011
10100010110
01011010011
11010111011
01001100010
10000000111
00110010100
00100000001
01101110001
01101000001
11110000100
10011001110
01000100110
01011011001
11000001001
11101010111
11100100111
11111000011
01010011101
11001101011
11101111011
01110001001
01001100110
11001011101
01111000111
01000011010
01011001000
11101111011
11110100110
01101000101
10110010001
01100100111
11110101000
01010010110
10101100110
11001101010
00011010110
10010101010
00111001111
00101110110
10010000000
11110001110
10010110010
10100110101
10010001010
00001011100
00111100010
01011110101
01110100111
00110011111
11111010010
11110010000
10110101100
11111110101
10011110110
00110111001
00011000010
00110001101
01000110111
01010101000
01011110010
00011110101
11110100000
01001000111
01100111100
10011000010
00101000101
01111110111
11111000100
01011110011
10100111110
10011111001
11001100011
10110000010
00001010111
00011101111
00000001010
01111110011
11100011000
10111111111
10011010100
01010101101
10101111111
01100110000
11101001110
01011010111
10011000111
01010001101
01000010110
10111101011
10001101100
01010100011
10100101100
00001111000
10010011001
11100001001
10100111111
11111111101
11100110000
10101001001
00011000011
10000011001
00001111000
10100001101
11100000101
00010001101
01000001001
01100111110
11011101010
10100001100
11001110001
01111011101
10001110110
00101011100
10101111110
01001001011
01110011110
10110011000
10001110001
01001110101
11000110110
10001001110
01101101001
10010101100
10111000111
10110110010
11101101000
00011100010
01000100101
01100011110
00010111101
00100010100
10011100011
01101100100
01010111110
11101010010
00111110101
00111001000
11100011000
00101001010
01010100001
10000010110
01111101110
00101101000
00111101111
11100100100
00000001010
11000101000
11010100010
00100111110
00101100100
11111100001
11011011110
01000100011
10000001000
00111001110
01000101111
01000010010
10011001011
01010110100
01001110000
10100000100
11001111000
10110010110
10111011000
01110101000
00111100010
00110100110
11101101011
01010000010
11000010001
01001101011
01100110001
01000101110
10011111100
10011001001
10101010001
10111001101
00110001001
10111101110
01101010101
10010110111
00110001111
00011000111
11110001100
10000010001
01111011011
00000011010
11001110001
01101100111
00100101000
00110110000
00000000101
01101110110
10011000011
01000100100
01011000001
11111000110
11011111000
11101110010
10101100110
00111001001
01000100000
10000001101
10110000011
11100111000
11011010011
10011000010
11010011010
01100001101
01000011101
10010001011
01101010011
00011101001
00001011011
11110111001
11111101001
01001101001
10100010011
01100000101
01111010011
00100000111
11000000011
00011101111
11111011111
01011110010
11110111010
10110110000
01010000011
10011001000
01100010110
10110110110
00110011100
11001001001
10110111111
11000110100
01001011011
11111100111
01011110111
10101010100
11111101111
10110001001
01110001100
11101110101
11000001111
00110100101
01101111011
01011100100
01101110001
11001110011
10100100011
01011010111
01100011111
11000100100
10101111110
01111010100
10010000111
11001001011
00101111011
10001111000
10111001110
01101100101
10000100110
10011111110
01100011110
00001010101
11111001100
00011011010
10110010100
01001110101
01100011100
00001010100
01101000011
00101000111
10000010111
01011011111
10001000110
11111001001
01110011101
01010101101
00101100011
10011111000
10111100100
10001000001
10011000001
00010011110
00110100101
10010101111
00101110000
11001000101
10011001011
11000110110
00011110000
01101111101
00010100000
01101001011
01011001101
00101101101
10011111110
11100001101
11000000000
11010100000
00111010111
00001001001
10111011111
01101000011
10101011010
01000110100
00011011101
00000000111
00010101100
10011001001
01101101010
11111000010
11000111111
01000111100
11000110000
10010010111
11001011111
00100101000
01111101111
11100011100
00011000010
11110011101
10011011101
00101000101
01100011010
00010000110
10111000011
01111011111
10101110110
01101010000
00001111100
11010110100
00001001011
01001101001
10011110000
01110000000
11110011101
10110110000
00111111101
10001101011
01111111001
00011010000
00001001110
01010001110
01111110101
11010011010
01010010001
10000010001
10000010111
00110100000
11111001110
01111011011
11001011010
11100100010
10011110000
00100111001
00000101011
11101000101
01110100100
11100001111
10111010011
00000110100
01100101100
10110010001
11101111101
11111010011
01100100010
00100111111
00101100111
11011001001
00110110001
01001111000
01111111100
10110100100
10011001001
11110100110
01101011001
00101001110
01100110001
11101110011
10100001001
00110001100
10110001011
11001100101
00110000010
01001010100
10110010000
11011100100
10110111111
10110010011
01110110010
00001010011
01100001010
10010101001
11110010001
01111101001
10010101100
00110001101
10001111001
00001110010
10000011011
10010101001
00100011011
01011111000
11101001011
00000000101
01001001111
11110111111
01100011110
10001100111
00000001011
11011001010
10011101011
01010111000
10000101010
10100010100
10111000010
10101100011
01000110100
10100001111
11110101111
10100000100
01110100110
01011001001
01101000111
00101010000
10001110100
01110111110
10000111100
00100111010
11010111100
01000000100
Time = 0.023s
