n = 17, k = 2, l = 15, m = 1206
Expect Resample Times = 0.790086
Result:
11111111111110011
11111111111110011
11010111111111111
11111111101110111
11110111111111110
11111100111111111
10111101111111111
11111111011111110
11100111111111111
11111111110111011
11110101111111111
11111111111111101
11111110110111111
11111101110111111
11111011101111111
01011111111111111
11111111101101111
10111110111111111
11111111101111110
10111111111111101
11111111111110101
11101111111011111
11111111111111001
11111011111111110
11111111100111111
11111111111110110
11101111011111111
11011111111111111
11111111010111111
11111111110011111
11111101111111011
11101111111111011
11111110111101111
11111010111111111
11111010111111111
10111111101111111
11111111101101111
11110111101111111
11011110111111111
11111111110111101
01111101111111111
11111111111111100
01111111111011111
11111011101111111
11111101111111011
01111110111111111
10111111110111111
11111111101111110
11111111111111100
11110111011111111
01111111111101111
01111111101111111
11101111111011111
11111111101111101
11110111110111111
01111111111111111
01111111111101111
11111111110111110
01111111111111110
11111110111011111
11111111011101111
11111101111111011
11111101101111111
11111111111110111
01101111111111111
11111111110011111
11011110111111111
01111111111111111
11111101111111110
11111110111111111
11111110110111111
11110111111111011
11111010111111111
11110111011111111
01111111011111111
11111111110110111
11111111111011111
11111101111111011
11111101111011111
11110111111111011
11111111111111110
11111111011110111
10111111111111101
11111110111111101
11111111111011101
11111111011111110
10111110111111111
10111111111111111
10011111111111111
11111011111111110
11111111011111111
01111111110111111
11011111111101111
11010111111111111
11111111111110111
11101111011111111
11111111111011111
10111111111111101
11111111111011011
11110111101111111
11100111111111111
11111111110111011
11110111110111111
11111111111110111
11011111111111011
01111110111111111
11111011111111101
11011110111111111
11111110111111101
11110111111110111
10111111111110111
11110111101111111
11111110111111110
11111101101111111
00111111111111111
11111111110111101
11111011111111111
11110111011111111
11101111111111110
11111111101110111
11111111111011110
11111111111101101
11111111111111101
11111101101111111
10111111111111111
11111011111011111
11111110110111111
11111011111011111
11111111101011111
11111111010111111
11110011111111111
11111110111111011
11111101111111011
11111001111111111
11110111111011111
01110111111111111
11111101111110111
11101111111110111
01111110111111111
11111111111110111
11101111111111111
11110111111111101
11100111111111111
11111111110111101
11111111101111011
11111111111011111
10111111011111111
11110111111101111
11111101111101111
11111110111111011
11011111111111011
11111111111110110
11111110101111111
11111111111110111
11110111111111111
11111010111111111
11111111111110110
11110111111111110
10111111011111111
11100111111111111
11011111111111011
11111010111111111
11111111110111111
11011110111111111
11111011111111110
11110101111111111
10111111011111111
11111110111111111
11101110111111111
11011111111111101
11111111111101110
11111101111110111
11101111110111111
11111111110011111
11111101111101111
11011101111111111
01111101111111111
11111111111011011
11011111111111111
01111111111111111
11101111111111011
10110111111111111
11111111011111011
11101111101111111
11111111111010111
11111111111111010
11011111101111111
11011111111111110
11111111110111011
11101011111111111
11111111111011101
11111111101111101
11111111100111111
11111111110011111
01111111011111111
11110111111111111
11111111011111101
11111110111111101
10101111111111111
01111111111111111
11110111011111111
11111111100111111
11111110101111111
11111111111101110
11111110110111111
11111101111011111
11111111111011111
01111111111111011
11111111101011111
11110111111111111
11011110111111111
10111111111111101
10101111111111111
11111101111111110
10111111111110111
11111111011111111
11011011111111111
10111111101111111
11111111111111111
11111101111111111
11101111111011111
11111111101111111
01101111111111111
11011111111101111
01111111011111111
11111111111011011
11111011111111011
11011111111101111
11111111101111011
00111111111111111
11101111111111110
11111111011111111
11011101111111111
11111111110111110
11101111111110111
10111011111111111
11111111110111110
11111111011111101
11101111111111111
01111111111110111
11111011111111101
11010111111111111
01111111110111111
10111111111011111
11111111101110111
11111111111001111
11101111111011111
11111110101111111
11111110011111111
11111101101111111
11011111111111111
11111110101111111
11111011011111111
11011111011111111
10111111011111111
11111011111111011
11111111110011111
11111101111011111
11110111011111111
11111101111111011
11011110111111111
11111101011111111
00111111111111111
11110111111110111
11111011111111101
11111111111101110
11111011111111111
10101111111111111
11110111111111111
11111011111111111
10111111011111111
01111111110111111
11011111011111111
11111111111011110
11001111111111111
11111111011111011
11111111001111111
11011111111110111
11011111111110111
11101111101111111
11111101111111011
11111110111110111
11111111111101110
11111011111011111
11111111111100111
11011111111111111
11111101011111111
11110111111111101
11111011111011111
01111111111111101
11111111111110110
01110111111111111
10111011111111111
11111101111110111
11100111111111111
10111111111111110
01111101111111111
10111111111111110
11101011111111111
11111111111110111
11101011111111111
11011111111111111
10111111111101111
11111111101101111
01111110111111111
11111111110101111
10111101111111111
11111101111110111
11111110111111101
01011111111111111
11110111011111111
00111111111111111
11110111011111111
01111111101111111
11111111011111101
11111110101111111
11101111111111011
10111111111111101
11011111111111110
11111110111111111
11111011111110111
11110111111111111
11111111110011111
11111111110111110
11111010111111111
11101111111111011
01111111111111111
10111110111111111
11111111001111111
01111111101111111
11111010111111111
11111111101111110
11110111111011111
11111111111011011
10111111101111111
11111111010111111
11011111111111101
00111111111111111
11111111111111011
11111111111001111
01111111111011111
11011110111111111
11001111111111111
11111011101111111
11111001111111111
11111111101111101
11111001111111111
11111011111101111
11111111111011111
11101111101111111
11111110111011111
11011111111111101
11111111111110011
11111111110111101
11110111111111011
11111111011011111
11110111111101111
11111011101111111
11111111111101101
11111111011110111
11111111101011111
01111111111101111
11110111111111110
01111111111111011
11111111101111110
11111111111110111
11111111110011111
10111111111111101
10111111011111111
11111111111011101
01011111111111111
11111011111111011
11111111111110111
11111111110110111
11111111111101011
11111111101110111
11111111101111111
11111111101111111
11111110111011111
10111111111011111
11110011111111111
01111111111111011
11111110111101111
11110111111111101
11111011110111111
10111110111111111
11111110111101111
11111011111111101
11111011011111111
11011111101111111
10111111110111111
11110111111111101
10111111111110111
11111110011111111
11111101110111111
11111110111101111
11111111111111010
11111111111011111
11111111011111110
01111111111111111
01111111111111011
11111111001111111
11111111111010111
01111111111111110
11111111101111110
01111111011111111
11110111110111111
10110111111111111
11111111101111110
11111110101111111
11110111111011111
11111111111101110
01111110111111111
11111111111101110
10111111111101111
11111011111101111
01111111111110111
00111111111111111
11111111110111011
11111110011111111
11111110111111110
11110111111101111
11111111110111110
11110011111111111
11110111111011111
11111100111111111
11110111111111111
11111111011111101
11111111011111011
10111111111111101
11111111111110110
11111111110111011
11100111111111111
11111011110111111
11111111111111100
11101011111111111
11101111011111111
11111101111111111
11111111111101011
11111111111011101
11111111101101111
11111111111101111
11111111110111111
11111101111011111
11111111101110111
11110111011111111
11111111110101111
11111111011101111
11110111101111111
11110111111101111
11011111011111111
11111110111111011
11011111111111011
01111111011111111
11111111111111010
11111101111110111
11011111111110111
10101111111111111
11111110111111110
11111111101111111
11111111101111101
11111111111111111
10111111111110111
11111111111111001
11011111011111111
11111111101011111
11011101111111111
11111111111101111
01111111111011111
01111111111111011
11011111101111111
11111101111111011
11101111101111111
11101101111111111
11111111011111111
01111111011111111
11111110111101111
11111111111111100
11011011111111111
11011111110111111
11101111011111111
11111111011111110
01111111111111110
11111110111111011
11111111110111011
11111111110011111
11111011011111111
11111011101111111
11111111111110011
11101011111111111
11101111101111111
11101111111111110
10111111111011111
11101111101111111
11111111101111011
11110011111111111
01111111110111111
11101111111111110
11101111101111111
11011111111111101
11111110111011111
11111111111111011
11011111101111111
11110111111111011
11011111111111111
11010111111111111
11111011111111101
01011111111111111
01111111111111111
11111110111110111
10111111111111011
11101111111111111
11111110111111110
01111111101111111
11111111110011111
11101111111111110
11011111111111110
11111101111111111
11110111111111110
11101011111111111
11111110111111110
11111111111110110
11101101111111111
01111111110111111
11111111110111011
11111111110101111
01111111111011111
01111111111111011
11011111111111111
11011111111101111
11111010111111111
11111010111111111
11111011111101111
11111101111101111
11111111111101111
11111010111111111
11111111111111111
11111011111111011
11110110111111111
11111111101101111
11111111111011110
10111111101111111
11111101111110111
11110111111111110
11111111011101111
11111111011111110
11101111111111011
11111101111111101
01111111111111110
11011111101111111
11111111010111111
01111011111111111
11101011111111111
11111111111111011
11111111111101111
11111101011111111
11111110011111111
11111101111111110
01111111101111111
11111101111111101
01111111111111111
11111111101101111
11111101111111011
11110111111101111
11100111111111111
11111011111110111
11101011111111111
11111111111101101
11111111011011111
11111111111111001
11111111101111110
11111101110111111
11111111001111111
11111111111110110
11111111111111101
11111110101111111
01111101111111111
11101101111111111
11001111111111111
11111101011111111
11111111111110011
11110110111111111
11111101111111111
11111111110101111
10111111111101111
11111111101111011
11101111110111111
01111101111111111
01111111111110111
11011111111111110
11101111111111110
11111111110111110
11111101011111111
11111101111111101
11101111111110111
11111011111110111
11111011111111111
01111101111111111
11110101111111111
10111110111111111
11111111101111011
11111101101111111
11101111111111111
11111110111101111
11111101110111111
01101111111111111
11111110011111111
11110011111111111
11111111111011111
01110111111111111
11101011111111111
11011111101111111
01111111011111111
11011111111110111
11111101011111111
11111111110111110
01111111101111111
01111110111111111
11110111111101111
11111111101110111
11111110111110111
11110111111111111
11111110111111111
11111110111011111
11111101011111111
11111111110111111
11111110111111110
11011101111111111
11111111111011110
10111111110111111
11111111111111110
11010111111111111
11111110111111101
11111111100111111
11111111111011101
10111111110111111
11111111101101111
01111011111111111
11111111111101101
11111111110011111
11111111111111001
11110111111110111
11111111101111011
11011111111101111
11110111111101111
10111111111110111
11101011111111111
11111011111011111
11001111111111111
11011111111111101
11101111011111111
01111011111111111
11111111101111101
11111110111011111
11011111111111011
11101110111111111
11111110111111110
11111111111101110
11111111111100111
11111011111101111
11101111110111111
10111111111011111
11101011111111111
01111111111111011
11111111001111111
11110111111111111
11101111011111111
11011111110111111
11011101111111111
11101111111111101
11111111111111100
11111111101111011
01111111111111011
11111100111111111
11111111111100111
11001111111111111
01011111111111111
11111111111111011
11111111111110101
11110111111101111
11111111110110111
01111111111111111
11111111110111101
11111101101111111
11110111101111111
11111101111110111
11111100111111111
01111111111111111
11111110111101111
11111111111011101
11111111110110111
11111111111110110
11111101111110111
11100111111111111
11101110111111111
11111111111011101
11110111111101111
11011101111111111
01111111101111111
10111111111111011
10111111111111101
10111101111111111
10111111111111011
11111111011111101
11111101111111011
01111110111111111
11111111111110011
11111111111101101
11111101111111110
00111111111111111
11111101111011111
11110110111111111
11111101101111111
11111111111111110
11110111111101111
11101111110111111
11110101111111111
11111011111111110
11101111101111111
10011111111111111
11111110111110111
11111111011110111
11111011111101111
11111111011111101
11111111110110111
01111111111111101
11110111110111111
11111111110110111
11111111111110111
01111111111110111
11111111111111010
11111111111110110
11111101101111111
11111111101110111
11011111110111111
11110111111110111
10111101111111111
11011111101111111
11110111111111111
11111111101101111
11111111101111111
11111111011110111
11101111110111111
11011111111111110
11011111111101111
10111111110111111
11111101110111111
11011111111110111
11101111101111111
11111111011111110
11111111110111101
11001111111111111
10111111111110111
11111111110111110
11100111111111111
11011111101111111
11011111111111110
11011101111111111
11111101111111111
11111111111001111
11011111111111111
11110111111111011
11011111111111101
11111110111111101
10111111011111111
11100111111111111
11110111111110111
11111011101111111
10101111111111111
10111101111111111
10111101111111111
11101111111111111
11110111110111111
11111111111111010
11111110111111011
11111111101011111
11110111111110111
11110111111101111
10111111111110111
11111111111111110
11101111101111111
11110011111111111
11110011111111111
10111111111101111
11111110011111111
11111110111111110
11111111111110101
11111110111111011
10111111011111111
11111110111111101
11110111111110111
11111100111111111
11011011111111111
00111111111111111
11111111011111110
11111111110011111
11111111101110111
11101111111111111
11011011111111111
11111101111111111
11111110111011111
11111101110111111
10111111111110111
11111101110111111
11111111111101110
10111111111110111
11101111011111111
11111111100111111
11111111111110111
11111111110101111
11111111101101111
11111111111100111
11111111111110101
11111111011111101
11111110111111011
11011111110111111
11011111111110111
10111111111011111
11110101111111111
01111111111110111
11001111111111111
11111111110110111
01111111111110111
01111111111110111
11111111111011011
11111011111101111
11001111111111111
11101111110111111
11111111101011111
11111110111111011
11110111111011111
11110111111111111
10110111111111111
11111111111100111
11101011111111111
11101011111111111
11011011111111111
11111011110111111
11111111110110111
11101111011111111
11111111110101111
11111111101101111
10101111111111111
11010111111111111
11111101111011111
11111101111101111
11111111101111011
11111111101110111
01111111111101111
11111111111100111
11011101111111111
11110111111101111
11111010111111111
11011111111011111
11111101111110111
11111110111110111
10111011111111111
01111111111111101
11111111011011111
01111111111110111
11111111110111110
11111111111111111
11111011110111111
11110111111111101
11101111111111110
11011111111110111
11111011101111111
11111011101111111
10111111111111011
11101111101111111
10111111111101111
11111110111101111
11011111110111111
11111111011111011
01111111111011111
11101111111011111
11111111111011101
11011111110111111
11100111111111111
11111111101111111
11011111110111111
11111111111101111
11011111111011111
11101111111111111
11101111111111110
11111101111111011
11111111111010111
11111111010111111
11011111110111111
11011101111111111
11111101110111111
01111111101111111
11111110111110111
11111110011111111
11111111011111101
11111011111101111
11111111111110101
11111110101111111
11111101111111101
11111100111111111
11111111111110011
10111111111111111
01111111111101111
11110011111111111
11100111111111111
11110111111111110
11111111111011111
11111111111101011
11111111111101110
01111111111111111
11111111111111110
01111101111111111
11101111101111111
11111111110011111
01111111111111111
11111101011111111
11011110111111111
11111001111111111
11110111110111111
01111111111111110
11111111111101011
11111111011011111
10111111011111111
11111110011111111
11011111111111011
11101111111110111
11111110111111110
11101111110111111
11111111110110111
11110111011111111
11011111111111101
01111111111101111
11111111111011110
11111011111011111
11010111111111111
01110111111111111
11111111111101111
11111011111101111
01111111101111111
11111110111110111
11110111111101111
11111111111111110
11111111011111110
11111110111111111
11111111111101111
11111010111111111
11110110111111111
11011011111111111
11111011111011111
11101111111101111
11111111011111101
00111111111111111
11111111111101111
11111010111111111
10111111111111101
01111101111111111
11101111011111111
01111111111111110
11111010111111111
11111111111111100
10110111111111111
11110011111111111
11101111101111111
00111111111111111
11111111111011111
11111101111111110
11111101111011111
01110111111111111
11111111111010111
11111111101110111
10101111111111111
11111110101111111
11111110111111110
11101111111011111
11110111111011111
11111101101111111
01111110111111111
11111111111111111
10111111111101111
11101111110111111
11111111010111111
11111111111101011
10111101111111111
01111110111111111
10111111111101111
11011110111111111
11110111111011111
11111111011011111
10111111110111111
01111011111111111
11011101111111111
01111110111111111
11111111110110111
11111111111011110
11111110111111110
11111110111111101
11011111111111111
10111101111111111
11111111100111111
11111111111111011
01110111111111111
01111111111011111
01111111110111111
01111101111111111
10111111111111110
01111111111111111
11011111011111111
11111111111011111
11111011101111111
11101111101111111
11111111111110111
11111111111110110
11111111101101111
11111111001111111
11111111101111101
11111111100111111
11110111111111101
11111110101111111
01111011111111111
01111110111111111
01111111111111101
11111111010111111
10111111101111111
01111111111111111
11111111111111001
11011111101111111
11011011111111111
11110111011111111
11101111101111111
11110111111111101
11111111110011111
11111101111111011
11101101111111111
11111111111011011
10111111110111111
11111111101110111
11111101111110111
11111111011110111
11011111111101111
01101111111111111
11111111111100111
11111101111110111
10111111111111111
11011111111111111
11111111111100111
10111111111101111
11111011111111110
11110111111110111
11111111011111101
11111111110111111
11111110110111111
11110111011111111
11111011110111111
11111111111111111
11111110101111111
11101111111111011
01111111111111011
11111101011111111
11111111111101110
11101101111111111
10111111111111110
01111111111111011
11001111111111111
11111111111011111
11110111111011111
11110111111111011
10111111110111111
11111111111111001
11111110011111111
10111111111011111
11111111111100111
11111111101111110
11111111101101111
11111011111101111
11111101111111011
11111011111111110
11111110111111011
11111111111001111
11011111111111011
11111111110110111
11111111111011011
11111011111111011
11111111101101111
11111110110111111
11101111011111111
11001111111111111
11011111111101111
11110111111111111
10111101111111111
10111111111111011
11111101111111111
11111111111111110
11011111110111111
11111111111111110
01111111111111110
11111111111111001
11110101111111111
11111001111111111
11111111110111101
10111111101111111
11101110111111111
11011111101111111
11111110111111101
11101111111110111
11101111111111111
10111110111111111
11111111100111111
11111111001111111
11111111111111101
11011111111111011
10111111111111110
11111111111110110
11111111111101111
11111101111110111
11111111101111110
11111111111111100
01110111111111111
11101101111111111
11011101111111111
11111110111111101
01111111111111111
11111111111101111
11111011111110111
11111111111101110
11111011110111111
11101111011111111
11111111011111101
11111101111111110
11111111111110101
11110111111111110
11101111111111110
11101111111111111
11110111111101111
11011111111111101
11111110111110111
10111011111111111
01111111111111101
11111111011111111
11001111111111111
11111101111011111
11111111111001111
11011111111111111
11111111111011111
01111111111110111
11101111111111101
11111111111111101
11111111110101111
10111111111111011
11110101111111111
11011111111111011
11110111011111111
11101101111111111
11001111111111111
11111111010111111
11111110111011111
11110011111111111
10011111111111111
11111111101101111
11111111011110111
01111111111111101
11011111111111101
11111011101111111
11111111111011110
11111111111111001
11111111110111111
11111110111110111
01111111111101111
10101111111111111
11101111111111011
11110111111111110
11110111111111111
11111101111111111
11011111111101111
11111111101101111
11101111111111110
11111111111011101
11101111111101111
01111111110111111
11111111011011111
11100111111111111
11111111101111110
11111111111111111
11111011101111111
01111111111101111
11111111101011111
11111110111011111
11111111101111111
10111101111111111
10011111111111111
10111111111111101
11111111111101111
10111111110111111
11110011111111111
01101111111111111
11111011111111011
01111111111111111
11110011111111111
11101111111110111
11110011111111111
11111111011111110
11111111101111111
11011111110111111
11111111100111111
11111111111110101
11111110111011111
11111111111110110
Time = 0.029s
