n = 10, k = 3, l = 2, m = 120
Expect Resample Times = 0.378594
Result:
1000110001
1000111110
1010110010
1101101111
0001101110
1000011000
1010111101
1001011100
0101001000
1001000100
1000111000
1001000011
1100000110
0001001011
1111010010
1111010110
0000110010
1101101110
0011111100
1110011010
0111101001
1110101011
1101001000
0101010011
0101101101
1001111111
1010100001
0110111011
0011010000
0110011100
1111110010
1000111000
0011100010
1110010101
0000101110
1110110010
1101010100
0110011110
0010100010
0110010101
1001011000
0011011000
1101010011
0100111111
1001110100
0110011000
0111000110
0011110110
1111010100
1110100001
0010101100
0100011011
0011000001
0011100010
0100101100
1011000111
0000011010
0000011100
1111110000
1101000010
1110110100
0111101101
0110110110
1101011100
1001001000
0100101111
0110010100
1110010100
1010110100
1100011100
0011011011
1101111010
1000101101
0001111110
0111101100
0000000111
0000110000
1111100110
1111101101
1010000101
1011001011
0100001010
1000010111
0110010011
1110101010
0111110011
0110011010
0010101010
1010001001
1111000010
0100100001
1110011110
0110000100
0100001011
1100110011
1000100111
1101010011
1100111111
1100001101
0001001011
1100000100
0000110100
1101011101
1101011110
0010001110
0010101000
0100010111
0111101001
0011110001
1001010000
0100100101
0010100101
0000000111
1000010010
1011001110
1110101001
0110011000
0111010001
0000011110
1001001101
Time = 0.004s
