n = 13, k = 4, l = 2, m = 307
Expect Resample Times = 0.384625
Result:
0001000110011
1001111010001
1110101010011
0101111000010
1010011001000
1101010011011
0000010001011
0010011111111
0100111111001
1001100001000
1011100000000
1001001000001
1110011000100
1011111010101
1000101111110
1110001011010
0001110100101
0011111000010
0100010100110
0111110010011
1101101110101
1110011001010
0000010100110
0011101010011
0011110010111
1000000010111
0010010010111
0000100101011
1010100110001
0110101001111
0010001110101
1111111100111
0110001110000
0100000111011
0010101111111
1010100100100
1100110011001
0010110011110
1110011111010
0111100101110
1001111011010
1111011001111
0111011100011
1111101011010
0001001100100
0001101001110
0010001000011
1111010001010
1000111111010
1011010001010
0110010110011
1111011001111
1110010000000
0110110101010
0011000010011
0100101011001
1010111000010
1000100011101
0111111111010
1001011101111
0110011111110
1000111111010
1011111101100
1000101001000
1110001011111
0001011011110
0001001111011
0110110000011
1001001110101
1010010111111
1010101111010
0101111111001
0100000011000
0100000111100
1001011010101
0100010101000
1001100011001
0011000000101
0010100101001
0000011101000
0011011101011
0111100101011
1011000111110
0101011011010
0001000001010
1000001100101
0010110111100
1010100001010
0111110010010
0111100001111
0101100101111
1101011010011
0101101001101
1110011000011
0111100110001
1101100101011
1010101000000
1011011111101
1100111001100
0100101110000
0010011000011
1001111111101
1110000111101
1111000110011
0000010010111
0011010010010
0101010000100
1101001000111
0010010100110
1011001101111
0000110101010
0110010101011
1100101001110
1000110110011
0111101111101
0110010110001
0101010000101
0110000110011
1111001101110
1101111111011
0100110101101
0010011011010
0010011110101
0011000010111
1010001011001
1001101110001
1000000110001
1101110000010
0011100001010
0101001001100
0110101010111
0101110000001
1010011110111
1010111010001
0010101011110
0001111100011
1010000101111
1010110010001
0001111000110
1010110010010
0010101111100
0111000010100
1110000011100
0100011011100
0101010010010
0100001101001
1111100010011
1010110000111
1110101101110
1111011111110
0011011011101
1011000100000
1100101101011
1010000001011
0010110100000
0111101000101
1011110100011
1000111000000
0101000101000
0100001111011
1111110100110
0100011010001
0100101110111
0100000011111
1001011011110
0011010110100
1110111111111
0100101011011
0100001110101
0101100000010
1111110001100
0101000100001
1011010001110
1001100011011
1101001011000
0101010111011
0001100101111
1010110011110
1101110100110
1001101101010
0111000111001
1001001110101
0100110011000
1000001110101
1111000110011
1000111110011
0011100100110
0001101100011
1011011010111
1011010110100
1110011111111
1111101101101
1001000001100
1101111001010
1111110000001
0100011101101
1110100100100
0001110100111
1110110101011
0000110001110
1101001101111
0101110010101
0100001110001
1011100111001
1101000011101
1001000111011
0010101110101
1010110000110
1010101101001
1100100100010
0110000111100
0001101001110
1011001101111
0101101000101
1000001001010
1100101110001
1110111100111
0110011010111
0111111011100
0010100100000
1111011001011
0000010100001
0110110110100
1111111001101
0100100001011
1100010001101
0000001110110
1111010111111
0100100000101
1000010011001
1011010011100
1111110010001
1000001011111
1000111101010
1101010101001
1100111011010
0011000010110
0101100011000
1110000111111
1000111110011
0101110111100
0001010110000
0000011110110
1010110000010
0101111100101
1000011100111
1100011110010
0001011100001
1111010111101
1101111000101
0011101010001
0011101011001
1110000110000
0110100101110
1011001001100
0010011110000
1100100001001
0011101100001
0010100101000
1111110110011
0010000111010
0011110000011
0101010000001
1000100101000
1001111101101
1110000010110
1000100011000
0101011011111
1100111000011
0100010110101
1000011110101
0001101101110
1000001111110
0010111001100
1110101001101
1101001001000
1110110101110
0110010101111
1000011101100
0011101011110
0110001000111
1001011001111
1001011100011
1110110101110
1100100111111
0110110111101
1000110111011
1111010111100
1010010001101
0011010011010
1101001101110
0110000010110
1110100000001
0101001010010
1110001100000
1000111010101
0011101001000
1011001111011
1010000110010
1011111101011
0110001001000
1111000111010
0111110010100
0111000101110
1000101010100
0010111000111
1100101010100
Time = 0.059s
