n = 9, k = 2, l = 1, m = 47
Expect Resample Times = 0.468683
Result:
010011111
111001110
000001101
111000001
100101001
010000010
011001010
011101111
001000011
010000100
111111010
010010111
011011100
111111000
010111111
110011111
011101101
010101111
011010001
000000100
011101110
000000001
100100010
101000010
011100101
010101100
010001100
010010010
110000011
101111000
011100111
100011110
010000001
100000000
001110111
100011011
010111100
111110011
110000010
010110111
001101010
000001010
101001011
100010011
011111101
101110010
110001011
Time = 0s
