n = 7, k = 3, l = 1, m = 92
Expect Resample Times = 0.352858
Result:
1001100
0001101
0100001
0000110
0110011
0010001
0100010
1001111
0000110
0001110
1000010
0001010
1101100
0010001
1111011
0011000
1101000
0110010
1011100
0101110
1101010
0010101
1011010
1101110
1100100
1111000
1010111
0110010
1011011
0011010
1011001
1001000
0001011
1100100
1011101
1101100
0111010
0101000
0111000
0110101
1011110
0011110
0101110
0101110
1101101
1010001
0101111
1111100
1011101
1100110
0010111
1111110
0010111
1001110
0010100
1100001
0100111
0010001
0100111
1101000
1101101
1001100
1000100
0101001
0101101
1001001
0101000
0100001
0100000
1111101
1111000
1000000
1111111
0110001
1101011
1110110
1111001
0010100
0101010
0111111
1000111
1111100
0100111
1101010
0100111
0101011
1110101
1011011
0010110
0001001
1101001
1111101
Time = 0.001s
