n = 17, k = 4, l = 6, m = 408
Expect Resample Times = 0.412338
Result:
10010110000111111
00011001110101001
01011110111001101
10001111111110000
01011001111100100
10100001101110110
11010111010100111
01011111111101011
00101001010010111
11100011101101011
00001001010010011
11101001001111001
00010110010101011
01101100011110001
00110100100101101
11000011101001101
11101011100011110
10101111001010011
00000001001101110
10101011110110010
10110011110011011
10011101111110001
01110111111001111
11010010011000001
00100110010010110
01101000100010001
00001100000011110
11011100111110010
01010101010011011
01000111001000011
11110011010000000
11111011110000111
01110010100010000
11110000001010011
10111101001101111
10100101111010111
10010110001110011
00110100101100111
10100010100001011
01100110111001010
01100001111100011
00011000111101101
00101101111101101
00011010100011010
01110011001100100
10111110011011101
01011110110010010
10101010001010011
11100011010000001
00111101010101001
00011001100001100
00111101000101001
00011101110001101
11001110000111111
11101010001110011
00100100110110110
01000110110111111
01011000001110101
10111001111011001
11011001001011011
10101000001011101
10100100000011111
10001100001111010
11000110000111000
00100010010101100
10111000101110100
11001010111001010
10111101000110100
11001001110101111
11100101111001101
01010110010101101
11111100111110101
00010010011110101
00101000011100011
11110101100010000
11101100011101001
11001000000101001
10101000000011010
01000000110001111
11101010010000101
01110110001111101
10100011100100101
11000000011111001
01111100100111001
11011000101011111
01111101001001001
10101100110001001
11000011011010010
01100111010110010
10010010100100001
01111001010000010
00101110110011001
00001001101100001
01001000011101111
01010011011000001
10001101111101011
10100011100011001
00000000101011101
10111100010111110
11000110000010010
00011100001011001
00111001111110001
00011000100101110
00000010101010111
10111100110000101
11110010000100011
10110111111010100
10101000111011011
00100101010010010
10011101110111011
00000000111000111
10101011111010101
00111011001010100
11100111111000100
00110111011101001
10110001000110010
00011111111001110
11111010011111000
11010101111100001
11010111010010110
10011000010001001
11110010110010111
10000111000000111
10110000000011011
00110101111010011
00111011001001001
01110100100010001
10100010110111000
00101001110101101
00111101111100001
00000100111011010
10010100110100010
01111110110011000
11110001101100000
00001101111000010
10110000110011101
11110101100101011
11111000111111111
01010101100000001
11101111000000010
11110110000000011
11101101000000001
01001110100101100
01101010100000011
00001100011111000
10111010110010011
11001110000110101
11000110011101000
00111101011111000
11110101111101000
11100110110001100
00111001100011110
00001111110110011
10111001011111000
10111011110111101
01100000110011001
10000010111111001
11000010111100110
11001011100100011
11011111011000110
11110010001100010
11010110001001011
01100101101110000
11100101100011101
00111100011000000
01101101000010100
10001110110011110
01111001100010110
11111100100011001
01101111000011000
01101010001111110
01101111110100110
00100101101001010
10010001101101011
00010101001010100
01101010010001011
00110110110010000
11000101011101000
10000010100001110
00000110101111111
00100000001011011
00111110010101001
01011101010010011
00000101100001111
01001001001111100
00101101111000010
01010001110001010
10110111101011101
11010011010110010
01011110000010011
10011100010111111
10100111110010011
10110011111000111
11111001011000110
10001001100000011
11010011110010011
10110001110010101
11001101101111000
11111001000101011
00101111010101110
01010110100000100
10101111000110110
10010111000011110
00000011010110001
11000100110000001
11010000001010001
01101010000010101
11010101111001100
00111110100001100
01101111000101111
10110000010011111
10111010001100000
11001101010110101
11110110001101001
10100111100001110
10010110100100001
00001110101110111
10000001011110001
00100001001101011
01101001001101101
01100001101101011
10001111011101010
00000101011001110
00100001001110110
01100011010111000
00001110010001001
11010000001010111
10111111101000101
00001001110111010
00010110111101101
00101000111000010
11000010001101001
01100101000110110
00110100111010011
00000110011101001
11011000001111101
11010111101010001
01001100011101011
10000110101001100
10000100111011010
11010101000010000
10100101001111100
11101111011001001
01001010010010010
11000110101110110
01100011100010100
01001110110010000
00111110100111111
01111011101000010
00011110001001101
11011010101110001
00001011000110100
01001110111110111
10000001001101111
11111011110011101
11110100001110001
11010101100111001
10001110001010101
00011010111110101
10011001011110101
11001101010110000
11011010110010001
00110000100110101
11001111110101001
00001110000100110
10000111110000000
01010000111100011
11001101000000011
10011000110011101
11101101010001010
00000100111110000
00100101111101101
11000111001000100
10011000100000110
11011111111010001
00101101000011111
10111001110000001
01011111000011000
00101001111010001
00111010000110000
00101101101111111
01110100011101100
10101100100011000
00001011010001110
00011001100000101
10100001000110101
00100010011011010
11001001100101100
11110000001000011
01101000100010011
10111010010000100
01001110111011000
01110010101000100
01010010001101010
01010010010011110
00011000011100100
00101011111110000
10011011000100110
11100011010110010
10111101010001110
11011101000111001
01111111010101100
10011100011000011
01111010011111101
11111001001010101
11011001101010001
01010110011011111
01010011010001000
01101001111101000
00110110100011011
11111000101011000
11110010010000101
11010101010101110
00101111001110101
11011000001101101
11100001010110101
01110111010101111
11011101110011010
00110101001010110
01011000100100111
10100010000011001
00000111100110111
01011101010010000
01011001101001011
11111101000111011
11000001110100101
11110110001100001
01000101110011100
10111011000011111
10100110001010000
10010100010111101
11000101110001110
01111000001110101
00111100101000010
01001110101001110
10100100110110011
11101001101010110
10011000011001111
10110011001100100
00111111100000010
01001110100000001
10011011010111000
01001001100110001
01010010110110100
01110110001111011
11110100011011111
00110111011101000
11111101001111100
01000001010111011
01110110011011110
11000100100100001
00010011111010111
00001111000100101
00100110110001110
11111100111000000
11000001101100101
00111001000110000
00111100011010111
10010000101010101
10111000000111110
11111010110100111
10110011110010110
01000101001111101
00001001110111101
11001110001001110
10010101101010101
10111010000001111
01110110010011000
11110111111100101
11001101011011101
11101110110110010
10100100110100111
10100010011101101
00000100101110011
00101001011011011
10111100010000101
00101011010100000
00110001111111000
11000010011001110
00100001010011101
00000010111100001
11111110101011110
11111110111111000
01111011011010001
11110111111101001
11101101101100100
11100000010100001
00011111010011001
11001101011011110
10101000011111101
01001100011000101
10111110000000101
11110100111001111
01001011100000111
11111000010110100
01000110101110000
11101001110000110
11001000010011110
11001111111101001
00100111011011100
11100010000100111
00011111000101110
11111000111101100
10010000011101010
01010101001111000
00000111100001101
00011111100110011
00000011000101101
Time = 13.554s
