n = 15, k = 2, l = 5, m = 58
Expect Resample Times = 0.667425
Result:
000111110100100
011100001011111
110110110111011
100100110001100
100000111100100
010001101110110
111000100010000
111111001110110
010111100010000
111110101001010
111100000001111
010000000101111
010110001111111
010110101101101
110001000101000
100111100010011
101001111101010
101101001000010
100000101101011
000111111101100
011100100100111
001111011100011
101111110001010
010110110111110
110111101001111
011011001101100
101000011011100
001111001010001
111000100010111
100010100111111
111000101101001
100100110101001
001011010100011
011001110110000
111011011100100
111100000100110
010110111010010
010011011011000
011111001010111
000100001101010
101001110101111
100111000000001
100101011001001
001100101100000
101100111101011
100010111110101
011101100001000
011011100001001
000011011010000
110010111001100
111110000010001
000111000001100
111111111011010
100011111000011
111010111101111
001110101001100
111100100010011
111001011111100
Time = 0.763s
