3 1 1 3 9
3 1 2 3 10
3 2 1 3 14
4 1 1 4 11
4 1 2 6 11
4 1 3 4 15
4 2 1 4 25
4 2 2 6 37
4 3 1 4 35
5 1 1 5 13
5 1 2 10 12
5 1 3 10 13
5 1 4 5 20
5 2 1 5 32
5 2 2 10 36
5 2 3 10 69
5 3 1 5 60
5 3 2 10 102
6 1 1 6 14
6 1 2 15 13
6 1 3 20 13
6 1 4 15 16
6 1 5 6 26
6 2 1 6 38
6 2 2 15 39
6 2 3 20 51
6 2 4 15 109
6 3 1 6 78
6 3 2 15 95
6 3 3 20 212
7 1 1 7 15
7 1 2 21 14
7 1 3 35 14
7 1 4 35 15
7 1 5 21 18
7 1 6 7 31
7 2 1 7 42
7 2 2 21 42
7 2 3 35 47
7 2 4 35 69
7 2 5 21 158
7 3 1 7 92
7 3 2 21 99
7 3 3 35 145
7 3 4 35 378
8 1 1 8 15
8 1 2 28 15
8 1 3 56 15
8 1 4 70 15
8 1 5 56 16
8 1 6 28 21
8 1 7 8 37
8 2 1 8 45
8 2 2 28 45
8 2 3 56 47
8 2 4 70 58
8 2 5 56 89
8 2 6 28 217
8 3 1 8 103
8 3 2 28 106
8 3 3 56 129
8 3 4 70 213
8 3 5 56 613
9 1 1 9 16
9 1 2 36 16
9 1 3 84 15
9 1 4 126 15
9 1 5 126 16
9 1 6 84 18
9 1 7 36 24
9 1 8 9 42
9 2 1 9 47
9 2 2 36 47
9 2 3 84 48
9 2 4 126 54
9 2 5 126 70
9 2 6 84 114
9 2 7 36 285
9 3 1 9 112
9 3 2 36 113
9 3 3 84 126
9 3 4 126 168
9 3 5 126 303
9 3 6 84 931
10 1 1 10 16
10 1 2 45 16
10 1 3 120 16
10 1 4 210 16
10 1 5 252 16
10 1 6 210 17
10 1 7 120 20
10 1 8 45 26
10 1 9 10 48
10 2 1 10 49
10 2 2 45 49
10 2 3 120 50
10 2 4 210 53
10 2 5 252 62
10 2 6 210 84
10 2 7 120 141
10 2 8 45 364
10 3 1 10 119
10 3 2 45 120
10 3 3 120 127
10 3 4 210 151
10 3 5 252 219
10 3 6 210 419
10 3 7 120 1345
11 1 1 11 17
11 1 2 55 17
11 1 3 165 16
11 1 4 330 16
11 1 5 462 16
11 1 6 462 17
11 1 7 330 18
11 1 8 165 21
11 1 9 55 29
11 1 10 11 54
11 2 1 11 51
11 2 2 55 51
11 2 3 165 51
11 2 4 330 53
11 2 5 462 59
11 2 6 462 72
11 2 7 330 100
11 2 8 165 172
11 2 9 55 452
11 3 1 11 126
11 3 2 55 126
11 3 3 165 130
11 3 4 330 145
11 3 5 462 184
11 3 6 462 282
11 3 7 330 564
11 3 8 165 1869
12 1 1 12 17
12 1 2 66 17
12 1 3 220 17
12 1 4 495 17
12 1 5 792 16
12 1 6 924 17
12 1 7 792 17
12 1 8 495 19
12 1 9 220 23
12 1 10 66 32
12 1 11 12 60
12 2 1 12 53
12 2 2 66 53
12 2 3 220 53
12 2 4 495 54
12 2 5 792 58
12 2 6 924 66
12 2 7 792 82
12 2 8 495 118
12 2 9 220 207
12 2 10 66 551
12 3 1 12 131
12 3 2 66 131
12 3 3 220 133
12 3 4 495 143
12 3 5 792 167
12 3 6 924 224
12 3 7 792 358
12 3 8 495 741
12 3 9 220 2519
13 1 1 13 17
13 1 2 78 17
13 1 3 286 17
13 1 4 715 17
13 1 5 1287 17
13 1 6 1716 17
13 1 7 1716 17
13 1 8 1287 18
13 1 9 715 21
13 1 10 286 25
13 1 11 78 35
13 1 12 13 66
13 2 1 13 54
13 2 2 78 54
13 2 3 286 54
13 2 4 715 55
13 2 5 1287 57
13 2 6 1716 63
13 2 7 1716 73
13 2 8 1287 94
13 2 9 715 138
13 2 10 286 245
13 2 11 78 660
13 3 1 13 136
13 3 2 78 136
13 3 3 286 137
13 3 4 715 143
13 3 5 1287 159
13 3 6 1716 195
13 3 7 1716 272
13 3 8 1287 450
13 3 9 715 954
13 3 10 286 3309
14 1 1 14 18
14 1 2 91 18
14 1 3 364 18
14 1 4 1001 17
14 1 5 2002 17
14 1 6 3003 17
14 1 7 3432 17
14 1 8 3003 18
14 1 9 2002 19
14 1 10 1001 22
14 1 11 364 27
14 1 12 91 38
14 1 13 14 72
14 2 1 14 56
14 2 2 91 56
14 2 3 364 56
14 2 4 1001 56
14 2 5 2002 57
14 2 6 3003 61
14 2 7 3432 68
14 2 8 3003 82
14 2 9 2002 107
14 2 10 1001 159
14 2 11 364 286
14 2 12 91 780
14 3 1 14 141
14 3 2 91 141
14 3 3 364 142
14 3 4 1001 145
14 3 5 2002 155
14 3 6 3003 179
14 3 7 3432 228
14 3 8 3003 329
14 3 9 2002 558
14 3 10 1001 1207
14 3 11 364 4254
15 1 1 15 18
15 1 2 105 18
15 1 3 455 18
15 1 4 1365 18
15 1 5 3003 18
15 1 6 5005 17
15 1 7 6435 17
15 1 8 6435 18
15 1 9 5005 19
15 1 10 3003 20
15 1 11 1365 24
15 1 12 455 29
15 1 13 105 41
15 1 14 15 78
15 2 1 15 57
15 2 2 105 57
15 2 3 455 57
15 2 4 1365 57
15 2 5 3003 58
15 2 6 5005 60
15 2 7 6435 65
15 2 8 6435 75
15 2 9 5005 91
15 2 10 3003 122
15 2 11 1365 182
15 2 12 455 332
15 2 13 105 911
15 3 1 15 145
15 3 2 105 145
15 3 3 455 145
15 3 4 1365 147
15 3 5 3003 154
15 3 6 5005 170
15 3 7 6435 204
15 3 8 6435 268
15 3 9 5005 396
15 3 10 3003 684
15 3 11 1365 1505
15 3 12 455 5369
16 1 1 16 18
16 1 2 120 18
16 1 3 560 18
16 1 4 1820 18
16 1 5 4368 18
16 1 6 8008 18
16 1 7 11440 18
16 1 8 12870 18
16 1 9 11440 18
16 1 10 8008 20
16 1 11 4368 22
16 1 12 1820 25
16 1 13 560 31
16 1 14 120 44
16 1 15 16 84
16 2 1 16 58
16 2 2 120 58
16 2 3 560 58
16 2 4 1820 58
16 2 5 4368 59
16 2 6 8008 60
16 2 7 11440 64
16 2 8 12870 70
16 2 9 11440 82
16 2 10 8008 102
16 2 11 4368 137
16 2 12 1820 208
16 2 13 560 381
16 2 14 120 1053
16 3 1 16 149
16 3 2 120 149
16 3 3 560 149
16 3 4 1820 150
16 3 5 4368 155
16 3 6 8008 166
16 3 7 11440 189
16 3 8 12870 232
16 3 9 11440 313
16 3 10 8008 473
16 3 11 4368 830
16 3 12 1820 1850
16 3 13 560 6670
17 1 1 17 18
17 1 2 136 18
17 1 3 680 18
17 1 4 2380 18
17 1 5 6188 18
17 1 6 12376 18
17 1 7 19448 18
17 1 8 24310 18
17 1 9 24310 18
17 1 10 19448 19
17 1 11 12376 20
17 1 12 6188 23
17 1 13 2380 26
17 1 14 680 33
17 1 15 136 47
17 1 16 17 90
17 2 1 17 59
17 2 2 136 59
17 2 3 680 59
17 2 4 2380 59
17 2 5 6188 60
17 2 6 12376 61
17 2 7 19448 63
17 2 8 24310 68
17 2 9 24310 76
17 2 10 19448 90
17 2 11 12376 113
17 2 12 6188 154
17 2 13 2380 235
17 2 14 680 433
17 2 15 136 1206
17 3 1 17 152
17 3 2 136 152
17 3 3 680 152
17 3 4 2380 153
17 3 5 6188 156
17 3 6 12376 164
17 3 7 19448 180
17 3 8 24310 211
17 3 9 24310 266
17 3 10 19448 365
17 3 11 12376 560
17 3 12 6188 998
17 3 13 2380 2246
17 3 14 680 8172
18 1 1 18 19
18 1 2 153 19
18 1 3 816 19
18 1 4 3060 19
18 1 5 8568 18
18 1 6 18564 18
18 1 7 31824 18
18 1 8 43758 18
18 1 9 48620 18
18 1 10 43758 19
18 1 11 31824 20
18 1 12 18564 21
18 1 13 8568 24
18 1 14 3060 28
18 1 15 816 35
18 1 16 153 50
18 1 17 18 96
18 2 1 18 60
18 2 2 153 60
18 2 3 816 60
18 2 4 3060 60
18 2 5 8568 60
18 2 6 18564 61
18 2 7 31824 63
18 2 8 43758 66
18 2 9 48620 72
18 2 10 43758 82
18 2 11 31824 98
18 2 12 18564 125
18 2 13 8568 171
18 2 14 3060 264
18 2 15 816 490
18 2 16 153 1370
18 3 1 18 156
18 3 2 153 156
18 3 3 816 156
18 3 4 3060 156
18 3 5 8568 158
18 3 6 18564 163
18 3 7 31824 175
18 3 8 43758 197
18 3 9 48620 236
18 3 10 43758 303
18 3 11 31824 424
18 3 12 18564 660
18 3 13 8568 1188
18 3 14 3060 2699
18 3 15 816 9892
19 1 1 19 19
19 1 2 171 19
19 1 3 969 19
19 1 4 3876 19
19 1 5 11628 19
19 1 6 27132 19
19 1 7 50388 18
19 1 8 75582 18
19 1 9 92378 18
19 1 10 92378 19
19 1 11 75582 19
19 1 12 50388 20
19 1 13 27132 22
19 1 14 11628 25
19 1 15 3876 29
19 1 16 969 37
19 1 17 171 54
19 1 18 19 103
19 2 1 19 61
19 2 2 171 61
19 2 3 969 61
19 2 4 3876 61
19 2 5 11628 61
19 2 6 27132 62
19 2 7 50388 63
19 2 8 75582 65
19 2 9 92378 70
19 2 10 92378 77
19 2 11 75582 89
19 2 12 50388 107
19 2 13 27132 138
19 2 14 11628 190
19 2 15 3876 295
19 2 16 969 550
19 2 17 171 1546
19 3 1 19 159
19 3 2 171 159
19 3 3 969 159
19 3 4 3876 159
19 3 5 11628 160
19 3 6 27132 164
19 3 7 50388 172
19 3 8 75582 188
19 3 9 92378 216
19 3 10 92378 265
19 3 11 75582 346
19 3 12 50388 491
19 3 13 27132 772
19 3 14 11628 1402
19 3 15 3876 3210
19 3 16 969 11844
20 1 1 20 19
20 1 2 190 19
20 1 3 1140 19
20 1 4 4845 19
20 1 5 15504 19
20 1 6 38760 19
20 1 7 77520 19
20 1 8 125970 19
20 1 9 167960 19
20 1 10 184756 19
20 1 11 167960 19
20 1 12 125970 20
20 1 13 77520 21
20 1 14 38760 23
20 1 15 15504 26
20 1 16 4845 31
20 1 17 1140 39
20 1 18 190 57
20 1 19 20 109
20 2 1 20 62
20 2 2 190 62
20 2 3 1140 62
20 2 4 4845 62
20 2 5 15504 62
20 2 6 38760 62
20 2 7 77520 63
20 2 8 125970 65
20 2 9 167960 68
20 2 10 184756 74
20 2 11 167960 83
20 2 12 125970 96
20 2 13 77520 117
20 2 14 38760 151
20 2 15 15504 210
20 2 16 4845 327
20 2 17 1140 614
20 2 18 190 1733
20 3 1 20 162
20 3 2 190 162
20 3 3 1140 162
20 3 4 4845 162
20 3 5 15504 162
20 3 6 38760 165
20 3 7 77520 170
20 3 8 125970 182
20 3 9 167960 203
20 3 10 184756 239
20 3 11 167960 297
20 3 12 125970 394
20 3 13 77520 565
20 3 14 38760 898
20 3 15 15504 1643
20 3 16 4845 3786
20 3 17 1140 14047
