n = 12, k = 4, l = 2, m = 293
Expect Resample Times = 0.377458
Result:
101110100011
011001011011
001111010011
001101010101
110101011011
111111111010
111101101111
011101010111
010111001000
101000010100
100100010001
011101010101
011000011101
101011101110
101110101100
000110101001
010111000010
001111001000
011010011010
011011100000
111001100011
010000001110
010011001101
001111110011
110011000010
000000001010
010111111100
010111101111
011011111001
101001110110
010101011011
101100001000
011111111011
010100100011
101100001010
110101010010
010010010000
100101000111
101011011100
111001110000
111000010111
100101000011
000101000000
011101010100
001011101101
011100010011
100110001111
001110001110
011110101111
011101101110
011110000101
001001101010
110011111100
010000100111
101010000111
000100100101
010100011010
101001100111
101010111010
111001010100
110000011010
100010111000
010001111110
100011100111
101010000110
110111000101
101011111000
000111110001
110100100110
001111000001
101000001100
010111010100
110101111111
101110101110
010010010001
000100110100
101011100001
010101100111
000110000001
000011110110
110010011010
100000101110
111001111011
011110010010
001111111101
011111101110
110111111111
111111110100
010000101110
011011110000
101011010000
100011011100
011101011011
000111110011
010110011000
101000011010
011001110000
110111110110
001100000001
100101101100
111011100010
110000111101
000110000110
110000010100
100110100101
010111000001
111000111010
110101100011
100101111100
011100000101
010100101001
110100011101
000110100111
001111100000
001110010000
110001000010
111001111000
101101000110
010101111010
000111100101
100101010111
010101100010
101000110011
101101000101
100111001111
011010010111
011011110001
010100100010
111111001111
110010001000
111111000001
100110101010
100011001110
010010101010
010011110100
001100011010
001110000111
011001100110
011010111010
001001100000
000101111110
001011100011
001000000001
101001100001
001011000110
000001100110
001011111000
010101110011
010110010011
011011010110
001010100111
001100100001
100100010110
101000011011
111111001000
001100000111
111111000011
100100010001
111110100010
111010011101
011100111011
010001111000
011000100010
000110111111
010101100111
010111000101
111001010010
010111011111
111011111010
001110100111
100110101011
111010111111
001010110111
100001001110
100101011000
111001101110
001110101000
110010100100
011100110100
111111101011
000101001001
111111001001
011000100111
011011111111
010001010011
010010010101
110101111110
001011010110
110111011000
101010101111
001001101010
110110011000
100101010101
111000110111
100000110011
111110111001
000011010000
101111111001
110011110011
101101011001
101000000101
000100011100
000011110110
100100111100
000000100001
011110011011
111010001101
011001010101
111111011111
111100110001
001001100010
000001101011
000101100111
101001000111
010110111111
100101111001
010011001100
011111010100
100010100011
101011011110
010101000100
101100101100
110011001010
010100101011
110000100111
111100111100
010010101100
101101011010
111011111000
010111110011
001101100111
010111111111
001010100110
110100011000
001101101100
110111001110
010011110000
010111001111
000011010101
100111111100
000010010000
000010001110
000010100100
000110110101
010111011101
111000011010
010110010110
100110010011
001010010111
011001110100
110001111110
000011110101
110011010101
111011000010
001001101111
110000011011
101111011011
000001110011
011111101001
011111100010
101100010010
100111000100
010011111100
101001011111
111100011001
111011101010
110110111011
111101101100
101101001000
011000111001
011000100100
110011110111
001001110001
110101000010
100111011000
000110111000
100111101110
001101011000
011100001010
111001101000
110001000101
101111001001
010100011001
110110100100
101100100110
000101100100
000001011000
000100100010
010101000100
001111010100
110111000001
110011000101
101010011001
Time = 0.019s
