n = 16, k = 3, l = 5, m = 155
Expect Resample Times = 0.477477
Result:
0001010001010010
0011010100110111
1001010000000011
0110000111000111
0101000101010010
0111101101111000
0010100111101110
1010110001000011
1110111100011111
0100001101100111
1111111001010000
1010100000111111
1011000011011010
0011010100011111
1010001100110000
0011000011000011
0010110011111001
1110000001100001
1000110000011100
1011100110001010
1011111011111000
0010001000110111
0100111100110100
0101111000111011
1001000011101010
1011010000111100
0001000100011010
0110110111100001
0001111001100110
0111110101111101
0110100001001000
1010011011000010
0000011100000011
1101001011111010
0000111101001111
1011101111001100
0010010111011001
1100010011010111
1001001000100110
1110011010000111
1100100110010111
0010001111101100
0010001001111010
0101110011111111
0010100001101010
1110110001010010
0111001000010001
1011101100011000
1101001000000101
1101110100000100
1001111110100001
1111111101101001
1011110010011110
0010011110100000
1010101010000011
1001011001010100
1100011100101010
0011110010111111
0100010011101111
1101100110100011
1111001011000101
1010000100001011
0100110111011011
0111001100010101
0101110100010100
1000101101111101
0100101011010010
1011011001001110
1111011100101011
1110110111101111
1000011100001100
0000111110010111
1001011010001111
1100111001000100
0011101111110010
1001110001001110
1100001001011111
1110100010110000
1001101001011101
1100001100000101
0110011110101011
0110000101001010
1101100100111100
1011110010011000
0111100110011000
1000101100000110
1001101101010001
0001001010100101
0101000100010010
0001011111111101
1111110111111001
1110001011010010
0011011111011000
0001001000110101
1001111000111100
0101110011001000
0011001110001010
0010001100110000
1010000101011110
1101001000010000
1100110100011001
0011001111111011
1100010010111001
1010110000011010
0000000110111001
1110011100111000
1011000101001010
1101111010011111
1111011010101110
0101100110100110
0000101011011100
1010001110100111
1010001111100011
1100101011001011
1001011100011111
0010100010110100
0000100111010100
1001000111001110
1101111110100000
1011110001110011
0010101011101010
0110001110110101
0111010001011101
1100101101110011
1011011010000101
0010001000110011
0111101000100011
1101011010101011
0111000010010111
1110010011000100
1111101111010011
1111010000011101
0000111011000110
0101100110001110
0011101010000111
1100101111101110
1110011100011100
1101110101110100
1110001111101000
0001101001111011
0110011011000001
1011111001010001
0010100010011111
0001111001100011
1111011111110101
1001100110011001
1110001000110110
1110111101000000
1101001001011010
0100111010111010
0001000010010111
0010101001110110
0011000111011001
1100010110010100
0100001101001100
Time = 2.8s
