n = 9, k = 2, l = 2, m = 47
Expect Resample Times = 0.462332
Result:
110010001
101011111
011000111
010011000
000101111
111011111
010011101
000010100
111010010
000001110
101010010
010000010
000011110
011000000
110011111
011001110
110110001
110101100
110110000
111010000
011011010
001100001
010100111
001000111
100011110
011011001
011111000
010000110
101011010
001001110
100000010
111011010
101011100
110001000
011110101
000100010
110000101
000011100
001011111
011111000
001100101
111100001
100010110
101010001
111000100
110011111
111010101
Time = 0s
