n = 12, k = 4, l = 4, m = 351
Expect Resample Times = 0.371938
Result:
111010001111
011011010101
010101010010
011011001000
011000101011
011001011110
101001001111
111010011000
011010000110
101111100100
111011010101
100011111100
001000010110
110110000100
110011110111
111000010111
101001111001
011010011110
011010100101
000110101111
001111011001
110111010101
000111101000
101000111001
111011001100
001000111100
100100001110
001001110111
101110001101
100001010100
011110010111
010000010111
101101110000
001101100010
010010010010
111001100001
100111101000
110010000101
001000001110
001111111101
111100100100
010100010100
101001110010
110011000001
011111100111
111110010000
111101101000
101110011110
111100010101
011110001010
000011111000
100111011011
100111000000
101010100101
011111000110
110110000011
011011111001
110101101000
100011100100
110111001101
110101100101
000110111111
011100010110
110111100101
000001101111
000011101000
111000110110
100011000111
010111101001
111011010000
010000111111
000111001001
100000010111
101111001001
010010010101
010001101000
010011000101
111101100101
010010110111
110100111000
110001010101
010011001011
001010110011
101001100100
101100100111
110100011010
110111101001
110000101110
010001101100
111010011011
110000011110
100011010111
110110000101
111001000101
011010001101
011000010111
101101101100
000101111100
010001111011
100101111111
001110110000
000010111101
011010101001
011100111001
001100110111
100110111001
111110000011
110110101010
010000111110
001111010111
101011110110
001111110011
101001100011
011000101111
010100000011
001001100011
010001100111
101010011101
100100101011
111110010000
011101010111
000110110100
100001011001
101110011001
101111111000
001010101111
111000110110
110011100000
110101101011
000101101001
110111011100
010100100111
101101101101
100111011100
100110001011
100100111110
110011110100
110010010100
010001101011
101101101110
001010110011
101101101000
011100111010
100001111110
100101100001
101000010101
100010011011
010100110000
001101000101
111101011100
010110100101
101101010110
111110010101
111100010111
010000111111
111100110100
101110000100
010101110000
010000011110
010000111100
011001111100
111111010101
100110001111
110001011010
001010011000
100101011001
011110011001
011110001000
101100000101
001101010000
110000001100
010110110111
100111001101
101111001010
001100111000
011000110111
111110011110
010011010011
010010100110
010000101001
000100101111
010000110011
000011001011
000100111101
111000111011
000001011001
101001111101
110110001011
001011001101
110010110100
111111010101
111100000110
001010001101
100101101000
111011011110
111000010010
111100010101
111011111110
001001111001
011000001010
010011100010
011110001000
100111010001
000101011001
000011010101
000000111110
110101101111
001111010001
101011010101
010111001110
010000111110
000110001101
110110110010
000001111101
011101111001
100011100110
111000100011
001110110101
011100000100
110101001101
111010100011
101100001000
011001001001
000000010111
001011001110
110001110010
110101000111
010000101100
110110100101
001001110111
011001011001
001111011100
110001011100
101010010101
001011111000
111000110000
110110111011
010111111111
011011001101
111101111110
010110100101
100110000001
011100001111
001000000111
100111011000
010011000110
110100110011
111111010010
010101100000
000110001101
011000100111
001100111101
100000011110
100101000111
111111111000
101101101011
001111100010
111010001001
011001000110
001011101111
111100011000
000100011101
000111010111
001000001011
010000011011
110011100100
101001111000
100010110110
111100110010
000010011110
110111111001
111101010110
001111101101
110101000010
101101010011
110000000110
010010000011
100110001110
000011001010
101110010101
111010011110
100110111001
100100101011
001011100100
101001010111
011111100101
001010111110
010100010011
001010011111
001110100110
001011100010
001100010010
101101001001
010101111010
100010100110
011101110001
010011000110
110101000011
011100110001
110011110111
100100110010
101011100011
110111101000
011011111010
101011001001
101010101111
000100100110
001110011001
110111011011
101100100110
011011100001
110000101110
100011111001
101000111001
011001010011
000001110101
011011110010
001010001011
110101111101
110110110111
110110101011
100110100111
011100101001
011011111010
011011001010
000100011101
000011010011
010101000011
011100110110
110100101000
100010011010
101010110011
001101110010
101100011001
111100110010
010011100010
110011110110
010011011010
110001000001
101101001011
011110010101
010001110101
000110001010
010010100001
001010000011
011111010110
000110010001
101101100011
010010111011
111011110011
101110100011
Time = 0.287s
