n = 12, k = 6, l = 4, m = 2279
Expect Resample Times = 0.366732
Result:
001010000101
101101011100
100100011000
110110100011
001111000011
011111110111
000011101010
011110100001
101000011101
100001001001
110100100111
100101111010
110111000101
100011101101
000111001111
110100110110
111001000101
001000001011
010000010110
110011110001
001001110001
111000001010
101001000011
001100011100
001110010001
000011110100
011101001001
111010110001
011000000110
001001110000
010000010101
001010111111
110010001111
100110111100
011100010010
110000101011
101111101110
100010101010
110001000011
011010001000
110000111110
011101101100
101111001101
001101001100
100100000011
001000111101
101100111110
011101001001
011001110001
000110011100
111101110011
000110111101
001001111111
010001101010
001100111000
010001100101
100001000011
010000100101
110001100111
001011111001
100101001110
000100101011
010110111000
001110000011
000001100101
000110111101
011001110001
100100100011
111010000101
101100000101
101110010011
110111011010
000000101110
000010101011
010000100011
101111100001
011001111111
101000010001
100000110011
111111011001
001011011011
101100000010
111101101111
010100110111
111010101111
110000100011
111011011100
110010111000
101011100111
000100101010
110011111100
011010001100
000000111100
011100000001
001100000110
110010101010
100000110100
011000101111
111001100010
000011111010
010001010001
110110100001
101110011100
110101010110
011000001110
110111000111
101100110011
010000101110
100001111101
101000110100
110001101011
000101101100
100110001000
001111011100
011010010010
100001100111
110111111101
111001011010
001010100101
100111011110
011010101110
100100101001
101011000011
111110110101
101110101111
101110100111
010010101010
011010101000
100111000011
010011101010
010111011101
011100001000
001110000011
101011001001
100101010001
110101011010
110101000001
011101110001
101110110011
111010111101
011000011111
110001110101
110110101101
110010001011
001110100100
110000100100
110001000010
001001000110
001010101010
110101101000
010110011110
010100110100
110100000111
101110110111
111010000101
000011011010
110110100010
101001011100
111010010010
011000111100
001000111111
100010111101
010010101111
101101010000
100000001111
000101111111
110100010010
011110101001
110011100101
010010010111
010011101101
011100010011
101011010111
010110100110
100101001101
011100011000
100111111010
011110101011
101101111101
100010011001
011000001010
101100100100
010111111101
111111001001
100011001001
001110001110
000100011010
111000101111
111010110010
111101111111
101011111000
010011000010
101100111000
001110000011
110010110001
001110111100
110110110111
000100001110
011110101110
100100100101
011110001101
110110111100
111000111100
100001111101
010110010001
100111110001
001100100011
010100111101
011110101100
101110011001
101101010010
011011101110
111000111010
011010000101
101111010010
100001101000
101001100101
101111010000
001110010000
111101111000
111001001101
110111100001
010000011110
111010001111
011010001010
011110011011
111101001000
101100011101
111000010101
010111011101
101111110000
110110011101
001111010110
000100110101
110111110100
110111101000
000111101011
001111100100
101010001010
111011000011
110000111100
000110010011
101101010000
101010111000
010110011000
101010000111
011111011101
101110111001
100101000100
100100011110
011110010111
010110001000
001110111011
000101000011
010010101001
010111101001
111110010011
111100110011
011011000010
010001111101
111000001100
111011000001
110111100011
011000011100
100101001000
101011101101
000101011010
100110111000
101001000001
001001111111
110011101101
110011010000
001111011110
010001101100
011010011101
000110001111
110100001110
101110101001
101100110110
110111011011
001001110011
101100101101
111111010111
101100010111
110010011011
010011011010
010111001110
110011010101
011100010000
111001101111
001111111110
011111011001
011101110110
110111100100
111101010010
011101110110
100011000011
110010010100
100110010111
000011110101
111101101100
010011100111
001001100011
111010110011
000011111101
000111101011
100110001010
001001000110
111011100011
011110010010
010010111110
100011101100
111011110110
010010111101
011111000011
011111111110
110010100111
111011110100
111010110011
101010110100
010001110101
011000101110
100100010001
111111011111
001101010011
110100000111
010001100011
111101001010
110011000101
110111001001
110010110000
101011001010
001011010011
111101011100
011100111110
111100000101
000111000001
110111010000
111111100000
011100011110
110011110000
011100000110
010101111011
000101100110
000101000011
011000011101
011001111000
011111000001
101000111111
110111010001
100110001111
110111101101
111000101011
010000001011
100111000110
011100010100
000011010011
110101000101
001001000101
100100011010
100101100000
111000111010
101000110101
101101101011
011010110110
010110001110
010110010100
001011011010
001111110101
101010011111
111011101001
010001001010
101100111110
110101011100
010011110000
001101000011
110101001000
100110000010
111111001111
101001000010
001101111000
011010111100
011101100111
000001110111
001111001000
110101111101
001011110010
011000100110
000111101010
110011010100
110001011011
101111010100
111001100110
110010000100
100010110100
000010101010
011001000010
010101110111
100011000011
111110100111
100011000100
111000101011
111001101100
010111110110
000100100011
101000110111
100101111110
111010110011
111101111011
011100101010
100101011001
011100010010
011111100101
000110100011
011111101100
110110111011
101101100101
110100100111
110000011100
111111100110
001111000101
101101100000
000111011101
100111010001
001000011100
110011100000
101001100011
000110001111
110010111001
010110001010
000011100111
101000101001
111011111000
111000101100
101111100101
110000011101
111001000110
111000000100
001111111001
000010100111
101100010001
110110010001
101010111011
011011010100
010010110000
100110110101
110010101011
101101000100
100000100111
110001110010
001010110110
100000010011
010100001011
110100100110
011111000101
110100101111
011101110100
111100110010
100110001111
110001000010
011110100111
011010000011
101100011111
110100001000
100010110010
000111011010
011111010011
010100111000
001110110111
001010110011
001000101001
011010011111
011000001010
100010011110
100101000100
110011001011
011000101001
101101000010
111101010010
000101011110
111101001111
000101010110
111011110110
111111001001
100110110000
001010110110
110010100011
010001010101
110000010101
101010101010
011000101100
010111011001
111000001011
111101011101
000110000110
010001101110
111111000100
010101001101
111000000001
011000000111
101100101100
011101000010
000101111001
001010111111
100100000101
110110011110
111011010101
101000111100
011010010100
010110010001
011011001000
111010001110
101111011000
001100101111
110100000110
110011100110
011010110000
011110101010
100101100000
000001011011
111001001001
001010011000
000100110111
101001010001
001010101100
110011000001
011100000001
100100001011
101101111011
100111100000
110111001100
100010001110
011100110101
101010101001
000110110001
100010101011
100011111010
001011001001
100000111111
110011100000
100010101100
100011001101
100011010101
001001101111
011110011110
011010110100
110100010010
010101111101
111111000110
111010111011
111110000000
100101011111
101100001101
010011010010
011000100001
100111001100
111110110100
100101000111
011101001110
010011000010
101110111001
110011101011
000010110110
000101001101
010001100011
100011001000
100001101100
110101101100
010100000011
000110001001
101010111101
010001100001
101001011111
101011111100
000110100100
001011101110
011111101010
101100011100
010000001101
110010111011
101111111100
001010001101
001100100101
100011100111
110110011100
000010010011
100010110001
010111101101
011011110000
111001010110
000111011011
101110000111
001010100100
011011010101
111101010010
100100001100
101101011110
101101010110
100011010000
100111011000
111111000110
011111101111
001100110010
001101000001
111101001100
001001110100
110101111110
001110111100
111010010010
001010000111
111111000001
010000010101
000100111000
000100001011
001010001110
000011110110
001110000101
110000100011
000111100001
011110101101
111101000111
111011011110
101110111100
010101001111
010010011110
110011000011
110110100010
100110000011
001010101011
010110010110
011010101100
001110110101
011011101000
111000010101
101100001101
001110000101
010110110110
001000110001
001000101101
010101111100
001010111111
010100001110
000100101011
111111110100
100001001001
011100110111
000110001010
011011111110
111110010101
101111111010
100100100110
111010001100
100010110110
011101100110
001101100000
110110011000
110110001100
011100010011
010101100000
000110110011
001010000011
001100010101
101011011001
011010010011
001010100101
001000111100
001110001010
111001101101
111110010111
100111100010
101111111100
011011011010
011010010010
100011100111
111010001111
000111111100
101011010001
100111110010
001110111001
011010110011
000011011100
111001011011
100111011101
011100100101
100100001001
111011100111
110001001110
101111001101
010111010111
000110010001
011010101101
010111000010
111011110011
010000111001
001101011010
011001011100
101000111000
111010110010
100100111110
110111110101
111011110101
011011001101
001001100111
101001000110
100111000000
100100001101
011101110000
011000101011
110101010000
100100010011
011100101110
010101011110
010110110000
000001100011
111011100100
010010111100
000110101111
000100010101
101111000010
110011010110
101100101011
100111011100
011110010101
001001100011
010110110000
001010111001
001100111100
100111011110
101001010010
011111110101
111010110101
101011110110
101010111111
101111000000
101001011000
110011101101
101011011000
111010111110
101010001011
001011011001
001100100011
101001100110
010001001011
011101110000
011111001111
100001010010
101101010011
110001011010
101100001010
111100100010
110100010101
111100110001
011100100001
011011010100
101100011000
010011100101
100000011101
000101111111
111010111010
000101010010
101001101001
010110010010
001110100101
110010001110
100111010101
101010010001
100001011011
011111111110
011001010101
000111100001
011100000001
111110110011
001001101111
000111000110
111011011001
001011011110
011001111101
100101000101
100100110100
010111010010
001111110110
001100000101
011001111000
101101110010
101010010101
001011110011
001100110011
011011000001
001001011011
101101000010
101011010011
001100101110
010010011100
011000101111
001111111101
100101011010
000101011001
100101010010
100100011111
100001000101
101010010011
011100110010
001011111001
001111010011
010100011110
000100110110
010100111101
010011100101
100101101111
011101101111
110110111011
011000010111
011110000110
111101001111
101100001101
101010001110
111111100101
011111100000
100000000111
110101000011
001110111000
101100011011
110001100110
010110111101
000011011100
110011000101
101110100110
010011100001
000010010101
001000111010
101110111101
101110110010
110001001011
101111100010
111001110010
111000101111
110101011010
110111111000
001000111011
011110100100
010100001011
100011010101
001111011110
101100110010
110001100101
100100011001
000011111111
111111000000
001011001110
001101111001
001111101000
011010100001
100100011001
011010111110
111001110111
111011011101
001111001000
111101111010
110011110111
110111001011
110100011101
101101111000
101001000100
011100010101
100111011010
011100110000
101011011010
000010010110
001101101001
001010001100
011110010000
000100111001
010100101001
011000100010
111111010011
000100010110
100110110101
101011111010
111000111110
110000110100
011001101101
000110011101
111001110010
001001010100
001001101001
110011010111
100110110000
000100101001
110100101101
001101101110
001010111001
111101001100
010000111100
101101011010
111000111111
110010011001
011101000101
110001111000
001001101010
110101011110
100010101000
001110010011
010001011101
001101000001
001110110011
100010010110
111101011110
000100101111
011011100100
001001010101
010111010000
001100111101
110001011000
110010011110
111000110011
110011110001
011110111111
110110000000
110011000001
100111011000
101001011101
010111010010
111011000111
110100011110
001100100110
101010111111
011100100001
110001001001
011111111101
100011011001
011110001001
111101001111
101011011111
001111100101
010111111110
011010010011
111001001101
001110000110
111101111111
010001111111
011011100000
111011111101
010001111110
100010100101
001000011001
100111101101
000011001101
000001010101
101010101100
110011111000
110101000001
111010110101
010010110101
011010000001
011000011010
101100011110
101110010000
110111011110
110110001010
101110110011
101001101010
110010001110
111100000011
101000011010
100110011010
101100100011
101001000111
101110000101
001111111100
001100000011
001101110001
110011001011
001001011111
101011100001
001101100111
100111010010
010000111011
001001001111
001010110001
100101001110
001101111100
100001111100
000110001100
010100111101
111010101000
110111010100
001001000011
110010000001
101000010110
101101010010
011101010000
110100101011
110010011001
011010001111
110111101000
000010111011
010110011000
011011000111
011001100000
101000011110
011101100011
010111110110
011100100110
101111100010
001101110100
100100010111
011011100100
111010100001
001001111110
110110111100
110011111111
100101010000
001111000000
110011110110
111100011001
000000111011
101000010110
010111110001
100110101010
001101001100
101010100010
010011001000
100001000101
101100000001
110101100101
110001110100
100011100000
001001101101
010111110001
001101111001
001101100110
101101101101
100001101011
100110011101
110101011011
111111000111
011000010101
110111110010
011101111010
001000011001
111010111000
111111011110
001010100111
001101100110
111001101100
010010101001
101011010100
001001010001
010010100111
001001100011
010010011111
100000110011
101111011000
010001111111
011101010000
001111111011
111110001010
011100010010
101010001011
001000110101
101010000001
111010110010
011110100010
100011110100
010110101001
110010111101
010001001111
011011100000
000111100001
000111010100
011101110011
001111010010
101111111011
110001011000
110010101111
110011010110
100101111110
000011000110
011011110000
111000101000
100101111011
101010101100
101111011101
100110011001
010111011110
111100111111
001001111111
101000000110
101100010000
111101010001
111010100100
001100001001
011111001101
011111110000
110000110110
000111100100
101100110000
111011010000
110000001101
001011101101
001001101111
000010101011
001101000010
010010000101
010001110111
111010101011
111101111000
001010110000
100010110010
111010101011
100101010010
001100010100
100011011111
001101100011
100110111111
001001111001
000010111001
010010000101
110110000011
101001110011
010101001100
010110111010
011011010100
101111100011
111011011001
001001100100
001110000001
111111010011
100110100110
101001011100
001001001100
010101100011
111111100001
101001111010
000100100011
010001111011
001111101100
101011001010
001001001101
110111111000
101010100000
111011010000
101001001001
000011111001
001101000100
000010010111
110010000011
110111110101
100111100100
110100000100
111000000001
000110101101
011101110111
110100111110
101101000010
011001101110
100110001010
010001001111
011000101001
001111111110
010000010011
101101011100
010100111010
011110000011
101010000011
110100011000
110101000100
110000000011
111100010101
110000000110
011010111011
011001011011
001110100111
000101001011
010111000010
110111010111
110011101010
001110011000
000110110111
110110111001
011011011011
111111010000
100000101111
111111100001
011010011010
000011111000
011001001101
100001011110
101111001111
011001101000
010101000101
001011000001
100010001010
111011001011
111010001110
001110111110
000001100011
110100001011
110111000000
010111111001
001010000110
110111011011
110110000010
100100110100
111011110010
100101110011
011001010111
110101001000
101101010100
110011111100
111111101010
111000101110
011000111100
000011000110
100100001011
010111010000
010010110011
101110101000
110000001010
101011100010
001110010000
001111110101
011100001000
101111011010
110001000100
011010111110
101101001101
111111110110
010101010110
110010011100
000010110111
000110110011
010111011011
100100100101
010110110010
011101000100
010111000011
011000111001
001111101111
101111001101
110111010010
010100100110
000111001011
101010001000
001100001010
111001110100
100110100100
000010111011
111111110010
110110000111
100010101011
111000100101
111011111101
010101010111
000111000101
011000110011
100010011111
001011111101
111100000111
101010000110
011100100001
111000100001
111000010001
011001010011
001101011000
101011000100
101100010010
011011100011
001010100011
001011001110
100110111101
100010111000
101101000110
100111000111
000001010101
111010001101
111101111000
111111011011
110011111101
110111101111
010010111010
001000111111
100001000011
100101110010
101101100111
001111111001
110000101000
111111110101
000100111010
001111011000
100111011101
111010101001
100101110100
111100001110
111101010101
110010001110
100111101010
011010111010
110000010100
011011001101
111001001101
111111001101
000010001011
110010110001
101111000001
000001111001
001110010100
100010000110
000011110100
001001000011
100001110111
101000110101
110011011010
111101001000
011110111101
010100011011
100101100010
100010010110
101110110010
011110100111
100110110011
011101010100
101110110101
111011011010
000101000011
101000000111
010111010001
011010011001
111001001011
000101000101
101110010000
100101001110
110111011000
010101000100
111110010010
111001001001
000101110000
011110111000
001001101001
001100100001
101011010101
110100001010
000110011101
100100001110
101110111011
011001111011
101101011110
111011110110
001001011000
110101010111
111011010101
010000001011
001010011011
100100011110
100010111001
110000010001
110100000011
101000110100
011001101000
011000001011
110101001101
100010111111
010101001101
100101001100
010111111101
001101110010
110100101001
011010100100
101011010000
011100100000
101110001101
100010001110
101101110000
100011000100
101100001000
101011110101
110110100001
110111101000
111001100111
001001110010
000000011011
010111111001
111101110111
111110100011
011010011011
110000101010
001110111001
000110011100
111001111011
000101010101
011100100111
101111110111
110111011110
000101101011
001100110110
100011011001
101101111001
011111010000
000100010111
011101110111
010001110101
100011000001
110000101110
011010001010
100001110000
100000101110
010110010111
111110101101
110100111101
001111000101
101010011110
000000101110
000101100110
101011001110
100101011101
110001101111
100110101111
011111010011
101110101011
101001001101
010000010110
111100010101
101110010100
111011011101
111011000110
001101001100
010101100110
001100001001
010100001010
101110111001
000111011101
000000101111
000111110111
011101101011
100010101101
110111010010
110111010010
111000110101
111101100111
110100101000
000101110101
100010101101
001000100101
010111010100
101000111011
010011010000
000000110111
000111101100
110101100010
101001001101
001101110010
001001111010
101111101110
000100010111
110111000111
011101110011
101001010100
110110110111
101000100001
110000111001
010110010111
010101110000
010010100010
001101111010
011101001001
101100010101
010100100111
111101001001
001111101111
000101000110
000110111011
101110001101
011000110111
110101110101
001010001011
000101011001
001011100000
000010011110
100101001001
000101010110
110010111010
110010100100
000110101001
101010100001
011101010100
010110010011
001110110100
001001111001
111000000110
100111101100
000010001011
111011000111
011101000110
001010001100
011010111001
001101111010
111100000100
101000011000
111101111000
001110110000
101000011111
111000100111
010101101011
111100010111
010011010111
100110110001
001111110101
000100100101
010100001100
111001001110
111111000001
010010101000
110101111001
000100101011
011001011111
100110011011
111001100010
111111010001
010010110011
001000110101
011001010100
011100110010
011100001101
111001010001
100011110101
010110001110
010101111010
011111001110
100010001001
010101011001
011100110010
111100001111
000110101110
100110111000
110110110000
010100101111
110000011001
001111100010
010011111001
010010001101
111010001110
000011011000
101100001010
100001011011
101011101001
001000010011
010101001001
010100110010
101011100110
011001100110
111101000111
000101011010
110101001001
010000001101
101000001101
011100000010
011011011000
111001010010
000101110111
111111101010
100100000111
101100010000
111011001110
000011001010
110110011000
001100100100
111110101010
011111111000
000011111101
110110101110
011111101001
111110100101
010101111111
111001000111
101100011100
011000110101
100111111110
110100010111
011100001011
101000011010
111010010111
011111100110
010110011001
010101111000
111000010101
111101101110
101011111011
110101001110
010010011111
110110111110
110111011011
001001110000
001000110111
111101101111
000011011010
001011101000
000101011101
101000001001
101110001111
000001011101
100110000011
110101010001
011011100001
110000011011
100101010110
111111111101
001111110011
100111101101
101010111000
101000101011
110001111010
010111001111
011100101010
100100111100
010110000011
101001111011
100111100001
101010101010
111101001010
010111010001
100001011000
111110000011
010110001110
000011011001
000111010110
101011110111
110000110000
010011011111
001100001101
011110101111
001010010110
011100111111
010001010011
000111011110
100101011001
101100111000
011010110010
010000101100
111110110011
110100010111
000101100001
010100011001
111001000110
110011001000
001010101101
111011010000
000100011111
101010101101
110111100110
101011111010
100010100111
101000001111
100100001101
100111110000
001010101011
101110001111
100011110110
111001001000
110000111001
001111100011
110011001100
010011101100
001110100001
001011000010
100111011010
100011000110
111101011000
110110001011
101101110011
111101111011
111111010011
100100000111
011100000111
000101100011
111000110001
110000001011
110010000010
000101011010
111001011100
011111101100
111010001111
110011100111
111010110000
111101100101
110101111101
011010100111
011110000010
111001000100
101000111111
110010100000
111110110101
000000101110
010110100100
101110100001
010100110010
000111110000
010100111010
110001111000
111100001000
000001110111
110110100000
011101000110
000010101111
000011010101
001100100001
000100010110
000010111000
100111100001
001010110001
000010100111
110101100000
001100110110
110011000100
010100111100
100010011100
100110100010
111100001110
101100111011
101010100001
101010110001
100011010001
010111001000
001111101110
010000011101
111111010011
001100100100
011001111011
011110000000
010010000101
011111001001
101011100100
101101100011
001111100011
010011011010
110011001011
001000110100
000101011011
110110001000
100100001101
011110011101
101111101001
110010010111
110010101110
110011110100
100000110011
111000110010
000110011100
010011011000
011110000001
110100010001
101110010000
010101000100
111111100011
010110110110
000011101111
010000011010
010100010111
110000001110
111101110110
101111100001
100010110111
111011101000
001111000010
010001110101
101101001000
110101111101
001111110110
100110110100
101101011110
100100101110
011110111110
111111011110
000001011100
000110100100
011101100000
110001110011
111110010101
011110101101
101011000010
101111010001
101101100011
011110110111
010100000011
101100100111
011100010000
101111101000
101010100111
100111111001
101100101011
111100111001
011100011001
110111111110
110110010100
001001011110
010110000100
110110011101
101011011000
011101101011
010001110111
000110110101
110010101111
011000111100
001111001000
110110001101
010001010111
110001101000
010100001011
011100111000
001100011111
110000110111
010001110000
110110100000
010100101111
011101101001
011101101001
101100110101
011110100100
011101011011
111100100110
110100000010
010101011011
100010000111
101010001010
101100101011
110100010011
010110111011
011100010001
101110001100
001000101101
100010010100
011110111001
110001110101
001100010010
111101100100
001110111010
110101110010
000010011110
011101011010
000111001011
110000111101
011111000011
111101010000
111110100110
001011101001
010000001110
001101001110
011001000010
000110110011
100101100001
011101001010
011101111010
100101011101
001111001101
111000101000
101001110001
010000111011
100011111111
100110001000
011110011001
010001010100
110111100010
001111111100
001101110101
101001000101
010011101111
100111011110
000111001100
101101000111
011011000110
111101001111
110101011010
000111101011
110111100110
101010001000
110111010100
001110111101
000011101000
111010001001
100001110001
101111001001
001110110100
110011010101
100011011001
010011000101
101010011001
011010010010
101000101001
111100100110
101110011010
110000001100
011111000010
011000010010
110010010101
001110110010
011000001101
011000111111
010011001010
010001011101
010101000001
011000010101
010110010110
010000100101
000101110010
100010100111
110111011100
110111010100
001011000101
001101010000
001010010110
000111001000
101100101111
010001101000
010110001010
110000100011
101000000110
101000111001
010110110110
110110011110
101011000000
000111010110
100001001101
111111011011
001111011101
001001011001
001111101111
101011101100
100000001011
110011001000
101111001100
100001001010
010101111011
010100110011
001101100010
100111001000
100000111110
011111001011
100110010110
010010001010
111000011101
010101100011
110110100010
010110001000
001111001111
100100100101
010011010100
101100011110
100011000101
011011000110
011010110101
101100100110
001001111000
100000101111
111110110110
001001010110
001011111010
011010100111
011000101100
011000100101
111100001110
111100100000
010001100111
001100000110
000111011001
111000010100
100111100011
110010011011
001110111000
110011000001
101010111011
001110011111
110010101100
110101010011
011000000101
010011100001
111001101011
000100100011
111011101010
000111101101
101010000100
100001011011
100100010111
000101100111
100010011000
000110010010
100100001011
011101010010
110011111101
001100110011
111011111011
001111000110
011101111101
000010011010
011101100110
110101100111
010110110110
011010111110
000111100110
001011000011
110001000010
101100101110
001100001001
100000100101
010110001111
101101000111
110000111001
101011110110
101000001011
011011110001
010001001101
111010110000
100001101011
101011000000
010100111000
101101001000
010111000111
010001100010
100111001010
110111000001
001110010111
111100111011
101100000100
001000001110
110111100101
000011000110
111100111000
011000101011
101010001010
110101010011
010111110000
011111100100
011000111000
011001110101
000001100011
000010110010
000111110101
100011001000
000110000110
110110100110
011011010111
011011110010
010110110111
010110010110
010101001010
010100110011
100110101010
001001100110
110101110001
101011011110
110000001001
011100011100
110100010010
110001010111
011111001010
011100001100
111100110000
010100111110
110001100111
110010100110
000111110011
110100011110
111111011111
011111100011
101000101101
111011111111
010011010010
011100000011
000111010101
011100010010
100111100111
101011010011
011110111110
000101111100
011011111011
000010111011
001101110011
010100000111
111101110010
101111001110
000011101001
101001000110
000110001111
001011011100
111001101011
010111011000
100100100101
110001100001
001001101001
010000100011
100011101111
110100001111
001110110110
010111100000
011111100100
101001100010
011001011111
010101111001
111010110110
101000000110
001100110111
110010101001
011110001110
001111001010
001010001001
000100110100
111001000100
011101110001
011110111110
100110110111
110011110010
111001111111
001010100101
100100110011
000101011001
011010111000
101111000010
011011010011
000011011000
010100110001
100111011011
011101101110
001011001011
001100000011
101000111101
111011011010
110101111001
000100110010
011011100111
001110111011
101001000011
111010100111
001101101010
001100101111
010110011110
011111100101
100111111110
011100101111
001011110100
000010011011
001000111111
111000100100
000101001001
110011101101
000111001101
001010110010
111111010111
000011111101
101110101100
110000101010
111001100100
011000100100
011101000100
011100010010
111001100110
010010100101
001110010100
010100000101
001111100010
000011100001
100111010101
010011010010
011110110100
111101111111
110010010001
100110001101
100000011010
001110010000
111111111111
011010001111
111001111010
110011000010
101001001001
001110111001
110100001011
110111001101
011101111100
101011111100
101011101010
100000111000
010111001011
010001111000
101111100111
100110110000
111110000011
100100101001
001000111000
111111001011
111010001001
010100011010
011000000011
001010111111
100000110111
011011001101
101001001010
101010001011
100101111010
011101110010
110001100110
001100101000
011010100111
110110111010
101010101001
111000011010
001011011101
001011111111
010001110011
001111100011
101001001111
001000111001
110010101000
000101000101
101000101001
001101011000
010111001101
000011111010
100111100011
111000111011
011010011100
001011101110
000011001001
000010101111
000100110001
000011111011
000101011110
110000111101
100110111110
010011010010
001100010001
001010100101
100110011100
011111001001
100010111100
001110110101
000000011111
010101110011
011110101100
110010011111
001000101011
000010101011
100001100011
100110011001
101101100111
001011001011
011111101111
010100100010
010111100000
010011101001
101011111001
111000100011
000110111001
000110001010
000101111100
101001110001
111000110000
001101000111
101000110000
100100101000
111000001000
010110100000
001101101001
000110111001
110000000011
010010111101
001110111000
001101001000
110001000110
000001101111
110010111000
010111011100
000111001110
011001110101
100010111110
011001111110
001100010001
000110110101
100100110010
010011011000
111110010111
001011110110
000011111101
Time = 1.866s
