n = 9, k = 2, l = 5, m = 70
Expect Resample Times = 0.468295
Result:
001110111
111111011
101110100
011111101
110110111
101000111
110011010
111111011
001110101
001110101
101101110
101011001
110100111
101110110
111110100
011101011
110111110
111110010
011100101
011001111
110110011
100111010
000111110
111001110
111110110
011011001
110110010
011010111
101101011
011101011
011001011
010101011
111101010
011011111
100111010
010110011
011110001
111010011
011110100
100111101
011111101
010011111
010101101
110100111
110001101
011101101
111001001
111110010
001101011
010111110
101011001
100001111
101111011
111000101
110001011
111110010
011010011
011000111
101001011
111011111
111110100
110101001
101000111
111000110
101111100
011010101
111011000
011001110
001011101
010101101
Time = 0.008s
