n = 10, k = 2, l = 5, m = 62
Expect Resample Times = 0.513543
Result:
1000110011
1101101010
0111110011
1101001001
0111001101
1111101101
1100111000
1111001110
1101001101
1101101001
1101101110
0111110000
1101100111
1100001111
0110101110
1110110011
1010110111
0111111010
0101101100
0010111011
1101010100
1111101000
0011111111
1001111111
0100011101
1101011001
0011000111
0011110011
0111111110
1000011110
1101100001
1110110000
0101110101
1101001100
1110010100
0110010101
1110101100
1110110101
1001110010
0110111101
1110110110
0011101111
1101001111
0011010110
1110100110
1011001001
1110001001
0011010011
0010111101
1101101101
0101001011
1011010010
0101011001
0110001101
0100110111
0111010110
1010011100
0011011010
1000011101
1001100111
0111111101
0101101110
Time = 0.009s
