n = 9, k = 7, l = 2, m = 2647
Expect Resample Times = 0.369211
Result:
010110001
101110011
100110110
111001110
100110000
101111111
110110011
000001011
100010010
000101101
101001111
011100000
100011000
111100101
111011110
100101010
110101100
111011001
001111110
111010000
100100010
100000001
101101011
100110001
111100010
111110100
111111100
010001101
001001011
011001011
111100111
010011010
101011110
110000101
010011000
010011011
010110100
010001111
000011110
111111110
101110111
011101001
101010011
010110110
000010110
111011000
101000000
101101010
010011000
011011111
011011101
001010110
000010100
101011100
110111000
010010010
101011111
010110010
101001100
000011010
011011101
001011110
101000101
100010110
011001010
101101101
001001000
010001110
111010011
100001001
110001110
100101000
001100110
010100011
001010101
010100011
001101111
111111011
001100010
010110011
110110011
110011001
101110111
100100010
110100100
010000011
110100100
000100001
100010111
011100111
000111110
100111000
110010111
001010111
000111110
010111001
001000001
100100010
101000011
100100010
000101000
011110011
001001011
011101100
010001010
001111010
000101101
001000100
000101100
001100011
110110001
100000011
101111101
001101010
000110110
100001101
100101010
111000100
100000101
101000100
001100010
010111000
001000011
110110101
001010010
101000100
100100111
010011101
001001000
110000100
000001101
110100100
000100110
000111111
101001001
001000111
111101110
010111110
000101101
000001110
001100000
001111011
001111010
000110101
010101011
101010101
101101101
010101111
001001001
010010110
010011010
010010001
001111111
001000101
011101100
011111101
010011111
101011100
101111100
111011110
100000010
111111110
110000001
111100111
110100100
010110001
110100011
001001001
010101110
010111100
111110100
110001001
010010100
110100000
010000001
001010110
100101110
010101010
010000001
011000011
001110010
101101010
111100000
101010110
010010111
011100100
000111101
000111101
000110100
000111010
110101011
100100110
110100000
101011100
011111000
111101010
111010001
111011010
010100011
000110101
010001010
000001110
110100100
111110010
001011100
010111111
111001001
111010000
001100111
100101010
011001100
001001001
110101011
110110001
111101011
100101111
001101100
101011000
010100101
000011110
000001001
001111001
111110111
001110011
100011101
100010010
111111101
000011011
000100111
000110001
110111100
100010011
011011111
110110011
110111011
000110111
100101110
110011000
011000111
111111011
000001111
011011101
001010011
111011010
011111010
001111010
010111110
011100001
010100010
111100001
111011101
110111101
010100110
011001011
100000111
111010011
001011110
110000010
011100000
110000110
001001111
110101000
110111101
111100111
011011101
111011001
100100100
100001011
111101000
001101111
101101001
000110111
001011101
110000100
111101100
010100110
010101011
100010111
011000001
100111100
100100011
101001111
110001010
010000001
101010001
011100100
010111111
000001110
010110001
010100100
101100100
111011101
000000011
011000100
111110100
010111000
010001110
001011101
111000000
111001001
111110100
111101101
111100001
011011000
110100101
010000110
100000010
100001010
111010110
101010000
001101101
011110101
001000100
111101101
111100001
011100110
010001011
010010111
011100011
000001110
100000011
110111100
000001100
110100010
100010001
101000111
110001001
010011001
010010110
001101000
111010110
010101001
110100001
000001101
010010100
101011101
000001110
000110110
101000100
111001101
001100011
011100110
010100001
010101000
111101111
010000110
101000010
011000011
110101101
100011111
110010101
111001100
100100111
011111000
101011010
011101110
110101111
011101010
100101010
100011101
010001011
110100110
111001000
110001000
011000000
010011110
111111011
101100110
001110010
100011001
110011110
010001111
101110110
110111110
111111110
001010001
101100110
110110101
010010100
011100010
010101001
010110111
111110100
111010110
000011000
100010000
100110111
011010101
101101011
000110010
101010010
111111011
110100011
011011100
110010100
111101010
011100100
000100001
101110111
110100010
001111101
100010001
001101000
110001010
010100001
110110001
011100110
111111100
101101110
000001100
101111000
100110110
111000001
001111001
001100010
001111010
101001111
101110010
100001100
100101111
000110010
011001101
010110101
010111100
001001010
101011001
110011110
100001000
111010000
100011011
110110000
101111001
100110000
010000111
101100101
101000100
100001111
110011011
001011111
101110100
010100110
101101100
011100110
101101100
100100011
001111111
100001011
100101011
011100010
000101111
011011111
100001110
001001000
000000110
111001111
101101001
011001101
000001111
010001111
010010010
010101001
000100001
001111000
100001001
110100001
110001100
010000001
100011001
110000111
111110101
111001111
010010011
010110010
000100110
011100001
011100110
100111001
001111010
011001111
000101001
110001001
110101010
111010010
011000011
110101100
110011101
100010101
100100110
111111011
101111100
100000010
010101011
000001011
011101011
100000111
110100000
101111000
101101001
011000001
000001100
000001110
001111110
000100100
110101111
101001001
001011011
001000001
000011100
100110000
111001100
100000010
101110001
011111001
010001000
111110100
011101001
110011110
101101001
100110011
000111001
001001000
001101101
101101110
111001110
010110100
100001101
100001000
001110111
010110110
111111010
100001111
110100000
101100010
101100100
000010101
101111000
001100010
000101111
011000000
111000000
111011010
111111110
100001000
101110110
111110001
111110000
010011110
000001111
110101111
101111111
111010110
011111000
000011100
011100111
011100110
001100011
010100011
101010000
100111101
100000110
000111100
111110011
111101110
011100001
111001000
100000100
011000011
001101000
011111101
110001010
110010111
101100000
101111100
100001000
110001010
000001110
101001111
111001001
011110100
100101001
010110000
110011110
011100001
110111111
111010000
110100101
001010000
000011000
110110011
110010000
010111111
111001111
001011101
001101010
001101010
101100001
000110111
000000101
101101001
011010100
111110000
100010000
001100101
011000001
001000101
110010000
101100110
101111000
110111110
010101100
111111100
110111110
000000111
010011010
010101000
000001111
001000100
110111110
001011010
110011011
100010110
110101101
110011001
010011001
000110110
001001100
111011101
011011000
010101110
100001010
000100101
010111010
111111010
001111010
110110110
110011111
001111010
010010111
001111101
011010000
001101110
110001010
110100110
000001101
111000111
001111111
110000011
101110011
001101110
010111010
000110010
100101101
101001001
011100011
000000110
110101100
001011101
010110111
110100100
011010000
101011011
110000010
101011011
101110000
101010101
000011111
011100111
000010111
100010101
001001100
000001010
100100111
111010111
110100101
011000001
111100000
100110011
101000101
101010001
001111111
110110111
011001010
111001000
111110110
111011111
001011001
100100010
001011011
101001000
100101001
111011111
111101000
011100011
010110011
000011001
011100000
000111100
001101110
100011011
001100101
001100010
110001110
011011010
001101110
001110100
010100000
100010111
110010000
111100110
100110110
010011100
100010001
110111101
110010010
001101110
001110111
010110010
000111000
111001110
100100001
110101100
011001011
111110100
011001100
111000101
001011010
100101100
110101011
101111010
001110101
111011010
001011101
111111010
011100000
111100010
111111010
001100110
000111111
101110101
111101011
010000111
100111110
001001100
000001010
111011100
110000111
111011000
011000010
001010100
100101011
100000001
101100011
111000111
100010100
111111110
001000011
001101101
100000011
110100011
100001111
101110000
001111111
111100100
100111100
110111100
111110010
101000101
001001010
110011100
100100011
100111111
100101000
010010100
101101101
110010011
110001101
110100010
001011101
110011110
110111111
010110111
011001111
000110101
000101101
011100101
000001101
001110011
111111110
011100010
010000011
001010100
110011010
111100000
001110100
000101001
000100011
011101010
000100010
001110000
000011010
110000010
100110110
000011011
010110101
101100100
100110100
001100001
101000011
010000101
011110001
001110001
111011010
010010011
100010110
110011110
100111011
010111110
111100011
000101101
001010100
000001001
000101001
011110010
100100111
101100100
111010111
100010100
011010011
011010000
000101111
001001000
011000001
111100000
110111011
101100000
001100001
101101111
101001101
010110101
010100110
111111111
101000110
011111011
010011011
100111110
010001000
010000110
110001000
100010000
011000110
100101000
001101001
100001000
001011001
101000010
101111110
010000111
101010111
101100111
100100000
001110010
100000101
111001010
101101101
011101111
111000111
000110111
000000011
100010101
111101000
101010011
010010010
010011101
001111111
111000110
110011110
101111100
010101100
111111111
001011111
011011011
100010101
111001010
000100111
000101011
011110010
001110001
110110000
011100100
001000100
000011111
011001110
110101000
001000110
010011000
100110011
110101110
101011111
101011110
101101111
101000000
110010111
101001101
101011000
110000000
000011011
110010001
001010110
110101000
000001010
001110111
110001000
001001001
111111101
001010111
111111101
001100010
010010001
111100100
001001111
100111100
010110101
101011101
000111010
001100100
000100110
001111110
010101000
001101100
100011011
101001111
110001000
010100110
000000111
110011101
100111100
000100110
011110111
010010010
100001010
100000001
110001011
001110001
110000001
110010101
011010101
101000001
001111010
010111010
110100100
111001011
101110000
100000001
011101100
111110101
110100110
011011000
100010011
101011110
110101001
101100010
001110010
110111000
000101110
011011100
001100110
110101101
111000010
011010011
011100100
011101100
000011011
011011110
001010001
111001010
001111001
011001111
101101000
001010000
111101111
110111110
011110111
111101110
001110001
001111010
011000110
011111111
100101000
010000101
100011100
111101111
111010001
010110010
101000100
010100000
011011010
001001101
110001010
000100001
111001001
010101101
111000001
111010010
110110110
011111101
110100010
011000011
101111101
111010001
110000011
110010000
000010100
111001011
101000011
101000000
111000000
010100101
000011010
010100111
001000100
100101000
000001001
001101010
101010110
100011111
111001101
101101101
001001100
111001110
000100011
100101100
001010010
110010010
100101111
000101011
011101010
010111100
110011010
011111100
010100111
010111000
111110100
000010010
100101111
111110100
101101101
111100001
001100011
010111000
110000110
110000001
000010001
010110111
001000110
011111111
111011010
011011010
111011011
010111101
001111111
010111010
111100011
100000100
100101000
000111011
100010001
011101100
110000001
110111010
101011011
000001111
101110111
000101100
011010000
110001111
010001101
101000010
111110001
010000101
011100010
010010110
111010111
111100010
010011011
010111111
010000100
110101101
100001011
011001011
001101000
111010000
000010110
111010100
001101010
111000011
111011000
110101110
000001001
000011001
001011101
000111110
001010110
000011011
110101011
010011011
001101011
000110100
011101100
010101011
101011001
011101110
101110110
100001101
111011101
101100111
011110010
001000100
010011000
001010110
000100011
110010100
100101010
110110100
000100010
111011010
010010110
110111001
111011101
011100010
110100111
101110000
001111010
111010101
101101001
100110110
010111111
111110101
110100110
011101010
011011011
111011001
100010100
011001011
111000111
011100111
101111010
001001011
100111101
110100000
001111110
111011101
010000001
001001011
111110110
010101101
101000110
110101111
010010011
100111000
111011111
011101001
101001010
110001001
001001101
100100011
010011000
001101010
000011001
010100100
100010001
011100001
111101000
011100100
110100101
000001110
010111110
101101110
000100111
011101010
010011010
111011001
011111010
001001001
010011011
010000100
001000011
000111000
000100110
100101010
000000011
100010011
011111111
111100100
011001010
011111010
100111111
000100101
000111011
000111010
100011001
011110111
010101001
001111000
111111011
000110111
001101111
111010110
101011101
101000011
000010011
010011110
000111111
000010001
000111010
001110101
011110000
101001111
110000000
111100011
110100110
010101110
101100001
001101001
110110001
111111001
011101001
010001001
000101010
101101111
011001101
100111010
011011111
111001011
111111000
001101001
010100011
011110110
011001110
111000111
000110110
111011011
011101111
010011011
111111110
110100010
011100010
011110010
001000001
001001101
010101111
111011110
010000101
100000001
000110101
111101001
001001011
000111011
111010001
110001100
010010001
110100111
100110001
110110101
100000011
100001010
001000111
111010100
100100100
010110000
100111001
011100111
001100101
101001001
001010010
010001101
101011010
100101110
011110100
000100110
001111000
000111000
001001111
111100001
101010010
111010010
110010101
110000001
110001010
111101010
100001101
101101010
001011100
111100010
001101011
111000001
000011010
110110010
101001001
010011101
101001000
101000001
001000101
010100001
101010011
110010001
001100001
001010001
010110001
001110111
101011001
010010001
000100001
110111000
000011111
110001100
000100001
100001010
000100010
001100011
001110011
001100010
101000110
000001110
110010000
100101110
000111011
001100000
110111000
100111011
110001001
001000110
001111010
110000101
011101111
010100000
100010010
000110111
110010011
010111001
111101000
101110000
110010010
011101000
111111101
110001111
000111001
011111101
111000111
000100101
001011011
100010011
111101000
101000111
000011110
111011110
100010011
001000101
111001000
011111010
010100111
011110100
111001000
010010010
011111101
001011100
011000011
000100010
101001001
011111100
011110011
101011100
010111100
000000111
111010101
110011000
010100100
000011010
010010000
111110011
011000110
101101110
010010101
000111101
111010011
101010001
111100111
111010011
110100110
000010001
101111001
110101011
110111100
111111000
010000111
000011111
110100001
111010100
111011011
100011100
001110100
011010100
010010011
001111111
001000110
011101101
100101011
001110101
100101110
001100011
100101001
110000110
001001010
101000110
111001010
110101111
000000111
010010110
011001111
011010010
101111100
001111000
101010100
011100110
110111010
100010110
001101111
010010111
000100111
001110111
000101011
000101100
010101111
111001111
100010110
001000111
001000100
010001000
100101001
001010101
001110101
011010111
010100001
101010101
000011011
000111100
011110110
111011011
111001100
011100110
110111111
111011100
110010000
000001101
110100011
100000110
101010011
110010001
100001011
001001001
001110001
010101011
011001001
000001110
111000111
110101010
000011111
010000111
001101001
101010011
101101100
001011111
010110011
010100111
110111010
001110010
000001110
010001011
101001010
011110111
000111100
001010111
011100100
101011000
101011111
100100000
010010101
000110010
001100011
010000010
010101010
011111100
101010100
111111001
100000111
001011100
101110011
100010011
101100011
101100001
101101001
001010010
010100001
011100001
110110110
010001111
010101000
001100001
110000111
000110100
001010011
000000011
011100000
011110111
101111111
110100011
101100001
100111000
101111011
010111010
000011001
110000100
110000000
011001001
011000110
010110000
100111110
011101001
100010111
111011111
111100100
111011101
110101010
011011001
101001010
110101011
011010111
010110010
000001101
111111010
101010100
111011111
110100110
000110111
110001011
110101110
111110111
011111011
000101001
110111010
000010001
010100110
110101001
101001111
101001100
111001001
010111001
100111101
000011100
101101000
100011110
001111111
011100101
010000010
000100010
001101001
001010000
100010000
000110000
010000001
001110101
010100110
101111110
110011010
111011001
111010101
001110010
101110000
001011110
110111001
001100100
011100111
010001001
011011001
110101111
001000100
110001100
110110110
100011111
111110010
100111100
110000110
001011110
001000110
101011111
011110011
001010111
010110100
100011010
010111110
100110111
110110001
011101100
110101100
100001100
100000011
101000110
000011100
010001001
011001010
110101101
001110000
000100100
010011110
110101011
011101100
111111101
001110001
000101011
110011011
001000111
001010110
010001111
101011100
011001110
101110001
101110110
110110001
101100000
110111100
110111101
010000110
010001001
010001010
011111010
101011001
000011001
000111100
001101001
001111111
000110010
101000110
101000101
111010001
001010110
110000100
101100100
010001101
011111100
101000101
100111101
100111110
100111010
111101101
011011111
001001111
101011000
001111101
011100100
100101101
111101101
011100111
010101101
101110011
111011001
001110111
010111010
100110000
000110011
110011011
011110010
100011010
000001111
010100011
100110101
101110100
111110011
101101001
110010111
001110110
100101110
101110001
111110000
111001111
011000100
111110101
011000101
110111011
010110001
001001011
001010011
111010101
011000101
011000001
001010111
100110101
101000100
011011011
010101111
101111001
000011101
001110110
110011001
110011011
101101001
001110110
101100000
010000101
100110101
001111111
110000111
000010011
010011111
111101010
010100100
000011000
100111001
000001001
001000101
010110011
111001010
101111000
111010001
100011100
001111100
001010101
000111000
000001100
010101110
000100100
110001101
110001001
101011111
001001110
001010100
110000100
000011100
010100000
010010011
001100100
001101100
010101100
001010000
110000010
111100010
001010011
101100000
111100110
011111110
001100001
101110000
100101100
011100011
011011111
111101110
001101100
101100001
101100111
010100111
011100010
011001110
101111101
100111110
101010100
100100110
000001100
100001100
011011100
001100101
101100101
010111010
110001001
000011000
101000010
001101011
010111000
110000011
001101100
101001010
110001110
100000100
111110010
000010101
001101101
100000110
010000001
001000010
011000111
111000010
111111011
100111000
111111010
000100100
110111001
000010011
110001001
101110010
110010001
000001010
011110001
100101000
000100011
011001011
111000011
011100010
100001011
111000110
100001000
010101001
110010010
100110110
000101101
110011101
101110011
111100001
001001011
001000011
111001000
101001001
001111011
111001000
100011001
101100101
101110101
110110000
111111111
101000100
110110000
101101011
100000110
110010110
110001010
001110111
101011010
110001100
100100111
101000101
110110000
001101101
010101001
100100100
111011001
110100001
010100110
110100010
111000011
101011110
101110000
001011010
000000110
010101101
001001110
101100011
101010101
011100011
110111101
001001110
100111001
011010011
101011110
111011101
111101011
100011011
000000111
001100110
101011100
011000100
110010100
010110011
110001100
101000100
100001000
000001101
000111010
101101001
111101110
000100101
000100001
001000111
110111110
110100010
011100000
101001100
000000011
001111110
001101010
100010111
111101111
001101101
001010110
100010011
110100111
001001110
111001001
110011001
010011100
011101011
110010010
101001001
100001111
000100101
000110100
000100110
000001110
101000100
001110100
000011100
110001011
101101101
100101111
011100111
100100110
101010101
001000001
001001010
100110111
101101110
010111111
001001001
100011010
101011111
011110010
110001100
000111011
110000011
111001111
101001110
100110110
111010110
111001010
011011110
110011100
010111000
100101100
100111101
110000100
011010101
001100101
001101011
000100010
100011000
111010001
001000110
110000111
111011010
110011110
101101010
110101010
010011010
100110111
100110001
010101011
001100110
001001011
011000101
110001000
110110001
111110010
011101111
101111000
111101000
100010110
101110011
110010011
100010001
110101100
100111101
101101100
011111100
001001001
101000010
101101011
001111111
100111111
010100110
100110111
111101010
001101010
001101111
110100101
001000110
011100000
000110000
011010000
001100011
010111001
101001001
110011010
001111010
000010101
111100101
100110000
100111100
111111001
111011100
100010010
001100001
011001011
001101100
010001101
100110000
111011010
010010110
101011101
100110111
110000010
110001000
100000011
011001000
011111111
111101101
111101111
011101111
000111100
011011100
001100101
010100011
000111111
111011101
110010001
011110000
011100110
111001101
110010010
101100010
101010000
100010110
110000000
110100101
001110101
011010110
110101101
111011101
001101011
010000011
001000100
111101101
011001110
001000101
111001000
010110100
000001111
011011001
000101100
000001010
001011001
111001100
001001000
000101111
011100001
101011111
110011011
001101011
111100100
011000110
011011011
110010110
111010100
100111100
100110100
011100010
010010111
000100010
100101100
011101001
111101000
000101011
011110100
111110101
101010100
110101110
100111100
101010110
100010111
010101111
111001010
110111110
101011010
011000101
001001101
001100110
101110001
011010111
101110001
101011011
000011001
101110100
010001011
100000110
111000011
100111001
110001011
011011010
101001101
001110110
001110110
011000110
001001101
001101111
100101010
110000001
001101100
000100001
000101010
111000001
000111100
100001101
100100110
110010001
010000010
110001111
001010000
011110110
111110100
101010101
110110000
000011100
100101010
110100000
101101011
011001110
011000011
010100010
001000111
011100010
011101111
111100100
101000101
000010010
000010110
010100000
010100010
110110000
111010100
001101011
001111011
000000011
000110111
001010000
101011010
111100001
010111001
101000100
010111101
111100111
110101110
001010010
100110011
100101110
101101011
001001011
111011100
101110001
001110001
010001110
111111110
101101000
111100100
111010100
100111100
101101011
011011011
001001001
011001111
110111101
100001001
100000011
110000100
101011110
101001010
111111111
111001101
001111100
110101101
110110000
110101011
111110000
111101001
011111000
001011010
100001110
011100100
101101110
111011000
010010000
010110010
001001101
101001100
111010100
111110101
010110011
011111111
001100011
111101001
111111111
111001001
110001010
111010110
111110101
111011000
000011110
011011000
011101011
010110010
010100110
100000110
001101001
001110001
011111010
011000101
000111111
011010100
011110111
001010000
011101011
001001000
111010110
111111100
000101101
100000111
001110110
110101110
100101100
101011000
001001000
010100110
011111000
010110011
111101001
000011110
001001001
011111011
000110011
101010011
001010001
010001101
101011111
111011000
110100010
001101111
110110101
001010010
111101111
110110001
101100111
101010010
000101011
100110111
010010110
000100100
111100000
011010001
100101100
101111011
111000011
110101111
001011111
010110010
111100111
010010101
000100101
100011110
100010000
011011000
001001001
101100111
111101110
100000001
101011011
111010011
001011101
000000101
100011111
111111110
000001100
101110011
101010010
111100000
000111001
000000110
010110100
010111010
011001101
101101111
001001010
111110101
110101110
100110101
101010100
111010110
101011101
100010100
010101111
010100111
101000011
111000001
111000010
110111110
110011011
101010010
000010010
000101010
111110011
110110100
001111000
110001000
111110000
110010110
000101000
110111101
001010010
100110101
110100111
011011001
010000110
100010010
001000010
101110110
100000101
010010011
100000011
110001000
101011100
001000110
000101011
010100100
110100001
111010001
111011001
111111011
000111000
101100110
001110001
100000110
100000010
011000001
100110011
011000010
010010011
001101100
010101000
110101010
101111101
101000001
011101111
010011101
011111000
110001010
011100100
000110100
000011000
001111001
011111010
101100001
100001101
011011000
100001111
010100010
100111000
000010111
000001100
001011101
001011001
101110110
010011000
000111000
000011000
010111100
001001010
100000110
001100011
000001110
001110000
110011111
001110100
010101101
011011010
011001110
111101101
101010100
001000010
000010111
011001100
001000001
011110101
000000011
110111101
111001111
011110110
010110101
001011001
101010110
011100111
111101011
100100000
011100100
100100000
111111011
110111100
100101001
010001010
111101011
100011001
011100000
100000101
111110111
000001111
101011000
011011100
110111010
111010111
010100111
001001000
110011111
010101011
000001100
111100001
101000011
101011100
000101010
100110100
001101001
001110010
110010110
110111100
100001101
001011001
100100111
001011010
100011100
001101110
100001000
111010110
011000001
010011010
010000101
101000011
100000001
011101001
000011001
101101011
001110110
110111111
000001100
111110101
010100101
100001110
110101101
011010100
100001000
001000010
001100101
010100101
100000111
110010110
000010111
101101111
100011110
111001101
100000100
000110000
111110100
111011001
000011000
110001111
111000000
111110110
001011110
111110000
111111000
011001101
010000010
101001100
101000110
111010001
101101100
010000010
011101101
101010001
010010010
111110100
100011100
111011000
100011000
110001101
100110100
110011100
010011111
111101110
010110001
010101111
100011000
110100100
011001111
001001100
010010011
100001110
001100101
011101000
110110110
011111000
001000110
010010111
001100010
010110110
011100000
010001101
101110111
000011010
110001100
111011011
001011001
101110011
011110101
000000101
100111001
000111010
111001111
010010110
000001101
001001101
010111001
111111000
100000010
101010110
101011111
011111110
001000101
010001000
000111101
101101001
110001000
000100111
110100100
001010010
011111000
010001100
111000100
100010000
001110101
111101010
011000011
110101001
101100001
111110100
110110010
010110010
100001010
010110110
010011010
110011101
111101111
100001010
100010001
010010100
000000111
100001101
000101110
011101000
001010001
111100101
001001101
001110010
001001010
010001000
010000100
111001011
100100001
001001111
001011000
111001101
110010100
011100110
111100100
000010100
000101100
110000100
011000011
110101000
001110111
010101011
010001100
000110010
101001110
010111110
100001000
110010100
101100010
010011001
011110111
001111111
010111001
111000110
100000010
010101101
011111000
000001101
111000011
011001110
111001001
001011001
001101001
011000011
010011000
111110001
111000011
000110010
101111111
010000100
011100101
110101001
111000010
010001010
110000100
001111101
110010111
010101011
111010101
001110000
110001100
000101010
001100111
011100111
000001010
010010010
010110011
010010000
010100101
111111010
100111100
010001100
001100100
100001011
000011000
110100101
010010100
110010110
001000001
000000101
011110011
000100011
111011101
010010100
110100101
110101110
011110111
001100000
000000011
Time = 0.193s
