n = 17, k = 3, l = 13, m = 2246
Expect Resample Times = 0.525391
Result:
11111111110001101
00111111111011011
11001111011011111
11101001111111101
10111110100111111
11110111010111110
11111101101011011
11111010111011101
11110110111101111
11011111101011101
10110101111111101
11110011100111111
11001111101110111
11111100111111001
11101111110111001
11111001111111110
10101111110011111
11111111101100101
11111011111001110
01101111011111101
00100111111111111
11110111011111111
11110111001111111
11101111111111011
10111011111011101
01100111101111111
11101111011010111
11101011111100111
01110110111111101
01110111111001111
11011101111001111
11011011111110111
11111100111011011
11111101111101111
11111111011110111
11111101111101100
01101111011111110
11111110111110110
11011111110111011
11010100111111111
11110100111101111
11111111001101111
11101111101111101
01111111111000111
11111110110111111
10011110111111101
10011011101111111
11111101011110111
01110010111111111
11110101111111011
11111111100110101
11100110111111011
11111111011001011
10110111110111101
10110111101111011
01110111111011111
11101110110101111
10110111101101111
11111011111101101
00111110111111111
11000111111101111
11110111110111010
01111100111101111
11111001011110111
11111011110011111
11011101111001111
10110110011111111
11101101011011111
11111110101011111
11110110111110101
10111100011111111
11011110011111111
11001111110011111
01111111101111101
11110100111111110
11101011111111110
11100111100111111
10111111111100110
01011111110111011
11011110110101111
11111001111101011
01111011110111101
11111111101000111
01111011111111011
11110100101111111
11001111100111111
11111100110111011
01111110111111010
01111111100011111
11101001011111111
00101111111011111
11010011111101111
01101111100111111
10101110110111111
11110110110011111
10111001110111111
10111111111111110
11100111101111111
11111010111111011
10111111101110111
11111101100111101
11101110111101011
00111101111011111
00111111110111111
11101101110101111
00111111111011111
01101110111011111
11111111110101111
11110110111111111
11111001111011011
11011111111010101
10111100111101111
11110101111011011
11110111011011101
11011111000111111
01111001110111111
10101111111110101
11011111110011011
10111110011111011
11011011111111101
10111111111110001
10111111011111100
10111110110111110
11111110101111110
00011011111111111
01101111111011110
11111110111001111
11101110110111110
11111110111011110
01111110110111110
11111011101110011
11101111111111010
01100111111111011
11011110111111111
11011101011111101
00101111011111111
11101011011011111
11110101111111001
00111111111111101
11101010111110111
11011111100110111
11010111010111111
01111111111110010
11111110101111011
11111101111111010
11011010111111110
11111011101101111
11111100111110110
11011010111111111
11110111111011101
10111101111111111
11011011111111010
11101110101111110
11111101010111110
01011111110110111
11110011010111111
11111010011111011
11001111111111010
01101111111001111
01111100111111011
01101100111111111
11111011101110101
11111101101001111
00111111111110111
11111001111111001
11111011111101011
01111011011110111
01101110111111011
11111110011111010
11101011101111111
01111111101011011
11010111011011111
11011111110110011
11110111101101011
10111111110111011
01101111110011111
01111111110111110
01111111111101001
01111111010111111
11111111100001111
01010011111111111
11011001111111111
11011111110011101
11101011111101111
10101111011011111
00111111011111110
11111111101111100
10111010011111111
11110101111110011
11111110101111001
11110111011010111
01110111111011011
00111110110111111
11101111110111010
11110111111110010
11111111111001011
11011011111010111
01110110111110111
11011111111111001
10101111111111011
11011110111011111
10111101110111111
11111101110110011
11101111111011110
11011111111011011
01111101101111111
11101100111110111
11110011011101111
10111011111101011
11111111001111011
01010111111101111
10011111111110011
11011110111011111
11110111110110101
11111011111110111
11001011111111111
11010111111110110
11011111011011011
10101110101111111
11111100011111101
11100111111111100
11111111101011011
11011111111100111
01101111011110111
11011011111110110
11101110010111111
01111101111010111
10011111111111101
01111011101111101
11111001011110111
10111111011011110
10110101101111111
01001111111101111
00111111110111111
11111110110111011
01111101011111110
10110111111010111
11111101111101110
01111111011111111
11101110100111111
01111111111110010
10011111111110101
01111110111111111
00101111111111101
10011110110111111
11110111111010111
01101111111100111
11011111111111101
11111110100111101
01111111010101111
11111011100110111
11111101001111011
10111111011110110
01011011011111111
11111101111110101
11111110010111011
11111011111011011
10101111110011111
01111101110011111
10110011111101111
10111110011101111
01101010111111111
01011111011111011
11011010111110111
11111100111111010
11111010001111111
11111101010111111
10011111011111101
10111011011111111
11101011101101111
10100111011111111
11110111101011011
11111111110010111
10111111111011101
11001110110111111
11011110111110110
10101111111110101
11011011111011011
11111111010110111
10001111011111111
11011111011101101
00110111111111110
11110111011111101
11110011101011111
01111011111011101
01111101111110110
11101101111101011
11101111011101101
11001110111111111
11111111111010111
11101111111101011
11111101111011101
01101011111101111
11111111111100111
11111101100110111
11101110111011110
01111011111111010
11111111110100011
01111001111111011
11101110101011111
11110110110111011
01110011111111110
11111010111100111
11111101110101011
10101111011111111
01111110110111011
11110100111011111
11101111100110111
11110001111101111
10111101111111011
11110111101011101
11101110111100111
11111111011010101
10011011111111111
10111111010111110
11110110111100111
11111111110011100
01111111000111111
11111001001111111
11111001100111111
11111111101110011
11010111111011111
01111111010111110
10110011110111111
10011111101111011
11111111101101101
11011101101111101
11111100110011111
11010101111111111
11111111101010111
01111111111100011
11011111001101111
10110111111011111
01111011100111111
01111101111111110
01111011101101111
01111000111111111
11111101111110011
01101111010111111
10111011111100111
01011111101011111
11011111101101011
01111111101011011
11111011011110111
11011011011111101
11110011111110111
11111101110011111
01111111110110110
11111110111010110
10111011111110111
11011111011111100
11111010111001111
10111111010111011
11111001011101111
11011110111100111
01111110111101111
11011111001111011
11111011111101001
11110011011011111
11111111011100011
11011111111110100
11001100111111111
11011011011111011
11110110111111110
01111110111110011
10111111110111110
11111001011111011
11111111101101100
11101101001111111
11111111101111111
11101101101111011
01111110110011111
11111001001111111
10110111110111101
01011111101111111
10111101101110111
01011101111111011
11111111010111010
01111011101101111
11111111110101010
11111011111011100
01011111110111110
11111011111101011
11101111111111010
11011011111011110
01100111110111111
11110101111011101
11010111111011110
01111011011110111
00111111111110110
11101111111011001
01111111011111011
01011111011111101
11111011011111101
11001111011101111
10110110111111101
11011101111110110
01111011111101111
01110111110111111
11111110110011110
01011101011111111
11111110111111001
00111111111110110
11111111011100110
11111011111011001
11011001111111110
11101110100111111
11010111110111101
11111111111111000
11101111100111011
11111011111101011
11100111111111011
11011111110111111
11100111111010111
00111111111101101
10110111100111111
01111111111101010
11111001011111110
11011101111101111
11011001101111111
01111111110101110
11111010011111101
01011111110111011
11111110110110101
11111111100011110
11101100011111111
11010111011111111
11110100111111110
11111100110110111
01011101111111110
10101011111011111
10111011110101111
01011111011111101
11011110111001111
10111101110111111
11101001110111111
01111111111011011
01111101011111111
11100011111111110
11011011111111101
01111100111101111
11111111101100101
11101110111010111
01111101111101110
11111110110110101
01011111111011111
11110011111100111
11110111100110111
11111110111001111
11111100111101111
11001111111001111
11011011111110101
11010111111110111
00111111110110111
01111111101110110
10111111101111001
11001011011111111
01111100011111111
11111011110011011
11010101101111111
11111110111110011
11111110111101011
11110111111011101
11111011001111111
11111101110111001
11001101111111111
11110111101110111
11111111101110111
11100111111111110
11101101111111101
11011100111101111
01111111111010101
11111110100111101
10111110011110111
11010101101111111
00101111111111011
11100101111111111
10101111110111111
11110001111011111
11101110011011111
11110100101111111
11101011111001111
10111100111111110
01010111111011111
11111110111010101
11101100111111111
11101111110111101
10111111111101011
11111110111101011
11101110101011111
11000111111101111
11110110001111111
01111111110110111
10110110111110111
10110111111100111
11101110111111110
11111101001101111
10110111011111110
11111111001011110
11011101110111111
11100111101111110
11111001101110111
11011111111111010
11011110111011110
11101110101111101
01111101101111101
01001111011111111
11111111001001111
11111010110111110
11111110111110010
10101110110111111
00111101111111101
11100110111111111
11110111110101011
11001111111101011
11110111101110011
10110110111111101
01110111110101111
11111110011101111
00111111111011101
10101110111011111
11101111100101111
10111101111101101
11000111111111011
11011111111010011
11111110111101111
11111101111101111
11111110111011011
11011111111000111
11111101101111110
11110111011011011
11111110101110011
01110111011111101
11111011111100111
11011111111111100
11110111010111011
10011111111010111
11101011110111101
11101111111100110
11111111110110110
11110110111011101
10110001111111111
11111011110110111
11001111011111101
01011111110111111
11011111100011111
01101111111111111
10111110101111101
11101000111111111
11000111111111101
11111011111011110
11111100011111111
11011110001111111
11111111111000011
11101111110111110
11101111110111100
11110111001111011
11110000111111111
11111110111100110
11101111001111101
11101011110111111
11110010111011111
11111111101010101
11110111110111101
00011111111111011
00101111111101111
00111111111111101
10111110001111111
00111011110111111
10110111111111100
11011111111111111
11100111101101111
11010101111110111
11111111010111110
11111111111010101
11111011101110111
10111101111101111
11111111000111011
11011001111110111
11111111101111000
11111111110011010
01110011101111111
11111001101110111
01111011111110111
11111101111100011
11111101101011110
11110110111010111
11011011101111101
11101011101101111
11101111111010110
01101001111111111
11011111011110011
10110111111011101
11111100011101111
11101100111101111
11111111111101000
10111111111100101
11001111101111111
10011111011111111
11111110101011101
01100111111111110
11111101101111001
00101111110111111
01110011011111111
10101111111011110
11111011011110011
11111101111001110
11111101001110111
10111010110111111
11101101111110110
11011110011111111
11111000111101111
11001110111101111
01111011111110111
11100111111100111
11101111111011011
10011111001111111
01111000111111111
11111110110111110
10111111100110111
11111111010001111
11110111101011110
01001111101111111
00111111111111001
10111110111111111
11111101111101101
00111101111111011
11111111111011101
10111011011101111
11101110011111110
11111110111111010
01101110111111111
01110011011111111
01111111111010101
10111110111110111
10111001110111111
11111101011111101
11101111111001011
11111010011101111
11001011111111101
11010111101111110
11110111110011110
10011111111011110
11101110110111011
11011111111001110
01111111111100110
11011111111110011
11101011110111111
11110010111110111
10111011001111111
00011111111111011
10101101111110111
11111110010111110
11111010011111101
10111010111111011
11111001110111111
10111110111101101
11101101011111101
11111100101111101
01111110110111101
11111011111100011
11110101111110101
01101110110111111
01011010111111111
11111100111111011
11110111001111111
10110111110110111
10111111011110110
11111101101010111
11111101111011001
11101101011111111
01010011111111111
11101110111110111
11100110111011111
11110001101111111
11111111110011100
11110111101011110
11111111111101001
10111111101110111
11111011011011110
11110101101111111
10101011011111111
11101111110111111
11010110110111111
01101111110111111
01101111110111111
11010111001111111
11110110001111111
11101100111110111
11110111110111011
11110011111111101
11111011111011101
11101010111111111
11110111011011101
00110111111111011
01011111110011111
01111111001111110
10111111111110010
11101111110110111
11111110101110011
11111110110111110
11001011111111111
11111111010001111
01000111111111111
11011111111001101
11011110111110110
11011111101110101
11101011111111100
11100111011101111
11011011111110111
11111111101111110
10111011111110110
01111111110111001
00111111101110111
11111111111010110
11011111111100101
11111100111111011
10011111111111100
10111011101111011
10110111110110111
11011111011011110
11111111101110010
11111111110011010
11110110111111001
11111011101111101
11111110011011011
11111111001101111
11100101111111110
11111101011110101
10111111111011101
11110100111111011
11001110101111111
11111011001111011
10111011111011110
11111010101110111
10011111111011110
11111101110010111
11111110111011010
11111101111000111
11111011101011111
11110101111011101
11111011011111010
11110011010111111
11110111011110110
11111110101111001
11011011011011111
11110101111111011
11101101011111111
01011101011111111
10111011111111011
11111001111111010
11010011111111101
11111111111100011
00111111111110110
01111111101101011
10111011110011111
11110111111110110
11101111111111001
01011011111111011
11101111110101011
11011111010011111
11001111111111111
10101110101111111
11111101111101101
01111011111111100
00111101111111111
11011110110111110
11001001111111111
01110111011111111
01111010011111111
11111111110101101
11111110011110111
11100111111100111
11111011011110110
10111110111100111
11111110111001111
11111000111110111
11101111001111111
01010101111111111
11111011111111111
11111001101111101
11011111011001111
11011101111101111
01101111110111110
01111011001111111
11110101111110101
00111101111101111
11110011100111111
11111011111100101
11110110110101111
11111110111011011
11111110011101110
10111111111011111
01111111011101111
11111111111101010
01011101011111111
10111111111011101
01101110101111111
11111101100011111
11111111111000011
11111110101111101
11110111111101100
11111110110011101
01111111111011101
11110110110110111
11101111011101101
11101111010111101
11111011010111011
11100011011111111
01101110111111011
10111111110100111
01111111100111110
11110101111110101
10111110011111101
10111111110111110
11011111110101011
01001111011111111
01011101111111011
11111111101011110
11111011111001110
01011101011111111
11011101111111001
10111111111010111
11110101111110011
11011111110111001
11110111110011111
01111011101111111
10111111101110110
11110101110111111
01111011001111111
11111001111110111
11101011111100111
11111011111011111
11101111101010111
10011011011111111
11011101111110101
11101111110011101
11110010011111111
11111110111001011
11111011111101100
11111011011110110
11111101111100110
11011111111110110
11111101110011011
10110101111111111
11101011011111011
11111001101110111
11100111101011111
00111111101101111
10111011011111011
10111110011111101
01111110110111111
11111111010111101
11111110111110001
11101111110110011
11111111011111010
11011111111111011
11110111100111111
10111101111111101
01110111111101011
11111011011001111
11011111101111101
11111110010111101
10111011101111011
10111001111011111
10111111011101011
11111111110111001
10111111110111110
10011111110110111
11111011011111100
00101111111111111
11111011110111010
11111101111111001
11011001111011111
01111111011101101
11011001111101111
10111011110101111
11111011111111001
11111011110010111
01101111011111110
11101111111110101
10011111110111111
11110011011111101
00011110111111111
01111111111011001
11111111100100111
00011111111111101
11111111110111101
01101111110110111
11011111101111011
11101101100111111
11101111111111110
11100011111111110
11111111011010111
10111111011110111
11001111111110110
11111110000111111
00110011111111111
11110111111111110
11111011100101111
01111111111101110
11101111110101101
11011111100111110
10111110101101111
00110111011111111
00111111111011101
10111111011110111
11111101110111001
11011111011101011
11110101110101111
10111110111111100
11111011011111001
11101110111111111
11111100101011111
01111111011111111
10111011111111101
11101111101101101
11111101111111101
11011110110111101
10101101111111101
01101010111111111
11111000101111111
11110111010111101
10111111000111111
11111110111011011
01111111010111101
11111110110010111
11111111111100001
11011101111110011
10011101011111111
10111111101011101
10111101101110111
01011111111010111
11110101111101101
11111111111110011
01100111111011111
11100111111110110
11110111111100111
01111111110111110
11111101001111110
01011111101101111
11111101110110101
11111011110110011
11110101011111101
11111010111100111
11111100011011111
10111001110111111
01111111110101011
10111111101001111
01111111100111101
11001100111111111
11011101111010111
01011101111111101
11110011011111011
11110011111110101
11101001111011111
11101111011101011
11111011111001101
11100111011111101
11100111111111101
01111011011011111
11011011011011111
10110101111101111
00111101101111111
11101111110011011
11110101111111111
10011011111110111
11101111111011001
10111101011111111
11111110111011111
11010111110011111
11111110011011111
10111011111011101
11010101111111101
11111101101011110
11001110111111101
11111101111101100
11111101111001110
11011100111111110
11111011110111111
11110001111111011
11110111111011100
11111111001111010
11110111011011011
10011110111110111
11011100111111110
11110100111110111
01111101111111101
11011111111111010
11011111111111010
11101111011111101
11110101101111101
11111010010111111
01111101101111111
11111011101101110
11101101101111110
11111110001101111
11110010111111111
01110111101101111
01011110111011111
10111111111011100
10111101111101101
11110101011110111
11101111010110111
11100100111111111
01110111111101011
11101011100111111
11111111101111100
11111101110110011
10111110111111001
11111101111110011
11110111111111010
11111011011011110
11111010011111110
10011111110111101
11011111111111100
11111101110110111
11110111110111101
10101111111101111
11110101111001111
10011111110111011
11111110101101111
11011011110101111
01111111110111011
11110111111011011
00101111111111101
11110011101101111
10111110110111111
10011001111111111
01101111110110111
11111101111100110
11111110001110111
11111101111101001
11110111011110101
01111111111111010
11111010111110101
01111111101101011
00111110111011111
01101101111101111
00111011111111011
11110110101111111
01111111011101110
11111101110111110
01101111110111110
11111010001111111
11101100111111101
11111001011111111
11111111011101111
11001111111111001
11111111010011101
00111011111110111
11101110100111111
11111011101101011
10111000111111111
11111010011101111
11110111011111011
11001111111110101
10111011111011110
11110011011011111
10101101110111111
11101110010111111
11111101101110011
01111111001101111
01110111111110011
11111101010111111
11011111111110101
01110111101101111
11110110110111101
10110011111111011
11111011110110011
11011111011001111
11110110111010111
01001111111111011
11100111101111011
10111101101110111
11110011101111111
10111111111000111
11001011111111111
11011101110101111
11111011111111100
11111111101110110
11110111101010111
01111111101111011
11010111111010111
01101111111111101
10111101111111111
11100111101111110
10111101110101111
11111111100011101
11110101011111011
11101111101111100
11101111101011110
11111011110110110
11111110011111011
11110111100101111
11010011101111111
11111111100110110
11111100111111111
10111101011111101
01011111111111110
11011111110111101
11111110111011010
11101110011111101
11101110111111010
11110111111110100
11111101111100011
11101101101111011
11111111101111011
01101111001111111
11011110111011011
11011111111111100
01110111011101111
11111111100101111
11101110101111110
11111111110010101
11100111111110111
10110110111011111
10111111111101010
11111111111111101
00011111111111110
11011111101110110
10011111100111111
11101110100111111
11101011111011111
11111101111111000
11011111100111101
01110111111101011
10111111110100111
01110111111100111
11011111111110100
11101111111111111
01111110110111111
11011101111110101
00101111111101111
10111010101111111
11101111111001101
11001111111110101
01101111111111110
11011101111101011
00111111111111110
11011111111110010
11101110111111010
11111101010110111
11101111100111101
11011001111101111
10110111111111111
11111111100111111
11110011101111111
10011101111111101
01111111111111101
11011111101001111
10101111101011111
10110101111101111
10110010111111111
10011101101111111
11110101110111110
11100110111110111
01111110111111111
11111001111011101
10111111100111101
01111001011111111
11011011101011111
10111010111111011
01110010111111111
11010111111011011
11101110111001111
11111111111010111
00111110111111111
01111111101110110
01011110111011111
11011010111111101
11011110001111111
10111111011011111
11011110101111110
11111101111100111
11111101010111110
11010101101111111
00111111111111101
01111101011111011
11001111111111111
11111010110110111
11111111111110101
11111101011110111
11111111111111101
01011100111111111
11011111101111100
11111101010111111
11111010011111011
11111011010111111
01111001111111101
01101110111111111
10110101111101111
00110111101111111
10111001111111110
11101111001111110
10111101111111110
11110010111111111
11111110111101010
00111011111011111
00110111111011111
11011010111111111
11111101110011011
11111111011101110
01111101101111111
11100111111001111
11100101111111011
11110010111011111
01110110111111011
11110011101110111
10011110110111111
11011110011111101
11111011111011010
01110111111011110
11111011011011111
11110100101111111
11111111111100101
11011101010111111
00111111110110111
01111111000111111
11111100010111111
11100111101111011
11111011011110101
10111101110101111
11101011111111001
10111011110011111
01111111111111110
10110110101111111
11111110011111010
11111011011101111
11111111011011100
11101111111100111
10011111100111111
01111111001011111
11110110110011111
11011111001111101
11101111111010011
11110111011101011
01111111001011111
11101111110011011
01110111011111110
10111111111111110
01111011111110110
01111110110011111
11011101101111111
11010111110011111
01111110111101101
11110111111011110
11101011101111111
11011001111110111
11000111111111101
11101111011011110
11111111111001001
10100111111011111
00111111111111110
10111111111111001
11101111101111100
11110111111110110
11011011110011111
11111011011101011
11110101111110110
11011101110110111
11111001001111111
11110111011110101
11111110110101111
11111011011101111
11011111111010011
10011111111111010
10111111110111001
11111011111000111
01011111011111011
01110110110111111
01111111011111101
01111011111110101
11110101110101111
10111110111011110
01110111111011111
11110100111111101
11110111010110111
11101101111101011
10110111111111010
11011111101111011
00111111111111001
11101111011111100
11111011101100111
11110011111010111
11111101111011110
11111101110010111
11011011111101110
11011110111101101
11110101111101111
11010111101101111
10011111111110011
10101111111011101
11101110111011111
10100111111111011
11010111110110111
11101101111111011
11011100111111111
01111111111010110
11111111010111100
00111011111101111
10111111111111011
11111110011010111
11101011101110111
11110111011111100
11011101110011111
11111011110110111
00111011111011111
01001111111111011
01101111110111111
10111111101110111
10111111100110111
01110111011111110
11111111011111001
11100110111111111
11111111101111011
10110111111111011
11111101110011101
11011111110111001
01111011111011011
10111011101101111
11111111111001101
01101001111111111
10111001111111110
11011011110111111
00111101111101111
01011101111111011
11011101111101111
10111011111100111
10111111011101011
11111011111110111
11111011111111110
11111111100111110
11111011001011111
11111111011111011
10111101110101111
11001011011111111
11111110111111100
11110111111101011
11110100110111111
10100111101111111
01110101111110111
11101111101011110
01101011111111101
11111110110101101
00111111001111111
11011101111011111
11110111011111100
10111110011101111
11001111101111011
11111000011111111
11111101011101101
01111111101110110
11111110111001111
01101111111011110
10101101111111110
01100110111111111
11111111100011011
11010111111010111
01011100111111111
10011111010111111
11011011011111110
11111111011111001
10111011101111011
11110111010110111
11111011111101010
11010111010111111
01111010111111111
01111101001111111
11011111001110111
10110111111011101
11111111001111110
11010110111111110
10111011111101111
01011100111111111
01111110111111010
01110111111101011
11111111111110000
10110111011111101
10110101111011111
10110110011111111
11001010111111111
11001111111101101
11110111110111111
11111011010111111
11111001111011111
11011101011101111
10001111111011111
10011111111111010
00111101111110111
11011100011111111
11111011111101011
10111111100101111
11100011111111101
10111111101111001
01011110111111110
10101111110111101
11111111100011101
11101111111111110
01010111111111011
10110101111111011
11111011111111100
10111111010111011
11100111011101111
11101111010111110
11111111101111111
10111011011110111
11101111011100111
10111000111111111
10011110111111101
01111011111010111
11111110101111011
11111110111110010
10011111110110111
01111111001111111
01111111110111011
01111111111101100
11101111110101111
11111101101111111
10111111010111101
01111011101101111
11001111111110111
11111000110111111
10101111011011111
11101111011101101
11110011101111111
01111011111001111
10111111001110111
11011111100011111
11111110101111011
01111110111111010
11011101101111111
11110110100111111
11111111111011001
01111111111110010
01111111110111010
11101110110101111
10111111101100111
11111010011111111
10110111111101011
01111111110110110
10110111101011111
11001010111111111
01110111011110111
11111011111110111
11111101111110111
10011111111110011
11100111101111111
11111010111010111
01101110110111111
10111110111101110
11110111101101111
00111111110111011
11111111011100011
01111111001011111
11101111010111111
01111011011111111
10110111111111100
11100111111111101
11101101010111111
11110111111000111
01111101111011111
11110010111011111
11100111111011111
01111111101010111
01100111111111110
01011111111101110
11111110011110101
11011110111111101
11111011110110111
11110011111111010
11111111010010111
01111001111101111
11010110111110111
10111111101110111
01111101111011111
01011111101101111
11111101101010111
10101111111111100
11111011001111111
11010111110101111
10110101111111101
01010111111111111
11111011001101111
11110111100111110
11100011011111111
11011101110111111
10110110111011111
10111111101111101
00111111111011110
10110101111111111
10111111111100110
10011111111101011
11101111110111101
10011110111111101
01110111010111111
11111110001111110
01110101111110111
01111111101111011
11110111001111110
01111011111011111
01111011101111101
11011110011011111
10101111011110111
11011110011111110
11011111111001011
10110011111111110
11101110111100111
01111101111111001
10111110101110111
11111111011101100
11111011011111001
11111011110111111
10111011101111011
11101101111101111
10100011111111111
11010111111011011
11101111111101100
11101110111111010
10110101111111110
01111110010111111
01111111110101011
11111110010101111
11011110111111111
11110110111111101
10111011001111111
11010111111101101
11101101001111111
10111101111111011
11111111111010100
11010111011110111
11110111010011111
11111110111100101
01110111111111110
11100111011110111
11111111010111111
11011011110111101
11100111111011011
01011111111111101
01011010111111111
11111101101100111
01101111111111011
11111111100111101
11111110011111010
11111111010111101
10110110111111110
11111001011111110
11011100111111110
11111011111100101
10111101111110101
11001111101111110
11110111111101010
11110011101111110
11110101111011101
01111111101111011
01111111110111011
11110011011111101
11111111101010101
01111111110011111
00001111111111111
00111111110110111
00011111110111111
10110111111111100
11111111010101011
01111111011011111
10111111111010011
11101111101100111
11101011111111011
11111110001110111
11010111111111100
11101101101111101
11111001111110111
11111111111100001
01011101101111111
01111110111110101
01110111011111011
01001111111111011
11010111110111111
11101110111101101
10011011111111111
11110111111011001
11111001111111100
00110111111111110
01111101111011011
11101011011111011
11111011100101111
11101100111111110
11001011111011111
10111011111111011
11111011101011101
11111001110111011
11011101111111011
11100111111010111
01110111101111011
10011111011011111
10111111101111111
00111110111111101
11011011111111100
11101111011110111
11011111110110111
11111110100111101
11111101111111101
10011110111011111
01111111101011011
11111010101011111
01111111001011111
11101011111011110
11001110111101111
11111101111010101
11111110110110101
11111101011110011
11101111111011010
11011110101101111
01100110111111111
11111110011011110
11011111111111111
11111111011101001
11111101111101011
11111111110101111
11101101111101011
11101111111011001
11111100101110111
01101110111111111
00111111111011110
11110110101111011
11111101110011110
11010101101111111
11011111111100101
00111111101111011
10111101111111001
11011010111111011
10111111110111111
11011101011101111
01011111110111101
11110100111111110
11011011111011011
00111111110111011
11101011110110111
11011100110111111
10111111101011110
11111010110111011
11111111111011011
00011011111111111
00011101111111111
01111111101001111
11011110111101111
01111111010110111
11111011111110110
11111101111101111
11111111111011001
10111110111101111
11111110110011011
11011111101110110
01110111101011111
11001011110111111
11100101111110111
01101110111110111
11111110101001111
11110110101111111
11111101011111100
11111011111001110
11011111111011011
10011111110111011
11111101101010111
11011101111110110
01110011111111110
01011111110101111
11101111111111100
11010101011111111
10111111100111110
11111010111111110
11010001111111111
11011110111101110
11110001101111111
10111011110111011
10010110111111111
01111110111110110
11111010111111101
11010111011111101
11011111011111101
11101001111101111
11011110111111111
11011111110011011
11110111111011010
10111101011111110
10111101111111111
11001111101111011
11111110111111000
11110111111111101
11011111011001111
11100111111011011
00111111101111011
10111011111101111
10111110101101111
11111101111101010
10111110111110111
01111111101011110
11111001111110011
11111111111011010
11111111011011111
11110111110101011
11101111111111001
00111110101111111
10110111110011111
11100111110101111
11101111111111010
11111111001101110
11111111110001101
11101111110101110
11011010110111111
11111110110101111
10111100111110111
11111101111010101
10110101111101111
00111110101111111
11111010111111111
10111101011111101
10111110101111101
11001111111101111
11110011111101111
01111011101011111
11011111110110011
01101101110111111
11110111110100111
11111111111100111
11101100111111011
11011111111010111
11111101101001111
11011110111001111
01111101111101101
11111111100101111
11101101111110101
11110111011111100
11111010111111011
10111110111100111
11110101101111111
11101111111110001
11001111101011111
01101111111101101
11011011101111110
10111011011111101
11101111111011101
11101111111011110
11001111111111111
01110111101111111
01011110111101111
11010011110111111
10111101011111101
11011101011111110
01111101111001111
10110011111111011
11111011011110011
11111111100110111
11110001111111110
10111111101101111
10110011111111111
11101011111111011
01111111001101111
11101111101101110
11110111011101011
11110110111010111
11110111110111010
11111011011111100
11011111001111110
01111011011110111
10101111110101111
11111111001010111
11101111111110110
01011010111111111
10110001111111111
11011111111110110
10111111111011101
11111110010011111
11111101111111101
01111101110101111
11101110110101111
11111101011101101
11111111011111100
11101101111110110
01111011111110101
10101111111001111
10111111110110110
11011101001111111
11111011100111011
11001111111111110
10111101111111010
01111110110110111
11111011111000111
11010101111011111
10011101111110111
10011111011111111
11011101001111111
11110011111110110
01101011111110111
11111100111100111
01111010111111101
11101111011111111
00111111101111011
11011111110111011
10111110101111101
11101111111111101
11110111101110110
11111110101111110
01111111110101101
11101111111110101
01110110011111111
11111101010111111
10111110111011110
01111111101110011
01101111111110110
10111011110011111
10111111001011111
11110111111110100
10111101011110111
10111111111011110
11111111100111111
11011111111110101
11110111110101110
01101101101111111
11011110110111101
11110101111101110
11011110111111101
11010111111100111
11101111111001011
01111101111011101
11110111110001111
11100111111010111
10111111111011110
11011011110111111
11101111111011110
11110111011011111
11111011101111100
10111110110111111
11111001111110110
01111111101111110
11111111101110010
10110111111110111
10111111011110101
01111101111101011
11101111110110011
11011111100111011
01111011110011111
11111101101111101
10111011011011111
00111111101011111
11111011111001111
01011111111101110
11111100010111111
11110010111111111
11011101110011111
10101100111111111
11110011110101111
11100011111111011
11001111011101111
11111010111101101
10101111010111111
10011111111101110
11111011111101010
10111001101111111
01011111111111001
11100111101011111
01111111011001111
01011111111111010
11111111101011011
11111010110111111
00111111111011111
11111100111110011
11110010110111111
11111100011111111
11111111111101111
11111111101110111
01110101111111111
01111111101011111
10111001111011111
10111101111111111
11111110001111111
10110111111110011
00011111111101111
11101111110110011
11101100111011111
10111111100101111
11011100111101111
11100101111111011
11011011111011101
11110110011111101
11110111111011011
10111111011111010
11111111101011110
11101110011111111
11101011111110111
10111101110111011
11110011110111011
01111010111011111
10101111111001111
11011111011100111
01101011111111101
11101111100111101
11111100101110111
11111110110100111
11110101011101111
01001011111111111
01110111111110111
10101011111101111
01110111111011101
11101111100110111
11101110101110111
01011111111011011
11101111101010111
01001101111111111
11010111111111110
10001111101111111
01111111110110101
10111011011101111
11110111011101011
11101101101101111
10110011110111111
10111111011011011
11110110011111110
10111011111011110
01111111011011110
11110111110011111
01111011110111110
11111110100111110
11011110111101101
11111110111111100
10101011111011111
11011111110011101
11111110111011111
01111101111101101
11111111110000111
10111111111010111
11010111111011101
10111111101110011
11111101011110011
01011101111111011
11110100111111110
11100101111101111
11001100111111111
01111110111111010
11111011101111011
11111001111111011
11111110111101010
11101101011110111
01111110111001111
11101111101111110
10111111110101101
11111111110001110
10111101111101101
11110101011110111
01111111101101101
10100111011111111
11111101001110111
01011011111011111
10111100111111110
11111011110111011
11111111001011011
00010111111111111
11110110110111111
11111001111111100
01110110111111111
11110110110111101
11101101011111101
11111101111101111
10111011111101101
10111110110101111
11001111101110111
11111101101111011
11110111111101110
11101111011001111
10111101111101110
01111111111100111
01111101111101011
11111110111001111
11011111011110111
01111110001111111
11110111111000111
11101111111101100
01111111000111111
11110111111010011
11110111110100111
11011111110100111
10111110111111100
10111111111110110
11010111100111111
01111111110101111
11100111110111111
11011111111101101
01001011111111111
01110110111011111
10011111111100111
11011110111111011
11110111111001110
11011110111010111
11101010111111011
11111110111001110
01111101011111101
11111111111010011
11111111111101000
01100101111111111
11111100111111011
11010111111110110
11111010111001111
11111111010101011
11111111010111101
11110101111101110
11111110111001011
11111110101111110
01111010111101111
00111111111110101
10111111110011011
01100111111101111
10111111111011010
11101101111100111
00111101111111111
11101101101101111
01111111110101011
11111111001110110
11110110111011011
01011111111100111
11110111111110001
01111110111010111
01110111010111111
10110110101111111
10011111111011011
11110111111100110
10111110111110110
01111111111110001
01111101110111111
10101110111101111
01111111011111001
10011111101101111
11010111111100111
10111011101111110
11111111100101101
11110110101111101
01001110111111111
11110111110011011
11101101010111111
11110111101111010
11110100011111111
10111111100111110
11011110010111111
10111101011111101
10101101111101111
11101111100101111
11011111001111101
11111011111011011
01111010111101111
11111000110111111
11001111011111011
11101011011011111
01110111111111100
10111110110111011
01000111111111111
11011001111111011
11101110101111111
01110110111111011
11111001111111001
01101111101110111
11011110011111101
10111110011011111
11111011010111110
11011011111111010
11011100111111110
11111111101101011
11111010010111111
01011111100111111
10111110001111111
11110111011110011
11011111110111100
10101011111111111
11111110110101101
11111100011111101
11111100111111111
11110011111111110
11101011110111111
11101110110111011
11111111110101010
11110011101111011
01111110111110101
10101111111111011
11010111111011110
01011110101111111
11110110111110101
11101101110111111
11010111100111111
10101101111110111
11111010101110111
11111110011011110
01111011011101111
11111101001111111
10111111111100111
11011111110111001
11101101101111111
10101111110101111
11111110110001111
01111111100111110
01011110101111111
11111111111001100
10111111111100111
11111101110111110
01101111111011110
11111101111110110
11101101011111101
11110111001111011
11001111111100111
11001011111101111
11111101111101011
10111111111111010
11111111100010111
11110111110110110
11101111110011101
11111111010110111
11111010010111111
11101110111001111
11111110101110110
10111111011110111
01111011110111011
11011101111111110
10111101101111110
11111101100101111
11111010101111101
11110111111110110
10111011100111111
11110101011111011
11111001111110110
10111111110110011
01110101111011111
11110110101101111
11111110111011011
10111111100111101
11101111110011011
00111111111111111
11011010111101111
11010011111101111
11101111110111011
10110111101110111
01111011111001111
11110111011011101
01111101111110101
11011010111111011
11011111100111110
11100101111011111
11011111110111010
01011111011111101
11011011101111110
01111111111110001
11111110111110010
10011101111111101
01011011111111110
01111101111101101
11111101110111111
10101111111111100
01011111111111001
11011101101111011
11111011101101101
11111110100111111
01111101110011111
11111101110111110
10111111011110110
10110111111111001
11101101110101111
10111110001111111
11010110011111111
00111111111111011
11110111110101111
11011011111001111
11111111011111100
10011110111101111
11111111101010110
01011111011111101
11111011101101110
11011101111110111
11111011010101111
11111111110101100
01110101101111111
01011010111111111
11110001101111111
11101111100011111
11101001110111111
11110111011011110
10111001110111111
01110011101111111
11100111101011111
11110101110101111
01111111111110101
11110101011110111
11111001111101101
01111101111111110
10111111100111111
11111010111110111
11111100111111100
11101110111111011
11101011101111111
11101101111101011
11111101111000111
01101011111111011
10111110101111101
11011101101110111
11111111011110101
11111110111101111
01011111111110101
11110111001110111
11110110111001111
10110011111111110
11111001111110011
01111111110101101
11111100011110111
01111111111101010
10110111011101111
11110111110101110
11001111111101101
11110011110110111
00101111111101111
01110111111110110
11011010111011111
11110011111110011
01111111101011111
01110111111111001
11001111101101111
10111110111100111
11101111011111010
11011111010111011
10111111101110011
10011110101111111
11110101011101111
11011101011101111
10110110110111111
11110011111111100
11111011010111111
11111111111011001
10011110111111011
11111110110011011
10111110111010111
11101101111001111
11101111111111010
00110111011111111
10111011111101110
11110111111110110
01011111111100111
11011010111101111
11010111101101111
10011111011110111
10110111101111011
11111011111100011
11101111011110011
Time = 0.221s
