n = 14, k = 2, l = 6, m = 61
Expect Resample Times = 0.629722
Result:
00010101111110
00001010110101
10110111000110
11001101110101
00110001110101
10111000111000
00110100110111
00001111101001
10001101101011
00010011110100
01110110101010
11110010101100
00011110100110
01110000110011
10100100101010
11111110001111
11111110000111
10010101110110
01001101101101
01110001110111
10101111100101
00010001110111
10101101011101
11010000101101
10101000111101
11001001000110
01011001100010
01101000010110
10110111011111
00110001011001
00011100011101
11111011110110
11011111000100
10101000110111
11000001100110
10101110000110
10011101101101
11001011101010
11110101111101
01110110010000
00100110101101
00111000101100
01100110100110
11011011000000
00110111100100
11001100111011
10100110100010
00010101010011
00100011100111
11100111110001
00100010101110
11010111011011
01011010111110
01100100011010
11101100000100
10101001001111
10010110100110
01010111001101
00101101001110
11110100010001
00010111010110
Time = 0.54s
