n = 16, k = 4, l = 6, m = 424
Expect Resample Times = 0.410857
Result:
0111010101011000
1001101001111011
0101010010111100
0100110110010010
0101110100001011
0010001011101100
0010110000011100
1000110001100101
1111100001100010
1010001000111110
0110000100110110
1010010111001110
1100111001010111
0111101100000111
1111101000111010
1110111101100011
0011111101001111
1000101100001100
1111110111010111
0110101000001100
0110101001001111
0011100001010100
0011011110000000
0001100010111011
1111000011111100
1111011001000011
1111101100101010
0011011000111010
1101001010101010
1100011011111111
0110100010101011
0111000101101010
0011110000111110
1011011010000000
1011100010100001
0000011110010011
1010100001000110
1111011110001001
1111101011011111
1110011000100101
0111101011101110
0010011001100101
1001001111010010
1101011000011100
0011100100010001
0010010100110111
1001111001101111
1010111111011000
0010110110011001
1100110101010101
0101001110000111
0111010011000010
1011100111110101
0111000111110011
1100100011011111
1100010010101010
1110010101011011
1101010111111001
0110100010110001
1101110100101110
1011011100110001
0100000010101011
0001100001111110
0101010001011111
0100011001010010
1111101100001011
1110001101100101
1100101000101000
0100100100010111
0011010110010000
1111001101000110
1111100011100100
0111101110011100
0110001111011101
0101001110111101
1010110110100101
1011110010010101
1110110110111000
1011110011101000
1001010000110101
0011011101100100
1101101111001011
1110011000110001
1111010100010110
0110011110101100
0000010111001011
0110010011011010
0100011101011110
0111000101010110
0010010011101101
1100010111000101
1101101100000001
1111101001010001
1000110111001100
1010011100110011
0100010111101011
1110100110011010
0101100010011110
0110100011011010
1100001011110111
1101001111110000
0000011010111110
1101111111001001
0100110110110101
0011111101010011
1110011010001011
0101100111100100
0100110100000011
0000001001011110
0101101001001011
0010011011110011
0001010101010011
1011110100010010
1010100110111100
0111010100111010
1000100110000110
0101100011000111
0000010011010111
1101010110110011
1001011000100001
0100010011100111
0101101011010110
0010101010111110
0111001111101111
0000111111111100
1010011111001110
0100011010101100
0111111011011000
1010110101010101
1101010011101110
1111111010101110
1101101110100001
0011001110101011
0001011010010110
0011100001010010
0110100100010011
1010111111011010
1011010111100011
1100111000101100
0110110110111000
0100001010000111
1010111110110100
0000001111010100
0000011111100111
0110010010111100
0010000001111100
0110101000010010
1111010111011110
0110101110111001
1010001011000111
1000111100110110
0111001111100100
1011101100010010
0000001011100111
0000110101111101
0100100111010101
1011010111100111
1001101000110011
1001110110110010
1011011110010010
0111001011110100
1010101110111111
0001010101110111
0010001011011010
0100011110011011
1101011100011010
1010011100100001
1100101001100010
1010000011100100
1101110100010101
1110001111100101
1111001011101100
0010111111001011
0110011011100100
0101011001010011
1001001001011101
0011100001100010
0010110011110110
1010000111001010
1001111111001000
1110001001010000
1101010110010111
0001101100001011
1010001111111001
0101111100000101
1110010100001011
0110000000111001
0110101011110000
1101011111011110
0110111010011100
1010010000111011
1110011100010111
1000100010100111
1111111100001101
1000101101001110
1110100101011111
1100000110000110
1101101000111010
1000111001110100
1111111010101010
1110001011101110
1001110010101010
1001100100101100
0001000101001111
1011000111011010
0110010100100111
0110011100000111
1101001101010110
1000011001111101
0111111111111101
1100101100011000
1111010010001011
0110010010100010
1010001001110011
1101100001001001
1110011001111011
1110011000110101
0101010010001101
1000010110111000
1010110010011001
1111110101001101
0010101010110111
0100100011000111
0010000101111011
1100111000000010
0101000110111110
1000011111110110
1111100111110110
1110101101001110
1000101001110011
0011001000110001
0100001011110011
1111110001001001
0001011100110000
0101000110111100
1100000111110101
1111000110100100
1011110111111100
0101001001010111
0101101101111011
1000001011010001
1000111011010111
0010100110110011
1011000010000111
0010110011011111
0110110001111001
0011110000011011
1001000111010000
1010000001100101
0011010011011111
0110001110101101
0101000000111011
1111100100110001
1100110010011000
0011101000110000
1111010010101011
1111101110111000
0101101011110100
1101011100000001
1111101110100000
1110010011111010
1000110010111011
0001100001011011
1010101100110111
1110111000000101
0001010101101110
1110010101100010
1100101111100101
1101101001000000
0101001100000011
1101111001100111
1011100101100100
0100000010111110
1101000100010001
0011100110001100
1000001101110010
0001000001110111
1101001101010000
1010011110000100
1011010001000100
1101010001000001
0110001110101110
1101101110110001
0110000100110100
0111010011100010
1100111010001011
0101000111011111
1001001000111101
0001101101011100
0000100010111110
0001101100001100
0000110001100101
0110100110100101
1111110011101001
0110010100100001
1010001111110000
0111110010011101
1100110101111011
1100110111010101
0100011001100001
1110001101111001
1100100100001010
0010001111110101
1000001001110101
0011100110111001
0101111101101110
1000011101110101
1010110100001001
1000100000110011
0001111001010101
0001011101000101
0110000111100111
1101010001001110
1100101110111011
0110101110111110
0010101001110000
1011100001000011
1101111100011000
0100011101000001
1010010110100011
1100001000111010
1100110001110110
0010001111100100
0111100001101101
1101001100001100
1111001001001000
1111011011101010
0010001110000011
1010000101110000
1010111011101000
0111111100100101
0111111011111001
0110001011111110
1110111000000011
0001011111111110
1110110000110011
1001011000101101
1100011100101100
1111000011111011
1111011010111111
1010011101010010
1001010111100100
1111100111101101
0001011000100111
0110110111111111
0011100010011110
0001111010011001
1011011101100100
1111011000111000
1110100101000001
1001000001101010
0100111011101110
1100101100010000
1100010110110110
0001011010001101
0000101100100110
0100100100001111
1111000011110101
0001110101110101
1110111001011001
0100001010111010
0001101101010100
1001010111000101
0010100000111111
1111110001111101
0000110110011110
0111101000000110
1111001111101101
1011001111000110
0110000001010011
0100101100001100
0111000111111001
1100001100100001
1000110001101001
1010101101011001
1001101101110011
1110111111001010
1011110100001010
0001001010101010
0111010010111010
0001010111010110
1100001011011001
0100000011011100
1000010011101011
0011111111101101
1111110001100101
1010101111001010
1111011001111100
1010100001011000
1001001101111010
0001101110101000
0001001011111111
0110011010000001
1001000111100100
0100110101010101
1010111010011010
0110011101010010
1011001000011010
1111101111101001
0011111001110111
0100000011011110
0001111100010000
1001000011011111
1010110101100000
1000110101010010
0111101111100100
1110010110000011
0000110011010011
1011000000000111
0111010001101000
0010110011100110
0100111001000011
1000111101101010
0000110110111010
0000110101111000
1011010110101110
0001000100111010
0000000111010101
1010001011100101
0000111101100010
0000000111100110
0011111011001110
0111001000011111
1001001000110011
Time = 7.102s
