n = 12, k = 3, l = 6, m = 224
Expect Resample Times = 0.420546
Result:
101111110010
010000111110
011110101111
111101101001
101111111101
010111011101
011111001011
111000001111
111011000011
000110011101
001100101111
110001110110
011100000111
111001101011
011110100110
100110110101
001111101000
100100010111
011101010101
111100101011
100101100111
111111010010
011011100011
111110100011
011111110110
011110010100
101010010111
110110100110
111001011110
011001011011
100110010111
110100001011
011110001011
111001011100
100000111111
101101111110
010111111000
111001001011
100110010110
100011111011
111110011010
010101010111
110101110111
001101010110
011000001111
110111011001
100110101001
111010111000
001101011110
110101111100
100010111100
101000111010
000110111101
101011001100
111000111000
101001110011
011011011010
101111101011
100110001111
000011011101
111000100101
100101111010
010111011011
111111010111
011001001101
100010110111
001110111001
010010110011
011110110110
010101011111
100101011100
101011011110
010011100110
001011011011
100100101111
001111101001
001010111111
110001101010
110001100101
110011110011
011001010011
101100011111
011100100011
111011101110
001111001111
011000011110
000011111101
110001110011
001111101011
110110111100
101101101010
001011110100
111010011010
101001000111
111110000100
011010110101
001111001111
110101010110
111101100010
011111011011
111011101011
101111000101
101010110101
101110111011
100001110101
110101100001
001011001111
010110101011
111110001110
011001110110
110011001011
101110000111
101111110001
111111100100
011101101101
001001101011
110110011011
111110110000
001101010110
000011111111
011101111111
110001011100
011011100011
000101100111
101101011110
111011010110
111101010010
110110111001
010101110010
001101110110
001101001110
101101011110
101101110000
010111110101
010010011101
010001101110
110011000011
001011011001
111011010000
101110001110
001110010101
101101001111
100000011111
101001011011
110110010011
111001001111
111110001010
101110101001
011101101010
010010101101
011111100110
001011111110
110000101101
000111111001
001111001101
100110101101
001001011110
101010110100
111010011001
011110101011
111111000001
011101001111
110100110010
110101001011
110011010110
110001010110
101011110000
110101011000
111101001110
101101011010
010010110011
001111110111
000111001011
100110101111
110001010011
101010110010
000011111110
010001011011
100111000111
001000110111
110000011011
110011101101
111000010011
111011111010
111000111110
000011011101
001111001110
001010111101
101011110110
000111110111
111101101000
010100101111
101100111000
011010101001
010101101111
001001010111
101010011100
100110100101
011111010001
111111101111
010101111000
110010011101
011001011111
101100101100
001101001110
111100100111
001101110111
110010100110
011110111110
001111101010
100101100101
001111111001
110100111100
010101011010
110110010110
010111010010
111011100110
111011110010
001111000110
110111111101
101001001111
010110110010
011111001100
101110110100
Time = 0.334s
