n = 17, k = 6, l = 2, m = 1636
Expect Resample Times = 0.368169
Result:
01011111111101011
10111000011111100
01011000111010010
11011010111111110
10011111010100110
01110101010100000
10101111100110000
10010111000101110
00011000110011101
10111101011001000
01101010010110111
11000101000100011
10000110001010110
11011000011010101
11010101100011110
11010011111110011
00100001000011111
11100010111000011
10000100011100111
00011001101001000
11011001010001100
10000010110100010
00000011011001100
10000010001000100
01001101100010000
01100101110100100
00011110110100000
00010001101001101
11000001010000111
11010110111001110
01101000011111001
00011110101100101
00100110010111000
01011010101010001
11000000100010100
10111001101111110
01100000111101110
10111010110000011
11100001001111101
11010011110110101
11111011000111110
00111011110001110
10000001101101000
01110111110010011
00010011000101001
11010111100100001
11100001010000010
11110101111010110
10001010100110000
00100011000001101
01011011000111010
00001000001111111
00011010100001011
00011111101100011
11001010100101101
11011100101100111
10100111000111010
10101001111011101
00010100111101011
11000111111011100
11101010101010111
11110010100111000
01000000001111001
11111001101111111
00100000110110010
11000100111110111
10111111110110010
11000111010110011
11001100100111110
00111000010110110
11010110011111000
00101011010010000
11110000110110001
00001100111000101
01110111110000111
01101000010100000
00110011000100011
00000111010100001
11101011010011001
11001000010001100
00111101010000110
01010111000000100
01001111011010010
01100010100100010
10000101100010101
11010100110110100
01011101010101100
01110000001011000
00111111110111111
01101100110110011
01000100010000101
00110011010001110
10000100100111110
11001101000101000
11111110000011111
10101011001010000
00010001011001011
10110100101110100
00110100000100110
00111000001100100
01000001000111110
11100101110010111
11011111101000010
11000101110010001
10111001011010011
00001010011010111
00010001110101000
00111110010000010
00111010101010000
10010111000100000
00111001001100011
00010011010110110
01111100011100010
01000010000100100
00111001010011011
11010000011101110
11111000001001000
01110010000011011
10001011101010111
00010001101010010
10110110001110110
10010110010010111
01100110101000111
01011101100001001
01110111101101001
01011101111001110
10010110100101010
10000000010010110
00111010000011110
11001111010100100
11011110010111001
10110011111101100
01110100010001001
11110001110110101
01101001111010100
11010000001110001
01111101010010110
00011111000001001
10110000100000111
11100110000000011
00101011010011001
00101101110110010
11000011000010010
10000000011010010
10010100001011010
01110000110110011
11010111101010000
11100000011111011
01000010101010100
10110000010110000
00111001010101010
10101001111010001
01010100010010000
00010110000010000
00111001010100010
00001111011011111
01010011001101010
10011001101100001
01010000010100101
01101010010100100
01101110101111011
10010010111101010
01111110100001011
00001011111111001
10110010011001001
10100010001111111
01110000110010100
00110011111111111
11101010111101110
00101110000100011
10100000000001100
10101110000100010
10100101101101011
00001110010011100
11001110111101111
00100010101001001
11101001100000001
01100000011000110
01100000011000111
01100101000010001
10110100101010010
10110100111111100
00100111100111100
00110000110100101
10000011001100011
01100000110101100
00010101101000010
00010110100110000
10111010001000101
01101101100010101
01111001000111001
00000100111101111
10110100001110111
01000110001000110
11101000010001010
00100001001000001
10111010110100011
00001001111011101
10001010011110110
01001110100011100
10111001010000011
01010110111011011
01011010000100101
00101000000000000
11001101010010110
11010100100011100
01001111100101101
11001110011111110
01001010101111111
00111010011011101
11000111100101101
01100111010110100
00111101110011010
01101110111111001
00101110110010010
01001111111101010
11000110101100101
01001010110000001
10101001001010101
11111111001011100
00100011011100101
10010111010110111
00101001100110100
00010000101110101
00010100000000000
11100111100111111
10010011001101010
11100011000001011
11101100001100100
01100100111010100
10111011100100011
10001000001001010
01011100011010000
11110000111000001
01001000001101111
10111100100011011
01101100010010000
00111100100100001
00010110011010110
00011101111110101
00100001011101110
00100000001111011
11101011011010010
10000111110101101
00011010101000100
00111101110000111
10000001001001011
01001100001010111
10000010011010001
01110101111011011
01101101100010011
00110000111111100
10011111011010011
10000101001000101
11000001111001111
00111110100111101
11000110001101110
00101100010011011
10001010011001001
00111001001111100
11111110100110001
10111010110001110
01111011000101110
01011100101001110
10010001100001011
10001011110000101
10000010010110111
11110000011010010
10101111110101110
10111010111000100
00110000011100100
00100001000011000
10010010000000000
00010101111000000
00010110010000101
01000110000010010
11010011101110101
00101000100010001
01111100001000110
10111110001100000
01110001100111010
00001110100101000
01101010111011000
10111100101101000
00100110101010000
00000110100011001
11101011110100001
01101010000011001
00011000110000100
00001101101110101
00111011100000100
00010100101000011
01000011110001001
01011000101110011
00110110100011011
10111111010000111
01110101100010111
01101010000110010
11011101011000111
11111111000010111
11000001000100000
00010101010110111
10010010001010001
11010101001010010
10111001011011010
01001011000101010
11010111001010101
11100110111000101
10111100101111101
00100111001011110
01111001110001000
00011001010011101
01110100000101000
10110100010000111
10101000001010010
11111000001100100
11100100111010101
01101010111011100
01000100000001100
01011000101101000
01111011100001011
00100100000010001
10010101010101111
01010001010010011
01100010000110011
00100100110010100
10000000001111000
11000110101111110
01011000110101011
01000111010010101
11010010011100110
10100000111110010
11001100000010010
01011001010001011
11010111011001100
11000010111000001
11011100100001111
01011110011010001
10101000111111101
10100001100011001
10010100011010110
00000100010101000
11011011000111101
01100101111011011
10011000111001010
01010101101001010
00001011001001100
10011101011110110
11001100010010001
01110100111110100
01110000000011011
11001011010000001
00100011111010100
00111110011001001
10110001110001111
11101100001011101
11100011001100011
01001001001110110
01011000101010011
00000110000100000
01011100101011001
01001100010100110
00101000111101111
00111010011101101
01010111010011010
10111110001000110
11010101001101110
00100011101011100
11110101011110101
01010101010111010
11001111111111111
00101011111101001
00101101010110011
10111011101010001
10011011110000010
00001001101011111
11110100101011001
11101001101100001
11100010110110110
11010000010111110
01100001000101100
11110110100101001
11010011000110110
01100011111001011
00001111011011001
10000001010111001
00111101101001100
01001001111111010
10010001110000101
01111111110110010
10100001100000001
10010000011010001
10111111000110101
10011111011010100
01011011110000011
11011010011101111
01100000110100011
00000101010110011
01000010000111011
10001010111101100
00011011111110100
00111100110010111
00111110110111111
10100011101111001
01111001010111000
00010000000101110
11110110000111010
00001101001111101
01110100011110010
11000101100011100
10111001000100001
10110001010000001
01111111101011011
10000101100101100
11000111111010001
00000010100010111
11111111101100111
00001110010110000
11111100111010100
10101010010111001
11100000011001100
11110110010100011
01111000001011000
00011111010010010
10111110111111110
01001111010100001
00101100111101000
00011110010111110
00001100110111111
01101001111011011
11111110111101001
00100101110000111
11101011001110101
01011011111101000
00000011011101000
10000001100010000
11111111001101010
01000001000110101
10011101111110010
10001001101100110
11001110001111011
10101110010100001
11000001011001001
00110101001010000
00111010000111001
01111011000010110
11001111010001000
01101011111011111
00001001011111100
01100010101000000
10011011111011000
01101010000011100
00101010110100101
01110000110000100
11101101110111101
11101111111000111
11101001110100000
10111011111001011
10001000010001001
00101010010010101
11110000010011000
00011101010000111
10010010000000011
10100000100100001
10100010110110000
10101110101011101
11010110010110101
01011010110100011
11111101101111101
11110000001111001
11110100001011101
10111011011101110
10111001101111110
11111101011111000
00110010011101100
10011110111011110
01001101100111010
10110011000111001
10100001101101111
00001011100001000
00100001100101101
10100110011111111
00001010011101010
11110101001111000
11111111000000000
11110001100011110
00010011010000111
11010100010110011
10000100000001110
01000100101010011
01110100101001011
11100010001010000
10010110011011100
11110000100011101
00101101000011110
00100001110100101
11101000000000110
10111010111111101
11001001011100011
01010011000110111
10110111011100010
10010100000001011
01011100100000000
01001010101111000
10000101110000000
10101101111111101
10010101100100100
10101101100010001
11100100011111101
00010001000001001
00000111010100101
11100001010011011
11110110111100000
11000100010111011
01000101000001011
11110111100000100
11110111101001010
11010011000000001
10010000100111000
00100010100000100
10101111001101101
01000110001110100
10010100111100011
00101100001000001
10000111000111010
00011000110010101
01100111011111011
00000001010000011
10011001001100000
01111101101001010
00110110101110011
11001001100011000
10011101101000110
10111000001011100
10101111000000010
11110000000000101
01111110001101001
00000101101110111
10101100100010111
10000111111111110
10110000010001110
01000101101111110
01111100000111101
00110110011010110
10101111100011011
01110010100111010
00000001011100010
01000100101011000
00001010000100101
10011000101110111
10000110000001010
01010101000101110
10000010101001010
00000010110010110
00110000101100110
01000101101100101
00010101100110011
10010111110000111
11111010110001000
11111010110011100
11000100110100010
00001010010010101
10000110000011111
01010111001111110
01100000101100010
01100010101111001
00010000000010101
01100011111100001
01101001011110001
01001001010110110
11111100111101000
00001111110110100
10101101100011110
01110101001110011
01000001101001001
10100100101101100
11011011010000110
00011110111101110
00100001010011100
01010000100100111
11000011100100011
11111010100101100
11001001100110011
01011010100011111
01000101111110101
01010000101111111
01101000011110001
00000000011101011
11011010000010011
11011010100110011
10111011100111001
11001010101111110
11010101011101000
00110100100011110
00010001001101111
10000001110011110
10100011101101000
00111111011010110
01100100111011010
11000010100100010
00010001010010000
00110001100100001
01111101011100110
10101110000110111
01101010010010111
10101101010110111
01110011111100001
00111110100100101
01010001111111110
11001110011110100
01011101001010100
11010100000000100
00001000001101111
00101110000111101
00010101010001011
11000000110100110
11000110011011101
10000000110011011
01001011011100001
01001101110000010
01110001110101001
00111111110001001
11101101101010101
10010100000001000
00100010100000010
01011111010010000
11001111111100111
00001010010111110
11001100100111011
01111000011111111
00110110110000000
00010011001001100
11111011000000010
11011011000010111
11100000101111011
11101011101111111
11100011011100010
01111011010010101
00111100101010010
01010100111001010
11011111100111110
00001111100011001
10101010101000100
00010001000001101
10100101100001001
10011111000001111
10111000001101011
11010000000001001
01011011110100110
00100001011010111
11000001101111011
01100111010001010
10000010110000001
01101001111110011
01001100011110000
00011110101110001
00000101100011101
10010111010110001
01110001001000001
10010101011100000
01011011011110101
11111010000001001
01001101001011101
00110100111001011
01000111111101010
00101111100111101
11010110000110010
01001000001011110
00000010000111101
01011001100110011
11111010000111010
01110100111110111
01001101110110010
01010010111000111
10101101000010111
11000000010110000
10001001000110000
00000111000001100
11111000100110111
01001000010010000
10111011011001111
10001110101100011
01010101011111010
11111011011101001
01001001011010010
10010011000011111
01101100000011000
11101100001010001
10001101110111000
01000101001001000
11010011110000010
00110001001101111
11011001010110100
11000010101001011
10001011001100010
01010111011011111
11000001010001001
10001000100011111
00101000110000110
00000101001010000
01100010100100011
11011101011010011
01110101111000100
01110000100110010
00011011000111110
11100011110110101
11010001011001010
01000101010010010
11101001111011011
01101000110000100
11011100010110001
10010110011100111
11000000111011111
01010100101111110
10110010111101001
01110100111101011
01000011110111010
01001011111000110
11010100010001111
10100011000110010
11101111100010011
11111001001000000
00100110111001101
11001110101000011
01001001010101000
11010010000011001
10000111001001010
01110100100001010
00110011010100001
01001110001010100
11000110100011110
00101011100111011
00101010100100001
01101100111010011
01011100010100001
10001001100001011
01001100010000001
00100100101010101
10010010010111000
01110100110011110
01111001101000110
01001000011011001
11100110111010000
11011101000111111
11011101111011011
00001101000010101
10101110011110010
10111111111011001
00010111101010011
01101000011110111
11001110011010100
10010111001001110
01100011111111000
00101001010100011
10011010001111010
11010100111011110
10100001011101011
00000110111101001
10000101010011100
11111011001111011
11001010001000001
10101110101111111
01111110001011111
01101100010100111
10110000001001110
10110110010000010
01000010001110101
11011001000010000
10001000101010111
10101001000000111
10011111000000001
01011000010110111
10101101011001110
01011010100011100
00001111000101011
01111101101011010
11110010110010000
01000111100001101
00101011100011111
00000011111101001
01011111010000111
00011100010100100
00110000000100101
00100111110100100
10001110011111000
11010010111100001
00111001010111010
00000000110001010
00101001101111000
00100011001110010
00000011110110011
10101010001001010
00011111011001101
00110110111011011
10100110101100010
10100000101100000
01111010010001001
00001000110100001
00110000011100111
10100000011110001
10001001000111011
10110000110111001
01000011110111001
11001101111101010
00111011110100101
11111010100001011
10100010100001011
00001100111111001
10111100100000110
10110100010100101
01101111100110100
00100010111010000
00011101011011111
11100011011111011
10000000000001111
01001100001100111
10111111111001011
00011010110101100
10111100011101111
00100111100010101
10001000101010110
11101110100000101
11111100111100010
00100010100011010
00001011001100001
01100101011110001
10010010110010100
11101100001000101
10100001010011110
10000011010010100
11110001011101101
00101110010001010
01110000001011000
11001101001001101
10000010001000010
00001000010001101
11100000011001100
01001001100110001
01110000100100000
00001010011000101
11011100001101110
00101010000100101
11101101101001101
01011011100000010
00011101110001110
00110010010011110
10111111000011110
11101000010110110
01100001010100100
11101111010001001
00000001000101000
11101110111111011
01110100001101111
01011011001100100
01100110100110101
10111011111111001
11101011101111111
01010001000010111
11101011101010001
10000101100010100
00000111110111111
10011001101001010
01100000101000111
11001010100111110
00110011001101010
00110101100010001
00000010101100111
11001111111101110
10100010110100011
00011101010101011
10001001000010011
01100010111000110
11111010010111000
11011111100110011
11111111100110000
01101011010111011
10010101110110011
00010011000110110
00001100100101100
00010000111011000
10101010111001011
01010110100110000
10110010101001000
10100001110100111
10100010001110101
11010011010011000
11101101111011011
11111000011111110
10101001100101101
00111010101110000
00110010000011000
11100101110110000
01101001110101101
01010100010000101
10000010111100001
10111100011001100
00101001001101110
00010010101111001
11101101101011001
11001000011110100
01110011101111001
11001000001111110
10111001100010100
10010000011011001
10010111110011101
11000110111111110
00000001110110110
00101011000011100
11000011010111010
11110010011000010
00101010110011001
11001111010111110
10000001101100110
10011011111110110
11110011110001011
00001100100001100
11001001011100011
01000111111001110
10001100101110000
01101011000111101
11110100001100101
00111111111001011
10101011111110000
11000100010001111
00100110011111000
10100100010111000
01111101011010001
11111010001000101
10110010011111010
00101100110111000
10101011010110001
10101001010100101
11010101011001100
11101010001001110
11111000101001101
00110000110000100
11110111000100110
00011110011000011
00111101011100010
11000011110011010
11011000101101001
11100011110110011
10011110100000011
01110011101010000
01011100010001101
10000010011111011
11111011000010000
11010111111110100
10100111001000110
10010001111001101
01101000101001110
00100100001001101
00010010100000110
00100001100111100
01011011001010100
00101111110001001
10101011101100111
11011111101011100
10111000111011000
00000011000010010
10101001100111110
10110011000000011
01011010011101011
10001001100111111
10011000110100000
01100011010010100
10010101111001001
11000000011101100
01111011111000010
11000111110111011
11110101011101101
00000010100000011
11010011000100001
11110001100110011
10111110010100001
10001101010110101
00110011101111100
11000000111010001
01010110110100011
01000101100111100
01011101101111110
01111000100101000
00001100110111101
10001101101100100
00010110000111111
10001001101000001
11100001110000111
01011101111110101
10110001010100101
10101101010101011
11101101110011000
10110011110000100
00100011011101101
00001110000010110
11010111110011001
00110110101110000
11100010011011100
01110000110000011
01010110110100010
00010011100111111
01010011101111001
10000000000001010
00011001111101110
10111100111110110
10101011110111011
00000010110110001
01001110111010001
10110000101000001
11000000111100010
01111010001000101
11011100100001011
00111001101111010
10110110010010011
00001011010110111
00110111001110011
10001101010111010
01110110110100100
01101011111001001
10000010010110101
11111010101101111
11001001010000000
11000001000111111
01100100101001110
10110001100010100
00010000001000011
11010111001001101
10001011110011101
10101000001110110
10100110111101111
11111001010101111
10011010001010000
11000001110110001
10101111000010111
01110100001010001
10100110101001010
01001011010000111
11011011100001001
01110110001001001
11001100101010010
10011000100110101
01010011001101101
11010110010100111
01101111110010101
00000101101011110
01001101010110110
10110111011011000
10000010000100011
10111010100001100
00011010110000010
10100011101111000
11010010010010010
00000010001011101
00001100101001000
01100110101011100
00011011101100111
10000011000111101
00011010101001000
01111111001011000
00100000000101100
11110000000010110
10011110011100111
01001010110000001
10001100010011001
10101001000101001
00010000001101110
00111001110110000
00001000011101010
11110101111010100
01111101101001110
01001000010111001
11011001001010100
01110001101010110
00110110100111101
10111010101011111
11101011101011110
01001000011110100
01111001011010111
10101011010110000
11000111101001011
00011110110010001
11011100001011101
11111011001100010
11111000111111110
01100010011001110
01100110101100011
00011010111010110
10010011001110000
01111101111100101
01011000011011100
10100100011100100
01111101100011111
01101100000100001
01011111010110111
11111111110000111
01011111011100011
01110011010100010
01101101000111111
10100101110001100
11001010101001110
01011010100000001
10101010100010110
10110011100001011
10010001110111111
10011101110001100
01001010010110110
11011100110010111
00110100101111010
10111100111111100
00000111011111001
11110001001100011
11001100100000111
10110111000110100
10011000001000001
11011110111111110
10010001011001110
10100010011110001
00110110100111010
11101111010100111
01111110001101110
10110000100011001
10100110111111111
01010110010011011
01101011010100110
11110110011101010
00001000101000000
10010100010110010
01001100111111111
00010010001011110
01010101100100010
11111000000110111
10111101110110011
10011110011100001
11100001001010101
01010001001100001
11110100101100111
01110100101111111
01000011001010010
01000100100111110
11011000011001101
11101010111000000
10011110000110111
00100101001011010
10010101111100101
00110000000001110
10101001010000100
00001001011011100
00000101000100001
11100111010001001
10010010101101111
11100011011100011
11000011011010011
11001101000110001
11011000100101101
01000011101011100
01110010011100000
01011000000100100
01111010110100010
11101110011101101
10100000101111111
00000101100111001
10001010111111000
00010010010010010
00001110011010010
01101110100001101
01000101110010011
10110001111111011
11011010001100011
00010001010000001
10010110011110100
01001010110010011
00000011011001001
00000000101110100
11110100110000111
11100110001001000
00010111000110110
11010000111110100
01000001001101111
11101011011110101
01101111010000110
11011101011100011
10010000111011011
11101111001011010
10101111011001111
10001000110111000
11001100100100111
01111000111100110
11010100010100110
01010111000011100
11011101100011000
11011011100011000
10011101001011001
01101111101100110
00111000110110100
10001100011001001
10111101000111001
10000111001000010
11110000101010110
00001001010001001
11100011001101101
10111011111101001
00110101100101101
00000110011110111
11000011100011011
11010100111110100
11001000011001011
11001000010111111
00110010000101010
00001010011000011
11000010000100010
10101000100001110
01111100101110100
10001000011001000
00110001000011011
10010100010011001
00001110001111110
11101011010110101
01011101111001010
10111101010000001
11010011000101010
01111010000010010
10011001010000110
01011100011000110
11011100100000100
01001001111101001
10100010111010011
10101101011010110
10100101001110110
00110010110011011
01110110111111011
11010000101111010
11111000000101000
01100010010101100
11110001011110000
10100101100011010
00110010000001011
00101010011101100
01000010001110010
10011101100000101
10111010100010101
01010110001101000
11100100111010110
10000000101011001
10011111100111000
00110000010000110
00011001110011101
01110111001001100
01101111001001111
01011010000000001
11110101010010111
00000000110101100
10000001101011101
00001110101010000
10010111010111000
01010000100011100
00000101000111100
11000001100101001
11100011000100110
00001000000010000
10000011000000100
11011110100101001
00000111011100111
00110110101111100
00010001011101100
00011001110111001
01011001101101110
11100111001010100
10011111000101111
11101101100001010
01101010111000001
00000000011000111
11011010111111000
01110111001000100
11101100000011100
00111010101100100
10011111101010010
11100001000000001
00001001111011000
01111110001011011
10010001011110111
10010001000111111
10111110000010100
01011011001010110
00101101011011100
00110011101101000
11100001010011010
11110101110011001
00011000100000111
10110011001110111
11101011101100011
10000001000000111
00110000111011101
01000010101110010
10011110001101110
10110000100111111
00010101010101001
11011110011100000
00001011010111000
01010001101100010
11111101000100110
11010111100110100
11100100011110011
11000100001010011
00010111100001010
10001000101011000
00001101010001011
11010010001001111
10001110100010100
11111010110110000
11001101011010101
10011001111110011
10000001111111111
00010111001111010
01000011001101001
10001110101011001
10100010000101101
01000010010110001
11001001001110100
00111100011111110
00011110111001111
00111110000011010
01010000011111110
11111101101110011
10010011011010111
10001100110100010
01111010001000000
10111101101111000
00010010100000110
10010111000100001
01000111100111000
10100000001000110
00001110100100111
00100101001101010
11010011110000111
00111111110001100
10011110100101000
11010011111001111
00110011110100100
10111010111010010
11001000111101101
00000011111100000
01111101110100011
00111010100100111
10111111101110100
01100111000111100
11011011100001001
11101001110010110
11000010010111100
10101010100010101
11001001000111011
01100111011000100
10101000100100111
11011110101110110
00010001100000010
10000110100110111
00110010001010001
01101111110001010
10000101001100010
01101100101110111
00100111011101010
10010011000001111
11000011100011101
00011110100011110
11111100101011000
10010011010001011
01110110011011101
11010001000100110
01100111111011011
10010011011010001
01101001000110000
10110110011011101
10010011101100010
10111110000010011
00100000011010010
11110110000011010
00111100011010100
01000010100101011
00010111000011101
00101000101111010
01010110000011111
10011011101011001
11100011110100101
00100000011111100
00101010111000010
10101000101101001
10101111000110101
10101110010010100
01110100101110000
11110110011110011
11001110100000111
11101011001111110
01110110001000000
10111011010111000
11100011111100111
10010001111110101
01110000110110101
01011010011010111
01110000011011011
01010010011011101
10100101000000110
10000000111000100
01001011010000001
11010110001010101
00111110111011101
01111111100000010
00010000101111011
11101100001101001
10100110000101101
00100111010100111
10000000100000100
01010011000000011
00101100100100101
00100010111010011
01000011000101000
01000100011100101
01000100100000110
00110010110110010
01100000110001101
00001100101111001
10110001001010101
11101101111111110
00011010001011010
01010010011100111
10111101001011100
00100100100011111
01110111110000100
01101000001000011
00111111100111110
00000110100000101
10000101100010000
11110001100110100
11100110111111100
11000110010110100
00100101101110110
10110001100110101
01101100110001010
11110111100011101
11011111100110011
10011100101101000
00101100101000111
00000001000111000
01101011000001011
01001000110000010
11110000010100010
01011001010010110
11000011010010110
00101100100001000
10100100000101001
00011100010000111
01011010111010110
10010001110111001
01010001110000010
10011111001000001
11111011101001011
01001000110001100
00110011101010011
01111101100001101
00011011011011100
10010001110001010
00101001011101011
00110001110101001
00110010010001110
10001010000011101
10111001101110010
01110101111100111
10111110000011100
01010010000001101
10110100101101100
00100100110101100
10011111110000001
11111110100011100
10101100111110001
01010110001110101
00011000000100100
11111010110010110
10001101100101001
11001110100101011
01011110011010011
01000110111100000
11010011111101010
10000010011111001
01110001000111000
01111110000101001
11100011011010011
01011101010100001
01110000101001011
11100011110000001
11000001011011001
01100011110111000
11101000001110111
00011110100100010
01111011111011111
01100010010010011
01110111010100010
00110110011101110
01111110100111000
11111110110001101
00001100110100010
00101100100000111
11011011100111101
00100101011011000
11101010110100110
01001001100111110
00111011110001001
10110000011101001
00000010110001001
01001100111111000
01101110000110010
10110100011111100
10010010000010111
01010001100101110
10101111010001001
11000000101000010
11101011110110100
01010111101001010
11000000000110100
11011100000001110
10011100001110000
10100010110010110
10011011111111011
01110000110000001
00010100101101100
10110101100000010
00110001000101100
10010101011010111
11111110100001011
00101111110000011
01011010110000111
01100101101010010
00000101110110100
10111001001110101
01100100100110110
11111010011110010
10010100011010011
01011101101000110
01010110110101001
00000100100011101
01111010011110101
00001000000011010
11000001111000110
00101001110111000
01011001100010010
00111011110101110
00100000101100101
11011011010110010
01110101110100111
10010011110101100
11010010011110111
01101001010111111
10001010101110001
01011101000110001
10101101011111001
01011000111110110
01100010110100100
01011111101000001
11110111100111101
00010001111111110
01100100111100100
01101011011111001
11000011100010011
01100110111100010
10101011100010010
10100011101100101
11111101111011110
01010010111000010
01111010101010111
10001110010010001
10010010110100101
11110001000111000
10100011000000011
01001100111111110
10001100001100001
10100101001000111
10001110101110000
01101001010111001
11000110010110001
00100001110000101
01011011100000000
10001110001101011
10011110011010110
10111011100000001
10101010011001011
11110100101000010
10101111000111111
11100000011000011
10100010111001011
00110100101110001
10010011000101001
01110011001010100
00110011001001100
10101001100100111
11101110100110011
01010110000010111
10111001000011110
01010011000001110
10001010101011100
00011110001000100
00101001011111000
10101110001100110
01110111000110010
11101000101100001
01110110100101100
00101100111011011
11010001001110111
00010010011000011
11010110100110111
10101101111111110
01101010000111010
10101101001001000
00000000011100101
11001010101101000
11111011000010000
01110111110011101
00101011000001011
11101000100001101
00101001000111001
10010100100001101
11110111011110101
11110001011110111
00010110110101111
10001101111101110
10100010111011111
11000001000000000
11111011010011000
10000000100111000
01110000010100110
10010100101011010
00111111110101010
01010110010111010
11010111011100110
01000001001010110
01100001111011010
01111100011011000
10000100101111001
11011011010001100
00100111110110000
01001111000111101
Time = 2.583s
