n = 8, k = 3, l = 4, m = 213
Expect Resample Times = 0.367899
Result:
00100111
11100110
11010101
10011111
11110111
11111010
01101111
10110001
11011110
11100100
00010111
10011111
11001111
01011010
11101100
10101111
01011100
10000111
01011110
10010110
11001101
10011111
11101111
01011100
11100011
01110010
10110111
01011110
11111111
11010101
11100110
11010101
10110110
11111011
10111000
10011110
11010011
01001011
01101011
11000111
10111100
11110110
11001001
11101000
10000111
00011101
01110011
10010011
11000011
11110110
10110011
11101110
01100111
10111010
00111001
01101110
10110100
01110011
10010110
00110111
10010110
01011011
01100110
11101110
10011001
10111111
01001111
00110110
01111011
11010001
10010110
11111110
11101000
11101000
01000111
11111010
01010110
10111000
11111000
00111110
10111100
11010101
10010011
11001001
11010001
01001101
11001011
10111100
11111001
10111100
01111000
00101101
10100011
10011100
01110111
11010001
11011101
01101001
10011100
01111111
10011001
11100001
01111011
01011110
01110100
10010011
11100110
00111110
10001101
11001110
10111011
00111001
01101001
10000111
01110010
11101010
11011000
10111010
01111001
10011100
01011111
00111101
10011101
01100111
10110010
11010100
11011111
11011011
11010010
11100001
01111110
01111011
11101011
10001011
10111111
10111110
11001101
11111101
00101101
01011011
01101110
00111110
10110100
00111110
01111101
11101000
00010111
00011011
11100111
00011111
01101111
10011011
10110111
10111001
10011110
10111010
11011010
01011011
10011011
11100001
10111010
11011101
10011001
01000111
11111000
11101100
01011101
01001101
11101010
00111111
01110101
10110100
11111100
00101011
11010111
11111111
10011010
01101110
11110000
00111011
01011111
10111111
11011001
00111010
10100111
11101101
11010010
11110110
11110011
11111101
10111100
11111110
01100101
10111011
11001001
10101010
10110010
11111100
01101001
00110101
10010111
01101101
11011110
10010011
11101011
00101011
10110110
10111111
00101110
01110100
11101100
00111100
10010110
Time = 0.002s
