n = 16, k = 6, l = 3, m = 1595
Expect Resample Times = 0.368027
Result:
1111101110010001
1011001000100101
1001101111010011
1111001010100110
0010101110011000
0010010101111101
1010111000010110
1000011011111100
1101101010111010
1011010101000101
0101000100000001
1111001011110111
1111101011001011
1001001101111001
0100000000010100
1000100011010000
1101101000101000
0001000010101001
1001100001010110
0110101100110001
0111111010101111
1010100100100110
1001110110010000
1100001110011100
1101000110011010
1100011111000011
0000110101001001
1110011001100010
0011101011100010
1111101010011111
0010010001110111
0100110111001100
1001111010100100
0010100001100100
0110100000111000
1001001010111100
1001101010011111
0010111000000001
1011100010110001
0001111101100101
0100000001100000
0101111000010001
0010010000000011
0011000000111011
1001001100100001
0010000100101101
1101100010101010
0100101100011001
1010011000000111
1001111101010111
1001011010101100
1101000100011001
0001000010101000
1000110110010110
0010010000101101
0110101011111011
0011001111100010
1111110000111111
1110100110100100
1100101011011011
0101111100001100
1111011000011110
1000000000101010
1101010110100010
1100001101101001
0110001001011110
1101011110001010
1101011000111100
0010001010010100
1100001110101111
1110000110010100
0011111100110000
0000100011011111
1000001100000110
0101011110010101
0010000111001010
0010101000011011
1001111100110000
1111110100001101
1000101101011000
0101011011111100
0001010000111010
0000010010011011
1011101100011001
0111111101101010
1100011100111000
0111011011100101
0010111001011010
0011010100101110
0000011111111010
0001101101101101
1100110010100111
0100000000010111
1001011010011011
0110011101100001
0110000011110111
0011011100101011
1101001010011111
0100101001000110
1001010101110010
1010011111101111
1001101000011101
0101011000100111
0111100100111011
1010010111010100
1001011011011010
1000000010011010
0011000111111111
1101110000011011
1000101010101101
1101101101100110
1000101110010001
1110011100010001
0110000110100101
0011000001101001
1001011000110001
1100100111101101
0110100100011000
0101111000111010
1001010010110010
0001110110100110
1011101001010010
1001100100110000
0101111001001010
1010110110001101
1010110100100000
1010001110000110
1111010011010010
0000111000001010
1101010010110001
1101000010000010
1100010010010101
1100001010111000
1001010011101100
0101011110010001
0011000101110101
0010001011110111
1011101100010110
0010101111101010
1001001110111011
0111010100111111
0101001000100101
1011010111111010
0100000101000100
1101001011001100
0111100100001001
1010001111101110
1110010010100010
0011100110001000
1111010000011111
0000111000000110
1000110100110111
0110000101001101
0111001010010010
1100100001011001
1111100101000101
1011010110000100
1111011001111001
1000111100100111
0001110011110000
0010111001110110
0110000101100000
1001100011011110
0100010101110100
1010001111011010
0100110000100010
0101010001101001
0010110100111001
0101111100001101
1000000110100100
1111010001010111
1011010001010001
1110110100100111
0010101001000010
0011011110111011
0110100110111110
0000111110010011
1011000110100010
1011101001110010
1101111010011110
1001111000110001
1110011010011001
1110000101001101
0111001011011100
1111110011110101
1010011000000010
1000011111100101
1010000000011000
1011111100011110
1001100001100110
0101000100001100
0011101010110010
1001111011010010
1010111101100001
1111110011011000
1100010101001111
0001101001001011
1110101110101100
0010010111010011
1000000011100100
1000010011010000
0001000101000100
0101100111101110
0100111101000101
0100000000001001
1001110000101111
0100011010001101
1011101011000110
1001011011111011
1101111000001010
1011110110001110
1000100001110110
1011011000100011
1101011011111000
0110010010101111
0110001110110101
0000000001000011
0111100001001100
1001100001110000
0001111001000101
1101010110101100
1001101111000110
1010000000110010
0000100011100100
0010111111011101
0000110111111001
1010100111110100
0110100100111000
0010100010000101
0100010010010101
1010111110001011
1010110110001111
0001110000001010
1101101110011101
0101110110010110
0101100011000110
1101110010001001
0000111011101100
1001101000111100
0110011001110000
1000001000011110
0011110011111100
0111111110111001
0100100011101110
1011101010000111
1011011101011011
1110101100001010
1011101100111111
0011100000101010
1010000011010101
1101110001011111
0101010011001000
1001111111100010
0111111011110111
1110001100111001
1010011001000010
1011110001010111
0101111001000100
1101011101110001
1111100010000010
0101001101100001
0110000100100010
0000101001000011
1010101110111011
1101011100000100
0101111100011111
1001101001001100
0010101001110101
1010100001110111
0111111000110010
0001110011001010
1100100000001000
1000101001000000
1000101011100000
0010011011010110
1011111001110100
0001010100100110
0101000110011111
1001110100110010
1000001011000101
1001111100010100
1111011001101111
1111000011101000
1101000010010111
0000001011010110
1001110001101001
0100000011011001
0011110010110010
1111011010100100
1011011100001010
1011110110101110
0100011100010101
0011100110010011
1101001111110001
0101001111101011
0101111110000000
1111101000001001
0011101101001110
1100101011000110
1001101101000111
1110110001010001
0000011010110101
0001101011101110
1101000101100100
0100101101101010
0100101111000111
1000101011101001
0010010110011011
1011011111010101
0001110001100011
1011000000110010
0110010000000010
1111100100111101
0011110101010100
0001011001000010
1011010010001101
0000111000101110
1011101100110100
0101010110111101
1110100000100000
0111000110111101
0010000010101111
1000100001110011
0011110100010101
1100000001111011
0111010011110011
1100011110101010
1000000001111000
0011000010101100
0000000100101101
1000010111010111
0111110010010001
1001011111010100
1110100010010111
0000101110010001
1111010110110110
1010110001000100
0111101000110111
0110011101001001
1011110110000001
0010000011100101
1100010111110010
1010110000011100
0001000010001100
0100101110010001
1001111111101111
0100110111000110
0011001100010101
1101100010100000
0101000000110001
0111000101001111
0111011100001001
0001100100011011
0010001000000001
1100111110000001
1110001010111001
1000011110001111
0101111111111010
0000001111000001
1011110101110111
0110001101011001
0111001001011100
1010111100011010
0110000001111111
1100101000000011
0000111100000111
0010110010110010
0110000001011110
1100000010010111
0111010110110111
1101001100000001
0110100000010101
1001101100001101
0110110101101011
1111101010000001
0011111110001111
1010010001010000
1010010111010011
0000110001010000
1101000011001000
1110111101100110
0100100000010100
1011011001010000
0110111110110011
1100000000011011
0110000001101111
1110101011011000
1001000000010010
0000000110001000
1010110000001101
1010011010000110
0011101111101101
0101101001101011
1000000010111010
0110100110100111
1001110011101110
0111011010001000
0110111110001000
1010011110010100
0011111011110010
0011001001110100
0011011010101110
0000011101011101
0001100100010100
0111000001110110
1011100000000101
1110100011010101
0110000100110000
0010101000101101
1110011111111011
1001000011101011
0010110010101010
0100110100111001
1110101001111001
0111110110011010
1100101010110010
1110000100011100
0111101101010111
1011011111011010
1010101001110110
1011000101000000
0110100101010100
0110010101111001
0100100010111001
0110010010100010
1011111001110011
0010001111101101
1111101100001001
1001100110101100
0000110000001000
1000100110000000
0010111000100000
0000001100111011
1000000011011111
0110010110110101
1101110010010111
0111111010010001
1100000101001010
1001000101111001
1000100011101100
0000011000010011
1011000010101001
1110000111000111
1110111111111100
1100000011101110
1100100001000110
1101100010100100
1110101101111111
0111010100000010
1010100010100000
0110110001001111
1010110010111111
0101001011011010
0010010000101011
0110101010010000
1000111110011010
1110001111000111
0011000001101110
0000001111001000
0001001010010011
0000010100001111
1010011000111110
0011100011111011
0010000110111001
0111101111100010
0100111001110010
0010011000010100
0001100001011000
1110010110001101
0010100100000110
1000001111110010
1111000110100111
0100111010001101
1001011001001110
1100100011111110
0110100010111111
1011000010011001
0011001001111110
1111011001100000
0100110000100001
1001101001100000
1100110110101010
1000110010111110
0100110010011101
0110001011101010
1010101010000101
0000010100000111
0001000100010000
0100011101010101
1000010110001101
0010000100100001
0100101010011111
1101011110011010
1111000101001001
0010001101000110
0110000111000101
0110111101011011
1010010001001010
0111111110101011
1111100101010111
1000111000110011
0101000000011010
1001001110101011
0101001011001110
0111110111110100
0001000100110000
0001111111001111
0100100110000111
0101001101101011
1100110101001001
0100100001011000
0110001010010101
1010011111001111
1101001110010111
0110011010110110
1010111010011110
1111100010100000
0011011011110111
0111101101110100
0100000110110001
1011111010011001
0001100011111011
0001101000100100
1111001011101110
0001000001101111
1110100101001110
0111011100000110
0111101111101110
1100010111000100
0000001010000011
0011000000001111
1101001110010011
1001111100100100
0000000011111001
0001010101100011
1101111010001001
1101100111101110
1110001111011000
0000101111110001
1111010111010101
1000010010000011
1101010101110001
1010110010100011
1101001100011011
1000001001111011
1110010000100000
0001100001110111
0100101111110000
1011101101011110
1000111001010111
0000000010110001
0000001010000001
1001110010010110
0011100000011110
0110110100110011
0111000000100101
0000001001111011
1110011101110010
0000010111100011
1001000000110111
1000011010111000
0111011001101111
0010111010110001
1100000010101101
0010100001111111
0110111010011111
0011110110000010
1100111111111011
0100101000010011
1011101111001101
0111100101100100
0111110101110101
1011101011100100
0001100011011011
1110101011110100
1100001000101111
0101101010011100
1011001010111100
0000001000010111
1101000101001010
1011001011110101
0101110010111111
0011011100011110
0100000010111011
1010010010011000
1100011001011011
0111010000010101
0001011000010000
1110111011010010
0001111011000011
0111010010100010
1010000100011111
0010101101001001
1000010111100100
1010001100001101
1111001111010101
1111000100001111
1111011000010110
1111010010010100
0001100011110000
1111101000000111
1101001111000011
0110110011101001
0000011001010100
1110001010111011
0001100011110101
0101010011011010
1000001010111101
0110111110110000
1100110001101110
0110100101010101
0000011010101000
1110001011000000
0110011101000100
0110110100000101
1111001011011110
1101100101100101
0011000010001011
1110001000000010
0011001001010110
0000111011110000
1011111100001011
0000111001000011
0010000001101001
0001100010011011
1000000000000110
1010011011010010
0001011101010111
1101010001100011
0001100111111100
1010101101101100
0001000101011011
1100011101101111
1010010100111111
0000101010010100
1001110010101010
1010100101000011
0100110010101101
1010101100110000
1001000111001110
1011101101001011
1100110001011110
1101111010011011
1101001000010111
0010010001101000
1001011101000000
1010100010111110
0100110000011000
1101111010010010
0110111000110101
1101001000111011
0000010010011100
0110111011000010
0001011100001001
0011000111010111
1110110010011010
1100110100111101
0000101100100100
0000000010010011
1000011011110011
0101010010000110
1010101010000001
1001011111010001
1011000001100100
0001000100011101
1110000110011011
0011101100001000
0111011001000001
1110110010010111
1001110100000110
1110111100000000
0001100111011011
1001010010001110
0111001101100000
1100101001011010
0100011110101100
1000001100101100
1101110111000110
1010110111100110
0110111000000110
0000011110000111
1010000010001001
1111110111101000
1001001110011111
1100000111110010
1111110101110001
0000111110111101
1100110001110010
1101000101001001
1101101001111001
0001101111101111
1101001011111110
0111110110101110
1100010011010110
1100101010011001
0110010101011010
0101110100110001
0110001111100111
0101110010101110
1100011001101100
1110101000011111
1011011010111111
0110001100011101
0011001111001110
0000011111000000
1100011100111101
1100111001001101
0110110000001011
1000001011001111
1111000011111001
1001001111100110
1000111100010100
1101100100110001
1101001111100011
0001000011111001
0010010000100111
0100100011000110
1010000111000011
1001001101111010
1001001101000001
0101100010111110
0000111010000110
1001111101101101
0011101001110000
0001101011000101
1101101101001101
0111010111011011
0010001010011010
0001000110111100
1100111110110110
0011001001011001
1001100101100100
1111110110010010
1011111010001111
0000101101101000
1000101001011000
1101100000010110
1110110001110111
0010110100010010
1010100111001001
1001010100101111
1110101001011111
0101111001010010
1111000011110101
0001010101101010
1110111110010000
0011100010101010
0001001100011011
0010001001111100
1101101000100010
1000011010010000
1101111010010001
1001100011101100
1100011110011010
0101110110000100
0001100000110111
1010100001010000
1110100100111011
0110000110110100
0010111010101100
1010011000110011
1011010011000010
0000011111011010
1110010110110110
1100010101110111
0110100001110011
0100011111110001
1101010110111110
1111101111101111
0101110001101001
0100101000111000
1100011011101011
0011000101001111
1100100000111001
1000010011001001
0110110111011011
0100000011010010
0110010111011111
0111100010011001
0011100001100010
1100010101011100
0000111110110111
1001110011111101
1000010001000000
0010111110010100
1000111011011111
0000100101100000
1000001011010000
1000110111100000
0111010001001101
1000010111110111
1111001011000001
0011001000110000
0010011110101000
1111110110100000
1100100110100001
1000100110011101
1100001000101110
0011101010001011
0011110011111111
0100111010011010
0100101001101100
1110010110111000
1010011000000001
0001000011110111
1110011010000110
1110000111001001
1111010011000100
1111010011000010
0010011101010001
1000111100100011
0001010111111101
1100000001100000
0000111111001011
1100011100111010
1011101010100001
1000110101101000
0111111101010010
0001110000010001
1011001010110011
0011010111101011
1011010100101101
1111010111100001
0100011011100100
1101000111001001
0111110111111110
1001011100100100
0001011110010010
0000110001000011
1110010010010010
0110011000101101
0110011011000110
1101111001000111
1100001110010001
1011000010001011
1011000001011000
0000111011101101
0000101011010111
0010011000001000
1000010110011111
0100010011101000
0010101000110001
0101100011110000
1000011111010011
1100101101101010
1010010001100010
1011010010000010
1011100001000100
0100011110101110
1100100100000010
1000100011010001
1111110011000100
0100101000000100
0111100100110111
0000110100011000
0010011101111101
0011001101111110
0000100101010011
1100000010111110
1011110010001011
1011111011010000
0000010001111000
1111100101000111
0010011001110101
0010111100001110
0100110001000011
0111000111101110
1111100110001110
1000110110101010
0111010001000101
0101111101110111
0011110111111001
0101100110000001
1110110111101011
1000100001001010
0000000001001011
0100111100100010
0010001010111001
1100001101001100
1111100001001101
1111000111100101
1001111011101111
1011111010000111
1001111000010001
1000110010010110
0010001001000001
1010011011011010
0110101111111100
0000101010111010
1100100101101010
1100010011101110
1001100010001110
0110000111111001
0101000000001001
1111010111001111
0111101001111101
0011011111011100
0001010111000000
1101010110100010
1000111010101001
1011010000111001
1010111101100100
1011101110101101
1101000101010011
1010101001011001
0000101000011110
1011001100111100
1100100111111000
0111001111110111
0111001011100100
1011001101010000
1100111000101010
1010011010000111
0001100100011111
1011101000001011
0001011000111110
0010010110000001
0110100010111110
0001101011001010
1001010010111100
0010011110101100
1101000000101011
0000000110010000
0110000101010000
0100010110011001
1110101001011010
1010010010110000
1111000101001110
1001010001110000
1001000101001000
1010110100010001
1010010111101001
1111110000011001
1100111110010110
1100110001110001
1010100011111010
0111011111110000
1111000111001111
1111101111101001
1110000010110000
1000111000110011
0001000001000011
0000011011101010
1000011110110000
0011001101110010
0001101100110001
0010111001011100
1100100111111000
0110110000111111
1111111110110111
1000110110111100
1001000010000000
1000101101111101
1111001101001101
1001001100101010
1001111110101010
1010101011101111
0111000100110110
0111100011000100
1000111110100010
1011010111101100
0001001100100001
0101001001000000
0110101000100010
0110011001100000
0110101001100010
1110010000000001
0001110101001110
1011110000101111
1100111001110000
1101101110011111
0001000101000010
1011100110100111
0110101001011111
1001001000111100
0111011000001100
0101100100001100
1101101001011001
0111111100001101
1010001101000111
1001000011101101
0101010010011101
0000001011110101
1001100101111000
0100000110100001
0011111011110110
0110001101100011
0101011110011111
1000000011101001
1110101111001100
1000110011110001
0100011111101111
0001111111110100
0111101111010101
0010100000001111
1000101010111000
1101111010101110
0110110010100011
0000001001101011
1001010110110000
0010010000101001
0001100110110010
0010010111010011
1100100010100010
0001101010001100
1100010101101100
0010110000101100
0000111101011111
1110111111011001
1010001001001100
0111010011011001
0011100010001000
1111011001101110
1111100110101101
0001001001000100
0101000101101011
0001011110111111
1100000010000100
1011101111101101
0110010101101001
1000011010110000
0101011011010111
1110000111010101
0010011001110100
0110100101001000
1100110111110011
0111111000011010
1100111011100101
1001010111110000
1101110100100110
1100010000010000
1000001000011000
0000010001011110
0100101011111100
0110000011100100
1110010100000000
1001010111001000
1001101011111101
1001101111101011
0110111111110110
0011000001001001
1101010100010000
1110100010001001
1111000000100010
1000110110000111
1000110010011101
0001001111110111
1011101000100010
1110011111011010
0111101110101101
0100111100100000
1110100010001100
0110110100101100
1110011101101111
0000010101000011
0111000100101011
0010111111100100
1001100100011001
0101100011011111
1110100001100111
1100001010100010
1100101000111001
0001000010100110
1100110100110100
0011010100100110
0100001010110011
1100101100001001
0110010010000111
1100010001000001
0111110010101010
0000000010011001
1011111110001100
0111000001010010
1011011110011011
0101110101100101
0111001110011111
1110110101011100
1011110011111010
1111011001100011
0101110101101101
0101111100010001
1111001100100110
0010111000111111
0101001010110011
1010111010011010
0000000011101000
0010111110100111
0111100110100101
0101011000111101
1001100101010011
1011100101111010
0100111010001010
0100110010110111
0101100100000000
1000001100000001
1001000010001100
1011011011111101
0010111101010101
1101010100111001
1101100111110111
1111010011110110
1001111000111110
0101111001001101
0000111001100110
1011010101100100
1100110100001000
0100100011111000
0101001000000100
1010100010110001
1101010000011001
0010011010010011
0101011110101011
1010010011000001
1110101101100111
0100010101010000
0001000110111100
0110100011111111
1110000001001111
0111110001101001
0101110011010111
0111110001010101
1000011001010100
0000110001010101
1100111101000001
0100000010100101
1110000001101000
1110111101010011
0110010100011000
1100000111111100
0101011110101000
0110001100111100
0010100011111011
0101101100010011
1001110101110011
1001000101110110
1100110000001101
0001000110001010
1010100101110111
0101101010101111
0010001111101111
1101010000011100
0000000111001101
1011101101000100
1001010001000001
0010000011000001
1101111100111011
1000110000010100
1101111100110011
0110111100101101
0001000000011100
0010001010111001
0010100111001010
1011000011010000
0110101010001010
1000110000011111
1101111000011000
1011110001110010
0011000100100111
0100100000101100
0101101101010010
1110100010100011
1010111100010110
0101001011111100
1100100111110111
1101111111001110
1101011001000001
0011111001011110
0110110100110011
0100000100111111
1000010011000110
1100011011011111
1000011011101000
1000001111001000
0100001010111001
1011001101010101
0100111001111001
0110000011000110
0101111001110011
0011110101001110
0110011110001100
1000010100011111
1110010011000011
0010001101000111
0110000100110100
0010001100010001
0000000100000110
1111101100101010
1101101000001011
0110000110010101
1000101110111111
1100100110100110
0101000100111001
0000011110101101
1011101011010101
1110111010000010
0011100100100001
0100001011101100
1110001010001001
0111110000111111
1001110111011110
1100000100101100
0110011111100010
0100000111111100
1111110110111011
1011111011100000
0011001110011010
1101001101110010
1010010111000000
0000000010110100
0100111010011001
1010000101101000
1010100001111100
1101101100010000
0010001001111011
0110110001110111
0000101111001000
0010111111011001
0011100001101011
1000100101011011
0110100101001110
1111001110000110
1011100011101101
0001001110110100
0101000110010000
1110010001011111
0111000111010011
0010001010001111
0010110111110010
0100100110100011
0000110101011001
0101001000111101
1110000110000010
1001111000111101
1110001000011001
1011100010011111
0011000110100101
1111000000110000
0000100001011011
1110111101110110
1011010001100110
1101111010100100
0101100111101101
1010110000110011
1110000110100011
1111101010001110
1010111101011001
0000111000010000
1011100011111101
1100100001100111
1101010110111000
1110110101110010
0101100011000110
1110011001011111
1011010001101011
1101011000000100
0101111100000001
1101100000000111
0111011111010110
1000000010010101
1001110101100111
1001111111011110
0000111100000001
1001100100110101
1000001110100111
1001100101001100
0110001111000010
0111010100000101
1110101011000100
1010101111101101
0001011000110111
1010001001010010
0100010101000101
0000000011010011
0000111111011011
1000100010110111
1100101001101011
0011111111011111
1101110100011100
1001001001111110
0001100011110011
1100101101110101
1101000110111010
1010101100111010
1001100001001100
0000110101001110
0111011010011101
1001111110111010
0010101110100011
1010110111111011
0011110100010111
0101111010011101
0011110100101100
1111100001011110
1011110110001100
1000011110010010
1110100001011001
0100000010110110
0010101000010010
1011100101000100
1111000101101100
0001111110101011
0010100001010110
1101110000100100
1000011011110001
0110001111001111
1110001001011001
0010011101100010
1010100011011011
1111010010000111
0000011011101010
1010011111010000
1001110101001111
1000100110100001
1101111000111000
0101001110101001
1111011000101001
1101011001000010
0101110100111100
0010100001001000
1001010110011110
1111110001111000
1010111100010001
0011111010100100
1000110110011010
1000011010110001
0100001101111111
1010010011111110
1011010011011001
1000011000110101
1000110010001010
1100001011010010
1011000010001010
1011111110011010
1000110101000100
1110001001010110
0100100111110101
1000111100110010
0111011100000101
0011111110000011
1101001110101111
1110010011111011
0010001010100011
0111101000111110
1111000100100101
1110011111101100
0000010111011001
1010010000101100
0100110110101110
0100001000000101
0010011001010100
1100000111101110
0101111001001111
1101110111100110
1001000101110101
0011110000101000
1110001101101100
0011100101111010
0111001101011000
1110001010111010
1010010011011101
0000011011101101
0110000010001010
1000001011110101
0111101111010100
1101110000010000
1101111111111000
1110010011011110
0101000010110101
0101101011101100
1110000000110000
0001100011001110
0111100100100000
1010000000110011
1111001011111100
1000111000011111
0110010011101011
1011010101011001
0110100011000011
0010100011000000
0110110010010110
1011110101001000
1000011110000100
0011101110101110
1000110100000010
0010111010000000
0000100011101010
0011101100111111
1001100110100110
1010100100101100
1100110110010101
0110000101010010
0000010110000101
1010101001011001
0101100111011100
0110001000110000
1010110111111011
0101000100001101
0111001011101001
0101101000100110
0001001000001011
1010001001001010
1011101100111100
0011010011011010
1101101011101001
1100000111110101
0111010110011101
1011010000110100
0101111010011101
1010010111101011
0100001011011001
1110010111100111
1000001000100111
1011001010110100
0000001100110010
1010111111100011
1010010101111101
1110100111011010
0011101000010001
1101111000001111
0100111100000111
0011000111100101
1101101011010011
0011101101001010
1000101010010010
0100100000011000
1010100010101111
0001001001011001
1111110010011101
1110011000100100
0110010100011000
1001010001001001
0101110111011011
1010000011011000
0010011000011011
1001101000011110
0001010111001111
1101101001110001
0111101011000011
0110011010101111
0000100010001000
0011010101100000
0010111101001000
1100000101011101
1010110110011010
0111100010101110
0011011010000011
1010101100001011
1001010100101001
1011101001110100
1000001000101011
1100100011101100
0111011010100000
1110110101111011
0110000101111011
1010011100010101
1110001010010011
1101101001001000
1110011110001000
1010100110101000
0000101110111111
1000100001000101
0010011111000001
1000100110110010
0011101111011101
0110100100101101
0111111100101100
1011010100001101
1000100110001010
0010110111010101
0110111000010011
1001001111011100
0000000101010000
1111100111010010
0100010010010010
1101000011110111
0111111001001111
0110101101110011
0001101001010010
0100010011011111
0011110101100011
0100001011010001
1110001010000100
1100111110001110
0100001000101011
1000001010100001
0000111111100100
1110111111011010
1101110000000110
1110110111011000
1111000011000000
1110011011011000
0111100001001001
0010001001010111
1001111100011000
1110010101110001
1011000101101111
1101010101111011
0100100110101001
0110010010100000
1100000010010000
0101100010110110
1000101001011011
1111001011110001
1111010100100111
0111011001001001
0001110001101010
0100011111110111
0101111010011101
0010110101010111
0011110010011001
0111011110011100
1111010001110110
1101011111101001
0010111001101110
0110001110011011
0010000010110100
0000011000010000
0101010111011101
1010001001000011
1001001111111101
0010011001001011
0000010011111101
1011000000110101
1011110001100100
0010010010000010
0110111011011010
0010110100100100
1011000001010111
1010110001100111
0111110101001011
0000010001000010
1011001110011110
0000101111111111
1101001001000111
0100111001011000
1100011000001110
1011101111000110
1111011001110011
0100111100111010
0100110101000011
1100000100110111
1000001001010101
1111110101110011
0000100000010011
1111110101110110
0101101010011000
0001101000011001
1111001101011110
1001001010011101
1001000101011110
0111010001001001
0111110001101001
1011011100011011
0111001011000011
0011000001010000
0100000000001110
1110001010111111
0110100100100011
0101100010001000
0100000011000110
0101000110001100
1111010100100010
1111101001010100
0110011111110010
0101100011100010
1100011101110110
0001010111101000
0101100100110111
1011101010100100
1010111000011010
1110101001101000
0011110100101110
0010100110000000
1110011010001000
0011110000011010
0010011010011100
1111100110101110
0010100100011000
1000001101111000
0101011111111011
0100101011111111
0011001001110111
1001101101100110
1011101110001000
0101101011100010
0101111100000001
1100111100110101
1101001110011001
1111111100101110
0111010110111101
0000100101100011
0010111010010001
0110110001100010
1101101011110110
1010010001010110
Time = 1.636s
