n = 12, k = 2, l = 9, m = 207
Expect Resample Times = 0.577885
Result:
010111110111
101111011110
110111111001
101110111011
110101111110
111101001111
100111111111
101111110110
011011011111
111110101110
111110011101
111111011011
011110011111
111111001101
110111111011
110100111111
101110111111
111111111110
111110110111
110100111111
011111101111
111001111101
111101111110
101111101011
111011101110
111111110101
111001111101
100111111110
111011101011
110111011110
111111110110
111010111101
010111111101
101110111111
110110111110
011111111011
111101001111
111111110111
110011111011
111111101110
111101011110
101111101111
111010011111
011111011111
101110111011
010111011111
111011111110
110101111111
011101101111
111111011001
111101011111
101001111111
011010111111
111101111001
111010101111
111111111100
111110011011
110111110101
111101011111
110111101111
101111111010
111110001111
011111010111
110110111110
111111011110
011101111110
111010101111
011101111110
011110111110
111111110101
111110011111
111110101101
010110111111
111101101110
111011110111
110101011111
111100111011
111101111001
110110111101
101110111101
011101110111
111110110011
110011111101
110111101110
111101110011
110111110101
111010011111
100111111011
011111011101
001111111011
110110111111
111111011011
111111001101
111101110011
111011100111
011111011110
011101111110
111101111110
111011111100
111100111111
111010111011
111111111000
111101101111
111011101101
101011011111
111111100110
111110111111
101110111111
111101110111
010111111110
100111011111
011110111011
111001101111
110101111011
011011111110
111100111101
110011110111
111111110111
111000111111
110111111010
111111100011
110101110111
101011101111
111011011101
101111111001
110110111111
111011111110
101101110111
101111011011
101111111100
111011111001
101111111011
110101110111
111111100110
011101110111
101111100111
010110111111
111011101101
101110110111
101101111110
110101111101
011111101101
100111111110
111111101111
111111101100
011010111111
001111101111
111011111100
101101011111
110111101111
110110101111
010111111011
111011101011
010011111111
111011111011
110111101111
000111111111
101111100111
011111111111
011110111111
110111100111
011111101111
111110111100
110111111111
011111111010
111101101110
111110011101
011110110111
010011111111
011011111111
101111111110
111101001111
100110111111
111111100011
111101111011
111101111001
111011100111
110101111011
111110110101
100111111101
100111101111
111111101001
011111101101
110111011110
110111111011
110011111101
111111010110
111111101011
101101110111
111110110110
111111010111
111101110110
111101011011
101011111101
111001111101
111101001111
111111100011
111011110011
001101111111
111111100110
101111101011
111110101111
111111100011
111110110011
111111011110
101111001111
101110111111
Time = 0.015s
