n = 15, k = 3, l = 10, m = 684
Expect Resample Times = 0.483112
Result:
011111001010111
111010011011101
111110101101111
101101110111101
100111111101010
101101111000111
101111011110010
011111001111011
100111111001101
111011010110011
111111001111100
110001111111100
101111111110010
110111101111110
111111101110011
011110011111001
111000110111011
111011011111110
101110011100111
111011010101101
111110100010111
110111111000101
110101011101101
111110001101101
010111011111111
110101110110011
111011010101110
110001110110111
100011101110111
100110110110111
011111101011001
101001101111110
110111001111011
001011101101111
100011111111101
110110111101100
100111111101110
111011110001111
010111010111110
111110101011001
111111111000110
111111010111100
110111011101011
101011111110001
101000111111101
111110011101011
011111100001111
001111101111010
111101111010111
101111100111001
001111111001101
111111011111100
100111111010101
101001101111110
010101101111101
110111001100111
110011111111111
100111010011111
001111101110110
110111010110110
101111111100010
001011111011110
111110101111011
011110011110110
101110111011001
101111110101001
110111100111010
001110100111111
011110010011111
101011011111101
011100110111101
101110101111111
111101011110111
111011011010111
101101101110111
111011101111100
101010111011110
111101011110101
111011111100011
111110110011011
011110110010111
111010110111100
011111111110111
111110011101011
111010111010110
111111010010110
100111110011111
011001101111011
010111111100101
110101111100110
110011101110111
110101011111110
111111010011111
101111101101101
110111011100110
001110111111111
111111111011111
100111111010111
111011001110110
111101111001101
111010111011110
101011011101101
010111101110110
001111111101001
010101111110110
110010111110110
011111101111011
111110101111010
111110111100111
111110101011010
100101111111111
111011100011101
100111101101111
100110001111111
111110011110010
111110111011001
111101111011011
111110111010110
110111101111101
111110000111011
110110101111010
110111101011101
011110011110011
101111111011001
001111010101111
011111111011001
101101011110110
101111011101110
101101111111000
000100111111111
110011110011011
111110001100111
110111110100111
111011110010011
001010111111111
111111110010011
111001100101111
011110100110111
011011111011100
111010111111111
110110001111110
111100011111111
110100111111011
111111110101110
110100101111110
110110111101111
100101101111101
100110111011011
111100001101111
101100111111110
111001111100011
011101011111101
100111110111001
101110011101111
111101101101011
011111010111101
110011110101011
101010111011110
010110111011101
111111111101110
110111101101100
111001101111011
110101111011110
011110100110111
101011001111011
101111011011010
101011010101111
111110110011110
110111001011011
111011001111110
110111111010100
111110111010001
110001011110111
111000111010111
101111101110100
001111011111111
000110111110111
111001111001101
110101111001111
010011111001111
001111111001111
111011110111000
111011011001101
101101011101011
110011111111000
101001111110101
111010101011111
001110100111111
000111101101111
111010111010111
011001111111110
100111111011011
110110110110011
110111101110101
111101110111000
111111111110111
111010101110101
111011011011011
111101111000011
011111110001110
101011000111111
011011111011101
101001101111011
100101011101111
111100110101110
011110110110011
111011011000111
011111011011111
110001111001111
111111111011011
111110010001111
110010111111011
100001111111101
011100111111111
110110100111011
010010111011111
100110101110111
110111110110100
101111101000111
011110110011011
111100110111111
110001101111111
101001101111111
011111110010110
101111001110111
101111001110110
111110110101011
010001101111111
010100111111011
111111011011100
111011101001011
101010111111011
111111010011110
011101111110101
111110111011101
110011010011111
110110101101111
011011111010101
111101111011110
111101001111110
111001011110110
110110010111110
110101111011001
101011010111111
011001001111111
010111110101101
011110101101110
010110111111111
111101110100011
111011011010101
111110110011001
111111011100001
111111001100011
011111111111001
011100111111011
101101101111110
101111111010101
111101101101111
101111111000111
111111111100010
110111110111001
110100011011111
110101101110101
101111110110001
001111110111010
111101011111100
111011110011101
110110111111010
010011101111101
101011101111010
111111101101001
110100111111101
010001011111111
011101001101111
011100101101111
011100010111111
111110001010111
011111100110101
101111001110110
100011011111110
101110111001111
011011110111011
111111111111111
110110111101111
011011001111011
111100110010111
111101001110101
000111111111010
101001111101111
101111001011101
111110110011110
011111111101010
011011110111010
011010101111101
101111100011110
110100100111111
111111001010011
111011110011111
011110100111111
111110110010111
110111010111101
011111110110011
110111110011010
010110111101101
101011110111011
011111011001101
111111011101111
111011101111000
110110111001111
100010111111111
110111011101100
110101101111111
101110110010111
111111101010001
100001101111111
011111111101101
011100111110011
110110111101111
111110011110100
101111011010111
111110111011110
101111001101101
111110011011100
111101011101101
111111010110001
111010001111011
011001111011011
111011111011100
110111001100111
111110011010101
011101101111001
111011111000101
011101110110111
100111110101111
110101011110101
001111101011111
111101011011001
011010001111111
110001110111111
101111101111100
111111000010111
011111000101111
011101011101111
011110111111101
111001111111111
111110110100011
111110110110110
101111001110011
111010011111111
101101111111111
001100111111110
111110011110011
011011110100111
101111101111001
001111111101110
011110111101001
010111100111101
101111110110111
111100110111101
111001101111111
011110111110110
111101011011100
110101111011111
101011110110011
001011101110111
110101111010101
000101111110111
011111000111011
101111011011100
001101111010111
011011101110011
101110110110101
011011101101011
111110011010011
000111101101111
011111111001011
011110101110110
110111011111110
100011111001111
010111010110111
011110111011110
110111010101111
110111011111110
111011011101100
110111100110011
000110101111111
111101001110111
010100111101111
010011110101111
101101001111101
011011011110110
110011110101110
110110011101101
001110011111110
100111101111010
111011000011111
111011110100111
001001111111110
110101111000111
110101010111101
011111010011011
110111100100111
110011001101111
111110001101111
111110110101100
111101111011000
111001111101100
111110101011011
011101111110111
111100110111101
101001111111110
111101111000101
111101101101100
101010101111011
011111100011110
101011111001101
111100111100011
011111011100101
100111001111101
101111101110001
100101110011111
011111100011110
111110010111101
011111000111101
101101000111111
111111111011000
110111011110110
111111000110110
111001011011011
101011111111001
111111001100111
111001110010111
111110111010001
111111101001111
101011011011011
100100111111101
111101001101011
101110111011001
101011011111101
011101111011010
110101110101011
100110110111101
101001111100111
010111111001101
111111100101001
110110011111111
010101011111110
110111110011010
111100110011101
101111110111010
100011101111101
011010101101111
011111001110011
111111101111100
111110011111011
000111111101110
100100111110111
011110101100111
011111001011111
111011011100101
101011001111101
111011100111111
111111111001101
011111101110011
111111110011011
001101110011111
011111101111000
110011011011110
011111110001101
111101011001011
101011101111001
101101110101111
100101111011011
011010111110011
110110111110100
101111000110111
101101001111011
111101111101101
110011111011110
110111111111000
111011101110100
001111110011111
111011100111101
001010111111101
110110110111100
011110101111010
101001111101111
101001111111011
100101011111111
101011111101010
001111011101111
101111101111100
011110111110101
001111110101011
011001100111111
111110011111000
110001011111111
111011011110111
101110111101001
111100110110011
110110101001111
011111011000111
101001111111011
111101010101011
011010111101111
111011111101010
111111011001111
101001011111011
110111101001111
111011011001101
011111110111001
110110100111011
011110100101111
110111101110100
101110100101111
011111111000111
111011001011111
110101110110101
010101111101110
111001010111111
110101001111111
111001110111100
110111011111110
111101110000111
111111000111011
100101011111011
111100011111001
111010101101101
101110111011011
101111001110011
100111010111011
110110111011100
111010111001101
010111111011101
110101110011101
110110101111010
111110110000111
011111111101010
111001100111111
100011110101111
110011101001111
101101111001101
111001110111111
111101101010111
110011110110011
110100111101110
010101101111101
110111101011110
011011111010101
111011011011010
110101111111011
010110111110111
111011010011110
111011111100110
110111010001111
011111111101100
111110011011101
111011110011001
010111110111001
101111010100111
101000111111110
111110100110011
010111111001110
111010101110110
011001111011011
011011110011111
110011110111010
111011110101001
001111111011111
001111001111011
101011111010101
110101010110111
111111111101100
100111111100111
111110110011101
111111011100101
111001111111010
100001101111111
101001110111111
110100111111010
110111110110110
110010111010111
100110111011011
001010111111011
111111000111111
100111111001110
110011111111010
111111101111001
111100110011111
100111110101110
100101110111110
110011011001111
111111110101100
110111100010111
010111111111001
010111111010011
110100110111101
110111110101110
111001111011010
111111000001111
101011110101011
111011011010110
101111100011011
111100111101111
110111011101101
011110101011110
011011011011110
111001111001101
001111100111110
001111111010111
110110011111101
011011110001111
111100111111110
011111110101100
011111100111011
101111010111001
100110111111100
111100101001111
111101011110111
111011101100101
101101010101111
011011101101111
111100110111011
110110011001111
101111110011100
011111011011101
100111101010111
111111011101111
110011101111001
111011101111101
111111110101100
111010011111110
100111111111101
111101101110001
101110010111110
111011111100011
011001110111101
001011111001111
110110100111101
111001110100111
111001110110101
011110011011101
011111111111101
011110111111010
011001111110101
111100111111010
101100111011110
111111100110011
001101101111111
111111101001010
111001011111001
111101100100111
011011101110110
010011011111101
101100111111110
111101111100100
110011100011111
101101111110110
110111010110111
100110110111011
111111111001000
111011011100011
101001111111100
111010110110111
011010110111111
110011011101101
100101110111011
111100111100111
010001011111111
011011011111110
111111111001111
110101110010111
111110011011100
101111100010111
101100111101110
101001111110110
111100101110110
011011101011011
011111111100111
101011111011101
111110110001101
000101111111111
101111111001101
110011011011101
Time = 0.073s
