n = 16, k = 3, l = 2, m = 149
Expect Resample Times = 0.485081
Result:
0110001001010111
1111110110011001
0101111100111110
0110110110111011
0101010011110011
1111111000110011
0001110110111110
0000001011100011
0110110110100110
1010110011010101
1010001010001011
0001100111110001
0001101000110111
0011010000111011
0011011100000100
1110111110110110
0101001010100000
0110000011100001
0011101110011100
1111101010010000
1110000000011111
1001110000110010
1111001100011011
1100011011110101
1011111100001111
1010110100001010
1010000101011101
0110000000101011
0010111010011111
0110101101110011
0101101011000101
0101111101001011
1010001100001111
0000110000110010
1011101100010011
0101100000010001
1111111000010010
1010100101111110
0011001110011010
1100100101110001
0100100010011010
0111000111111110
0111011101100000
0111001010100100
1000010101010000
0111101000000010
0011100101000000
0111101100100111
1000011010010100
1101000101101111
0111110101101111
1101001000011100
0001011101101101
0011000100101011
1101111011001101
1001010101010100
1001100011100000
1101011000110001
0011010010010011
1111011001001000
0000101110110101
0000001111101101
0111100010110001
0000011101001110
1011000011100100
0010010000011111
0100001100101111
0010110000011010
1000110010010010
0101000010110001
1110100111000111
0110011101100111
0111001101001000
1101110000101010
0100010011011001
1111100100000000
1111101000001101
0101111111100100
1111101000000111
1100111111001101
0111100011101101
0000111101000010
0100001111000101
1110100001100010
1101111101010101
0000110001010000
1011100011110110
1110001000001100
1010110000000110
0000100001111011
1110001011101100
1101001010110011
0000111101111100
0110101011001110
0000101011011111
1011000110011001
0001110110111101
0101111001111111
1111001000100000
1010111000011100
1100110110100000
1111010111000000
0001000000001010
1101110010001111
0110110100100100
1000000111101000
0011000010011100
1111101100101111
1101101000101000
1011001110000001
0111010011101000
1100010101100011
0111001111011010
1100111100001101
1010101000111000
0110100101100110
0011111010101100
0111011110010001
1001001100001010
1101100100001001
0111000011101011
1000101100000001
0001000011011001
1000111010101001
1110000001011100
0001110001111101
1000000111101011
1100101111011011
1111100101101011
1011000101100111
0101110101001001
0000011111010010
0010100110000011
0010101100001100
0010010101010100
1000000000101100
1111011010110001
0011001110011010
0000000100000101
0011101000010100
0000001100010011
1100001110011110
1101110101111001
1011101011110011
0101011001110100
1110010011010111
0101101110000100
1000101010111010
0000111100101010
Time = 2.658s
