n = 14, k = 6, l = 1, m = 1414
Expect Resample Times = 0.366371
Result:
00001000010101
00010011101000
11011110001010
11011111001000
00011111011110
11101110101001
11010010001011
10101000110011
01101011101100
01001010011111
00001011001100
10100111011101
10001101110011
10100010110111
01011110110001
11011101001111
10010011001100
01111011001001
10001000101010
00100100101111
11011111101001
10110100110111
11101011100000
11001011011000
01100001101001
10011100001000
11011100100000
01000111000010
11111100110100
00011000000001
11111000010101
01110110011000
00011111101111
01100011101111
00001100010111
01100000100001
11101101000011
01101100011011
10000100001000
11011111101011
10111101101001
10110011001001
10011100101111
10100001110010
10101110100001
10001011101010
01001011100101
10000011010101
10011100000110
00100011011010
01001001100001
11011010111000
01010111011110
10101001111100
11110111001000
00100001111011
01101110101100
10010111101111
10000000011001
10000000010110
11100111011101
00000001000011
10001110100011
11100011001111
11101010101011
00010001111111
01001010010010
10100100110101
01010011000011
01100100100111
10101010111000
01111100001101
00101011001110
00010001110100
00010100010111
11111101011000
01001001000110
10000000000000
01001001100011
10110111110001
11011000010001
10000010110101
11010110101001
00110001000100
01111110100001
01101011101010
10001000110100
00100101001100
10000111000101
01111011010010
00000011001100
11011100100111
10000010000101
11010011000100
11000010100101
00111001001111
10001101111100
11010100000101
01010100100111
01110111001010
11000000110101
01000101111001
00101110000111
11010000110110
10001011100111
11101000000011
10010001010001
10110100111101
11011101011110
00001010110001
00111001011010
10100110011110
00011001000001
10010011110010
10101001100111
10011100100111
10001001001100
11001101001111
01110100000000
00111101001001
01111110001011
11100110100101
10000111001101
01000011010011
01111000100110
00000001110000
11111101001010
11000100100011
10101000001110
11110000111100
11110111101000
11101010000101
01011000010011
10000000010100
00010000111001
01011111001001
00101001110000
11000101111011
10011101011101
11000000011000
10100011110110
00101110101000
10010010001010
11010111000001
00001111110110
11101111110000
00000001110111
10010010011000
10001110001001
00010011000111
01001000110001
00000000101111
11000111101010
01000111110100
00111010101111
11101001101111
11001101101100
00010001011110
00011000010011
01110110010010
01111011100111
10111111111001
11100110100100
01001001011011
10100000001010
10001101101010
10010001101010
01000001110111
11110110010101
10110100101110
00101100011011
00111101111011
00101001111111
11010001000100
00011001011101
00001100100111
00100110110000
11101010101100
11010000100111
00010010001011
00110010111011
00000010011110
10110001110011
00011000011101
00000011011110
10100110010010
00101100110101
11111010100000
01101010101000
10101001010000
11100101000001
01011110010001
10010101000100
11010001000001
10011111111101
01011110001011
01111001100100
11110011001111
10101111110101
00010001001010
10001111100110
01100100000011
11000110001110
01000110111010
10011100110110
00011110111001
00000011010111
10011011011011
11101101101000
11110010110101
00100111000001
01010001110110
01101001011111
11100000000101
01110101001100
11001010101001
00100010101011
00011011011111
00101010000101
00001100010100
10111001011111
10101000010101
01111000010010
10100000101100
11001100011011
10110110000001
01101000001011
11001000100000
10101100110110
10011000111000
01110000111001
01000011001100
11100011101010
11001011010111
00101111010000
00111011011110
10010000100001
01111101111101
00110100100000
01011000010110
01000001010001
01111101110001
01100001110111
11001000000110
11100000100111
01111001001011
01010110100010
10110100010110
10110110011111
11010100000100
11100111010110
11010101010010
01011110010110
10101110011110
10110100011000
00111000110000
10011001001000
00101001111010
10001010100101
10010000000011
01010001011111
00101010101001
01111110101000
10100111010000
10110110000111
00101110001011
11011010011101
10110010101101
00100110110010
10101101111011
11000101111011
10001101101111
11100010100110
10001001101101
10000010011100
00110011110111
11011000101110
11010111101110
01000101000110
01010010101110
01100100100010
10000001110011
11101110111000
00000010110011
10110100001011
10101011001001
10100101111001
11100110110001
11111101011000
11000001111010
00010000010101
10000111100001
00111100011101
10100001111110
10011110010001
00011001111010
11010101100011
00101111010100
10000010111001
01110001101101
01110011010000
01011001110011
01000101110100
01011001011000
11001000110011
00101101111000
00000101000011
11010101001001
00100010110010
10100010011101
11101001000011
10001101011101
00110010101000
01100010000110
11001101111110
10000100000111
11000111101111
11001000001011
00111111110011
00011101101000
10111011010111
01011110101010
11000111000010
01001100010010
00011011110100
01000101000011
11000010011001
11010010101010
01010000001011
00100010111101
11011010111001
01011001100100
01101010010000
00110110001101
10101000111001
11010100110110
01001100110010
00000110001011
01101010100110
00111100001111
01001010101101
01101000110000
01010010101010
11111101010000
10001100101100
10111110000010
01100000110110
00010101010100
11110001100101
11111111011000
11111101110100
00111110010011
00011111001000
11001100011100
01101111101000
11111001001001
00010010110111
01110011101100
10100001111111
00000111110000
10100111010011
11010111000011
00011001111100
10010011011000
01101111011010
10110011001000
11000001110111
10000100111101
10000010010000
00100110100111
11000010011111
11001011011011
10000011001010
01011001111111
01011110111011
10010011111110
11101110110000
10001001111101
11101010011101
11110000000101
01100011011101
11011111111010
00001100100100
11101010010110
10001001001110
11000000011110
10010100001011
11101100101110
01101100111000
01110011110111
10110001001101
10110101101001
11010111001101
11001101001101
01100011100111
11001010011111
01001110101110
11100110001000
01101000000100
00000111100000
00011101001001
11010010011110
01111011110001
11110100101011
11000000000111
00010111100001
10110100001000
01110101001011
11110110000001
11011001111010
01111001001001
00110001110001
11110001110110
11001000101001
01001010110000
01010000111000
11100011101100
01100010111111
10110101101111
00001111011101
10101111010111
10100110000001
01010001001010
00100001111011
01110111100110
00110001101010
00011101110001
11100010100100
10101101101000
11100110001101
00010011101001
00100100110010
01000101110101
10010000101011
00101000101001
10111000111100
11101000001011
10011000011100
01010100110011
11110100001111
10011100111010
11000101011101
11100110001111
11001100100100
10011100111011
10001000100001
10010010110100
00010010011101
11001111110111
11011101010001
00000101010101
11100001000000
01101111001100
00101010010101
00001111001000
10010100101011
00010010110111
10110110101010
10000110110100
01001111001111
01110000111100
00000101001110
11100011111110
00010111111010
00000011111100
10101101111001
00000111101110
10010101110101
00010101011001
01101101000101
10111111100011
00001011111010
10100110110101
10101001101011
10110001101000
10011001111011
11100100101001
00000100011010
11100110100001
01101111101010
00000010101011
01010110111101
00010010001011
10100100111101
10111011001000
10011001010111
11000010000111
01101101100111
00011010100001
00100111111110
01101111000010
10011011100100
01100110101000
10110100100101
11110010100111
00010100100100
11110101011100
10000111001111
11001111101000
10101011101001
01110010100010
00000011011100
11111001001101
01101111111010
00011010111111
11110011001000
00111010110100
11001110001011
11001001001110
10101101101100
11011010100110
01010000010101
01001101100101
01010001101010
11000000101101
01101100010000
00100001101110
01111010111010
01011011101111
01000010100110
11010001010110
00001101000000
10100010000000
00001011010100
01011010000110
10111000110001
00111010010001
01101011110101
00001100000001
11010100010100
10010000100000
10100111000010
00111100001111
11101010111000
11000011011110
11001001100010
10011010110101
00111110101011
01110001001010
01111011000101
00110110010010
10011011101101
11001111110101
01111100001111
00001100110011
10001100000000
00110001110100
10101100011101
00111001101110
10110111100101
01010010001100
10100100010111
00001100101011
01010101000001
01100010011001
11100110111100
11101110101110
01010101111010
00111000000101
00011010110011
10010001100111
00111011001000
11011100000101
11100111100111
00110100110011
11110111110100
00011010111010
10011011100010
00000000100011
11011010110010
01101111011100
10001101011111
00110010110000
00110010100001
11010111100010
01010100101011
01110010001100
10001111011110
10010001011111
00100111010100
11111001001110
10111100111010
01100100101001
00111111011001
11001000000001
10111101010011
10001110010110
01000010011001
00000000001000
01001100100010
11111000110011
11001101001111
00110110000001
00100101110101
01100000100100
11110011110001
00101011001111
11000111000110
11000001010111
10111011101110
10001010111101
10011000001111
11110011100100
10101001000110
10101101001011
00111110101100
00011001101001
11001100001110
11011100111010
01010100001010
01111010110010
10011010100101
00110100101110
11101011100101
01001011111101
10101101001011
10101101111110
01110001001010
01111000111010
00000110111000
00001011100100
11111101001001
10011010100111
00010000010110
00101111101100
11101010100111
10111000001001
01110000001011
11111101000001
11000110000010
01001011101001
00001111010101
00000010101001
00000111011100
00101010011101
00110101110011
01000100000001
11001010011001
11110110011110
00011111010000
00010111100010
01010100000010
01100011011110
00111000100000
11111011001110
11001011101100
10111110100010
00111011101101
11000111111101
01011111011111
11011110000101
00111011110011
11010000101010
10001101001001
00110101000110
01111001101110
00001100001101
00101010011011
01011011100000
11000010000100
00001111100100
10001110011010
11011101101001
01111101100110
10111000110111
01111100011001
00101110001110
11011001111010
01101000110000
01110101111010
00111100011100
10111101100110
10001110001101
11011010010010
11010101010111
11001010111111
11100010001110
11000001101000
10000111110010
11111000000011
01010010101011
00000000000110
00010100011100
00111111101000
00110011100011
10000111010100
00100000001100
00111011100111
10000111011100
00101101000111
01100010100000
10001101001010
11111101110111
10110100001010
00110110100000
11100010101110
11101100101110
00101011011000
10111000001110
11001101011111
00101010000111
00100101010010
01110000101001
10100000101101
11100011110000
11110010011001
00010100100000
01111100110000
00101101011000
01111000101010
11000111011101
10000110001101
01011101100001
11001100011111
10111000101100
10110011101100
10100011000101
01110110101011
01100010110001
00110111010001
10010010101111
01110011111000
10101011101011
11010111010010
11101101101011
01010111111100
10000001010101
00111001011010
01111111010000
11110101011101
10001001010011
10101111110100
00110001001000
11011100111001
00101100110011
01001111111011
10110111010001
00110101011001
11100110010101
00010000111011
00111101110111
11010011010110
01110110001010
00100010100011
11111001001111
11111101111110
00111011000110
11000010101110
01000011101100
11010000011110
01011101001000
01011001001010
11000110111110
00101101011110
00100111000110
01011111101101
00111100011011
10010010010000
10000100001111
00000011010101
01011011100101
01110111011010
10000101011110
01101101001011
10010001011101
00001111111000
01101100011000
10100111001000
01000011100101
10101111100011
01111110001001
00100001010010
10100010000111
00010110110101
00001110100110
11000101000011
01001000001010
00010001001011
01001100101110
01001111000011
11101110101111
10100110000111
00110000010100
00011110010101
11010011101000
11110111101111
11010111000000
10110100010010
11011111101100
11100101000010
10011010100111
10010101100000
01000010001010
00011011010101
11110101011110
11011101110111
10110100011000
00101011001100
00000001011110
10010110001011
01000000010111
10110011000101
01101111001100
00010111111101
00011111001011
11010101100000
00111111100000
11010100001101
00001110000000
10000111100110
01000100110001
10000011010111
01010110110111
10000011100011
01110000110010
11010010011001
00001000111100
11100101110101
00110000011111
01100110110101
01010000000110
11111001001001
01010011100101
00110001000011
00010000101110
11011110000110
00001010010110
01000110101111
01110101011111
01011101100111
11110111111101
01000101001000
10100011010111
01001010000101
00011100111101
01011100111010
10110100000011
10110001011111
01111010010000
10000111100111
01111111001000
01101110111100
10000111001010
01101001100000
01010010100101
10110000000100
01010111000001
10000000011010
10111101001000
00100111010000
00110000101010
11101110010111
00010011001101
00111011101100
00110110100101
01100101110001
01000100101001
11000000101111
11111100000001
11101111010111
10010010110011
11000110001111
01000011010111
11001101111101
10010110110000
00111110111001
10010010111001
11001101111000
10011001110101
10000011110110
00010101011111
10001111111011
01111110010110
00000010110101
10110111101001
01110111010000
10011111110000
11101101011010
11011111101110
10110001111111
11000001110101
01000011001101
10101011101011
10001010001010
01110010100110
11000111010110
11001101111000
11101000010011
00101011100110
01001101101101
10011000110110
00110101100010
11100101010010
10011010101001
10100001110000
10100110100110
01111100101101
11100101000011
11110100011010
10001010101001
00000011110011
00101110010000
01001101110100
10000000000011
11111101111010
00000001110010
10101100001101
01110010001000
10000001011110
01101000011111
10010110100110
00101001010110
00100011101000
01100110100001
11101000001111
11010011101100
01010100111000
00110000010011
00001011001101
11100111100001
01101111101011
10010000111110
11010111011010
00101000010010
00110101001101
11101000101010
01010111100011
01101110010001
01100110011100
01101111010000
10001101100101
11100000000010
11110100101100
10001011101111
11000110110010
00101001110111
10101100000010
10100010110111
01011101101111
00111101101111
00001000010101
11110101000010
01111010000100
01001111001111
01101101101101
10110010000100
01101111011111
11100110011111
10000001010011
01011000101100
10111010011101
11010100000011
10000001110110
10010010001101
01110101011000
01000001011010
11111110000111
10111110000111
01010111000101
11111000011000
11000010111100
11111101101011
01011110011101
01011101011110
11100110001100
00001111011011
11010100110101
11010101011100
01101101100010
00111110100000
11101001111001
00100101111110
00100101101100
10110100110010
11110100000101
01011001010111
00001111000100
00010000001000
00111100001100
10010111000100
11110000100010
00000000000100
11010011100110
11011101100010
11100101011011
00111010010001
00100011111111
00101111001110
11011010101011
01100100000010
01001110000111
01111010111010
10011011111111
00110110011011
10010010000000
10110101101110
01100011001001
11000010101110
10011110101011
10111111000010
11001101111100
01111101010001
00010101100111
10100000110010
11100011111110
11001101100100
11011101000000
11001010001010
01110011101101
11000000010010
01101101101010
10011111011110
00001010001101
00110000101111
00000010010100
00111011011011
01001010010001
11000111010001
10001011111100
10011001001010
11100000011000
01000001100010
00000000101111
10000001100011
00110100000100
01000111100100
11001110000010
11011111111111
01100010110000
00010101010010
00010000101011
00111010010110
00101111101000
11001010000010
00011000000100
10101100111110
00001100010000
00011000110101
01100100010101
11001000001101
11110010000110
00001000000100
01111011111110
11010010110110
01011100101100
01111100000101
01101010110010
01111110010011
00011001110010
00010010011101
10101101110100
01110010001010
01011011101100
01110110111011
01111010100100
11101001100010
10001000100001
00101100010011
11011001101110
01001110000010
11000100000111
00101110011010
00100001110110
00100011000110
11101111110011
01001010100000
10011101101000
11011001000011
01011101001010
10011100111010
00111101100001
10011111111100
10010001010000
00001101010001
10010111011110
01101101111101
01001010010110
11011100000000
00100101001100
01011011010101
01111111000000
00010110011001
01100000100111
00100110111000
10101000000010
00111111001001
11001100000000
00010011110101
01000010111100
00011001100110
11111010101100
10000101000100
11110101000111
01110010011010
10001110110110
11111100100000
11110011100010
11100000011001
00001100000000
10000010110101
11100110100101
01101110011110
01111111010010
01111101000101
01000101011101
11001000100100
00001010110100
00000000100110
00001100111000
01101101000111
10100001100010
10100100110100
10110010000110
01110000001110
00101011100111
01000111101011
00111100100110
11010010101110
10011100011000
11001110010001
00011010010100
00110100010100
11011010110010
10100011100010
01101011111110
11101101110011
00111010110110
00110001111100
00100011101110
01000001111101
11101101001010
00111110001110
10111101000011
10110111000111
01001111100010
10110010111110
10000110011000
11100000101111
10000011000011
01101000110000
10011110111101
10100100001000
10100111110010
00010110101011
01001111101000
11110101111101
01110011011000
10000110111101
10001111011110
11101010011010
10001110001000
10010010101111
00011111111011
01100100010100
10110111110111
11001000110111
01111101010011
11100000011111
10110101110100
00001111110000
10010100100101
00111101000111
01001111010010
11101000011110
11111100011010
01100010001010
01101011000110
10001101011001
11010110110101
10100000101101
10110010101011
00001110001101
01101010111001
11101110100011
01000101001000
01001010011011
11111000000000
01001100101011
00000101110110
11000101000100
10110000010000
01101100001011
10001010110001
11000001101010
10010010101110
00101000001000
00011011010000
01101111011100
10100000000011
01000101010110
01101011110101
01110010100100
11011010111000
00110101000101
01000111111111
01100111010110
11101001111111
01010100011000
00111101010110
11100110000101
10111000110111
11001001001110
10111100010111
11101000011110
01110110010110
01100011110011
01110101001100
00111101010001
11000110011110
00111111001111
11101010111000
10011000111100
10101010110001
10011111011110
11110100000111
00010110010111
01000001100110
00010101000110
11001100010111
00010100111100
00101001000000
01011100011110
11100101110111
00011000101010
10010101011011
01001110111101
11001000011010
10100000110111
11101100101110
11000010100000
00001010001101
11000010100010
00110100110100
00110100010011
10100111111110
11100001111100
11011010000010
11100010010110
11110101100101
00101001010101
01110101101111
01101101100001
00001010100010
11111100100010
10100111001111
00011001101011
11111001001100
01010101101111
01000110000101
11000001010001
10011000011001
11001101101001
01001001111111
11001111101000
00001001001101
00100010101000
11001010100110
11101101011111
10110101110010
00000011111001
10111100111010
10000111110111
01110110011001
11111110111111
10000111111101
01000111000000
00110101110100
00010110111011
11100110110100
00000110111110
00101000100000
00101001001101
11010001000000
00010110010110
10011110011110
11000000110010
11110110100111
01111111011001
10011011001001
00111001110000
11010101010111
01010011000111
11000110000111
01100010011000
11101100010000
00110101101110
00110001100001
00000100100110
11111000111000
11010111010011
10011100011101
00110001000010
00011111000110
10010101011111
11100010010100
01001001101111
01001001000000
01101011000001
10110111101011
00001101110000
00011111000111
01010010010101
11111000011000
11101101110110
00111000100110
01010000110100
10101111001100
10011100000000
11011001011100
01001100111110
10000110000101
00001101001100
00000011100110
11101001000010
10001111110010
10110010001111
01110110101110
01100001010111
00011001001111
11110001100111
10001001000000
11000111110101
10100001011111
10110100001101
11100001001000
11001111010000
00000111001101
01010111001000
01010010111001
10010001011111
00101011000011
01101000111011
11100011001110
11111001101110
00110000110010
00000001100011
01000101001011
01110011101111
01010000000011
11110010110000
10001011101001
01100001001011
10110011000101
00011011000010
10000111100100
01111000010010
10011100010010
01111110110110
01001110110100
00001000011001
01110010011001
01111110101001
10011000000011
01100001001101
11001100000101
11000011011000
10000101110001
11101110000001
00110011011001
01011001000111
00001001011000
00110011110100
11000111101100
01111111000001
01011110100100
10110101001010
00000001001100
00111010111011
10010111000011
00101110011011
10011110001100
10000100100110
00011000010101
00100111101111
00000111001001
11100010110110
10011100011110
01100101111100
00010100101100
00110001101100
10010101100001
10011111100001
11110111010110
01101110110111
10010101111010
01011011011001
10001001001100
11000000100111
01111111001111
10101100100011
10101101011001
11011101100111
10011111110010
01101010001100
01111011111100
01100111111100
10010100111000
10000101011011
01110001100001
10010010001000
11001011010000
01100001100000
00100001101000
11011110011110
11110100011101
11011100100001
01100100010101
10100101111010
01010001110001
01101011100001
00111010011100
11011110110001
11000100101101
00111111000010
Time = 0.403s
