n = 14, k = 2, l = 7, m = 68
Expect Resample Times = 0.655869
Result:
01101101010101
10010111101100
11011001110110
10111010111001
11111001110100
01001001111110
01101101100111
11011110001001
11010100011100
10101010001101
00110011111111
11101101110010
01110110111010
11110000111001
01011110100110
00100101011111
10000001011111
00010101101011
11100101010011
01011100011111
10010110110001
11001100111010
11101100000111
01010110010111
11100011001110
10010101001111
10001111110111
00111001101011
00101110111000
11010111010111
10111011101111
11010010111010
10100011110001
10010111010010
11101111000100
00001111101001
01110100101001
11110010100001
11011001110011
11101011101011
01111011011111
10111111111001
10010100111010
10011111100110
10001101101100
00111110111100
11110111011010
11100110100111
11011110001001
10111010101001
10011000111001
11110110100010
11000110110101
11101010100010
10100110110110
01100100111011
10111111001111
01111001100101
10110100010011
01011100101010
01100011010011
11101010101110
00011011001101
10110110101110
11111011011101
01001001111110
11001101110110
11101111111000
Time = 0.003s
