n = 11, k = 4, l = 3, m = 300
Expect Resample Times = 0.362959
Result:
11110110111
11111101000
01101101010
01000101100
11101000110
10100100011
10010100010
10101101100
01001010000
10111111011
11110100101
01101000000
00100101111
01011001000
10000101111
01011111010
10000100111
00110110001
11100000000
01111100010
01000101010
01010110111
11100100000
01100101100
01111010111
01110111110
00110110011
11110011111
11101101011
10000011100
01000110010
10010100010
00111001111
00001111110
01111111001
11111111010
10000111010
00010111011
00011100111
00110101000
10110010001
10111000000
01011110010
00101001001
00101010010
00110001000
10100000100
01110000001
00001101110
10111110100
01001010111
11010001100
00010101111
00000111001
11001101100
11000011001
00110001100
00101011001
10001000010
01010101100
00001010101
00111111011
10000111111
00001000111
10100110111
00011000110
00010001010
10110110001
10000011001
10011110111
10100100111
01010110000
00101110001
11111100000
10100010011
01001010110
00011100000
00010111000
00111101001
11101001011
11011101111
10111001101
01111010001
11101011111
00111110010
11001001100
01011110000
01010001001
11101101100
01110010110
01111101101
11011010111
10110000111
11011100110
00110010001
01001000100
01101011000
11011101111
00110000001
11101110100
10101110110
11000101110
10011011100
00100000011
10101110101
11111100101
11010001110
00011010111
10011000011
11001010011
10000100101
01011101111
00010011001
10111111100
10001110010
00001001001
00111111110
11111111001
10111011011
01100111010
01001101010
01010110111
01000110100
11000100101
11100001111
01111011000
01001100010
11010111110
11110001001
11110111001
01011111101
01001001011
10010110110
10111001111
11011001101
11001000000
11110000001
00101111000
00110100001
01110010010
11010110100
00100011110
01101110001
11110011010
11110011010
11011100000
01010001000
10101100000
10011110111
00110011010
00001100011
11110001011
10011001100
01010101110
10111110100
00000100011
11111011100
00101111000
00110000111
10011100101
10100110100
00110001110
00111011101
01110110101
11000010011
00110110110
10010011000
01111011000
11100001100
11110101010
01010101111
01010100100
01100100111
00001111110
00000101100
00000111111
11101101101
01010111111
00101101011
01101000101
10001110010
01000011111
10100011110
10110001101
10100101110
10110111010
01000110110
00011111001
00101110010
10100001000
11101010101
11101010000
00101010011
10100011010
00011011101
10000011011
11110100101
00011011100
00101000011
01010011011
01000110001
11011101111
01011110101
11000100110
11101110101
11100111001
00011001001
01010011110
10100011001
11111110011
10110111111
00011110010
10101011011
01110000111
11110111000
11010110011
10000000110
11000001111
01100100000
10001100100
00001100100
01110010010
01000110011
01001000110
00010010101
10001101000
10010101100
01001110101
00010111101
00001101110
00000100011
10010111110
11101110110
00010101100
10111011010
11001101011
10101101010
10110001110
01000110111
10010100100
00000000111
01001100000
11000111000
00110000100
00101101011
10001010011
01101100111
10001011100
10010110010
00011101111
11101100001
11111111111
11100110111
10100101000
11100011010
10100101010
01111000111
00111110010
11000100010
01101100110
10100111011
10111100101
00101110000
00001010110
00111011101
01011000101
00010000011
10011111111
10000001110
11011001111
00001011101
01011011111
11010001100
11011101111
00101001001
00111100111
01111100101
10101111000
10000110001
10011000110
10100010100
01011111011
10100111101
00110110001
11010100100
00011111101
10101101010
00110010100
10001110110
01010100101
10111011001
00001110001
11001000000
00010101001
10100000010
01111111000
11110010011
11001101110
11000111000
01101000000
Time = 0.009s
