n = 16, k = 6, l = 1, m = 1567
Expect Resample Times = 0.368004
Result:
0101101011110001
0101101011101100
1001000011110000
0110110110100101
0001010100100000
1100000011111001
1001110101111011
1011110010000000
1011000001101010
1001110110010000
0011101110111100
1010101100001110
1011000000100011
0010010111001001
1010011010110110
0000101110010100
1000000000000001
0001110001010010
1101011111110001
1010000110000001
1101001110101000
1100000011001010
0110000000100100
0000010001010000
1100111110010001
1010100101110000
1100001111010101
0110111110110000
0111110011111011
0000111001011000
0110111010011101
1110010011111001
0100011011110001
1100101011101110
1001001010010101
1110100100110100
0111000001000111
0101111111000110
1111101000010100
0000011001111110
1100100010101101
0100111101101010
1011010001110000
1101000001100110
1000001100011001
1100000111000000
0110010100000101
0010100111010110
1000000001110111
1010101010000011
1000110110101001
0110010100000001
0000011110001001
1110111011001111
0000111110011000
0111011000111010
0010010000111100
0100100101011001
1110000111110110
0011101101010001
0000100100001100
0111010011101111
1111111001111110
0111000111110110
1101100111100100
1100000100011100
0011011110000011
0000000100011111
0001111100001100
1010011110001001
0111010010001101
1000010101010111
0100000101110110
1100111100011011
0000111010101100
0000011010100111
1110100100111000
1010101011100011
0000111110111000
0101010111001010
1110001100010110
1010111010110110
1001000001101010
1101011010011111
0101010100101010
1001111110000110
1111000110101101
0111100000010110
0001100000001111
1001110110000011
0111111110110011
0100100100110011
1111110101000011
1111100101000101
0011100001011011
1000011010101010
0001011011000011
0111010001001110
0101101101100011
0010000000011101
1001110100000101
0111100001101000
1001000000111010
1011101101101010
0011000001100001
1111000001010101
0001010010011101
0110101010101101
0011000100010011
0010111110100001
0110101101101011
1110010011010100
0100111111010100
1110010101100010
1011001101101000
1111011111000100
0101110000101001
1000101001000001
1000000011110001
0001001011000101
1101101100111000
0111011000010100
0011111101010010
0100111110100001
1011100000010101
0111011110110001
0010011111100000
1000000111001110
1101001110110000
1001101011010111
0000001101001011
1111101001100000
1110101001010010
1001000010110000
1000111100011001
0111010011111100
0001100001011001
1110100101110010
1100011100001110
1011100000010011
0000010001011110
0000111001111100
0111000101010101
0101011000011010
1110000101101100
1000000101011110
1010101011101000
1011010101101011
0001001001110100
1101010001001000
0110100111100100
1010001001101011
0000100011101111
1010000101110001
1000011100110010
1101001011010001
1011101110010101
1001011100110010
1101010111001011
1101000001110110
0111101011011010
1000110101000000
0100100101111001
0101101101001000
0101010111101000
1001000110100001
1111000111110010
0101111000111101
1100001101000011
0100111000000001
0110111101000001
1100111100011010
0010010010111100
1111100101001110
0000101101100000
0111100100111011
1101111010011001
0001110011111101
0111011110110110
0111101001001111
1101111101001111
1111000101011000
1110101000000100
0011111000000111
1011101110100111
1010010001011111
1100111111111111
0011111110001100
0101111111011001
0010010111000111
0000010010100010
1001010010001110
1011101101110100
1100011001101001
0010010001101111
1010111010111001
1000001100011001
1000100100011110
1101111001011010
1101000100111101
0101000000010111
1000001011110000
0001100010000110
1001101011100001
0010101111011110
0111011101000111
1010010000011001
1000111010000000
1101000111101101
1101110111101100
0111011111001100
1010011011011111
0111000001000001
0001111100100011
1010000101000010
0110010001111110
0011010011001111
1000010011111011
0000111111011101
0010001100011011
1010101111010001
1010101000100111
0101001101011000
0010100001010010
0100100100100101
0111010001010001
1000010110101111
1000011111110100
0101100100001011
1001000101100010
1010010111011111
1100011010111001
0101101011011110
0011000111010110
0100101000010101
0100001000001111
1011100001000001
0110110011011110
1100011100100111
1001110000000110
1100010001001100
1101001011001001
0110111111101111
1110111010110011
0000000010011001
0111100101101110
0100010100000101
0011010101001011
1010010011110001
0111111101111110
0111000101110010
1010101110000010
0110000001111111
1111111000001100
0011000010011001
0101011001110000
1010000111110011
0010111100101011
0110001100011100
1100011010111110
1110111011101000
0011100100011111
1000110011011100
1101100111000111
1101110000111111
1001100100000000
1110011101010010
0101010101110010
1101011101110101
1111010011011101
0101000010101111
0011011010010001
1111000010001001
0110011111111010
0101100111100000
1011101011000000
0011111100001110
0001010110100111
0000011010101111
0101011000101000
1011000010011001
0010100011100001
0101100011001110
1010001100110010
1011000111101001
0110110110010110
0101111111001010
1110001010110000
1101010010000101
0100001110110101
1010010011000011
1110010110011101
0111010110000100
1101010101111000
1001110111101000
1000110011111010
0000100101010111
0100011011110100
1010011000010100
1100101110001101
1111010000111101
0001001000101100
1110110101001111
0001101101111111
0010001011011100
1011110100000001
1111101100011110
1010001010011111
1101100101010000
0100011110100111
0010110101111100
0111110101001101
1011111011010000
1101001100110110
0110111110101101
1000111001111111
0001110111111100
1101110111110000
1110000110000011
1101001001111000
1101000001110011
0110011100001011
0010001001110000
1111100000100100
1000100101110101
0100001101010101
0000001111001111
1100001000001101
0001100111111010
0101110010110101
1000011110100001
1100011111111101
0111010000100001
0011110100000001
0110100111010101
1110100111111001
0001100010110010
1000011001100110
1011000100000111
1001110011010111
0111110001011111
0101100100100101
1011011111010001
0101011011011111
0110110010001011
1011110111111110
0010101010110111
0000010000001010
1101010110011001
0110011001101001
0000010000110101
0010100001101010
0110101101000101
1001100011100110
1001011110110110
1101000111011011
0111011001100101
0111011010100110
1111110000111101
0101111101000001
1000100011101100
0111111100011101
0000001001010010
0110000001001001
1011000111001001
1100011010101111
0011000110111100
0100000010100110
1100100110100101
1010000110111100
1000001000101000
1111111001100001
1011010111011010
1111110100110000
1011011101101101
0000100011110011
0001011100111111
1111111001100111
1100100010001010
1110011010001010
1011011011100001
0110100010100100
1100111010110001
0110011110110101
1110000000100111
1001111101110010
1011111100010101
0100100110000101
1100111111011011
0010011110101000
0001011011111111
0101010111000010
1010001111111100
1000110110010001
1110010110000000
1101110010101111
1100010111100101
1110000000111001
0011100001110100
0101100101111010
0010001001000010
1001000000010110
0110000100011010
0111001100001111
1001011000001010
1010001000010001
1001010110010000
0110011110111001
1101010000110111
1101000101100001
0011101010100110
1010101010111000
1001100011111000
1101010000101000
0101101100110101
0011101111010010
1010001011010101
0110000101110010
0001000101110111
1000011111000110
1001100000011000
0000011010100000
1110010110110011
1000011111001010
1100010100010100
0111001000100000
1100010010111011
0111111111100000
1110010000110100
0110010000010000
0100110001100001
1110000100100101
0100101100011111
0000100101101001
1100101101001001
0000001010111110
1111100111101111
0100110111100101
0110010100101010
1111110111110011
0101000110000000
0111001000001100
1101111001000001
0100011011001001
1110011000010110
1111001001001011
0111000100110101
1011010001101110
0011101110101011
1000101001100001
0111000011001001
1000111010111010
0100100100001110
0111011011010111
1011100001001111
0110001010100011
1101111111100110
1011110000111010
1001010000001001
1100110110110101
1000110000110010
0101000110011001
0010100110001001
0001001000011011
1000000000001111
1011001101110001
0011101101100111
0011001111010100
1011011101010001
1100011001001000
1010101010001111
0001100101011111
1100110011101101
1101001001101101
0101001111110010
0001000110011010
1010100101010111
0011101110010100
1100101111100110
0101011100100011
1000010011001110
1100010010100011
1110110001100100
1110101000011100
1001011101110100
1001001101000010
0011010010100010
1010111100010011
1001000010010000
1101001101100100
1100010000100111
1010001001100111
1101000011111011
0001111101000011
0110011110001000
0011001111111001
1000101010111110
0011101100110100
0111011001100101
0001000001001111
0100110001010100
1110110000110100
1010100001100110
0001001001101000
0011110000110101
1100110011010010
0010100101001110
1000100111101000
1101001110111111
1110111011100110
1111101110111010
1110000101111000
1000010010111111
0011001101001010
0010011000010110
1011011010010010
1011010010000100
1101000011101101
1111000011101010
1010110100111110
1100100000110101
1110111111001010
1110001100111101
0100111010110001
1000011100001101
0110010110100110
1111110101101000
0110101011000010
1010000110101010
0010101101101110
1101100011011010
0000101110111101
1111100101101100
0010001001010000
1010101110000110
0110010001011111
0100111011011000
0111111111110001
0011111111110011
0101000011001101
0100001000000010
1010011001101111
0110101011001010
1101001011011010
0000100011011011
0111111100011000
0101010001101111
1010001101011101
0000011010001001
0101101010001101
0010110011001100
1100100111111101
0110100011010000
0111101000111000
0101000000000010
0111011111101010
0001010110101000
1011001011010010
0110111000000000
0000100011000000
0110110011000111
1001010101111100
0111000000100111
0100000001110110
1101100000001111
0001111110110111
0010111110010110
1110011111110000
1010000001010000
1010110101111111
1101110000011000
0010111111110111
1010111110100110
1101111010110010
0111001101011110
0101100000011110
1001010010100000
0001111010000100
0001010001101100
0111101001000010
1110111110001010
1101010111110001
1010111011101100
1111000000010100
0100000111010100
1011010011110101
1111100000001010
0111001000001100
1101010011010111
0001011110101000
1110001110101100
0000101101010101
1101101001000101
0011010100001010
1100110010011100
0001101010011010
1010110001000111
0110000011111000
0101101000110010
1000010101000010
0100110011000001
0010110001111111
0101010101001010
1111101001110000
1110101010011111
0010000010100111
0001101000000011
0000100100101110
1100111011111101
1011001011101000
0011110111110011
1011110111111100
1010001110011011
0011110101000011
1010111000001101
1000111101111110
0111101110001111
1001111111101101
0000111100001101
0111011101010010
0100011111110101
0100011100111111
0011001100111000
0001100100011100
1110101001110110
1010110100010011
1100011110110011
1101101010101010
0001101001001001
0000100110001010
1100100010101101
1011101000010001
1011100100101000
1000101011000100
1001001101110010
0000001110011001
1010111001011000
1111101100000111
1000000110100000
0111010010101001
1000010111111110
1100101000000011
1111010011100010
1011001110100101
0010110100010110
1000001101100100
0110111000100111
1110000110011111
0001011110100110
0001000000001011
1011010001001001
0011100000111111
1000100111011101
1100100010011100
0000110001110010
0001001110100101
0001000100101111
1010111011010110
1101000000011111
1100111000100001
0100101101100101
1011011001111111
0101110111011001
0000110100011000
1011111110001100
1010000000100011
0011011101001101
1010100011010110
1100111010101110
1101100110100111
1010101101101110
1100010100100011
0111101100010111
1010111110000011
1110101100101011
0000011010011111
0010110100111011
0010100001110010
1111110011011110
1010100110000110
0101111111011001
1011101001001011
1101010010010011
1010001110110110
0101100010000111
0111101001110101
1111100100010001
1100010111111110
1011110110011101
1011010100110010
0011001000000001
0111110101000110
1100010000100011
1100100101100111
1111101011101010
1100000110101100
1000101110110011
0011001101110111
1011001110111000
1111100010101000
1110110111011010
1011110101100110
1011100101001011
1110010101101010
1111011011000110
1000000011011011
1100101101100111
1011110100111011
1110110101111111
1100011110001111
1011110100101110
1010100101101101
1010010100000110
0100100110011100
1110011001000111
0110001101000000
1011111001011010
0111010000011100
1100010100000001
1101010010010000
0010101001000000
1111000001001100
0101110001001000
0100001001110100
1001001110101011
1010100101110110
0010001010011101
1001000010101000
0001110111011101
1101010001100011
1001101010101001
1001010101100001
1010100100001011
1011101110110110
0100110001010100
0111001010111110
0011001000000000
0000011100001101
1101010111011101
1101001001111110
1110010111110100
0100011101011000
0100010110000111
1001100000000110
0000101100010101
0101111001010001
0001111101100110
1011010101100111
0000000001110110
0000010110000011
1111110110100010
1010111010001100
0000000100011111
0011101101001011
1101101001110100
1111110001011001
0111001101001110
0000010010000101
0100011001110011
0001101101011011
1000011000101001
1100110000110110
1100100101110010
0101110010000100
1001000010011110
1001011101010101
1000011101101100
0011100000001111
1101011110010110
0111001110000001
0100110111100010
1010010100010000
0001010100101101
1000010110011000
1101011111000010
0100001111000101
0010011111000111
0101001101100110
1000101110111010
0010010010010010
0110000100010011
0111010101000111
0101111100111001
0011110101111011
0100100100111100
1011011010000001
0001111001000100
1010100010000001
1100111010111110
1000110100110001
1110011101000001
0111111001101111
0111111010111111
0110011111101010
1010111101100111
1000000111101100
0100111010011011
0000010001100000
0001100000011100
0101000011111100
1010110000101110
0100101100101101
0010101010100010
0110000010001011
0010011101010010
0010111100101101
0111100110111000
0001011010010011
0000011100010000
0111000101010110
0111001101101110
0110110100001010
0011111100110100
0101101100000101
0001100101101110
0101111011000010
1010110111000101
0100101001001011
1010100000000011
1000111101100110
1010111101011100
0000000111110001
0111010010001101
1010001000001010
0111101000101010
1110001000001100
0100110111000010
1111011110111000
1001010010000010
1010111001111011
0010111110010011
0010011010110001
0110110100110100
1101000100000110
1010001011111100
0010001001000111
1001001011001011
0111100011010010
1111011110111010
1111001111100100
0111100011010010
0000110000100011
1000110101100001
1000001110100100
1011000101101100
1100000000010011
1111101010000111
0011010111011001
0010011010001101
1011101000100000
1101101101111111
0101100111011000
1110111000111101
0010000110011101
1010000111011111
1110001110000101
0100100010101100
0000000111100000
0000011111011000
0111011100010000
1010110010111100
0000001101110000
1000011001110011
0000000100011100
1110011111000001
0010001111100000
0101100110100101
1100111011111011
0000101111111111
0010010000110101
0001011010111001
1001101001001000
0111100111110010
1110101010110010
0110111000000010
1111111111000001
1010111001101110
1110011000001101
1001011010011110
1110100110001111
1001011010101000
0000001011011101
1011001001000000
0101001111111000
1001110110000010
1101010100111101
0001001001001011
1011100101001001
0100010111011000
1101001101000010
0001101010100010
0101001111110111
0010011001010000
0111110100011110
1001111001000001
1000011100001111
0111100000011111
0000000110010100
0011100110100101
1111110010011010
1000111000011010
1101011101001110
1011101010100011
1000001101010000
1010111100001110
1111101111100001
1110001101001001
0100001100011111
1001100000000001
1001100110110010
1000001111000000
1010111110011011
1010101011010010
1011011000000111
1001000010110100
0111011010011111
1110010011000101
1101011001001100
1110110101001110
1111010111000010
1100110001001001
0001100110000100
0110100111101001
0101111101000100
1011000010010000
0100101011111000
1011011011001111
1100010000111110
0010011110001011
0011001001111011
0100011010100000
1111010001010101
0111010001000111
0000100001000101
1010100000110101
0001100001011100
0100101111101110
0001111010110011
1111001000101111
0101101111001110
0101011011101010
0100001100010000
0000101000000010
0001011000011101
0001011111000010
1110110010011011
0111100111011000
0001101001110011
1000110101111001
1011100101100110
0000101110101111
0110001110101010
1101011110001010
0110100101110110
1110101011000100
1111000110110000
1110011011100001
0101010000100101
0001110111000111
0000010010011111
0000000000110000
0010100011000010
0011010000001001
0010011100101000
1000010001000001
0100110110110100
0001110011000101
0011111110101011
0111101100101001
1000110000111101
0100001010100111
1000001000101101
0100011100101111
0001001101011100
0010010110010010
1001111100001110
0100111111111100
0101101100000011
1000010001000011
0011010000000011
1000000101111100
1111111001110000
1100011011111100
1110011000111111
1111100011100101
0111000001101101
1010010100110101
1110011011010011
0011101011110000
0001111001001000
1001100100011000
1010011101101111
1101101100010111
1000001011110110
1010001010110011
0001101100000110
0100101000000000
1100101010101100
0111001010000110
0000110001000010
1000000001100010
1000001101110101
0111100111100011
1101100100011101
1110000100111100
1000011110110000
1011111111001101
0001110110100101
0100000000100111
0101101000110101
1100011010011011
1001111111101100
1010101101111011
1101100011111011
0001101110001011
0111011011011110
0111100100000101
0001001101011111
0000011010101000
0101110010011111
0110110011101101
0100000111000101
0010000111111001
1011001011000010
1110100010010010
0100101101011000
1000011001110011
0101110011011100
1101000100010101
0011001110001100
1001001000110011
1000100111110101
0001000100101001
0000111100001000
0111010111110100
0001000110000110
0000111000011111
1001011100101110
0110100111111111
0001010100000110
1010000011110101
1011000011011001
1011001011101000
0010010101100000
1011011111011110
0001010001101111
1001101111010010
0011100011000011
0110110011111110
0011101011100101
1111001100110001
1011101100111110
0000011011011010
1111001111110001
0011001011101110
0110100011110010
0100111000110000
0110101100010100
1111010001101110
1001111111101010
1101100100011110
1101011011110001
1000011100000101
0011110011111011
1011001101001110
0011001100111110
0111110010001111
0000010010101110
0100001101100100
0111100111101001
0111111011110001
1010001100001101
0110011110000010
1111110101000000
1001101100001010
0000111101101010
0100001001111011
1101111110101011
1001101000001010
0111000110001010
1101111101001110
0010111111101111
0100111000000100
0111110111011010
0111111000110010
0010110001001010
0001111101000101
0101001001100100
0100101011100101
1101100101110100
1001100010111000
1111111110011000
1010000011010000
0001011111010100
1100011111101011
0010000101100110
1011001110001011
0011101000010001
1100100010010011
1111010111011010
1101111001100111
1001010010101101
0010101101010001
1000111000100100
1101011000111100
0001001000010000
1001010110111011
1111111011100100
1110001101000101
1111010111001011
0111011000001101
0110001001001110
0101010111011101
0011001110000101
0101000010010011
1101110001110001
0101110100010010
0100110001000010
1010111110111011
1101101010101101
0010111101111110
1001001101101111
1001110001010000
0001001010001101
1010110001111000
0011110111000110
1010111100011001
1011100001110100
1100101000101100
1101001000110101
1000010100101000
0111111101010111
0111011010010000
1011001010111111
1100001000001100
1110110010100011
0101111010110000
0001100111101110
1001101011101111
1010010101011100
1100101000001000
0101110001110110
1001111101100010
1011011000101100
1101100011001010
0100110100001000
1100111011110110
0111011011011100
1011100100011111
1010011110111100
1000101011101011
0000101100110100
0010011001011001
1000111011101111
1100100100111010
0100101000111111
1011100011010111
0000110110101101
1010111000001111
1010011011000011
1111101100111101
0101010101000011
0101101110100001
1101000110001101
0000111001110101
0110000001010100
0010001101001101
0101100111101100
1111011001010011
1101001100011110
1110111110000011
1000011111011010
1001100000010100
1010010001110000
0110001111101101
0110000110001110
1010010000000110
0000101111000010
0101111010001000
1110011110111000
1110000001110000
1101000000100100
0110011101110101
0010001001011000
0010010101111111
1011110110001001
1001010101000000
0000100100100100
0011010101101111
0010101110101100
0101011110000100
0010100000001000
1101011110111100
0000001111110000
0011001100011101
0110010100100000
1010000000110000
0000100110110000
0101001110100101
0011110001111101
0111111101010100
0001101111001001
1011101010100100
0100110010111010
1011010101001110
1001111110111010
0001011010100110
1100101010011011
0100011110010001
1000101110000000
1001011000111000
1000001000000100
1100101001011001
0111000000001010
1001100111001000
1010000001101111
0011110011111100
0110001101010110
0010100010000011
0011010111100101
1000100000000010
1001001100100011
0101010000011001
1101010100111101
1100100111100111
0010011100011110
1111111000101011
0011000111010111
1010001100000001
0110111111001000
1110001100001100
0100110111000101
0110001100110110
1011010111111100
0010000010101011
0111010111111000
1110010100000111
0111101001010011
0110101000000011
1101010010010010
1101010011010011
0000000011001111
0110011101100000
1001010000010011
0001111100010010
0101001000110100
1010110001110011
0010000110110011
0010000010111110
1101010101011100
1111110100111100
0110101010001010
0111110000110000
0001100110000110
1000111111100011
0101110011000111
1000010010001010
1001010100011011
0110101011101010
0110000010110011
1010001110110110
1110110011011010
1101010010111101
1110011000011010
1110111000011001
0111111101001111
0101001100001010
1000000101111001
1111100111110111
1100000011011111
1011101101101100
0011100000001000
0000111110000110
0110111100101100
1011100110111010
1110101010000101
0100000111111101
0000110011100110
1011100100001011
0111111001101000
1111101011110011
1000101110011110
1001110000101111
0011001111110110
0000011010011111
0100100111011100
1110001110011111
0010110100010001
0111001111111110
1101001010110010
1000111101011010
1000110000110100
0001011111000100
1001101100001100
0000110111100111
0111000100010100
1011100011000000
1010111111011100
1100110111110010
0110100000111100
0101101010101100
0100011000111010
0100000011110100
1000000110011001
0001100110001011
0000111011000111
0100000111010110
0101101100110001
1001111001011001
1001001001110100
0011000110001010
1100111000010011
1111101111110101
1000011111001111
0011000011111001
0111010110101111
0101011101000001
1101101010111101
1101100110101000
0000110111011001
0110110010111111
0010110111001000
1011010111100010
1011000000010110
0110111110000011
1011011000010110
0001111010100010
0110000010010001
1010010100111001
1111000001101100
1111010010011011
0100100101100111
1001010100101011
0000111000001110
0111111100100111
1010000111011001
0111100000010100
0101011001111100
0010101011101100
1101101001111010
1011111101110110
0010000001010010
0101011111110001
1110111101000010
0110000110111110
0010010000001011
0000001011010000
1101110101110011
1011110101000001
0101101110111010
1001111001011111
1111110000000100
0100110011011010
0100110110001100
1100010001100101
1010111001111011
0001001110011110
0100111101010110
0110010111101110
1010100110100001
1011000001101101
1111000000000010
0010011100010000
0011011100101110
1100100101110110
0001100111000100
1110111101011111
0001001000111111
0000001011100001
0111101011001111
1000000111010000
1011000010000011
1101001110010001
1001101100000100
0010100110101110
1000101110110011
0110011011011010
0110100011100011
1100010010111111
1100101111010100
1111101111011001
1011111100010001
0010110110110001
1100001010110110
0010111101001000
1011000100011111
0000100011001001
1110000111101101
1010011101111010
0111011010101111
1100100111110001
1010110100100101
1110000011001100
1100110110100111
1110100000001011
1101110001101100
1000010110010010
0111000000011010
0110110000001011
1010000010001001
0011100001110101
1010001011000100
0001011001111100
1001101101000001
1100101010001110
1011001001010101
0010001100101110
1111000010000010
1101100000101111
0101010001011001
1001100010011110
0001110101110110
1111010000111100
0110101000010011
0111000101000011
0000000001011011
0100110010111011
0010000100000100
0010101001100001
0010101010000100
1101110100001011
0110010110010010
1110111101101000
1110100010101100
0010110001101001
1011000101111100
1100000101010010
0111111101100101
1110110000011000
0000000010101010
1001001110111100
0010001000101001
1011100110000011
0000001111101010
1000111100000100
0101010011110110
0100001001111001
1010101000010110
0101100010010110
0100111111110010
1110111101111011
1000001110111001
0111111110011001
0101100010111110
0110110111111011
1010100001000011
0010000111010011
0101100001000110
1111100010111011
1000011100110000
0000111110101100
0000111110010010
1101010101001111
1111011101101110
1110011101011111
1011011101101101
0011111001010001
1110100000101001
0010100010000000
1000110000000011
0111011110011111
0110101100011010
1111000011110111
1001001111000001
0101001110101110
1111101011001010
0100110110011100
1010110110000000
1001110001101000
1100011110110010
0001010001101011
1100011001110100
0111111011110011
0110001011010110
1011001110110100
1000000011001100
0010100000010101
1111101011111100
1011011010010100
0110100101000111
0101101011110101
0110101011101001
0111011010111001
1110000100111100
1101110100110111
1100010110110010
1101100110100110
0111000010101000
0010110000110010
0011111110110010
1011100101010100
1011001101111010
1011010111110110
1110001001100011
1100001111010000
0000110100111110
0010011011001101
1011100101010011
1101111111110100
1111100000101001
1000011101001101
0111110001001110
0100100110011001
1101101100100110
0010000010000110
0000010100001010
0000111100101010
1111110010110000
1001000011110101
1010111100100110
1011100111100101
1111001100000000
0011010000100100
1011101111000110
0101101010000001
1111110011010000
1100000111110010
0110010011000111
0011100111111010
1011111100101001
0111110011001000
1011111000100001
1100100111000011
0110100100110001
1010011110010100
1010100011110110
1100011001100000
1000010101110011
1110011010100101
1011001011001101
0010011100011110
1001100100111100
1101010010010010
1011010111000001
1010001100001110
0101000100001001
0010001001111110
1100111111000100
1111111011001100
1001011101110010
1010010010011000
1111110111110010
1101100000010010
1001100110000001
0010110101001100
1100101000001011
0000011111010000
1111110001110101
1101001101110101
0110111100100011
1001000100111000
0000111010001000
0001111000101001
1001110100110001
0011001010111101
1111100010101000
0111111011100100
1100011110000000
1100110010001001
0110101000110010
1101100011010010
1100011101000001
1100000101110011
1110110011010001
0100000110101011
0011011100001100
0111000001111010
Time = 1.562s
