n = 16, k = 7, l = 2, m = 3217
Expect Resample Times = 0.366816
Result:
0110001100101000
1011110111011011
1110111100011111
0001000110010101
0100000100010111
0000110100011110
0010011110000010
0000101110001001
0000111010001111
0010011010001010
0100000101010000
0111000110110001
0101011001001111
1100011011111010
1111011001100000
1110111101010101
1001000011110111
1001011101000111
0110010011110001
1011000000010111
1001100000111100
1101011000100110
0101010110101110
0001100111110100
0111010100101001
0000101011100010
0100011100011000
0101011110100001
1010101000100100
0111100011000001
1111101010011001
0111000011111101
1110111111110110
1100110010001110
1100000100111011
1101100100100111
0001011110010011
0000000001010110
0000110011100100
0010100100000001
0010110101001110
0010110001111100
0011111001110000
0011011001001111
0000010001110100
0100101110110000
1001011100010001
1100000000100101
0011010000001011
1100100111110111
0101111011011000
1000001000100101
1001100011000110
1110010100000001
1110000110111110
0000001001011111
0110100001110010
0101111110100010
1111001111000011
1011100010011101
1101111000111110
0000100011011010
0111110100100110
1110001001011101
0000000010101010
1011011110000000
0101011111010101
0010001100001001
1101101000011111
1010010101110101
0001001001100100
1101001010111001
0100000110100110
1111101001001000
1011011110101010
1001101000100001
0111101111111110
1010111011000010
1110111001100000
1100000010101010
0001111110101001
0110001011111110
1100001000100010
1001011011010100
0110000100111000
1101011000111001
0110011001010110
0110001001000101
0011110011000011
0001110010110101
0101000000100011
1000001111101000
1000001101110100
1101111010100101
1010100100011111
1100011100111111
1110111100000010
0110011001101010
1111111001000100
0001010110000000
0101100011110011
0101000001100111
0011111100010101
1010101001100100
0100000100010110
1110010110010100
1101100000101000
0010100100011111
0100001000111001
0111111110111000
0111000100001110
0111110101111000
1100111101111000
1010110010110001
0100101100100110
0010000010001010
1101100000010100
0110001011000111
0100101011001010
0000010010101101
1011100000100000
1000010010100010
1110111101100011
0101011000101000
1000100110001100
0011110101110100
1110110010000101
1111100110100001
0000110101011111
0010111001001010
0110010011011011
0010100001000100
0011001000110001
1101101101111110
1100111101101000
0011111011010010
1010001011111011
0001110111001000
0000010010011111
0011001110111110
0111001010101010
1011100100110001
0111001010011011
1010001101010010
0010111001111101
0011010011011111
0111110110111000
1110100010000111
1111010011000011
0001001011110110
0010110101100110
0111111101101100
0111000011110001
1010101001011111
1110010010110011
0111000001101011
1111100001111011
0010101111110000
1101100000110011
0000101110011110
1010100101110010
1000101111001001
1001110110001000
1111001111100100
0010111110000110
0001001000011101
0110111100101011
0010000011100100
1000111000010110
0111010000000100
1101001111111100
1110110010011001
1001000000101011
1101111001110100
1101100000111001
1100111011101001
0000010110011111
1000000101100110
0100010001000101
1010000000011011
1010101111110111
1011001000111001
0000010110001000
1011110010100111
1011101000100011
1000011011110110
1000010110101000
1111000011000110
1011011100100001
0011000011010111
0111001001000111
1111000001110010
0011111111000100
1000101100011011
0010101110110000
0011111100100001
0010111111111111
0101101000001010
1000100011010100
1101000100100110
1110110110010111
0111110100011110
1100001111101000
1111100110000101
0101101101101110
0110001010000010
1001010101011101
0010110001111111
0111100011100111
0001010111100100
1100100110000001
0011110001110000
0011110101111111
1111100001010111
1110001101110110
1101011010000111
0111110000110011
0111011110011010
0001111111001011
0010101111100100
0001100010101101
1010100101010011
1111110000000001
1100011110010000
1100010001111010
1110010010111100
0001010100111100
1100000010000001
0010101110001011
1110101001100010
1011101010001100
1001010101110110
1100011011000001
0010101011011010
1111110111000001
1000001100111011
0001010001101000
1101011111010011
1001111110100100
1110001101010101
0111010011100001
0010011110110011
0101000100110111
1000011110001000
0000011101001000
1011111101010100
1110100100110000
0110011011101101
0000101100110111
1100011101100000
1001100010000101
0011001110110101
0010011001101100
0101000001011110
0110000001110101
0011101011000000
1100011001101010
1001011101111110
1111111010011000
0111000010011000
0100010101110001
1011110000000001
0001101110000000
0010001010110001
0001101000101011
0000100110011100
0111110010001001
1010011010111000
0100000011010111
1010000110011010
1010110010000110
1010010101101100
0111010101111000
1110100010101111
0111001110010010
0101010010110101
1000100101100011
0110010000100101
1100000110011100
1000110100011111
1010000101100001
1001100110111110
0110010101101100
0000110011010110
1111100110111111
1011001100011110
0000101111101010
1111011100000001
0110000010100001
1011000001011100
1110011111101101
0010110111000110
0011010001111101
1000111011100001
0001110000111100
1000000001111011
0011101111101010
1101001011011010
0010010000011010
1111100100100100
1000000101101011
1111100000111111
1000010011001000
1101101100101101
0001100010011100
0101100000010001
0101110110011111
1000011100101100
1010011001101001
0010111101000100
0010111011100110
0010111110011011
0111011000100111
1011010011011111
1010001000001000
0100011010101000
1001011111110100
0110100000010111
0101101110001011
1010010010010111
1000001001100111
0011001011011011
1011010000001100
1010110000111111
1101111100111100
1011111011010111
0111101011011000
0010001000100111
1010110101011001
0111011100100010
0100010011110110
0110111011011010
1111101100101110
0100011101101110
0011110101000001
1100100010011000
1110000110111000
1101110001110111
0110101110011101
0101111101101000
0010111100011100
0011011111000010
0100110101101111
1010001110010000
0010110001110000
0101111011001100
0111011010101011
1010001001001111
1111100110001110
0011011000010010
0000101001000001
1000011100100100
0010000010011010
0001000111111001
1001100101110001
0110000011101010
1010001101010010
1110100010110110
0101100011011110
1001000100010000
1010011101001110
1110000000001010
0111000111001001
1101000000000000
0000011111010001
1100111111101001
0011111111111110
0110111101001111
0001010110011100
1000000111101000
1001010110100111
1101111000110001
1111101010001110
1111110011000011
1100100100101100
0001001010110000
0010101100011010
1110100010001011
1101101001011110
1000010011010000
1110101011100110
0010001111111110
1010011100001100
1000111100001110
1010010111011101
1110000001101111
0011000111101101
0111000101011011
1111110111011010
1110011101000111
1111001110001011
0010111001100001
1100110101011111
0011011110100011
0111001010001010
1010001001010100
1001010001010001
0000001010110100
1011010111110011
1110111010000000
1011101000111111
0111100010001011
0110101000111001
1010001000100010
1111000000101101
0101001111010000
0110100000111011
1011000001110010
0111111100011010
1111010000111011
1011000101010111
1000001001001000
0101100000001100
1010100001010001
0101010111101110
1100110100011101
1010100100111011
0001011110101000
0000001100100010
0111111001110111
0000101111010111
0000111100111011
1011001010010110
0101100111011101
0111011101101000
1001000010000001
0000111101101100
0010000100101110
0100110110010101
0010110011110101
1110010101000001
1100010011110001
0100010110111010
1111011000011111
1011010000011110
0101000000110100
1001011110010101
0111011101110101
0011111110111111
0111110000001100
0110110010100011
1011001111000001
1000000011111000
0000101111001001
1110101000110001
0111100100110101
1011001001011011
1010110111011011
1100101011010110
1000111001010001
0010100100010001
0001000011000010
0000010110010001
0111010000110110
0001111111100011
0011010000101000
0010010101101011
1010101110010010
1010011100110010
1110101000010011
0110111110111111
0000001110101110
0110000010110101
0010100001010000
1011000010011001
1111111111110101
0001111010100010
0011111111001100
0100101010000111
1010110011111101
1001111101110101
1011100100001011
0100111110000100
1110001101110001
1010011010011111
0110010000100000
1000111000011001
0001011000010110
0111101010010110
1010100111010111
1011111001000001
0001010100111100
0001010111011010
1011001110011110
0010111011000111
0010010011000110
0100011011101011
1011000000111110
0110010101011001
1011000011101010
1001010110101110
0111111110010000
1010101101001000
1111100101011111
0000111101101101
0111001111000100
0000110011011110
0010001110110111
1110001000011110
0101001011000000
1100000100110000
1011100111000010
0011111011111001
0110001110010101
1001100101111101
0111110011000111
0000100100011000
0100100010100111
0101001011001010
0000010110110111
1110111111111001
1101110110100001
0100000000100001
0011100111110011
1000011111001001
1101110100111110
0000010011111001
0101011100111000
1010001101011101
0011011011101101
1001011101001110
0000000100010010
0110010011011011
0100001011000001
0000101101100000
1110001100011011
0001101010110001
0110000010011110
1000100011100100
0110101011010011
0101100100010111
1110011000111110
0110101001010110
1100011011110111
1111110111001000
0010011010110100
0001100101100001
0100100101100010
0100110101100000
1000010100010000
1000111111100011
1011100100011100
0010011111000010
1101110111100001
1111011010001110
0110011011000011
0101000011011001
0001000000010111
0010001011110110
1001111001101011
1100111111100111
0110100101001011
1001110110000111
0110110011010001
1000001110110011
0110111110101000
1110110111011010
0011010100101011
0000001101001110
1101011110110010
1010010101001101
0100001011101010
1111100000011011
0101011111010000
0001110110011100
0111011101011111
1110110001001011
1000010010101110
1001010101110111
0100111011011001
1010101100111011
1011101000011000
0010100000000011
0010000010110101
0000011001100011
1100001010111011
1110011100111110
1010100000000011
0110010010010101
0100000010010111
0000011000110111
0000010111110010
0110101000000100
1110001100001000
0110000111110101
0101011111111100
1110101010111100
1101000111100001
1110101000110010
1001110010010100
1101011101011101
0110010010011111
1000100001110101
0010001011100000
0110010111010010
0000101010111000
0000000001101000
0010110101100110
1111111110000110
1011010100111000
0101110000110001
0111110010010110
0101011111100110
0010000000010000
1111000011001001
0001011101110001
1001000100100010
1001011100010010
1111001111110111
0011011001010100
1110101011000110
0111001010101100
1101001011110111
0110100000111110
1100011010110101
0011111100001110
1011001010101011
1011111000100010
1001011001010111
1100001100100110
0001001100001101
1100001001010011
0000110111100001
0011101010101111
1010100011110100
1101001110111000
0011010001111110
0101100010111111
1000100001000111
1001010010011100
0001111101110101
0110111000111001
1110010101010100
0100110010111000
1101111001010101
1111100010011011
0100101001110100
1111100000111101
0000101000110100
1011101111011111
0001001110101001
1100100110100010
1000111111101111
0000101101010111
1110111010100001
0000001101100111
1110101100011010
1011000010000000
1010111111110100
0011011001111110
0100000000110001
0010001010111110
1111110011010001
1011000010110101
0011111101110111
0111001101110011
0100101000110010
0111011011101001
1001110100101000
1111111000010111
0111011101011110
0011111101010111
1101000001000101
1001000001001111
1101001011111000
0110000110000010
1110100111110111
1011000001101101
1011101011011110
0001011111000011
0101111101111011
1010101101101100
1010000111110100
1111101010001110
1000100010110000
1000001101011010
0000011110111111
0010001010001100
1111001001101101
1010011111010010
0100100111110001
1010011111011100
0111111110010101
0100101100101111
0000000010100111
0001011100001000
0010101010000110
0001000100101000
0011111110001011
0111000011001010
1101000100011110
0111000110101000
0111110011101011
1111111001110010
1011110010100110
0011111001011010
0001010100011110
0110010011100000
0011110111010100
1100011110101001
1101111000101010
1101001001011100
1111001110111111
1010000101100111
0110000100001001
1100100000001110
0010101001010010
0010101111000011
0111011111111011
0100110110100001
0100001100010011
0001110010000011
0110111111010101
0000100100001000
0011111111101001
1010100110110100
1010001010101101
0011000110010110
0111001001000100
0001110110110001
1111110011010001
1101111001010011
1011001110110110
1110101001100000
0001110000001101
0000011111110111
0110011111110011
0100001101011000
0101011110010101
1010010000000001
1110110100111010
1011111100010110
0001001010010100
1011101110100010
1000111101111110
0011110101110111
1001001000100000
1011101000100111
0010111111000100
0001010011001111
0011101101111000
1000101001010111
1100111110101011
1000011110001011
0101101110000010
0001010001011111
1000110101001101
0000110110010110
1110011000001010
0111011011001011
1100110010111011
0111010110100011
1000101010011111
0011100000100001
1111111101000011
1011011011001101
1011010000001100
0111100000011010
0101001010101011
1110100100101001
1001001101001111
1110100001010010
0011110001111101
0011010011011010
1011100001001011
0101010001000001
1011010001000001
0001101101011011
1111000101111001
0111001111001110
1100101000001011
1101100100010010
1111000111010101
0110101111100011
1011010000001111
1010001011011010
0011110000001000
1010110110000000
1100010010011100
1011001111111111
0101000000011011
0001001111011010
1010101000101100
1001111110011001
0110011001101101
1111101101011111
1111101001100101
0010111110000111
0110110000010101
1110000000000010
1101101101110100
0110010011101011
0001011001100110
0101000001000100
0100110000100001
1000000000100010
0011111101010011
1000111011000100
0001110100110000
0101110111000000
1010100111000001
0010010100101101
1001111110010010
0010110001011111
0111011010001100
0010110100100001
1001000001010001
1111100011111111
0011111110111001
0100001011000111
1001010000010110
1001000000100001
0011010011111111
1001101101100101
1010011101011010
0110110001001101
1001000101001000
0101110101101110
0000011100110011
1101000011001100
1100100110110001
0101000000010101
1101010010111100
0101110110000110
1110000011101110
0110011010110100
1111010010010010
1011100000101000
0101010000010010
0100101011000111
0000111000101100
0110110100011101
0110111100101100
0100010011111000
0001001001110101
0101111110010010
0010001000000110
0000101011100100
1100111001100000
0110010110011000
0010010000010001
1010110111010010
0100010101101011
1111011010100111
0101101100100010
0010000101000101
0011100111111011
0011110110101110
1001000000010010
1110000001110001
1101101010101010
0011110010110100
1011100110001111
0000000010001010
0000110010100000
0001010110100100
0110111111110010
1111110101001101
0010110001100110
1011111001110010
1101110000001011
1110011010101111
1010000111001000
0100010101101111
1010000001011101
1101101010101001
1001111000101110
1010101001101000
1100111111110010
0000100010011110
1001010100110011
0001111011010101
0110101011010010
0010011111111110
0100010111010000
0001011101000100
0010011101010010
0100000001100000
0000111000100000
1110111000100011
1011101111000010
1001000110001000
1001110001011010
1111010101100111
1001001010000001
0010000011011011
1010100110011111
0010010001011000
0101011110100111
1000111010011010
1101010100011111
1000001111110001
1010110011001101
1100010011101100
1111111111001111
1101001001110111
1110011100000100
1010110101111111
0101011000110111
0100110001010011
0110011000000001
1011000001101110
0100110110100000
0111101010010110
0101101000111000
1110000001011101
0011010101000011
1101011000111000
0000011110010010
1001000001100101
0100011110000111
1011011010111111
1100100001110011
1110101110000001
0100010110001010
1110011000010101
0000100101111011
1010100101010011
1000101110111000
0001000111000001
0110100000100101
0111000001011100
0110000111011000
0110000101111110
0101111000110010
0010000000010100
0100111101001010
0001111110000011
0000100100111111
1100001000011000
1110100011000100
0111110010011000
1101010101010011
1000110000110101
1001100010001110
0011101111001000
0110001101001010
1111100101001000
1100001110111100
0110011101011001
0001111000101010
1100100111010001
1001000110110001
1101001111000100
1011111011111001
1000001011111110
1001010010101111
1000101100011011
1010100010000111
0111000110001000
0110110010001010
0100101011101111
0011110010011011
0110111010110011
0011010010001111
1100000101001111
1101111111101000
1000100010011011
1100110110110000
1100011010000101
1110011000001111
0110110101100001
0110011010000110
0111110110010111
1011011100000101
0111101110001101
0000100100011110
0000111001000001
0011101100001011
1111011001001001
1010000011110000
1101101011111100
0000111111100111
1111001101100001
0100110010001100
0111111110011101
1101010011000111
0100110000110101
0101001011110010
1100000001101101
1111001011111001
0000001101100000
0100101001011000
1101100001000001
0001110110110111
1101001011000000
0000110010110011
0011010011101110
1111101111110110
0101010001011010
1000010010010111
1000010100010000
0000011100100111
0100011101010111
0001001011000000
0011001101001011
1001000011001000
0001100110001111
0000101000000100
0110101100000000
0111110111010001
0000010000111100
0001111010011000
0010110110000011
1100111010111011
0010101110011001
0000111000010101
1000101010101000
0100111100000010
0101111011110011
1000010101010001
0100100011101111
1001100001110010
0010010101111111
0011101110110001
0111001001101001
1100110100001010
0110010001111000
0010011010000100
1001011110111000
1011110000010011
0101010011101100
0010110110111110
0110110100111101
0101001001110110
0100000110111110
0011000010101011
0000101000000010
1011110011000101
1011001110001000
1001101100101110
0100010111111100
0110000111110000
0001110000001111
0100101110111110
0110011101110100
0111001011011101
1100011100010100
1111000011011001
0001000110100001
0100001101011100
0101100001011011
1011111001110111
0000110101100110
0001111000110110
0100010111001011
1001110011111010
0010111110110101
1001001000111100
1110010110111011
0001100101001100
0111010011010110
1011001010111001
1101001110011000
1000100101001101
1110000100001011
1011011000001010
1100001111011100
0101111101100111
0111011000110100
0001110111011110
1001001100001001
0100001011011000
0100011010101010
0111110001010011
0101101011100100
0000111100000110
1000111000001001
0101001001110010
1110100101100110
1000001011110010
0110011111111011
0111010010011010
1001101010111111
0010100111110111
0011110110100110
0110100100011110
0010101001000001
0101011000011100
0011110001100001
0101001000001101
0101011000101111
1101110110001000
0110101000011100
1110001110000000
1110001110110101
0111100001111110
0101001110010011
0111000000010110
1010110110000010
1111110100010000
0000000000001100
1011000000101001
0001111100011111
1010111001100011
0000000100010010
1001111010111011
1101111101001101
1101110001011000
0010101100001011
1101111010101001
1101101111000101
1111100111101100
1000011010000100
1101101100101010
1110110010000011
1101001011101011
1110010111001100
1011011110111111
0010010101000110
1011000100001011
1010100011110111
0011111000110000
1011110100001100
0011110010010100
0001000010101100
1111010101011000
1111011110010001
0000101110000100
1000000011110010
1001001100111100
1110001101100000
0100011000111010
1010010111010111
0110010110000000
1010100011111100
1110011000001001
0100000111100000
1111111010000111
0010100011010101
0011000101111000
1111101101011000
1010001111110011
0000100111101110
0100100111001110
0011100100101000
1110010011111111
0101101111010101
1100111100111010
0100001111111110
0101001011010100
0000011000110100
1111100011111011
0111010000001001
0000001101010101
1110001111011110
1111010000101011
1111101101001100
0110000101101110
0000111000011011
1101100110100101
0011000111101110
1111001110001101
1101011101101100
1110011111001101
0100100010010000
1001100001111001
0010010110010111
0100111010100001
0101010001000011
1011101111001001
1110001001110000
1011001001001101
1101101101100110
0111001010001000
0100110010101101
0011011001100110
0010010110001010
0010110111100100
1100011001101100
0111011111111100
1110111101001110
0100110111000001
1000100011110001
0101011011011010
1100011000000001
1111111101001100
1100101111011010
0110101101110100
0001110101110010
1011101000010110
0110101111110111
0101011000110110
0001000101101110
1101101111010000
0000011101111011
0000100011010100
0111100111100001
1011010110001011
1101011010110010
1010001010011111
0100010101001011
1111100100001100
0011011010001101
1001011110010011
0001001001011010
1010101111101011
1010100011001110
0010010101100010
1000111111110101
0011111011001101
1011011101001110
1010010011111000
1101101100011100
1101110101111110
0001000001011011
1101101001011110
0111000100110010
0011010101100101
0010011111010001
0000101001001001
1111011101111111
0110100010110010
0101000011110100
1111110010000101
0100011001101001
1101100101100100
0111001111001011
0000001010011101
1100010011110011
0010000101000110
0001101011111100
1101101011001111
1011000101001110
0111010011010000
1110010001100100
1110111010110100
1000111011101011
0101110111100110
0110101011010000
1110001001111011
0001001011101000
1111101110101001
1011101011110111
0010011001010110
1101101111111000
0011000000010101
0101001001001100
0101110110011111
0101100011000001
1001010000110110
0111111011100010
0111100101101011
0011000100100001
0111100011010010
0110000001001001
1101000100101100
1101011011111001
1001101111101001
1010101111101001
0111010011110011
0101101110010000
1100010110100001
1101110000000111
1100111100001111
0000010100001001
1111111110101110
1100100100101010
1000001100100111
1000110101100010
0111100000000011
0010001110000110
1011000111110000
1100000011100110
0100111001110100
1011100001000000
1100011101010000
0111110011011000
0100110011010010
0111011101101110
1011001100010010
0100000000010111
0010110101011101
0001101011011011
1010110101100110
0011110100001011
1001110011101111
1011110100111010
1000110110101001
1010101100000011
1011100000100000
0000000111010001
0110101011000100
1010000111010101
0110010100011111
1011011011100101
0111010011010001
1100000000010111
0110110000101111
0110001111010000
1010010111010100
1010000000101101
1001010100101001
0011000001011110
1000110011101101
0101110001110011
1011101101111110
0000100000111010
0111101011101101
1111100110000111
1011011010011111
1110101111100110
0110111010110110
1111111101110011
0100010011000011
0111000100010110
1100010001111000
1110010110010101
0111001001111111
1000000001010001
1010011001001010
1010100101101011
0101011111111101
0001100110111110
1001110000011101
0001000111111011
0100101110101000
1001000010010000
1100000100111001
0100111010110001
1110000011001010
1100101111001100
1111011000001011
0101011110010011
0011011111111100
1000111001000111
1100001011000010
0101001010110110
0010100110100000
0111001100000110
0110111011010011
1111100001000001
1001011101111110
1001001011011100
1011001111111100
0011000100100111
0101100000000011
1100101010010111
0000111010110001
0010011100010110
1001100111110010
0100001010011111
1000111101100000
1111101010100100
0001100111111011
0011000110100111
0011001001010101
1100011010111000
0101101011000100
0100101110101001
0111000011100011
1010101001011001
0000111101010101
0101011111000011
1110110101011110
0011011011100001
0000111010010110
0100001001010000
1001111000000111
0100011000000101
1011000101010111
1110011100011000
1011000010010010
0000110101111010
1101111111101100
1001111110011111
0010110000011011
1001101001110001
0101101000000001
0110011010000000
1110101010010011
1001111010100001
1111101001011110
1111001100001011
0110101010101110
1000111000111101
1111000001001001
1001110110001001
1001001100011011
1010100100111101
0111110011010101
1001000010011111
0010100101000010
0100110010001100
1110001000000001
0100010110000100
0001011111100000
0110001000101001
0000010111000011
1001001101001111
1001011010101110
0110000111010110
1011010111100001
1101111001011100
1111100011011100
1101100000111001
1010001011010010
1001110101111011
1011110000110011
0100111110110110
1011110011010100
1011110100101010
1000001110101010
0101011000100011
1111101011110000
1101110100010011
1011011000000011
1000010101010011
0000011101111100
1011010110011101
1010010000001001
1001100111110111
1011110111000010
0101100111110110
1011011101111111
0110011001101100
0100001101001111
1000100011000110
0110111001100100
1011111010011101
0000110100010011
0100111110101010
0100001010110011
0001011101111101
0100001111101101
0011110100110110
0010110010110100
1011000011001001
1100101101000110
1010010011100110
0010110110100010
1100000100111100
0001000100101111
1011000010101010
0001011000110111
1000110010001101
1100001100111010
1110001011000001
1010011110001110
1111001100101000
0001101100001110
1001100001111010
1100010110100001
0101110111110000
1001100100110010
1000001001100010
1001011101011000
0010110010000100
1101110110110100
0111101101001001
0101000110110000
1100011101001000
0001110001111010
1110101101010100
0010111001011001
1111110000001001
1001101000011010
1001111101110100
1011000010111101
0011111101111111
1001110111000110
0000111110010000
1011100101110100
1101100110011111
1001101011100000
0101100111110001
1001001001000111
0000101011010100
0011011100000101
0010001101011110
1010111110100101
1010110111011110
0010100100011111
1001100100010101
0011110001011010
1101011010111110
1100111110011011
0101110001111000
1110010100111111
1011111110110101
0001100110000100
1111010001001111
1000011111101011
1100000111001011
0010011100000011
0001001001110110
0101011010001001
0111001010010110
1001000101101110
0110000110110110
1001001011010111
1100101100111100
0110100111111110
0010011100100001
1011011011011111
1111010100001101
0010000010101101
1001110001001110
1001111100110011
1001010001111000
1000111111001110
1111110011001101
0001111001011001
1000110100000101
1000010010010011
1100000100101001
0100011110001011
0011110001110100
0111111101111101
0110000100000111
1011101000111100
0011011011010001
1100100001111110
0100001100011111
1110001000010111
0110111010000110
0001001100100100
1101111100111010
1110101000010101
0000010111001100
0001111111011001
1111101111001010
0110000110110111
0000111111111100
0000110111110001
1000101011100111
1101011001100100
1110100111001011
0000111110111011
0111011111100000
1010000000001100
1110100110001101
1010010010110001
0011011101010001
1011110100011110
1110001101000100
1001010011110101
0110000110111000
1000010011010011
1110111111001011
1100100001111001
0100111000111001
1111010111010100
1100101000101100
1110010001010000
1010011101100100
0111011010101010
0110000000011001
0000000001101011
0010100011010010
0001000110101100
0011011101010000
1010001010101111
1101110101010111
1110011000111111
1011111000011000
1001110101000010
0101001010011111
1100110000101101
1000111110000101
1110101010000100
0000011011000111
1010011010011001
0001011010101001
0001011110101011
1001110110010000
0100110010110001
1001110000000101
0101111111100011
1010011011111000
1011000110000001
1100100100100110
1110111001010101
0000000000011111
1000010011010011
0010111101010100
1010101101110010
1010110010011001
1100001010011110
1100100010110111
1001100001111111
0110101010110001
1000010010101010
0101010101001101
0000010110010111
1100000000000011
1000100101101110
1001000011010100
0100001010100010
1010000100101111
0101010101101100
1001001110000010
0101011110110111
0000100100111010
0100100100110110
1100101110100000
1101011101000010
1011111110000101
0000101100100011
0110100101000101
0101111001111011
0011100110101101
1010001101001010
0000001010010101
0111010101101001
1001011011110100
1100101000010110
1011110011000001
1001111001011110
0111000001011010
0010000101000111
1101010011010111
1110011110111111
0001011010111011
1011101011110110
0101111001010110
1111000100010010
1111110111101010
1110110011100101
1101101001010101
0000110011011100
1000000010100101
0111010111000111
1111111111101101
1100110010001110
0000101110000000
0111100000000010
1000010001010001
1101000111000011
0111110101111111
0011111010011001
0011001001100000
1110101011011101
0011101011000000
1001111000011110
1100100010010000
0110000011101000
0001001110110000
1011000100100101
1000110000101110
1110100001011000
0111100111110101
1110111111010101
0101100110010001
0010110000110101
0100100110010010
1100110001101100
1011010111000000
0111111101000110
1010101101110011
0000100110011111
1011011000100000
1101111100101100
1110010000000110
1000000110100111
1001111011011011
0111010110011110
0000010010110001
0010101000011001
1110111010011110
0100011101000001
1001111110011001
1001110000101100
0011110001011111
1111011000001111
0000011111010001
0111101000010101
0111110011011111
1000011110111110
1101001111101101
0011010101101000
1100001011010110
0010100111111001
1000100100101000
0110011111100111
0100010101100111
0000011100000111
0000011111010010
1010001111000100
0000001111111010
1110111101101010
1011101001101111
0100000001110110
0000000101111101
0000000101010010
1100101010011111
1101000101110001
0010111111001100
1101010111000111
1001000110100000
1011001101011011
0010010001010001
1101011010101101
0011010111011100
1100001011001111
0110000011001100
0001101111011010
1001011100000110
1001001111100110
0111010001101101
0011010101010111
0001010110010011
0001011001001000
1111111000010001
0101101000100001
1101010001111110
1010111000101010
0000100110000101
1001010010001111
0100001000001011
1111110101001110
1101001100000010
0111000100011100
1011011000111111
0000111010000010
1000001111111010
1000111000011111
1001011011110110
1011111111010100
0100001111100101
1111110100100110
1111111100111101
0010010101010111
0110001001111011
0000111101111111
1111100111111101
0010101111011111
1010010001001110
0010111000101101
1010010101010101
0110100111001001
0100010111101100
0010001101100011
1001110100101100
0010111000001111
0100010001100111
1100111110111000
0011010111000011
0100100101110100
1110000111011011
0010000001111101
1010111001011101
1000010001110010
1100100101110101
1000001000000101
1101101111111110
0101010100110100
1010110001010000
1101010100100001
0101001011011001
1000101111110001
1110110010001110
0111110010000000
1110100011000000
1000011110110111
0110101011000111
1101010100101000
1100101101000001
0010000011001010
1110011111011001
0010000100011110
1110110010000001
1111001001111001
0010110110100010
0100001000010001
0001111110010011
0000100011100000
1001111010011110
0101110011111111
0000111010010000
0111100101110001
1110111010110101
0011000011010000
1111111101111101
1100011111011001
0010101000100100
1000101010010110
0110101101111001
0010011011010101
1100011000000110
0101111111001101
1010011110010010
1011111000111110
1100000111110110
1000111100001001
1010000111001001
0101010110011010
0001011011010001
0100111110110001
1101110011110101
0111000111101100
0110001110101011
0110110110110110
0111011001010100
1110110110100100
0011001100010010
0010111110010010
0001001100100110
0110010111001010
0100000100111000
1010000001101100
1000110011100011
0000111111101110
1101001100000101
1000111100110000
1010001110111011
1001011010101110
0110100110100010
1011011110010111
0011101010010100
0000100000001101
0111100001001011
1010000001100001
0100011100011101
0001110001010101
1000110010011111
1101011010010101
1101000111010010
1001100000010101
0011010000010111
0011010010001001
1001000001111100
0001110111010101
1100111111101011
1111000011111000
1100100011001100
0010100101011100
0010110011000101
0011110100010100
1101100101000011
1101110111010100
1110001010100101
1110001100001111
0010000010101111
1010010110010001
0101010101100001
1000010001101110
1110111100010110
1011100010110001
1100100100000111
0101000010110111
0101000111010101
1000110011111010
1100110001110110
1101001110100100
1001101000000100
1011101000110110
0111001011010001
0100001001101010
1110101110110101
1111101110111001
1011111101110000
1011111011011111
1100110010110101
1111110101101000
1011011010100011
0100011011010100
0101100000100011
1001111011001101
0001111100101110
1000101011111000
0011111000100011
0101000110000110
0101110111101101
0000111000100111
0110100100010001
0001111000111110
0010111111101001
1100010101010111
1001001101110010
0001001010101100
1101011001101001
1011110011101111
1100001010101001
1000011100010010
0110011100101000
1000100100011101
0011001100110100
0011100010110100
0110101100101000
0011111010110010
0111000110101100
1110101101101111
0101011100000111
1110111101100111
1101011111000100
1101010011010000
0010000111101111
1001111011000100
0100001011000010
1100111011100010
1011000110100111
0000011100001010
1100101110101100
0111001110001111
0110011000010011
0100001001100100
0110010111101111
1100110000011110
1000101010111111
1100010110001000
0001111000100010
1000111010010101
1110111101110010
1100000010110010
1011001000101001
1011001110000001
1010001100011010
1110100110011111
1010001001110001
0110011100111101
1010010100100110
0011001111001001
1001100101001110
0101101110000011
0000010101000000
1010010001111000
1110001101011001
0011011000010011
0001111110111010
1000001110011010
0001101000100101
0101101010011100
1110111001101101
1010010001111011
1001011110011011
1000111001101001
0011011011010110
1111011010011001
0101000101001101
0111011001110011
1000111100110110
1100100101001101
0011001010000011
0111110010010000
0011000010101101
0111010001101100
1011001000001100
1111101101011010
1101011001011101
0001100111110000
0001001011111110
1111000111111101
0010001001011110
1100100001110011
0111111000000101
0101100100010100
1101000010001110
0000110010001111
1011111010001111
0010101110111001
1010101100000100
0010000001110110
1110001110111110
1100110101100011
0011111011100101
1100101101111111
1010011101010010
0111001000110101
0011101011101001
1111011000010110
1100100111011000
1011011011010100
1011101011100110
1101010101111100
0111010100011011
1101101000101011
1011111000001100
1110000110000101
0111010010100010
1100101001010111
1111111000101000
0100000111010100
1101000001011010
1001001110111111
0111001101010000
1001010101010001
0001101110111001
0101100101100000
1000011000111010
0101011011100011
0111100000010010
0110011101011111
1001111101011100
1111100110000101
0100010000010011
1110001100100101
1001001111011010
1101101110010010
1000000111100000
1000001011100010
0100111010000111
0011111001001001
1010010110111110
1001011010100110
0010110011010101
1110011000111101
0001001110101110
1101101101101010
1101000100010101
0100001010010011
1000100000000101
0001111011101010
0000011100000000
0101011100010111
1000101001010101
0101011110001100
0011011101101111
1000111000001000
0000100001000001
0011101111010001
1011110101100110
1111000000100111
1111110110111100
0000001101110111
1100110110100001
1100010010100111
0101110011110011
0011000110010001
1110000011000001
0011011101001100
1111001001011111
0110011000011011
1100010100111101
1100010100101101
1011011011110111
0100000100110000
1000101011111010
0001111100101101
1100010010101001
0110101011100001
1001101001010110
0000001111011111
1011011101110100
0110110010011110
1011100001011010
1011001110001010
1110100111101110
0011001110011111
0110000000011001
0010100100100100
0100101110001101
0011001000010110
0010000100110011
1000001010100000
1101000110011010
1110100110101001
0000100000101111
1100001101100000
1110100111110000
0010101101110000
0000011000100001
0111100111110101
0111111001110001
1101010001001010
0010100011001000
0011010000101110
1100010010111100
1011001001011000
1100100110110010
1011111101000110
1001011111100110
0011000011101111
1011000100000100
0110010001110001
1010111111000110
0101001011010101
0011010000001010
1100000101100011
1001011011111001
0000101110100111
0010111110000110
1101011001110001
0000110010000010
1100110010010001
1001111010000100
0010110001110000
0010110111101101
1111111000100001
1010000011000011
0110000011001111
0010101000111101
0001000010111111
1010100011001111
1000111001100000
1010010100101011
0010011010010100
1010011101110011
1111000110001001
1100110001000001
0011011110011100
0011101110101011
1000110010010111
0101000011011001
0011001110010011
0101011001100001
0000010110111000
0010100011110101
0001000110001111
0110100100011001
1010001101011001
0100011111100001
1010110011010000
1011111110100011
1101010001101000
0001100101101000
1000110100101111
0101110111111110
1110011010010011
1010010010101110
1010101000100001
1100000101011100
0110011001000101
1010001111111011
0001010010100010
0010110110100011
1011010010101010
0100101110011110
0101100001110111
1011011010111010
1111001001101010
1011000011011010
0001010011011010
1110011111001111
1111000101100110
0110111100101110
0000100110011011
0010101000100100
0101000111111100
0001100010011000
0101101100110000
1100010110110001
1111000110100010
0001011011001001
0000001100000100
1111001000111100
0001111110101001
0110110110011111
1111110101101110
0100100011111101
1010000110010100
1111100011101001
0010110011101111
0110000000001000
0001110100100010
0001100111001100
1101000001000011
1001001111001110
1000001011100111
0010111000000101
0110001110000101
0001110001100101
1101011011001101
1101111010010010
0011111111101000
1100000010110000
1100101101111111
1001110010110010
0111111000100111
1011101010001111
0001101101010011
1111110100000110
1101010010001010
1111010110111011
1010011011000110
0111011110011100
1011011100101011
0011110010111000
0101001111101111
0000110100011010
1100110001010111
1001100001110011
0101100001011111
0011101010100011
0101001111001110
0100100001100100
1100000110011010
0110000110010011
0010010000111000
1011011110010010
0001111011100011
1100000111100100
0011011011000101
0000110011100111
1100110101110001
1110101101111100
1110111011111101
1110001101101111
0110101100110001
0100010110110111
0101001010010001
0100111100111011
1111111110010100
0110001010011101
0010110001111000
1111110001011000
0000000011111011
0000111010100010
0011000100011010
0011111100111001
1111101001101110
0101100010011111
1011101101010001
1110101010110100
0010000100101100
1111010101111010
0010000111101101
1111101010110000
1001010001000111
0010101011100101
0011101001110000
0100011000101100
1111101001010101
1111000000011110
0011111111011011
0111100010110001
0000100111010101
0011101100100100
0001110011000101
0000000000001111
0000000110100111
1100111011110000
0110011001110011
1000000010111011
0110100000011011
0010011000010011
1000101001000010
1111100101110111
1101100110000010
1000101000100001
0111101010011000
1100010001111000
0010001101010101
0110110100011111
0010010110100111
1011111011111010
1101111010001101
1110100110011101
1010110110110100
0110011101000011
0100000000101011
1111100010000100
1101011001110001
0011100001101111
1101111000101101
0110011000101111
1010000001100000
1110000011111010
0000001111110101
0011001100100100
0000001001011111
0001110001001011
0111011000000011
0111001011001011
0100001011101110
0001101111001000
0010011100001011
0100101001000111
0100000100100001
1100111000101001
1011100101010100
0011111011110011
1101001001100100
0111110110111101
0101000000101000
1101101100110100
1001100100101011
1010011001000010
0010110110110110
0110001001000000
0000000111111100
1000100100101011
0001101111111011
1011100110100011
1010000011100000
1010110100111011
0100110011111101
1111011111100000
1100110000101111
0010000110110011
1000010100011011
1001011100110111
0011101110110100
0000100101011111
1010110010011010
0101111001011001
1011010011011100
0110111110110101
0110010001101001
1000001110101011
1011001011001010
1111111011000101
0010001001011000
1010011111011110
0111010100000110
1100101000110001
0111100001111010
1010110001111011
1100000110000110
1010101010011011
0011110011001110
1011111001100111
1111100000001000
0000010010000101
0110111010011000
0100101100110001
1100001010010011
0111110111101000
1001111100010010
0000000100110011
0101111010011101
0101000010011100
1100101000101010
1100001111000010
0110110001000101
1110000110110010
0001011110000101
1111111111101100
1111100110010011
0000110100101000
1100101101011001
0100011110100010
0001010010000011
1000000110111011
0010011010111010
1010101011001010
0001011100110110
0110001101110001
0100001111110001
0100101001010111
1100000111111011
1110100000100001
1010000010001000
0010000110111101
0011010000011010
1001110101100000
1101001111100000
1011011110010011
0010011000101110
1100010011111101
0001100000011101
0110011011111100
0100100101101100
1101000110110000
0000101010100101
1111110011110111
0101001110011011
1110001010110111
0110100110111001
0011101101110111
1111110100101100
0111010000001110
0001001111000110
1000011010111111
0110011011011000
1010101100010001
0001100001010000
0101001011101010
0001111010000001
1000101010011100
1010010011110101
1110101000101111
1111101110011100
1010100001111101
1011011110001101
0100010011100000
0011010111010000
0001001101011001
0010000111101010
1000001100101111
0001010111001111
1101000110000101
0100101110010010
1000111110011001
1100010011000101
1011011010001001
0110011100000010
0011001011010100
0011100010100111
0100111101100101
1100100011001111
0110000011110101
1101111010110111
1110011101100110
1001010101111011
1100001000011101
1100111011111110
0011001100110101
1001111110111001
0001100111011111
1111110101100101
1010001110001000
0110001011000101
0011101110010011
0000010111110010
0110111011100011
1110111110001000
1111010111011101
1100011110100011
0110000001000101
1111001111000101
1110001001011110
1110110010111001
1010101100001001
1011101101000001
0101101011011110
1011010000000010
0100000001111010
0101100110111000
1110100100111011
0000010001010001
1001010111000000
0111010011001001
0101101100011100
0000011101110111
0010111110100000
0110110100001000
0111110000011001
1001011101100000
1010101101010010
0101100001100110
0001111100110000
0011011100011110
1111000101100011
0001010001010011
0011001101111110
1000000011101000
0100000110100111
0010011101000111
1011100110011011
0101111110000001
1100001100110101
0001100111111000
1011010000001000
0011000111001001
0010000000110000
1110110110000100
1001100101001110
1100110001100101
1100001001100000
1101111010011110
0100000101111100
0001001000001110
1110000010011010
1010001000111101
1110101100100110
0010010100011100
0110011001010111
0110101010101011
1011001011001011
0100011101010011
1011011110101100
0010101111000000
1111110101000111
1000001111001000
0110110111101000
1010010000010010
0101011000101111
1100011001001101
0110100110001110
0010100010000000
0011011110000001
1000111111110101
1011001001101110
1100100000111110
1011011001111101
0100101101110110
1111111110001110
0101010000010110
0001100110011000
0111100111011001
1001001110110001
0100110101101010
1111111001000010
1011000011011011
1100101110111001
0000100001011100
0001100000110101
1011110011101011
1001010010010000
0001011110011101
0100001001001110
0010001000010000
0000010110110110
0101011001100000
1100110110001001
0110000011000101
1011001110110011
0111111110101001
1111111011010111
0110000001001101
1100010100010110
0111100101110000
1000101000111000
1101101011111101
1100101111101101
0101110010000110
1101011100110001
0101001001110101
1010000110111010
0001100011000100
1001111111011011
1001001011111100
0100101000111001
1011111110111001
0110011011110111
1001110011000010
1010111101100111
0010100111101101
0110110111011010
1000101101111010
0110110000110101
0001101001001101
1010101101110010
1011110100100100
1011011111010000
1010000011000011
0011110000101110
1011101100000011
1111101111111010
0001011001100111
0111101111011101
0001010010100111
1011100001000011
1011001111101101
0101101010011110
0010000111001100
1110110110000001
1000101010110111
0100011100100101
0100010110110000
0110001000110111
1001001011011101
0011000001111011
0111001101111000
0111101001010101
0001110001011101
0010000000111110
1010110100000100
1001010011101000
1110001011010101
0111011000010110
0100100001010000
0011010001000100
1110110011101010
1101111110011011
1110010010000110
0010011010000011
0111110100010011
1001000101000001
0001011010001011
0000110101000000
1100010010011001
0011101111110001
0000000011101010
1000011101100010
1110111101110001
1110101000101011
0101010100100110
0111100000001101
1011110111111110
0101111000100100
0011010010110110
0101010001010101
1011011010100011
1100100111111011
1110000100010000
0111010011000010
0111011100010000
1100001011100010
0110111011111010
1011001111101000
1111110000110001
1001111000110011
0000111001100000
0010011110010101
1101100010010110
0110101111110101
1100111111011010
0000110100111010
0100011110111001
0000001111100000
0000110100101111
1101101010110010
1101001110110001
0010001000100001
1001010011100111
1110010110000110
1100011100101000
0000101101111111
0111010011110101
1010100010011110
0011111010011111
0100111110110100
1100110000100111
1111100001000001
0010001000001101
0011111101110000
0101101111100001
1100011111011110
0011110010001001
0001110100110111
0010101010111100
0111010001000001
0010100010101001
0101011110101110
0101101000001111
0001110101111011
0111100000001011
1000101011001010
0110011101111111
0001101011100010
1001111010101110
0001001011100110
0111111100010101
1111110110100101
0010110111011011
0001001011011111
0111111011010001
1000010011100000
0000110110110111
1101101110111000
1001111100110110
1000110011010101
0010011111010101
0101001010110010
1111110001000100
0100000010111010
0010011011111100
1001011010100010
1111010101101011
1100101000000010
1010100110000000
0011010100110101
0010101111101011
0100011101111010
1100101011010110
0000110011010111
0010110111110101
1101001111001111
1000011001101010
0111001111101010
1000011110000010
0110100000111110
1100011001001010
1100001001011001
0010110001101101
0001010001010101
0111011010011011
1000110011010111
0101010001101101
1101110001011001
0101110001010100
1100101011000000
0111110001111100
0110100101011110
1001101111101000
1111011000101011
0111000101010001
0100010110111001
1110010000111011
0101000100010111
1010101010000011
0111100111001010
0100010011101010
0101101111100100
0000001100010101
1110100010000011
1101101001011001
0010000001111011
0010111110100010
0101010111001110
0010100010100010
1011010011000000
1000001101010011
0110100001100000
0011101010000111
0111101011100100
0101000110111110
1101101110000101
0000010100100010
1011110011000101
1111000001000011
1011011100100001
1111011110010111
0010011111110001
0100000010100110
1010000111110100
1110101011100100
1111001100100110
1000101010110101
0001111101010001
0011010110011110
0010101110110110
1101010001001111
1101111000000000
0101100000101001
0110111111111110
0110101111101011
1110100010010100
1000111011011100
1011000010000100
0101010110111000
0100110101101110
0000111100101100
0110101001001100
1110100110000011
0110001110101101
1010011110010110
1101100100101001
0011001110100111
1001110111101011
0101000101101011
1000001110101110
0001000111110110
0000011110100100
1100010001111101
0111000010011001
0011111010111001
0101000010101111
0011111000001110
1110111111100100
1110010011000100
0111010000111100
1001111110110100
0000011111001011
0100000001100101
0000100111100000
0101101100110010
1101101001011011
0111000111110111
0111111100000011
1011001000011000
1110110000000100
0010001101101101
0010110011110111
0011010010111010
1000100001011100
1001101001111001
1110101111001100
1100011001110110
0101010010111111
0000101110000001
0110101001111101
0100111111001100
0010101101010001
0010010011100110
1001000000011011
1010111110100000
0001110001111101
1101110010110110
1010100101001001
0110000000101000
1000010000000101
0000010000110001
1001001001000101
1101101101010101
1011001110111110
1001100110111110
1001000111001001
1101000100000110
1000010001011110
0101001100010100
1011000110100011
0111001001011101
1001010000011101
0111010001000001
0111001100110000
0100110100000001
1001101000101011
1001001100000011
0110001010011001
1110101110111110
1000110011000101
0101000001010110
1010010001110111
1011011010010000
1111010001111000
0110100000010101
1010000010111100
0000110010010000
0101101001001101
0011100101001001
1111100010011110
1001010010000000
0110001010011010
0110111111101111
0001000111011010
1101000001011000
1111001111110011
1011110111001110
0110001010111110
1010011001000001
0010101100001110
0100111010000110
0011000001100101
0111110010001000
0110001111001101
0110111001001111
1000101110010001
1001100011000110
1101000010110011
1001011100100000
0001011010100000
0111001101101010
0110001110001000
1010001011110101
0011000010000111
1110101011101010
1100101101011010
0010000001101101
1101000010110000
1000111110101110
1000011000010100
1011010110110100
0110101001101111
1000111111101011
1001111100111010
1000111110110111
0110001000111010
1101100011011000
1011111011011100
0100000010010111
1001001100111100
0100000011001110
0110110111110110
1000000111110100
1101000011110010
1111000100110001
0000010000001011
0001110001010111
0000000101010011
0100111010000001
0010011001001110
1001101010000001
0001111011000100
0000111000010101
1101011001111110
0111001010000000
1010100100001010
0100111000001011
1111000111111001
0110011110110100
1010110111111100
0000100101110010
1010000010011100
0001010001111010
0110011000110101
0100011100001111
0011110100101000
0001101001000000
1011011100000111
1111010010101111
0100110011100010
0000000010000010
1000101111000100
0011010110111011
0011010101011111
0010000010111110
0111110010110011
0000001100101011
1111010101010001
0100110000111110
1101101110110110
0001110001010110
1010110011000100
1001101111100101
0100110001000101
1001110010001111
0101101000000001
0111101101101110
1101100110110110
1110101110001111
1001010100001010
1110010000011011
0101011011110100
0000000110101110
0111011101100101
0000000011011010
1101011010110001
1110011010110110
0111001011100010
0010111010101010
0010011110001011
0010010111011110
1111001110111001
0010011100101110
1101100101100111
1000010111100100
0111000100001101
0001100100011100
1111111111001100
0111101001001010
1101010111011110
0111100110000001
0000010000110011
1110101101100111
0010110001001101
0111111100011100
0001100000010010
1110001110011011
0100101000110011
0110110110100000
0110110110100100
1010010000110100
0011001110011010
1000101110101010
0000110100010101
0000010101010101
0100110100110010
1100110001010010
0011111101111001
0110001100110001
0000001100101110
0111001101110011
1100000101000010
0001011100001100
0111001100011000
0001101110101110
0111010100011010
0101011001001101
0100011000011010
0010000000110110
1101100011101010
1010011101000100
0011000011011101
0110011001100101
0100011110110010
1100000010110110
1111100011110100
1111011010110101
0111000111010111
1011101110101110
0000100000010101
1100110101101000
0110100100100101
0001010011100001
0111010000001010
0010100100101101
1100011110100101
0011010100110001
0111011100000001
0100110110011101
0011011100111011
1000010000000011
1010110110111100
1110101001111100
0000010110001110
0011001010101011
1111101111010100
1111011100010101
1011001010101000
1011110101000111
0100100000010000
1000110001011010
1111010101000100
1010100101111000
1100100010011100
1111110100000001
1001011110101111
0101100001001010
1001011110000010
1001111000001001
0001110110011101
1010000111111000
0111111011100110
0110011000101111
1100011000010100
0001101111000010
0110010000001001
0110111001101111
0001101111111101
1010111010110011
1100100010010100
0010100101111001
0010010001001010
1011111011111111
0011110100010010
1111011101101001
0111111110101100
0110110001000110
0000011101101000
0001011100000001
1110111011110010
1010000110100010
0011110000000101
1011010111101101
0001001011101111
0010010110000100
1011011011011111
1011100110101110
0110101000110010
0000011010101011
0110000011011011
0001000011001000
1000110000011110
0001000110110011
0101100100111000
1011101001111111
1101100110011001
0011100010010010
0110100111001011
0000010000111010
1001010110100110
1111111100010110
1011000010100001
1001011010010110
1100010100111010
1011010000010011
1101111011110100
0010010011101000
1110010010111001
1001011011111010
0000110110100110
0100011110111111
1010111000001010
1011100101000101
0111011000000001
0010011001010110
1001001100001000
1011100110011010
1011001000110110
1100000110001011
0010111100110001
0000010011110000
0111101110001011
1110010110011011
0100111000100100
0111001110111111
0111001011010000
0110001010001111
0000001001011100
1001011010101010
0010101111110010
1000110010000101
1011011000001111
0001010101001010
0000011000110111
0111110000110001
1110100000001000
1100010000101001
1010111111111001
1001010110101010
0101011000010101
0111011010111110
1010011011010011
1001010000111101
1110000010110111
1010011110111110
0010000010011010
0000000101001110
0111101110111001
1001101010011110
0000011010111000
1010100010011011
1001001000100110
0001101100110111
1000001100111100
0100111010110111
0111011011110001
0001111000101000
1010001100101110
1111001101001101
1010100001100110
0001100011001010
1001011010101100
0001011000111111
0000101110001111
1110010111001100
0000111010010101
0111101100011101
0010010001000011
1111110100100110
1000101100000011
0100101001101000
0010001011100010
1011100111100011
0100001101110000
1010000000110011
0111100101111111
1011100110100001
1001001011110000
0001101011000101
1101011010100001
0001101001000110
0100010010100011
1000000010010111
0101011001010010
1111001000011001
1010001101100100
1100111111000000
0100000101110001
0100111010000001
0000111011101000
0011001110011000
1001110110011010
1101100110101010
0000101001110010
0011110000110011
0011101100000011
0100111011110001
1111010110011110
1000000100011010
1010010000001111
0001111100110100
1111110001000001
1110111000100111
0000010100110101
1111001110111010
0011111101110100
1110001010000110
0100011101111000
1010000110111100
1100000110000111
0101100010101000
1110000001100010
0111000111101100
0010000110000110
0011010101000110
0010110011000000
1001001101001011
0111011111110000
1010000111100100
0111101000011011
1100110010111000
0001011001011010
0000110110001011
0110111101111110
1010100001011000
1111101000000011
0111010011101111
1101110100110011
1010101110000011
1000111111100100
1111110011110100
0011100001100010
0001101101111110
1110111101101001
1001011000110110
1010000010000000
1001111001010111
0000111011101001
0011011000010100
1001100010000001
1110011011011010
1001101100010010
1010010000001101
1101111110000110
1011100110001011
1100011101001101
1010110100011100
1011110101100010
1110101111010110
0000011011101000
0111010000000110
1101011000101011
1011011100110001
0000110101011010
0110000011000111
0101011011111111
0011100111100001
0111010001001101
1000010000101111
0111101101001010
1110001111011010
1100001010001101
0101111000101000
0001101000110001
0000111101101000
1111111101010101
1110111100010011
0111000000011101
1111010001101101
0110110010001011
0000010100000010
1100001100000000
1010011010011011
0000011100011010
1100111010000101
1101101110001111
0010010101110011
0001101110011100
0101001011111100
1111011101111111
0011100101101100
1001010110100111
1001101001100111
1100010111101010
0110011100110000
0101010010011110
1101011111111010
0101111110011011
1101010011010011
1001000011011110
0001111010000111
1110001000110100
1001001001000101
1011011011011001
1011111111000011
1110111001111011
1010000111101010
0110111000110111
1010011000011111
1001101111001000
0111011000111110
0101101111111001
0010101000001110
1101110000000110
1111100100001111
0100000011001110
1010110001001011
0111101101000001
1111010001100010
0010001010001100
1110100110001101
0110111010111101
1001100111001111
Time = 4.016s
