n = 12, k = 6, l = 3, m = 1482
Expect Resample Times = 0.366824
Result:
100001101010
100110011110
111101001000
100011001100
010110110000
001101101001
100010111011
011101110001
011110100011
111001010000
001110011100
101000010001
111010001111
110000111011
111100111110
010011110100
001110010111
110011000000
111011100000
000001000111
110001110001
110010011111
101001000101
100010101011
110000111000
010110000011
001010011011
110101101100
111000101010
011001010111
111100101110
111100011010
111111011110
010111011010
010111000001
110100111111
001001011111
001111001110
011011110000
010111001101
000111100110
010010000100
000011101010
110110100110
010010101011
110110111100
000110010010
101011010001
000011010110
000110011101
010100011110
011100111010
010000011010
010110101010
000100010100
001000011111
000110110001
110011110001
101010101111
100001110101
101001010010
001101110010
101111101010
011101100100
110100010101
111101110111
010110111100
000101110111
000000001101
111010010011
001111011010
101011111101
101001011011
010111001001
010001101011
100101110011
000111000010
111011101010
100111001011
101110001100
010101000010
111000010111
100001111010
110001000100
111100001101
101100001000
101010101001
101100001000
101011100110
100101000001
101110001100
000101111111
000001100010
101110100100
001010100000
000001100110
010001011111
001010111100
010000101001
111110011111
110001111110
010000011110
001001111000
110111101110
110100001100
011010100000
001001000101
011101001100
110100100000
010101110100
010011010101
101100010001
100111111010
100001110111
011001111101
100110111111
100101100101
010010101010
010101011010
100111010001
110100100001
010101001001
110100100000
101010101000
001011110101
110011011101
011000101000
000100110011
010011010110
000110101101
010100101000
010011100011
101000011000
101101100001
110000111000
101100101010
100101110001
011110100111
111001000110
010010011111
100001100100
110101100011
100001101010
010111110101
101011000010
010010000111
111000111101
000001101110
011010001110
010100001000
001001110101
110110100100
011010100000
110011111100
101100011010
010010000100
000111010001
011100100001
011110011010
101111001100
010011110110
001010111111
111100111011
100001000001
011000111010
011100100000
010011011101
010011101000
100010111000
110011001010
011110011101
011001111101
010110001000
110111100110
111100111100
100010000101
000000100011
111110100001
101110010110
110001101111
111000110100
011000001011
010110000100
000100111101
010000111011
101110000111
100110100010
111010100100
010010111000
011111110001
111001101011
111010010001
110010111101
101111000001
000001111010
010111011010
110111101011
010010100100
100110011000
001001110000
011110110010
110111101011
011100101111
111010000001
111001111010
100110010010
011010100111
001101000101
011011001010
001010101110
101011101011
101110110010
001001101100
111100001011
010010011010
000101010011
111110101000
000110110011
010101100000
101001010011
011110110101
001111001010
101100100000
010111000110
111000000010
011111110001
001100001100
011100100001
100011001010
110010110001
011111001000
010100101010
001001100100
100001001001
110001110010
001101110100
010001001111
011111100011
001100001100
001010111100
011110001001
000101101000
000101110000
100011011110
001100101110
101100001100
000011010101
011010101100
000101001101
000001000011
100101011100
101110001110
000000101110
101110011110
101000000101
011011001110
010000100001
000111100111
000011110101
000000100111
010011011000
111101000010
111101100111
000010011111
000100001101
111110100011
010001011000
101110100111
011100001100
000111111010
010010001010
001011100101
101110000100
001100011000
000111000110
001111001100
111100100110
101001011110
001010000001
010110010110
110010010111
100111000110
111000000000
111000001010
110001101011
110110101011
100101110000
010111110010
110100101010
110010011000
111011010101
111010110100
011100001000
010010111000
101011000011
100000010111
100101110000
011100110001
111001010001
010011111110
100111100000
011000011111
010110011010
100111011010
101011110000
001011101010
010000001100
111101000101
100001110010
001100100011
110110001000
111111000110
100101101011
000011110100
111010100101
011011000001
110110011010
001110111111
100010001001
001011101101
000110001101
101001010101
101111010110
100011110001
001111000100
101010000010
011010001100
001110000000
000111100001
011000111001
001101111000
001000111100
100000111101
110001010010
001100010001
111011100000
100000000011
000100010001
000101011110
001011111100
111010001110
111000101000
100111000100
011001001010
001011000001
000011111000
001100110010
100101000100
111110100100
010010100001
110100111000
111000100010
011011111110
000110111010
010101101011
001100001010
010101000000
111011111101
100010110001
110001101011
010111100000
100111011110
111101011101
100001100010
010111101101
000010110001
010100001001
010010011000
011101001010
110110001001
011100111000
101100011111
110001110001
010001001111
001000001011
010000110001
111111110010
000000101110
110010001101
110001011001
110110010011
000111110110
101000001101
101011000001
001101101001
010000000110
011110111110
110101010101
101011000001
111101101111
011001101000
111110110001
100000101110
001110110010
000101101001
010000001010
000110111011
111011100000
101011100011
100101010100
100010110110
011001111011
001001110101
011110100110
000000111001
001011010100
110000110000
000001000110
011111100001
001010100110
001000100011
110110100010
111000001101
101111000101
100111010101
101011001001
101001110111
000011100100
001111110110
011000100000
001111100011
000111011010
100111100111
000001101011
010011111110
011111101101
011110001100
110110011101
011000110101
010111010010
011110110011
011001011000
110100010111
011001011010
110111101011
000110010010
010010000101
010011110110
001010010001
110000111011
100011010100
000101111000
011011011100
000110110110
010101011001
010101100001
001010010110
001010110100
010010110001
000001101110
110010010100
011001001011
111100100011
011000001100
101000010111
000101101101
101111001101
111010111010
100111101010
001111100110
101000101101
010011100010
010001011010
110100001101
111100010101
110100010101
011001101001
000100111100
100010001010
001001010011
000101110110
001010011000
001001000010
111000011000
100010010101
001001000110
110001101111
100101101000
010111110101
100001100011
001100011010
001110101100
001111011110
011100100110
110011000011
011110000111
100100001111
110110111100
111110111001
011100110001
010001101101
001010110101
011011110001
110101001100
100100011111
001100110111
101100110001
110001111010
100010101001
111100010100
100111110010
110100011000
011010000111
100000001010
010100010010
000110010100
111110110101
010000111100
101010101001
101100111011
010010001001
101001001000
000101010110
000101111111
000011000100
100011110101
001010110010
011100010000
110001010001
101010110001
111100001001
010011011011
101000001100
000110011111
101111000010
100011101111
101110011001
001110101110
011101100100
110000101011
011111100100
111111100111
011111111110
111110100011
011000110110
110000001100
101010100100
111010110000
000001101101
111010111100
100001000100
111000100000
110001000010
111111010001
010111110000
011101110110
111100000101
011110011000
111001011101
111110101110
001110100010
100100001111
111011011111
111100001010
001011100010
001010010011
011111101111
110101011001
011011110100
100010000111
010010000100
010011101000
011100010010
011011101010
100110011010
011011000001
111011001101
111001000111
001111101011
101010001011
001111001001
111011100010
011110110110
000001011100
010011000111
100001000101
010011001110
100110100111
010010100101
100111101111
010001110001
001010011001
011011011111
101011101100
110101011000
111011000010
001011000110
110000100101
010111100111
111100000111
111011001011
010110100000
000011000110
101000000010
010110101111
010111100001
100100100101
010000011000
111101010111
100100011011
100010110001
101001000111
100010100010
100111010011
111100100000
000101110000
011001000010
001111101000
001100000100
110000110110
110110011111
010111010001
111001000110
010001011001
101011011111
101010101000
000001110011
001100011110
110101000111
001000110110
101000110101
001110110100
011000100010
101010101001
110110000101
010110010011
111100111010
110001110011
001001001100
101010110010
111100000100
101111000001
001011010101
110010111011
100000100001
111010100111
101011000100
011001010010
000101111111
000010001001
101011110000
010110001010
000010001101
001101000110
001111001010
100101101110
011111011001
000011000111
101111111110
000111011000
111100111000
101100000110
110111000010
111010111101
110010100000
001110011111
010010101110
101100110101
000010010100
001111011101
000000101101
111010111101
111000001001
000101000001
010011100111
110010111110
101011000111
000101100000
010000010111
101110010101
011001101111
101111111011
000011110101
000111001110
111110100001
010010001100
000101001011
101110100101
100100101010
101010011011
010101010110
011010111111
000001110100
011111111001
010100011101
001001001101
000100011100
000110111101
011101100111
100010001001
000111010111
111001110111
000111111100
001010001010
000100111101
010011101000
110010111000
001100111010
110011101010
000011101110
110101000110
100001111010
100001110101
010000101010
011000000110
110100011001
001010110100
110000001011
011101000010
110000111111
100110110111
001010001010
000110011110
100000011001
011001000000
111110111000
101100100010
010001001101
001010010101
000001010011
110000010010
100101000101
100011111010
100101110100
000101001100
011110111100
100010111000
101011000011
110110110011
011001001000
101010110010
011000100101
111110111010
011000001101
010001100011
100110110110
100100110110
101010101000
111100110000
111010110000
101010011001
001101100010
011011110010
111001100010
010011000100
000111001111
101011001001
001000111101
000110110010
111010001011
011000000001
000001010100
100011101111
001100111100
011101110101
101000100000
001001111010
000010001110
101110100000
010000100001
111100000010
100110001010
101011011111
000000110110
111011001110
110111000001
000110111001
100011111101
101100110111
101101100010
110110001011
011100101101
001101101010
011000110000
100111000111
010001111001
110010110000
111100111100
101100100110
100010011001
011101101111
100101011001
100011101101
111100101100
110011000100
111001011110
001000011000
100110101100
011100010101
110000110011
100100000100
101111101100
111010001111
110101111011
111000100001
110011100001
110010110010
111001111000
011010100101
111100000000
111011100111
110011100000
001100000101
110100001110
010011011011
111101010100
101110110110
100110011110
000100001101
001001001100
011010110010
100110010110
010001101011
001011011011
000101011111
011101111010
101010111111
000011001100
101011001101
001011001000
000110000001
110010100011
111101001101
101010110100
101010010000
000011100111
110111110011
110000010110
011111010001
010100010101
011100101011
100100010010
010110010011
011000010111
111100110110
100010101011
111101110001
110101100011
001000001010
011100100101
101010101101
010110010101
000010001110
011001100000
110010110010
001100001100
000001010111
011001001010
110001110011
001110101001
100111111011
011101111010
001110110000
100001011010
000101100110
110000010010
000011100101
110110100000
101010101101
111010111001
000010001001
011111111100
111010111010
100010101110
010000110101
101010010110
111000010001
010110110001
100000110010
101100111110
111101100001
001110101000
011000101010
010110100000
101011001111
101111100111
100101101011
101100100110
111110000000
011100101001
111110000010
101111100001
011110111011
110001010000
100110010011
010001010110
100011010010
110111011000
110010010011
110101011101
010010011001
100001111000
111101111011
100000111011
010111100111
001010011010
000100111011
001100110111
100011100010
101000111101
001011001011
100101100010
010101100110
101010110000
010000111101
111000101110
011011100001
011111101010
111000100000
110111101001
010011100100
111110100011
000100111000
110010110101
001001000111
100110101111
001010110100
010001000011
001010101011
110101101011
001001000101
100010110111
011011110100
001110100110
011010110101
100011101101
100111010100
010111000000
111000001010
011110101111
010100100011
011101100100
010111011011
010011010110
100110010100
000111101011
100101111101
111110000001
001000000111
100000111100
000001100111
111111001111
110000110110
101101010000
100011000000
011101011101
101111011001
011110010000
000101010010
110111010000
100110010000
011000110101
010111111001
010111011000
010001011011
110000011110
111000001110
110111010001
010111000001
101110000001
011101101000
011101111011
001110100110
000110110100
101111000110
111101111100
010010011010
110000100010
011001011001
001100101100
011110111101
101001010100
100111101010
010110010110
000110010010
111111110111
010010110001
100000011001
001111110011
110101101001
101000100100
001100101101
100110010111
111011100010
010101100000
000110110000
001000110101
111111111100
110000000101
010110001100
101100111110
000101101001
100110111010
100010011000
000011110110
011100101111
011111110001
001011110100
110111000000
110111001111
100100011100
010011010110
110001110111
011110101101
000101111101
001100011000
111100000010
110111101001
000111101000
000000011011
001101110110
101010011110
001010000011
111001101110
001000101101
000001110001
000111111111
110010010100
001010100000
011101001011
110011110001
000000111010
001110010101
010110111111
010010100110
001100110000
101100111010
010101010000
100101110000
110110011100
101011110100
100010100010
110100011100
100010101000
010000111111
000000001011
100100101111
001111110010
011101001111
100001010001
011011011010
111010010000
010011110001
000100010011
110110000100
000001111000
101111100000
000100100101
010101010100
110001110110
110010100011
100010100101
101001001000
111101010100
100110110111
101111010110
001001111100
000010110111
011111100110
001111111100
010000011100
101000000111
111011001001
101001110000
011101111110
001001011000
010011111101
000000101001
111000100101
101110000001
111111110110
011101110111
011001110110
110111111111
100000110101
001101000001
000111100101
110101100100
000111001001
101001110110
110001000110
000110000111
010011011000
111111111100
111011100000
010011100000
100001110010
011011111000
011111111100
001010100101
101110101010
011110110011
011001010000
100001111011
101101101000
000110011100
000011011011
010000110111
001001000110
010101101011
010000010110
110010000101
101111111100
100100101000
011010110101
011010101001
100011011001
000000011110
011001100100
100110001110
000011010000
000011011110
110110000100
111100000110
100100010001
000011101001
010001111000
101011000001
110010110001
100011000000
101100010011
100011001100
111001111100
001010110000
110001110011
000000011111
000001001001
001100011101
101011110111
110111000110
010101101101
010101011110
111101011001
100001001111
111100100110
100110111101
000010110101
011000000100
101001011000
100100101100
110110010110
000100111110
100010101101
000101011010
100111010111
100000110010
110000100001
001000011011
110010001001
010110110001
000000110110
011110110110
111001011011
000100011101
100101001101
010010011000
010000011001
110001001111
111011011000
101110100111
010111111111
110111000101
111011010101
101110100100
000100111011
100100111100
110100010010
010101001010
000010100010
100111000110
001110000111
101011010011
001100100010
111010000111
001101011010
111100000011
001001110010
001010011001
101001011110
100111101010
010000010110
101111100001
011010100101
110011001011
101110100111
111110111110
111111100111
000100011100
110001011101
010101110000
110110110011
011011100010
100111110111
110101111101
010001011100
101011110000
110100101010
000000101011
111000100111
110111100000
011110011001
011111001101
001110011010
111001110110
001011100010
011000111011
101010001101
010011101011
111011100000
111101111100
110001010111
001100101101
100011001100
111000001101
111111010010
110100011010
011000001011
000101010001
010001010110
011010100101
010110110110
100100001101
000100001100
010010001111
111001101010
011100101011
101011100111
111001110110
000100111000
111101010111
011110011100
010111011111
010011101111
111110101101
110011101001
100010100010
001010100110
001101100101
011101101011
011010010010
000010100111
000001000110
100000101001
010100100100
011010101101
110011101011
100001010010
011010111101
000111001111
111100111100
111001110101
100100001001
100100100010
000111010000
010100011010
011011011111
011001101110
100001000110
100101000100
011010011100
011111100001
101000100111
011001100111
010010110100
011010010000
100001101111
111110100110
110001110001
110110100010
010011101000
101001111000
001110100101
110111001111
100101110111
000110000101
111111100101
010100110011
100101000100
111001001001
110100110100
011010001000
010010010111
100101011101
101100110101
101110000110
101110001110
100010100010
100001100010
011011101011
011111100100
010101110011
001110000100
111111111100
001111111000
011110000011
010101100001
000110110111
001000001111
111001111000
001000101010
111001100011
001101101101
101100001100
000111100010
110111111100
000010001011
110011111100
000011010111
010110100111
001100111111
111111101101
110101100001
100000011111
011111001000
110010000111
110010011100
101001000110
111100000001
100011100101
111011001010
000001010010
001111001011
010111010101
111001000101
100111110101
010010001110
101101001011
010111100100
010110101111
101010100111
011011000111
011000111010
001101010101
000011100010
011111101001
110111111111
001101010111
110111101011
001100010100
100010110111
101010110001
001100001111
111111011101
001100110101
111100111001
001001010000
011100001100
101110111110
101000000101
001100010110
001100001010
110110000001
000011111010
011111000110
001110010111
001001100001
111010000100
100001010000
000110110100
000110011100
100010100101
001100110011
110100101001
010001100110
100001000011
110010100100
000110110010
000011110100
101110100011
001010001001
111100001101
111011010000
111011010000
011010001001
000011001111
001110001110
010001101101
010101010011
001010100010
111100111000
011010000101
111001100100
010101110010
110001100101
101110100111
000111110101
111010000100
011100101111
111001001000
100000101011
011100001001
001100000110
101010000000
100111010110
111101010010
110111100100
010010000010
000001000110
101101000000
100001011010
011001010011
101101111110
011011100010
001001001011
010100100000
000011110101
000001001010
000101010000
010100000110
110110001110
001000110001
101111011010
101001011000
011110100011
100111101101
110001001011
001110110100
010111110010
011001111110
101001001110
011100011111
000011001101
100000000101
111101111011
101010001001
011000100000
110000110101
111111101001
110110000001
010010010111
101100001010
100010101111
011100101100
100110100110
010001000100
010111000101
111100010010
101011100000
101110010011
000100101111
101111101101
000111000110
001110011111
011011101010
101001100110
110000010111
000111110001
010100111001
110101101001
101101111000
001011011000
111010110101
100101101100
001011010000
010001111100
110101010011
001010110110
011010001011
010001110101
010000010011
111100100111
010111110010
001001000100
001111100111
101111001110
110000011101
100011111011
110010111010
011000010011
010011000111
100100010100
110110001001
111001010001
010011110011
010000100101
000010010001
111001001010
101101111010
011111000001
010100100101
100100110000
000010100110
Time = 0.096s
