n = 16, k = 2, l = 4, m = 58
Expect Resample Times = 0.731357
Result:
1100100100111000
1000000111101001
1001001010010001
1101100100101001
0111100100010111
0001100110001001
0011111001101110
1101100101001110
0000111100011111
1001111111001110
1110000000110100
0100111001000010
1111011001010000
1110101111000111
0011010001001000
0110100111001111
0001100101101101
1111001000101001
0001001101101010
0110100011000010
1000100110100101
1111011111101011
0011111011000010
0011110100011010
1001010001110110
0100101000010010
1011110001100000
0100000011010000
1110111100001101
1011101010001110
1001101101010001
1001101101000011
1111111101110001
1111001100101110
0110110010001010
1001001000110001
0111010101011000
1101101000011011
0111111010100101
1010001010101100
0111110111001001
0101001110111111
1011111010001111
0011011000000100
0010001101011010
1101011100010011
0110101001110101
0000110111011100
1011010111110100
1011011011100101
0001110000100001
1110011011100111
0100001010001110
1011111001001000
1000110011100110
0010010001111100
0001111000110010
1011111101011101
Time = 0.007s
