n = 11, k = 4, l = 2, m = 278
Expect Resample Times = 0.370502
Result:
00110011000
01001101001
10001100001
01111001011
01001100111
01000100101
00111110110
11111001100
11101011101
01010010110
10101000100
11010101100
00101110101
11011100010
01001011101
01111110010
01011011100
00100101010
11000010101
11110111010
00010000101
00100010101
00101100001
10101100010
00000100001
11100111001
11110100101
01010110101
01101100101
00011001110
10101101101
10101011111
01011110010
00111011100
10010110100
11001111111
00011111000
10100110101
10101001010
10111100001
01100110110
10101010001
10110100011
00110101101
11000011000
10100111111
10000010110
10101101000
11100110010
00100000011
11110100001
01110000010
10010111100
01111110111
00111001101
00001110110
11001110000
11101111111
10001100100
10001111011
00010011011
11101001001
01110101101
01111110011
00011011001
11011000000
11001010101
11111110010
11010110011
00110100110
11110110110
01111110000
11010101000
10111001011
10010111011
01001011000
10011010100
10001011110
11101010101
00110110110
10100000001
01011001000
01101000000
01111101010
11000011100
10001110000
10000000001
10100001110
01110100101
01111011111
01100110110
10100111101
11110101001
11111100110
11011100000
01001101011
11100010101
10011010111
00011000111
11010001100
01110101000
00000010100
10001000100
11101101100
00001100111
01010101111
01110011010
00100101011
00010010110
11101110000
01110110101
11001110000
11100000110
00111011100
00100101101
10111001011
11101100111
00000100100
00010111000
10111110010
01110011011
00001011010
00100110101
11000111100
00010111111
01011011011
01110101001
11000101000
10110110000
11001110001
11010011110
11111011001
01011111011
00111101010
11100001101
11000011101
01011010110
00010110100
01110100111
01010111001
01111111101
00111010101
01010001011
11011011011
11000111010
00011111101
11010000100
01100110110
01011101000
11001111011
11000110010
00100100110
01010100000
11111000000
00010011011
00001101100
00001111000
00000001111
01001110111
11001110011
01101101111
11100011101
00001111111
01000101010
00110001010
00010101101
11001110101
00111101001
00110010100
10001110110
10000000011
11101000101
00100000001
00101101011
10010011001
11100111111
01110101100
10100010000
00101010101
01000010110
11100010110
01000111011
10010011000
01000110110
11001000001
00000110000
01010001100
00010010011
01111101000
10010000011
10111010110
11011000010
10100010111
00000111101
01001010010
10001100010
01001101000
01010000101
00101001000
00000001011
00010000001
00000010011
11101000101
11000010110
01001100101
10111000000
10000000001
11010011011
01000110100
11000000001
10101111110
10010010111
10100100110
10110111111
01100101011
11011010001
01100110111
01100110010
10100011001
11110000010
00000011100
11101101111
11111101101
01111001010
01010101111
10101010101
11111101100
11001000011
11000001110
10000101011
01001000000
01100110111
10010011110
01000011111
01111001010
00011011101
11000000101
01011000101
11110100111
01011010011
01111111000
10100100110
00101000101
01100110111
00110010111
11000111001
10100100001
00010000010
10110100110
10000000001
00000010100
01101101110
00001101100
01111010001
10011011000
01010010110
01010001001
00110001001
10010001010
00000101101
11100001111
01011010001
11101001001
00111010000
10001100000
10100000100
00001001010
01100001010
01110011000
11100000000
00110111000
01100011000
11001111010
10010001001
10100010101
01101111010
11101010101
11100110000
Time = 0.01s
