n = 7, k = 6, l = 1, m = 373
Expect Resample Times = 0.387172
Result:
1011110
1110000
0100111
1101010
0110101
0001101
1111110
0001100
1011001
1010110
1010010
0010001
1010001
1110100
0111101
1010100
1010111
0110100
1001101
1001000
1110011
0001000
0001010
1111101
1010101
1001011
1110000
0011100
0110011
0101111
0100111
0110010
1001111
1110011
0011010
0010100
0010010
1011011
0011111
1101111
0011001
0111001
1100010
0101110
1000100
1110110
1100000
0011001
0010111
1010011
0010010
1100111
0100010
1110000
0011000
1111100
1011000
1111100
1110111
1000000
1100010
1100010
1000000
1101100
0010101
1111111
1110010
0100010
1010101
1000110
1111011
1000110
1101101
1011111
1100110
1001100
1010011
1100100
1111000
1101101
0111110
0111101
0110010
0101010
1001110
1001011
0111000
1100011
1010001
1000001
1001000
1011000
0110100
1001001
1100100
0101110
0011100
0000100
0100100
0011010
0101100
1000010
1111111
1101011
1010111
0110001
0101110
1010000
0010100
0110001
1110111
1100101
0111101
0100111
0101001
0011010
0001111
0011001
0001111
0101111
1100110
1000101
0100110
1011110
1010111
0111111
0101100
1000111
1111111
1100101
1000100
1111010
1000110
1001000
0101101
0100110
0010110
1000001
1100011
0011011
1011110
1000010
0111110
1110111
0010011
1100011
0100101
0111111
0001101
1110100
0010101
0100000
1101110
0101001
1111101
0010000
0001111
0000110
0001010
1011100
0110100
1100010
0010001
0001011
0011001
1000001
1011001
1001111
0010011
1001111
0011110
1110001
0110000
0000100
0100001
0001110
1010011
1010111
1100000
0000011
1110100
0000011
0101110
1111000
0100100
1111010
1010100
1010111
0110001
0101011
1001100
1010001
1010010
0000110
0100011
1111110
1110001
0001111
0101101
0010001
0001110
1111000
0011000
0000101
0001000
0111010
1011111
0110111
1011001
0001000
1110110
0111001
0001010
0000101
1100100
0010010
0000100
1001100
0111110
0111000
1011010
1111011
0001001
0010010
0100011
0000111
0011110
0001110
1111000
1100010
0001100
1110011
1000010
1110011
0101101
1110000
0101000
0011111
0001001
0101101
0110100
1111100
1000000
0110011
1001101
1001100
1101010
1110111
1000111
0001000
1000010
1000001
1000010
0011110
1011110
0000010
0011111
1110101
0001100
0001111
1110111
0110100
0001000
1000110
1110111
1000101
0100100
0011000
1000010
0011110
1000000
1010110
0111001
0101010
1011100
0010101
1100011
0000111
1010101
1010000
1011010
0110111
1010110
0011110
1010101
0100011
0011001
1000001
0111111
0010100
1000000
1110011
0010111
1101111
1011010
0010010
1001100
0110100
0101011
1011111
0101101
0011110
0110100
0010111
1101100
1010000
0010010
1100011
1100010
1100101
0100000
1101001
0111110
1111111
0011100
1100010
1111011
1101100
1111111
1011000
0101011
1011010
0010000
0110111
1001101
1001010
1101000
0101100
1101001
1100101
1000011
0011001
0111010
0010111
0100011
1001111
1111010
0101000
0110101
0110110
1110111
0011111
1110000
0001101
0011010
1100110
0100011
1101110
1101100
1000100
0101110
0110101
1010100
0101101
0000001
1111011
0000011
0110101
0101010
0111111
1011110
0010001
0110000
1100111
1101101
1100010
0001000
0011100
0101110
0010110
0000011
0000110
1100111
Time = 0.001s
