n = 16, k = 5, l = 9, m = 5521
Expect Resample Times = 0.377741
Result:
0111111111000000
0110110100111110
1010001111001101
1111011100001011
0110111111110010
1100111011111111
0101001111100111
1001011110111100
1101111110000110
0000101111011110
1111000010111111
1011110011001100
1101111011111110
1100010110101101
1001101011111100
0100011101100111
0111111111101010
1110001101110011
1100110100011111
1000101011110101
1001000111011111
1111000011001011
1011000111011110
0011001101110110
1111011100100111
0010001111111001
1011011111101001
1101101100110101
1000111111101000
0101111110001100
0010100111011011
1001110011111111
0010111111101010
1111010110100001
0011101111011010
0111111001100101
1111001001010101
0100101010111111
1001011010101101
1100011101101011
1111010101000011
1111011100001001
1000110110101101
1111001011110110
0101010001111101
1001110111111101
0011111010101010
0100111101011010
0011111110101111
0111011111000011
0110011010011110
1001101111101110
0110111110110000
1101100110010101
0111110101110110
0101110111110111
1111000001101011
1100111100010011
0110101000111111
0110010101100111
0110110111101010
1011101101111110
1011101010001110
0101101010100111
1100110111011000
1110011011011110
1010111101010001
0100111101111111
0011100111100011
0011110101010111
1111011011110111
1100111010101011
0111010011101100
1011000111101111
0111100010101011
0111010100011011
1101001100011111
0011110011111000
1001110011100011
1000010011101111
0001111111001100
1110011101100011
1110110111001010
0110011011110111
1111100100011001
1111101110011110
1001111000101101
1101110111000101
1110100111011001
0111100010011110
1000011011011011
1011010011001110
1011011001110011
1110110111000100
0111111010011011
1101111111110100
0100100111101011
1001000111110111
1101001011110100
1011010110010110
1111011001000111
0111011011000111
1100111111101100
1011101101110001
1101001110100011
1111101000101011
1011110010001011
1111000010011110
0111001101110011
1011011011101111
0100111111010001
0111101100101001
0011001101111101
1111100110001001
1001111100111010
0110111111111101
0110110111011001
1111010011011111
1011100011000111
0110011101110001
0010100111011011
1101110110011101
0101110011111011
1001111100111111
0111001011011100
0101101011100111
1110001111000111
1111001011001110
1001011101011100
1011111100011111
0011101001100111
0101111110010010
1110010010111001
1111000111001101
0110010100011111
1101111101001111
0011101101111001
0111110010101011
0101110001110011
1010110110011010
1110110111100111
1101010110101101
1100101001101111
0110101101010111
1110100110101101
1111110110110001
0000111101010111
0101001011110111
1110001111011011
1010000110111111
1111110101000011
1001011111011010
0111101100101011
0010101001111011
0011011111010010
0110001100111111
0010101011111101
1001001011110111
1011100111010011
0110111000111110
0101101110100111
1101000111100111
1001111110001001
1001111111101000
0101110111110100
1100100101011011
1111010110101011
1001001111010101
1011111001111001
0100111100110011
1011001010110101
1101011011110111
1111010110100110
1011111010111010
0100011110011111
1100110101111011
1001111111111111
1100101111101100
1100110010111011
0111010101011001
1100011111001011
0110100101111001
0011001011011111
1110011100010011
0111101111110011
1111100010000111
1111101011110011
1111101000001111
0010110010110111
0011111111010001
1110110010001110
0101111010101101
1100000111111111
1111111001111010
1010111011110001
0100011111110101
1110100100011111
1100001011011111
1001000111111111
0111111100011000
1111000101100110
0111011111010000
0100101011111100
1101001111111111
0000111101101110
0100011101011101
1110110110111001
1001011111110100
1011011101011001
1010110100101011
0001110010111101
1011110100101110
0101110011110101
1011101110000011
1111000010110101
1100000111111011
0111110111100100
0100110111111001
1001111101100011
0110110110011001
1110101011100111
0111011010100111
1010011011011100
1000110010011111
1100101011001110
0111111101000111
1100001000111111
0010111101111100
0101111100110010
1100111110110001
1001100111010101
1111010100100111
1001011010111011
0111001011011001
0101101101011101
0011011101101101
1011111110111100
0010111001111010
1001111101101110
1110011110011110
0111110001100110
0110111100110100
1000111101101111
1011100010101110
1010111111010011
1011011000011111
1000111011010111
1011111000111110
1100111111010001
1101111011001110
0110101111001010
0010111101011010
1011010111100001
1111011100101000
1110101011011100
1111110100100011
0110011110011010
0101111001101111
0100111011100101
1111100100110101
0100111101101110
0011001100111111
1000011101110101
0100010101011111
0110101110001011
0010111110110101
1110010011100111
1100110111101011
1011111010011101
0111111111110010
0111001101111001
0001101010111111
0101111011001001
1001111001111010
0100111111110011
1101101010100011
1100100111110010
1010111101000110
1010011101111011
0101010110111011
1111001100100101
0101010111111011
0110010101011110
1101001111000011
0111110011010101
0101100110011101
1110111010110011
0101111101100001
1001101001011101
1010000101111011
0001011111101010
1001000111100111
1101101111111100
1010110111010011
1100110011011101
1010001111011011
1100010100111011
1101101011010011
1101010011111011
0111100101110011
1110101110100001
0100111110010101
1010111011001111
0011111110111101
0111111110011100
1101010110111100
0011111111110010
0100001011111101
1100001101011101
1111111100100101
1101110001110110
1111011011111001
0101110111010010
1101011100000111
1011111001111001
1011101011101001
0110101100101011
0101100011101011
1111111110111001
1111001100111001
1011111001110110
1011111001111010
1011111101001101
1110101111001100
1100100111011010
0111101011011110
0101010111111100
0110101110100111
1010110111110000
1001011011101101
0110111001111100
1101100010110101
1010011010011101
1001001001111011
1000011010011111
0111110110100110
1101110100001101
1101101111010100
0010111010101111
0101011101101011
0001111101101001
1001110011101101
1111001111101111
0011101100111001
1100111101101111
0001101111110010
1100011001101111
0011111001001110
1000101111011001
0011010100011111
1010011101110001
0110111101111000
1001011100111101
1101100011111111
0101110111110010
1110101010101110
0111100111011011
1101011100010011
1011110111101011
0101111001111111
0110110001100111
1111100110111101
0001110111011100
1100101100111011
1101100000110111
1100110001011101
1100001101011110
1101101101010101
1011110110011100
0110101101111110
0011000110111101
1101011011100111
1011110111010111
0100110101101111
0001111011001111
1010010101111001
1011001001011111
1000001011111110
1111010110110111
1110011011011000
1000011010110111
0011101101010110
0111111110100101
0111111101100000
1010101110011011
1100101111011010
0101101011111100
0000111111101100
1011100101110010
0111000111100011
1011011001110100
1110000110011110
0011111110101110
1010101111010110
0100110011011110
0100011010111011
1111010011111111
1001101111001110
1011000111110100
1010010111110111
1010111011100011
0010011101110110
1111000101100111
1101100101110010
1101110001000111
0100010111011011
0111110010011011
0110111111111000
1101101100001011
1110010011001011
1111110100001100
1111011010110111
0000101111111111
1110111000101011
1100001001111011
0011111110011110
0111101101011010
1100111000111101
1010110000111111
1110101111110110
1111011110101011
1110110011111010
1110111101101010
0111011100110011
1011100111010010
1101011110111101
1100101101010111
1100011111010110
1010001001111011
0101111101111001
1111010100110101
1000001111011011
1111011000111100
1010110000111101
0101001110111010
0111110110001011
1100111000101111
1110111111010110
1011100111010010
1101110110111111
1111100001101110
1001011110111011
0110100101110101
1001011011111100
1000110111110100
0111011101011010
0101110011111011
1111101111101110
0001010110111011
1110101001110100
1111010110101101
1100011011110110
1001110111000110
0011011011001111
1100100110101111
1110001101100011
1101100010110011
0111100001001111
0101011000111111
1001111110101111
0000011111011101
0110010010111011
1100101011101101
1111111101000010
1011110000011101
1101000010110111
1101100001100111
1000111011111001
0101101111011001
1111111110111111
1100110101000111
1110101001111101
1110110011100010
0111001111011001
1001101001111001
1110100111011000
0111100100111101
1111111001001001
1100010011111100
1100101001111001
1100011100101101
0001001111110110
0110111011101110
1111011100111001
1111100011011100
0110010111110010
0100111111010101
0101101010011110
0111011100101001
1101100111010110
0111010100110111
1110110011100111
1011000011111010
0110111010110010
1011000111111011
1111011011111111
1000011011101110
1110101010100110
1100010110011011
0100100111001111
1101011110011000
1110110101011100
1101100100101111
1110000101101011
1100110101011011
1010111011101100
1101111011011101
0101011100101101
0111001111101000
1100011101110100
1001001111101110
1111101010011110
1010010101111011
1110001110111100
1101001100100111
0100111011001011
1111011100010011
1100101100111100
0111010011100111
1100100111101010
0110100011110111
1100111001111010
1001111101100010
0110111001111100
1100011100111111
1010110110110101
1100110111000101
1110110101001110
0101111111100000
1100001110110011
0011010110001111
1010001111110100
1111011011101111
0100111111111111
1101010111101111
0111010100110110
1001101000110111
1111101110000011
1100011111111010
0101101011101011
1011011000111101
0000101111111010
0110101110101111
1010010110111011
0010111001111011
0011001110011011
1000101011101011
0110110110001011
1011110011101010
1001101011101011
1010100011110111
1101101111001001
1011000111011100
1011110011111000
1111100011100011
1100011101101111
0111011000101111
1010110100111010
0111111110101010
0110111000111010
1011101001111100
0110010111110100
0111011000011111
1101111101011111
0110111000110111
1111110001000011
1001101111111010
1110011101111001
0010110101101111
1100110100011011
0111101111011000
1011110111110010
0011111110011010
1001011011001111
1101101101000011
1111010111100001
1100110000111101
1111110000111101
0100111100001111
1101001110000111
0100010111100111
1010110011111111
1111110101011010
0001100111110101
0011110010110011
0111010011110011
1011010010011110
0111110101011000
1111011001000101
0100111100111101
0011010111001101
1100011011100110
1110000101111010
1010111110000011
0111100111000111
0110110111010010
0110010100111110
0111110011011011
1100010111100011
0011010011101111
1010110001011011
0110101011011110
1011011111111001
0011111111100000
1110110101011111
0011011010111100
0111111101011010
0111101111001010
1101111001000101
1110110001001110
0111111111111101
1110010100101011
1011010111110001
1110110010100111
0011011010101111
1111011000011100
0110101011110001
0111010111010001
1110011011000111
1000111100110011
0100100110111011
1101011101100110
1101101111010010
0011001011101111
0111111101111011
0101010111110011
1010101111010101
1101011111010001
1111110110100110
0111100101110110
1101000111111001
1011010011101001
0101111011110111
1110101101100101
1000001101111011
0011100011101110
0011110110011111
0001111111110101
1010010000111111
0100110110001111
1001010111111011
0111111010010001
0101101001110011
1110001111100101
1011001111010110
1010101111111011
1111110000011101
1010101110001111
1001111101111110
1100110110000111
0000101111010111
0011010111110100
1110011111011000
1110100111011001
0011001110111111
1110101010011010
1001111000011101
0110010010011111
1001011100110011
0010111110101001
1110110000001111
1110010110101101
1000101011111101
1011101000110011
0110101111110001
1011011111100011
0110100011101101
0111011011101000
1011100101010011
1010111110010111
0101111111110101
1010110011010011
0111100101011001
1101011101001010
1110110001001011
0101011011110111
0111011000100111
1001110111011011
1111101011001101
1001111011110010
1101011011100111
1101110011010010
1111011100111101
1110100101110010
1010111111000111
1100111001110010
1100010111011010
1010111111100100
1101010111110110
1011000111101001
1010100111111100
0101010001111111
0101101100011011
1011110011100100
1001101001111001
1100001101101111
0100101101100111
1100111111011001
1010011100111111
1110111101110101
1111111011010110
1110100111110100
1110100111111001
1011010101100110
0110111111001010
0111101110010010
1110000111001101
0111101001111001
1100000011011111
1111010100011111
1011010011010011
1011111010110111
1101110010101001
1011110100100011
0100110001110111
1111010011101001
0110110001010111
1100110111011111
0101111011111011
1010111110001010
1101011101111000
0100001011111011
1110111101111101
1111100111001111
1011001110101100
0101111110100101
1100111111011011
1111111111100010
1011001111010110
1110111101100100
1010110101100101
0110011011001110
1101101011111010
1110110100001011
1010101111011010
1110100010110011
1010011111110101
1010101101101101
0110010010111101
0101010111101010
1000111000111111
1110011011001001
1101011110010100
0111111010110010
1111010101110010
0101101111001011
0111100010111111
0111000110101011
0111101011111100
0010011011100111
1100000111110110
0011011100011101
0111011011001101
1110100110010011
1000111111001001
1101100110100101
0111001001001111
1011011001011011
0100100010111111
1100011100011011
1000101111111111
1111001010010101
1110111111001101
1011001011111110
0010110011111010
0111101111001011
1111110101110111
1001110011111000
0110111001001101
1010011101110101
1011111010100001
1101011110100011
0011101000111101
0110110100101111
1000101011101101
0110111011001111
0111001000110111
1001101011001111
1111111010111110
1101110100101110
1100010011110011
0110111110000011
1001111111010101
0110110001111001
0110111000111110
1011101001100111
1110111001100111
0111110100110010
1110011101110101
1111100110110001
0011011101101100
1101110001100101
1010111100010110
0110111100011011
0111100100110110
0010111001110111
0000101110111110
1000101001110111
1010011100011110
0100011111110111
1001011111010011
1110100110101100
1111111000010111
1000111110010011
0110111101000101
1010111111010000
0101001100111111
1000101011101101
1110001110111111
1111101001010001
0001101000111111
0010100110110111
1111101011011100
1100001111110111
1001110110110010
0011001110111011
1011100111001011
0110111001101111
1110111110000100
0111011011000111
1110011111011110
1111001110101011
0001110011111110
1110101111110111
0111100111010111
1110111100000011
0001101010111111
0011011111100101
0011011111111010
1011111100111111
1010101111011110
0110100100110111
0101101110101110
0111000011111001
1101111101010010
1001111101110111
0111110000110111
1101110011010110
1111010101111100
1101100011111110
1010101001111100
0111110100011101
1100100101111111
1001010010111111
1011001001111010
0100111100111010
1011111011011101
1011110011000111
1111010111000110
1011010101101011
1110000111100111
1001011101101001
0011110110111000
1000110101111011
1000110111110001
0110101010011110
1111010010001011
1101010111000011
1111010101001011
1000011001101111
1101110101100011
1010101101011101
0110111111011001
1101101100100111
0101101101100110
1110111010100111
0011011001011011
1000111011101001
1010100111110011
1110110011111001
1000110100111011
0111110011101101
1101010001101011
1100010111110011
1110000101101101
1010111111100111
1111010111010001
0111010110010011
1011101111011010
1111101100000110
1110110111000100
1011101010110101
1111000001111010
1111101100100100
1110100101100011
0010111001011101
1110011001111101
0100110111011101
1001111100010101
1101101101011101
0001111111100111
1000100111110111
1101110011111000
1111101100011001
1100110100111101
0111111100000101
0011101100110110
1101011011111000
0011110101011110
1011100011001101
1011101100100110
0100111010011110
1110101011100111
0101110111111011
1110110101101010
1110101011101100
0001011010111110
1111110111001000
1111011111001110
0001110111011110
1011101111011101
1101010100110011
1101000101011101
1101111000100111
1111110111011010
0011110011111010
1100110000111110
1100001101111010
1101001110101111
1100110001100111
1001111001011100
1111101000111110
0100111001011111
1110001110101001
1001101110011001
1011100111101101
0111010101001011
1011111101111000
1111101111101000
1110110011001101
1001111001011010
1000111101100111
1011101101000101
0110110111010111
1100111010110100
1010101101101100
1011111111010000
1001011001110111
1111001110110110
0111101100001101
1111110001011110
0111110111011111
0101011111011010
1100101101011100
1111011101101100
1110011000101011
1111001010111100
0101111110100110
1110010101110100
0010110110111100
0001100111111001
1011110101001001
0101111011010010
1001010111110111
1101111000100101
0011001011101101
1010101001010111
1111001111110000
0111001101011101
1101000110011101
1110111110111111
1111110100100100
0011101011101001
1111110001011010
1110011000011011
0111010001111100
0101011011110111
1011010111101111
1111101000011100
1110000101001111
0111000101100111
1110100111101101
0011110101011011
0111010111110010
1101110101101001
0110111100110010
0111011011110101
0110110110111101
0111100110001011
0110110101001101
1100011001110101
1000111111110100
1101010111110111
1010010110111111
0111001101011011
1101111011110101
0001111111111111
0111000111101110
1110000111101111
1011101101100110
1000011110110011
0010111101110011
1011001110011101
1011010010111001
1111110101100111
1100111110100101
0110100111001011
0111110101111000
0111000110011111
1010011100111100
1001111101110000
1100001111001110
0110101100011101
1100011111000111
0110110001001111
0101001011111110
0111100011010111
1110110001011001
0111100010101101
1101001110010011
1101110100001011
0011111111000101
0111110011110001
1101101111001001
1101111111111011
1111001001010011
1101111000110110
1111000111100010
0010011111111010
1011011011010110
0111010110111010
1110110110001010
0010111011111100
1010101011111100
1101100101100011
0011010111101110
1100111011110010
1111110011010001
1101110001110101
0001111111111110
1101011001111000
0100111101011101
1111110010111111
1101110101000011
1111100111101000
1000011110110011
0110011001111010
1111011001110001
0101110101111011
0100101010111111
1110100111110011
1100101111110101
0011001101111101
1100110111110011
1100101101110001
1111011110001011
1110111001011011
0111110001100101
1011101111111000
1101001011110101
1101011010111011
0110010011111111
0110110110110110
0001111110110111
0011110000111110
0111111100111100
1111111010101011
1011111100111001
0110111011010011
1010100100111011
1111111111111010
0100011101011101
1010001110101111
1011100101111110
0111111000111011
0000001110111111
1010100011111101
1111111010010111
1001111101100011
1010101110110111
1110011100111001
0101110110100101
1110010110100011
1000111101001111
1111010010001101
0010011111001101
0110111101110100
1110010111110100
0100111110110101
1110011111111100
0010101110111011
1011011100011111
1001101011110111
1110110000101011
1100100101101011
1011111111110100
1101010101000111
1100011110010111
1010111011001001
1111001010101001
0101110010111101
1011111111000111
1100111101101001
1000011011111001
0110101110011111
0110111100101011
0111011111001010
0011110011110011
1100110001101110
1110010001111110
1100000110111101
0101001110011011
1101010100011110
1101000111011110
0111001101101101
0111010110001110
1111110110001010
0111101011111101
1111110100100101
1010110111001011
0111111000111011
1110111101011100
1101110010001101
1100111101011111
0111010011100110
0110110101101010
1111111010011010
0101110111111110
1101010101011001
0111110001110100
0100001101110111
0111100101110110
1011100001111011
1110101011110000
1111101010000011
1010010111110101
1100011011101101
1110110101010100
0011110110111011
0111011101100010
0101111010011100
1110110011101001
1100011101011111
1010011101100101
1111011101010101
1111110100101001
1101110011110011
0011100111101010
1111010100111000
1111111010011101
1101110111110000
1101010111101101
0011101101011101
1101101101010011
0011011110110110
0100110111001111
1110101111001100
1111111101101000
1011110111001110
1111110001100110
0010111110101011
1110100110100110
1011100011111010
0100111011111110
0110000111111111
1101011011001101
1001101011111111
1011101011011100
0011001111111001
0011101111100010
0011100110111110
1011000111010011
0111001000011111
0110110001111110
0001101011111100
0101001110011101
1101011011000101
0110111010011010
1100111001100011
0110001111111111
1101001110011101
0111111111011111
0011101100111001
0100110011111001
1100011011111110
1000011111101010
1001011001110111
0010011110111100
0111110101000111
1100110010111101
1111010100111101
0100100111111101
1100111000101101
1111110001111110
1001111011011001
1001001110110101
1110101110100111
0001111100111011
0101011100111101
1100100110111010
1010001111111001
1101100011101011
0111111000001111
1110101111011101
1001101010110110
0001111111111000
0011111011011000
1111100011110011
1110101110110111
0010101101110111
0010011101110110
1101100111101111
0111111100100110
1011011001110011
1011000111011100
0101100110110110
1011001100111110
0001100111101111
1111101001011111
1101010111101101
0111010111000011
1011101101101000
0111010100101011
1011001100111110
1101011100010101
0110101111010111
1101111000001111
1111101011100000
0011110110100101
0111101110000110
1101111101000010
0110110111101111
1101010001111110
1101110001010101
1111010111010001
1111101100101010
1011011001101110
0110111010101011
0100110111110100
1111000111011010
0101001100111111
1000111111011101
0011100110110110
1111000111010100
1100010001111110
0111110111101111
1101111011010011
1011010110101100
0111111000110110
1111110101010101
1100111000111010
1111110110110111
0111101000110111
1001101110001011
1101110110101100
0110110100111101
1101110110010101
1001111011011111
1100111010000111
0001101101011011
1111111100111101
1110010111100100
1111110111001000
0110110111111001
1100111100110100
0110011111011100
1101101011110110
1011000010011111
1011101001110001
1101110000111010
0001101101111111
1011011110101111
0111011111110001
0001111110001110
0110100111100101
0110001001111110
1110001010111110
0011001101111011
0001010001111111
1110010101010111
0000110101110111
0101101111100100
1101001111001110
1111101101010101
0011010011110101
0101110110010101
0100110110111110
1011101110110110
1101001001110101
1111111011011001
0001110010111101
0011100101110101
1011000101101011
1000011111001110
0111110110100100
1010000100111111
0011010110110110
1100101100011110
1101110100010011
1110110101101100
0100110111011011
1110010011100101
0011111001100110
1110111001111000
1001100111001011
1111110000101100
1101010010101111
1101010111001011
0101010010111111
0110101110111010
0110110100110011
0100110111110001
0101010110110111
1110100110111001
1001011100011111
0010111101101111
1010100111011111
0111101001001011
0010011111111110
0101111110100111
1111110000001110
1100111011000111
0111001111110011
0101101011111100
0010100111011111
1101001001111011
1001010110101111
1101010010110110
0111100111110110
0001100111101101
0010111111011101
1011110010110101
0001111101110011
0011001111011101
1011001110111010
1010101010110110
1001111110011011
1101110011010011
1001000111010111
1110111010111111
0100110111110010
0111110001111110
1111011101111000
0100111111000111
0011110011101011
0111100110100011
1101010011011011
0010100101011111
0010011101111100
1011100111000110
0100011001110111
1010110111110111
1101011100011101
1010111111010011
1010100111011011
0100011100111110
1100011101110011
0010111111011110
1100011101111101
1111000011011011
1101010111111101
1011001111111010
1110100101111100
0011010110111101
1100001001111111
0011101101011100
1100110110010011
0101000110101111
1101010010110110
1110110001111000
1110110001010011
1011010111110101
1011001111101111
0100110011110111
1111000100010111
1111011110100000
1001011110111000
1111110110000010
1110100101110010
1111111000110011
1100111101110101
1000101111110010
0111010111011000
1110000101100111
0111101110011111
1110110111001100
1001111101010100
0111100111011110
1110101001111111
1101001010111100
0101101011110010
1111111010001110
1011010000111110
1101111001000111
0110010111111001
0001110111001110
1111000110011101
0001010111111111
1111010110100011
1011111000011011
0111110010100111
0111110011010101
0110011011101011
1111111011100001
1110111011101100
1011011101111011
1101110101001001
0111111000110100
0001110110111001
1000100111111100
0100111100011111
1111110101011111
1101010100011111
1111000101110011
0010010111100111
1011011000110011
1011110111110011
1111110111100001
1011000110111111
1010101100110011
0100111101001111
0011000011101111
1110000010111110
1101110010000111
1010111101101111
0110011011011100
1000010101111011
0001110111011101
1000011100110111
1011010111011111
1010100110101110
0111110101011011
1100111010001111
1110111001100110
0011110001111011
1110000011110011
1011111010100001
1010001101001111
1011110011110100
1100110010110111
0101101011111000
1010110100101011
1111100111000010
1011101010010011
1010110101010011
0110011011111011
0001110011011011
0011111000111111
0001001110111011
1011101110101011
0101010101101011
0010100101111110
0110011111101110
0011111000101110
0111111101110100
1001111010110010
1111101111101101
1111110000001011
1001011111011000
0101110110101101
0101011011011110
0111100011101100
0101111111000111
1110101101111000
0110001010111111
1111111010011100
1011011101110001
1111111010011011
1111110110110101
1010101101001101
0110011010101101
0011010010011111
1101011110011001
0011101110110010
1111010101111101
0101100101010111
1111110000100110
1101111000001110
1011101111110010
1011010011101100
1111101000100110
1001011110001111
0110110110010101
1010011110110001
1011010010111010
1111011001011100
1110010011101011
1011110101011000
0101111010001110
1101001111110101
1111110011100100
0001111100110111
0110111000011011
1111101010101010
1100101100001111
1100101110110101
0101110010110101
1101111011110110
0010111101100111
1111011100010010
1011011001011011
0101100011011111
1101111001110110
1011100101101001
0100111001111111
1010111011101111
1101001011011001
1001111100001011
1011011001110100
1011111001101001
1111110110000101
1111100011001101
0011111001010101
0101011011100110
1110111010110101
0110100011101110
1011110001100111
1001001010111011
1001011101110110
1011111100011011
1110110001100011
0110000111010111
0010100111101101
0101101010011101
1100010110111100
0110100111010110
0110110111101110
1111101111000011
1100111101001001
1101011111000100
1111111000011111
0110010001111011
0100111110011100
0111101100010110
0011001011101110
0001111110000111
1111010110001110
1000011111010111
1010111111100000
1101110111011101
0110111100101111
1111100110001111
0111101100011011
0110101000111101
0101100111101101
1101111001111110
0110111000010111
1111110110110101
0001101101101110
1001111010100110
1111001101010110
1000111001101011
0100110110001111
1100101110000111
1100111111000100
1111001011111001
1110101010101110
0111100110000111
0110110100111010
1101011011001100
0101110110101101
0110111101001011
1101010111010001
1110000101011011
1101111111011101
1101011010111111
0001111101000111
1111011000111100
1111110111001001
1111101110000100
0110010111011111
1110101100110110
0001111001110011
1110010111100110
0101101010101011
0001101010011111
0111011111111111
0110110101110010
0100110101011011
0101111100111011
1011011010110111
1111001111001010
1000111001110101
0000101111100111
0111001111011111
0101111000101101
0101101101011100
0101001011010111
1011010100110101
1110111101111011
1111000011010101
0010010101110111
1001110011100101
0111111010011101
1101111001100011
1110101011101110
0101001110101111
0111001110111110
1011111101111110
0111010011101011
0110111010011110
1111111101111100
1101010101010011
1101101111101111
1001110111111111
1010010110110111
1000110111101111
1100111111011000
1100011101100101
1010110110111000
0101101111100101
1111100010101101
0011111011101001
1011001001111111
1011101001000111
1111101111011111
0110101110011111
1110101011110100
1101100101111011
1001110001111100
1011011001101100
1100111101110101
1011101111000101
0101011001101111
0011111000111110
1111101111100011
1110000101110111
0111011001011011
0011001111110010
1011011011000011
0011101011110011
0111001101111001
0110101010111101
1101111111000110
1100111001001110
1111101101110011
1110100011101001
1111000110100101
0001111101010011
0110110110011111
1100111011101110
1011001001110111
0101000111111101
1001101000111101
1000111110101010
1110011111101001
1111011010101111
1110011100101100
1110011010011010
1111010110011010
0111011101100011
1001110101101100
0111001110110111
0100101101111111
1101101001010110
1110011101110010
1011111100011000
1111111010010101
1101001000101111
1100101100110110
0111110101011010
1010011111011111
1111110000111001
0111101110110001
1001110111101001
1101000110111010
1011100110111101
0011110011111010
0011101111111111
1001111011010111
1110110010000111
1011011110111101
1110101111110010
0111011010111111
0100111101101010
0110111001010011
1001110100101011
1101010011111110
0101110101111000
1110010011111111
1111110001001111
0110100001110111
0010111110110110
1010011110101001
1001101110101111
1011011011101110
0110111110011010
0100100011111101
1101111001101101
1011101001111001
0010111110100111
1101001010101011
1001000111001111
0000011010111111
0101111011010011
0011010011111101
0101011011011010
1101010010010111
0001111001101011
1101010011011110
0101111111111001
0100111101011010
0011000111111110
0111010001110111
1111101001100101
0100100101111111
1111110001011110
1010110110010011
0111000101111110
1100000111111111
1101101111101110
0110111000111011
1111101111001100
0110000011101111
1101010011010011
1100101111010111
1111010011000011
1110101011111000
0011100110111011
0110101101110011
1110010011011111
0010111101101010
1110010110010110
1011101101001111
1010110000111110
1100010111010011
1011111010001100
0100100110111111
1110111101101000
0011010110111110
1111101101011100
1111111111011011
0111011000011011
1011110101110111
0110100011111111
0011100011001111
0110011111101110
0000111101101011
1111000011011100
0110010110111001
1100101010111111
1111100011001011
1001001100101111
1010111011111001
0011110100110110
1110000010101111
1001010011101111
0111110010111011
0001110110111001
1100110100111100
0011110011011100
1101101111111100
1100110000111111
1110110010110110
0111110110110110
0011111001100110
0110111001011001
1010010110010111
1110010110101100
1110001011101101
1001110110110100
1111000001110011
1110110100111100
0110011010111100
0011011101110100
1110001101011011
1110110011111110
0010110110110110
0010011111011101
0111111111111100
0101000111111110
0111100111100111
1011010011000111
1111001011010001
1011111000000111
1110010000111011
0110101101011001
0110011101111000
1110110010100111
1101110001011001
1101011010110010
1110011101111101
0101111010011101
0111111011110101
0011111100111010
1111111011111000
1101100111001011
1100111011110000
1111011101001110
0110101011110111
1101110100000111
1111101010011001
1001100011011101
1111000100111010
1011011110111010
1011011110010011
1011101110010001
1110101010001111
1011100000110111
1011101010110100
1100101110111000
1001111010010101
1011111100011011
0010101101111111
1001101011010111
0001101101011111
1100111101101100
1110101101110101
0010001101111111
1011111101001101
1010010011101101
1001100111010011
1000101111100101
1110011000110110
0111001101110110
0110111110010010
1000111110011011
1000111000111101
0001101111001111
1111100110000110
0011101010111001
1001001011111010
0010111111001110
0111101010001101
1000111100100111
1010011110100111
0111001110011100
0101100111101110
1011001100111110
0111111110001010
1001101101101001
0111111111001011
0101111110111101
1111111111100100
1111010110011110
1110101111100010
0101011011011100
0101111001001101
0111011111100000
0101101111010011
0011111101110100
1111000011111101
0111011100011101
1111001110101010
0011110000111101
1100100111110010
1111111101011000
0110111000011111
0100111010011011
0101111110010101
0100111110111010
1111000110111101
1111111010001100
1111100110111001
1101100000111101
1101000110101111
0111010111011001
0111101110111000
1111110111100101
1001011111010110
0111011111001000
0100111011101110
0100010111111011
1110111001011000
1000011001111011
1101011011011110
1001111101010100
0001111010101011
1111111010011101
0010110100111110
1101101001011100
1110011110011111
1110101111110110
1111110110111001
0011011101110101
1010111001111001
1110001101111100
1101111011110011
0101101001101110
0101101101001011
1001011111011101
0110101011001110
1110001011011100
0101101000011111
1101111100111001
0001100110110111
1001111100110001
0110110100110011
0111011111101111
0010111101100101
1101001111100100
0111011011111001
0100101011001111
1111110110111001
0011001010111101
0111101111000100
1011001101110010
1100000011101111
1011101010101011
0100011111110100
0011011111011011
1100011101001011
1101001001101101
1100101011100110
1010111101101001
1010011011011111
1111100111110110
0111001110011101
0101011110111000
1111101000101101
0011111000110110
0011111110010011
0101000111101111
1100111000111101
1100110111000111
1011101101101011
0110110011111101
0100000111111011
1111000011001110
0111100011101111
1101111100010010
1100001011101111
1010110111101001
1111101010010011
0111110011110100
0101110101001101
1101101010110001
0011010101110011
0011101101011110
1011101110011110
1010111010001011
1110000110011101
0110111001100101
0011011100101011
0001101111001101
1110111110110100
1111101111101101
1111010010010110
1011011100111011
1001101000111101
1001011011001110
1100110100111101
1011111001100101
1111011111000100
1010111100111101
0111001101101111
0111101111100100
1111001110100010
0100101111001011
1011101010101110
1111010100010101
1101010110101110
1101111001010100
1110010011100011
1111001001100111
1111011001100101
0001101011101111
1100010110011011
1111111101000000
0011011101111100
0110011111000110
1010011101011011
0001111101001101
0111001111101110
1100101010001111
1010101011011111
1000110111001111
1010010100110111
1110110010011001
0001000101111111
1110110110000111
0111100011011011
0101110100111101
0011011101011010
1111110000111011
0110110110010110
1001110111110101
1001101000111101
1001111001111101
0111010110011110
1100010100011111
0011110011001011
0111111110000111
0011101101111110
1011011101111011
1101111001011011
0111110110111010
1000011101101111
1111100011110100
0110100110111100
0111001011101111
1011111010110001
1101100011011010
1101011101000111
0110111100100110
0000111101011011
0110111010111000
0111001101110101
1011101111100100
1101010011001110
1111001101110111
0110110101011010
1101001001111010
0010110011111111
0011111110001110
0101011011111110
1110010111001100
0110111110111010
1111011110111010
1100001110111100
0111011100100110
0011111001111011
0110111011101001
1111100101101000
0111011110110000
1010100110111110
1110001110101010
1101110010110010
0100111001100111
1010001011111001
1011011100110110
1100011001110011
1101111000100011
1101001010101101
0101010111101111
0110011101010011
1000111101011100
0001011100111011
0011001111111110
1010000110111011
0111010110011011
0110011100011111
1010011001011110
1111110011110110
0111001111111111
0011001111111100
1101011101100111
0111110111001100
1011001110001101
0110111010101001
0111101101111000
1000110011111001
1111100111111110
1110001010111100
1011111111100111
1110100011110001
0011010111010011
1110100101101101
1011011111101010
0111111110100011
0001101011111010
1111111111011001
0101111101001100
0011011011110011
1110110111100001
0100110010111011
1110101010001111
1010001110111101
1111111000011101
0110111110100011
1111100110101100
0101110011110100
1110001111010111
1101011010110001
1111101100111110
1100101111110010
1100101101110110
0010110111110011
0011101111101000
1101100000011111
1110110011010111
0111111011101010
1111100110100010
0111110101010010
1000101101101011
0111001110011101
1110001101100111
0111111100111000
0110111001010110
0001010101110111
0100111110100011
0111110111010100
0101101111101010
0000100110111111
0110011110101001
1001101100001111
0111110000010111
0111001110001110
0110111011010110
1111010000011011
0100100101111110
0101110110010101
1111000011111111
1100101011101100
0101011100111100
0110000111110110
1011001011110010
1100110001111101
1111010110111010
1110100111000101
1101111000110101
1011101010111111
1010000101111111
0100010110111101
0011001001101111
0001101011110011
0110011001110011
0011101111011111
0111111111010101
0111001001110101
1101101101100011
0111011011011000
0011111111000110
0111111111000100
0010111011101101
1010010101111100
0101110111011100
1101011011011001
1111110000001011
1100110111000101
0011011101110100
1111110010110000
1011011101101000
0110011110101011
1000111101001111
0111111100010111
0011011011011111
1110000111110011
1011111101001111
1101101011000111
0110101101001011
1010000101111011
0111001011111001
1010100100110111
0000011111011011
1011110001011111
0011101110111101
0100111011110011
0111111101101001
0100001111011110
0001110101101011
1011100111011101
1110101111111111
0100101100111110
0101011000111101
1100010010111101
0011011001001111
1100011101001110
0010111110010110
1000110101111100
1111100110011001
1100101111011001
1111101101010000
0100101111100011
1100011000111111
1000010011011111
1011101011000111
1110101001010110
1111110010101000
0110110101100101
1101100110001111
1111010110010110
1000111011111111
1001100101111001
1001010100101111
0110010100011111
0011111000001111
1110010011100111
1110001110000111
1011101100110111
1111100101010010
1111101111001110
1011010000111011
1010011011011111
0111010011001111
0101111110001101
1101111001011100
1100110111000110
1100010111111011
1110101101100111
1111011110101100
0110111001100111
1001110011101110
1100010101110011
1001100111100011
1111001101000111
1001101011111100
1100110011111010
1100011110111100
1110110001010111
1111011010111101
1011111000111111
1010101101111100
1101100010100111
0111101001100110
1101010110001110
1111001111100101
1000110110011101
0010101000111111
1111001111111110
0010010111111010
0011101110111110
1101111101001001
1101001111000111
1011000000111111
1111001100111110
1011100111010001
1010101111001001
1110101011100111
1101001101101010
0101011110011111
0010010011111110
0011001011111101
0101001011011111
1010011111001001
1001111001100111
0111111101101001
1000111011001111
1100001010111110
0111011011010110
0111111000111001
1110110110001110
0010101101101011
1101111000111100
0001010111111001
1110010101110010
1110011011111011
0111111111001001
1000111110011011
0101001110101110
0010111110011101
1001111110111001
1111100001111000
1110100101110010
1101111001110101
1111111000000110
1101001110011001
1100111001101010
1001001101100111
1010011111001110
1101110001000111
1101011100011001
1000001010111111
1100010110111001
0011111101100100
1101100100101101
1111111111011111
1111101110010110
0110111101111001
1100111110010100
0110111010000111
1010000111111101
0111011111111111
1011010100011101
0001111111111100
1111101000100110
0101111000101110
0110111111011000
0111111110100101
0110110110110101
0101001101111010
1111100111011011
1101101110111001
0111011011101000
0110110100110101
0001110101010111
1001001001111011
0011110001111101
0011110011101011
0100111011111100
0011111011110110
0110110111110111
1001111111000010
1001101011100111
1111100110011010
1001100111101001
1011111110101111
0111101001111000
1010011101111010
0110110101001111
0001111010111011
0101111010101111
1000011101101101
1111001010000111
1011010111101111
1101000110111100
1111100010001101
1111100110100110
1101111011011110
1111110000101011
0001010110111011
0111001011110011
1001100111101100
1010001101111111
0101010111110101
1101001000110111
1101011011100110
1111101000001011
1001110111010110
0111100011111101
0001100111110101
0110110111110011
1111110111111101
1000100011011111
1111101101011000
0010111111010100
0111101100101001
0111010111100011
1110111110001001
1001110110111101
1111110111101010
1010101001100111
0111111001001110
1101111111010100
1101110010111000
1001101011011011
1101111110101101
1110110101101001
1101011111011001
0000100111111111
1101010110001111
0100101111111100
1110110110010101
1001111111101110
0111011010100011
1001111010101110
0110111110101011
1101011011110001
1101101111111101
0110110110011011
0111101010101111
0110111011100011
0110010011111111
0111001101110111
0011110111100010
1101110110011001
1001001111100111
1100101011011111
1011010111110111
0001011011110011
1101011111110100
0111011000110101
0101010110110110
0000101111101110
0110000111111100
0111110001010011
1001010011001111
0110011001101111
1100101110011100
1110110110011100
1011011001111011
1001101111100111
1110010110101100
0110100111000111
0110110011011110
1111111000100001
0001111101011110
0111110111110011
0011110100111010
1101101010111111
1110011111100001
1110101110011000
0101111011101101
1111101010101011
0010101110100111
1111110010011110
0101111101011100
0001111110001111
1011111000110010
0010101011111111
0100111010100111
0110111010100011
0111110100110011
0111011001101101
1111111111111000
0011001100101111
1011000110101111
0101111111010000
0110101010001111
0010101111011010
1001101011011011
1111101000111001
1011110011111110
1100001100011111
0110101110100101
0011110011011011
1100110101110111
1100101011011100
0111101001010111
1100101110111000
1111010011001101
1111001110101100
0101101000011111
1110110110001111
0110111101001100
0101110101010111
0101101111010001
1010101110001110
1100011110101100
0011011000111111
1010011111100110
0100111001110110
0100001110111110
1011011110010110
1000111100111101
1010010101111011
1001000111111011
1101110000011110
1111111110111010
1010101010011101
0100111111011000
1101101100101001
0111011100011101
0010101001111011
1110110111011111
1111110110011100
0110001111010011
0101010110101011
1111111000110110
0111011100110101
1111110010001100
0111010101011111
1101001000110111
0001010111110111
1011100110111110
1101010011101100
1101101000111110
1101100111010011
1110101110101100
0111110111011101
1010011111010001
1111011100011110
1011111001010100
0111011111110100
0111011101001010
1111000110011011
1011010011100101
1010101111011111
0001111110111011
1100011001101110
1011101000111101
1101111101000001
0111011111010001
1111010001011001
1011101111011010
1011101100010011
1011110001110001
1111000001111010
0111111111001100
1100111011011101
1100011111110111
0111001100110110
1001110111001110
0111010100111110
1010001111111100
0010111101011011
1110111011011000
1101101100101001
1101010101110111
1011011011110111
1010101010100111
1010011010100111
0101011111001011
1000011001011111
0111101011111000
1100111100110111
0111101000101110
1110001110001101
1011111100100111
1101111011011100
1010010000111111
1100100111011101
1100011111100011
0001110111101010
0101010111011110
0101011011110011
1001111101110100
1101011100100110
1111001010100011
1111011111110010
1110100001110011
1101111100011001
0111111011001001
0110110101011001
0100111010110111
0111100011110100
1011110101100101
1100111001111110
1101011001101001
1011010011111100
1111000010110101
0110001111101110
0001101011101111
0011101001101101
0100111111001101
1110111011011000
0001110100101111
1110010111100011
1001011100011101
1101111100010111
1100110010111101
1011011101001001
1010101110111111
0110000011111011
1100110011011101
0110001111101001
1011001111001001
0111111010010011
1111011001111111
0100111101111110
0011110111011010
0110100101011111
0111011100011110
1101101101110010
0110011011110001
0111001100110111
1111100010110100
1101101111111000
1101000111111100
0010111001101101
1111101111101110
1110111101111100
1110111110000001
1111111010111011
1001011110101010
0011011011101110
1111111110000010
0100110010101111
1101001001101111
0001111101101101
0011101100110101
1111111001100100
1011101100100101
0101101111100111
1111101111001011
1010010101011110
1011001111010110
0110111000111111
0010111111000101
1001101010101111
1101000110111110
1111101101000001
0111111000010111
1000110111101111
1101100111011100
1111100111100111
1111100011101111
1100111010001111
0111101111001100
1110111101101100
1100010011001111
1110100111101011
1110111011111000
1011111101110101
1111010010111111
0110100110111110
0111001110011001
1111111100111110
0011011111110101
1001011111011100
1001111100001110
0000011111011011
1111100110101010
1011011111100101
1110001100111111
0111111000011001
0011101010001111
1011011111111100
1110011011011100
0111111100010010
1110010101001101
1101010111100100
1110001001101110
1000110111101010
0110011101100101
1011111001010011
1110010111011010
1001100111110100
0100101101111101
0110110111011100
1100100111011001
0011011111111110
0010111111010111
0010111010010111
1001100111101011
1010110111000111
0011010101101011
1010000111010111
1011100111101010
0111001110010111
0011011010110011
0010111011001011
1110001010111111
0001110111011010
0111011110001100
1110100111101111
0000110111011101
1110111001010011
1000111111011000
1100110100111100
0111000101011011
1101100111111001
0110100111101111
1101101001010110
0111110010001110
1001010110010111
1101010100110011
1001010101011011
1111100011110101
0111011110111001
1110011101100100
0101111110100110
1001101011101110
1110100001111100
1111010110001111
0011110111100101
1001011011111001
0110110011011101
1111001011101111
0110011010110101
0001111110001101
1011011110010010
1011101111100101
1111000001011110
1011100100101111
1001011111101010
1110101101100110
0111001110111110
1100111001110011
1000101101101110
0111111001100010
1111110100100011
1101011011111110
1000101111101010
0011011010110111
1101011111101110
1010001100111101
1110101011010110
1011100011101011
1101111010101011
1011011100110001
0101101110101110
0010001011111111
1110110101110110
1100100111101110
1010111110100100
1011011010001110
1100100111110111
1111000111011111
0101111111100100
0100110111101100
0010101111001111
0110101110001111
1100010011111001
0110011111001110
0110101110011010
1010100110101111
1000110110011101
1111001000111110
1110110000111010
0110110101101100
0011001011101110
1011011000111101
0111011010111101
0100111111101110
1111110011110000
0011111101010001
1010111010100101
1011100111110001
0011101110110111
1010100111101111
1110011100101100
1101110011000111
0110110011011010
0110110110101111
1001101100011101
1100011011110100
0011101001110111
0111011111110110
1111110000110100
1101101010110010
0001111001011101
0111111001111001
1111011111000000
1100111001101010
1001111011001010
1010011001011011
1100110111000011
0011110101101111
1001101010111010
1010111001111100
0011011011110100
0010100110111111
1111101111110011
1011011001101100
1111110001100001
1011101011100101
1001101110111101
1101010011101101
1111111000011101
1111111110110001
1101111100100010
1111110010100011
1101110100011011
1101100011100011
1101111101100011
1110101110100001
0011001001101111
1011110111101100
1100011110111001
1110011100110011
0110010111010011
1100100111101110
1111011010101011
1111011000101010
1010111111101011
0011011011110001
1010111101111101
1101111011010001
1011110011110111
0000111111100111
1001011100111101
0010010011110111
1011100101010011
1001001001111101
1111100010011111
1011011010001110
1110111100010111
1111011110100010
1010111111101011
1001011011110111
1011110000010111
0010111111101100
0011101001011110
1001001100011111
0111011110100110
1011010110101101
1000011110101101
0011111001100101
0101111111100101
0111101001110111
0111111111110110
1001110101010111
1010001100111011
1111010010111101
1111111000010111
1011011011000110
0111011011001101
0111101101110011
0011011100101110
0110000011111011
0111101111110110
1100100110111010
1001110100011101
1111111101010001
1111011000011101
0111000111110001
0011100110110110
1110111111110000
1101111100001011
1001110010110111
1010110101100011
1110111001001011
0101111100100111
1101111011101110
0101011011011010
1101101100001011
1111111110110110
1011100100111110
1011011101010011
1111111111110101
1001000110111110
0111010101001101
1010100111011001
0011001111011011
1111011010001011
1011100010111100
1110101011010011
0011101101101110
1101101111010110
1101110010101111
1101010001011101
1101001100111110
0111100110110011
0001011111100011
0110011111001100
1110001111111110
1100111010101011
1101101001100110
1000111000011111
1101010101101100
0101011111111101
1100101100111100
1101110001010101
1111110110110101
0000111110111010
1001100011110101
0100111100110111
1011110011011001
0101111000011110
1011110001111110
1111101101111011
1101010111100110
1000010011111110
0101010011111101
1101110110000101
1001101101110011
1110111101010011
1111011010011101
1110101010011010
1100101011101001
1111110010011101
1010011111101010
0010111010101111
0010101100111111
1101111001100001
1110110001110001
0110011100011111
0111111000111101
1111000110111110
1011010101110111
0010011011101110
0101100111011101
0010110011101011
1011100110011001
1111001001110100
0101011111100010
1110010010101011
1001110110011010
1110000011001111
1111111110011000
0100101010101111
1110110001111100
0101101110101110
1001011110111110
1011111110110011
1111111110111000
0011111110001011
0100101010101111
0101101100011011
1100111100011011
1111000011010110
1110111011011100
1010100111111010
0001111010111100
1010110111010100
0100001111011101
1101111010111010
1011100011110101
0010010101111111
1011111011111101
1010100111100110
0111111001011000
0101111110110000
1111001011010001
0111011101111110
1010111110110011
1110011010001101
1100110111011010
1000001111101111
1101110111111100
0111010110111110
1001011110010110
1011110110111100
1110111101001100
1011111111110111
0010011101100111
0111110001111110
0111110000111010
0111111111100110
1010001101111100
1111010111001011
0101101111101110
1110000110110110
1011111111100101
1101101011010100
1110010001101110
1011001000111101
1111111111000110
1000100111101110
0111101001011100
1101010010111111
0011111100101001
1010101111110001
1011111110011111
1001001011111100
1111111110010000
0110110011111101
0011100110101101
1001100011111110
1011011111110110
0101101011110100
0001011101110110
1110011111001000
0111100111100100
1101101011000111
1100010010111101
1000011101010111
1110011101011000
1100100111110001
1011011101010101
1111111101111010
1001100101011101
1111001010111001
1100101011111010
1011000011110111
1110010111000011
0011100101111100
0001110101111011
1011011111101011
1110001110100101
0011101101111000
0100010101110111
0001111010111100
1100011101110111
1110001110111100
0111101001001110
0011110111110001
1011111100101001
0101011111101100
1011110000111011
1010010110111111
1111011100001100
1000100111110011
1010100011111001
1001001010101111
1001111010110010
1110010110100111
0110111001010110
0111001110111101
1001001111111000
0101101010100111
1111000000111111
0111011011101100
1000011111010111
1101011010011101
1011011111101000
0111001101111000
0000101110111111
1011001111011111
1011110010001101
1110011011101111
1110110110111101
0011000111110101
1010101101101001
1111100100111100
1111100100001101
1110100001101101
1110010101100011
0101001000111111
0010111101011011
1111111111011101
0101011111110110
1110001111100001
1011111011001010
1111111011000111
0101101010100111
1101001111101010
1011001101100110
0010101010101111
0111011001010111
1111001101100101
0111100010010111
1101001011111111
1100011111001110
1110011011111010
1001101001111011
0011111101101011
0110001111101001
0100110011111001
1111011010001010
1101010111011001
1100111010111100
1100101110101011
1110111100010110
1110110101011110
1111001101111001
1001110111110100
1011011101001011
1101111001110001
0011110110011110
1101100101110101
1111001111000010
1010001111011110
1001011011101111
1011001011111100
1110011101101010
1100101000011111
0110011001111010
0001110110101101
1110101001011111
1011011101111011
1111010110110101
1001101011001110
0110110101011110
1100111110011001
1110101111100000
0101101101110111
1001111011000101
1110111110101110
0111001110110100
1101110001011010
1011101101110011
1111100101001111
1010011111110010
1011110010001111
1011001101001011
1001101111100101
1100101101011011
1111010001111110
1111010100111010
1111101101000010
0010101101010111
1011111001100101
1110001101001110
0101001110111100
0011001111110111
0011100110010111
1000010111011110
0000111011011101
0001110111101011
1001001111011111
1100011010111001
0001111111111000
0110111010011110
0010011110001111
1100110101110110
0111110101111101
1001100111110001
0111111101100001
1000100110101111
1100101010110111
1011010110101111
0111100100101110
1011010111111110
1110100010011111
0101100111101111
0100100110111101
0110010101101101
0011101011111000
0111010001111100
0111101011000111
1101111011110110
1000110111110011
0111000110111100
1101011001101011
0111010100011111
1111011101011101
0011011101110111
1001100111100111
1111101101101001
1100000111100111
1101100010111111
1111001001111001
1111111001101000
0111011110110101
0100111101100111
1010010101100111
0110111100111101
1101110111100011
0001100110101111
1101000011111110
0011011111100101
0010111001111110
1010011110100110
0000111011110011
0110110110010101
1010111100001110
1111111000111100
1111001001101100
1111001110100110
1011110011101010
1000111101001101
1011001010111010
1001111100111101
1110101010110010
1101110100011010
1011110111000011
0101001111110111
0010010101011111
1011010101100101
0011010111111100
1101111111011001
1111101001010011
1101000110001111
1111100111101010
1101011111000001
0011101101111011
0110111111100111
0011111101010011
1111011001110001
1111000110101010
1111101001111110
1110010110101101
1011100011111100
1111101010101011
1011110100010101
0011001111101110
1101010111000111
1011101111111011
1011011010001101
0110111110100100
0011111011111100
1101100001011111
0110001001011111
0101001011011011
1011101100011011
1010100011011011
1010110100101111
1011010111100110
0010011011111100
1101011101101111
0001110110011110
1010111011101011
0111011101011010
1111100110010111
0101111110101101
0111010101100101
1111010010100101
1111001111000101
1111100100110111
1110010111011000
1110100111010110
0111110101110111
1111101000111110
1000001011101111
0110111011111010
1101001110111010
0111111010001111
0100111101110111
0110111111010101
1010011100101111
1011010001110101
0111011101011000
1111010101101100
1000010011110111
1111001010101111
0010111010110101
0111010101100101
1010011110010111
0111010111101011
0011111011111100
0101111000110011
1111110100101000
1110111000101110
1010011001011101
0111100011101010
0101011011111100
0001111110010111
1011000110111011
0110011011110010
1110011101101111
0001110111011111
0011111001111010
1110111010111001
0111010111101111
0011110010010111
1101100110111101
0111111111000010
0010010111011011
0110111011000101
1100110110101101
0100111001110011
1100110101101011
1001100010111101
1110011011010011
1011111100101100
1110011110100100
0110110010101101
1110001110011011
0010111101100111
1010001110011110
1010000011011111
0011010111111001
0001011110111100
1010101110010110
0101001001011111
0111011100111110
1110101010010011
1110100011111101
1100000010111111
1100110110110100
0110101101110100
0110111011000110
0110101001111101
0001100111100111
1101011101110101
1111111110000111
1100011010101111
1111010011010110
0011111000111101
1110011011010010
1011011011001111
1011101110110110
0101011111010010
1011110101111100
1011111001000111
1001111110111011
1110011100011010
1101110111001010
0011101001101011
1011011010001110
0111101101001110
1001001111110110
1011011011001011
0111111011110011
1101110100011110
1001011000111111
1010101011101001
0111001001110111
1111011111110101
1111111111101011
1110111001000011
0110101011111010
0100011011011101
1111110101111111
1111011000101001
1111001010110101
0100011011111011
1101110110101100
1111011111010101
1111011110000101
1101011100011001
1110110001110111
0100110111110001
1111000110100111
1111000111000111
0111000111110011
1100111011000110
0111111100100111
1111111110011000
1010001101111100
1001111101010111
1101001110111110
1111110111011110
1001101110110111
0010011110101101
0110100101101101
1101011110111000
1111010111001111
1010101111101010
1110101101011100
0101011011010111
1111011010110010
0011010111111011
0111110010111010
1110111010011001
0101101001111101
1011101010111011
0111010111111001
0111101100110011
1011011011101000
0011110101110111
1110101011011010
1011100111101000
1000111111101111
1111000100111011
1011100110111100
0001111100110110
0110110001101011
1110011110111001
1110011111101100
1110001111001100
0110111010110101
1111000111111001
0111110111100101
1111000011100111
1011111111111010
1001011101100111
0010100110111111
0111111010010110
1111111100010100
1011111100100001
1111010011110110
1110011110110110
1110101100111100
1100011110110101
1011110101101110
1111000011101001
1111111110100000
1110001110100111
0100111101110110
1111111111101000
1001001010111110
0111000101011111
1011101000101111
1110010000111101
0111101011011000
1001001100110111
1110001101010110
0101110110001011
1101000100111110
1111111101111100
1100001110011110
0011011101110100
1110010110111100
0101110101111011
0010101101111001
1110111111010101
0101110110110001
1111011101010100
0010111010110110
1011011011011100
1110110111110101
1011010011000111
1111011100110101
1111000101011001
1011111001111000
1000101110001111
1011110000101110
0111110000111001
0100100111110011
0111011111001011
0101111111000110
1111101110011110
0110001001111110
0111101111111111
0011110100111101
1000011101011110
1011011100000111
1001111000101111
0100110111111110
1100110011101011
1111100011000110
0111111110011110
1011001111101000
1110111010011010
0110100110011111
0111011011010101
1111001110010100
1111100110101100
1111110100110001
1000010101011111
1010111010110101
1100110111011011
1001010110110110
0011111111011010
1001101110011110
1110000010011111
1111011111001111
1001010101111001
1101110100101101
1101111011001001
1111110110001100
1100010111110011
0011101110000111
1110101010101100
1011110110111110
1101101100011001
1101110001001110
1101110001100011
0010111011101011
0111011010001101
0011101110010101
0010011100110111
1100111110110000
0110011100111011
0011111010101101
0111111110101100
1010101001101111
1100101010100111
0011011111010100
0111101110110001
0111010000011111
1001011011101101
0011011101000111
1011101001000111
0011111101110101
1011110110101100
1011000110110110
0101101100011101
1011111010110010
1110101011000101
1010100110110101
0110111011101010
1001111110010110
1111010010101111
1001010101100111
1101101011101001
1010101101110101
1000001011111111
1011111011101100
0101101001110011
0111011011101100
1111111110111101
1000110100111101
0111010101101001
1011110010111000
0100100011111110
0011110110101100
0101110101011100
0111111001100100
0011011010111111
0011101101101001
0000110011110111
1110010101011110
1011111011111100
1100101111110101
0011000100111111
1111011010111000
1011011111010011
0110111111011100
1110101010001110
1011101110100011
1101010111111000
0001110111011100
0001110111110101
1100111010010101
0110110011111100
1100001011111011
0111011111001110
0110010111001011
1001110100111110
1111110110100010
1101010101000111
1011100111111001
0011111110001010
0011111101001001
1101001111000110
1001011101100111
1100010101111100
0011101110101110
0111111100011000
0011011101010111
0001111010111110
1111000110111110
1100010101011011
1100001001101111
0100110101011111
0000101110111110
1001000101011111
1001001111011110
0011100011111011
0111001110111101
1011110001110010
1100111011001011
1110101011100111
0110011110110100
1101001011100110
0111101010011011
1001010101111011
1100110111000011
0111011001110101
1110111001111011
1010101111010001
0011101011011010
1101000111110101
1100100111101111
1011001100011101
0111001001011111
1001101110110111
1111100011011001
0110110111110010
0101100110010111
1111011101011101
1010100111111110
0010110101111001
1111110111010011
1111000010011011
0011010011111111
1011100100011110
1001101010111101
0011111101010110
0101110011110111
1111101111101110
1100111110110111
0110101110111101
1101100111100010
1000111010110101
0010110111011101
1111111001011110
1100011011100111
1011011111011100
1101111100100100
1011011101011001
1100001110111010
0101101110101110
1011111001010101
0001100111111001
0111111011100111
1111001000101101
0100110111101111
1100011110101101
1111100010111101
1110110100111101
0111111001101000
0111110011011111
1011111110010110
1010101000110111
1110010001110111
0011111011111001
1100011010110110
0001011101111011
1000111010101110
1011011100001101
1111001011111110
1010100111111001
1111011010001110
0111111111010010
0001111100100111
1101001110110011
1001001100111110
0011101110110101
1111111101011001
0011110111000011
1111100011000110
0101100001011111
0111111001100010
0001110011011101
1001111110100001
0101110100011111
1111111001100000
1111111111010101
1011010101100011
0101111111001010
0101011100010111
0101011111001100
1101001100011101
1111111111101000
1101001100110101
1100110110111001
1110110101110000
1010111100101110
1111000010111011
1111011001111011
0110111111011000
0001101111001011
1110111101000010
0111110100111111
1110010001111101
0110100111110111
1010110010110111
1111000110011110
1011001110110010
0010111001011111
0111001011001011
1101110001100111
0100101101011111
1010111111011010
1111011110010011
1100111110111000
1010111000111101
0011100111100101
0010110110111011
1010101111011010
1110010101100110
0001001111111111
1001100110110011
1110010111110100
1101100011010111
1010001110111011
1011010101010111
1110110011001101
1001111111111000
1011100001110111
0111000111110101
1111001101110111
1101101111111011
1110101011110011
0110101011111000
1101011001011010
1101100101001110
1011011111001011
0110110111010011
1110101000101101
1111010111001001
0111111011100110
0001101101101110
1010011001011111
1001011101000111
1011111010001100
1010010110101111
1111011011101001
1000001111011110
1110100010111001
0111111011101010
0010111011010110
1010011110111100
1000101000111111
1101110010111001
0111010110011100
1011110011101101
1101101101001010
1101110100111101
0101001111111101
0101011111011101
1110001110111011
1010011111110100
1011111011010010
1101001111111101
1000111100110011
0110111101101100
0110011110111011
1110010010110110
0110111111010001
1110011110110001
1101001111001100
1111011111001111
1110100111001011
0001111110111010
0001110001101111
0111010100101101
1110011010111110
1110001110011100
0101111110101101
1010010111110111
1001010110011110
0011001101110111
1111010101110001
1000011110111011
0011101011101011
1101101010111001
0011101101100111
1101011000101011
0111010110101101
0111101000101101
1001001011111011
1110110010110110
1000011111011100
1010101101100101
1100110110100011
1011010011110001
1000111111101000
0010111101010011
1011111001100110
1110101001100110
0110000110110111
1011100110001011
1111110111001011
1111010011010111
0011101101011010
1111011100111001
0110001111100011
1010101101111101
1111110101100110
0111011110011101
0111101110111101
1101101111001111
1001110110111110
1011010101101010
1111100110011010
1010011100110011
1110110110100110
0010100101011111
0110110111100111
1101101010110001
0111101100111111
0101101111001110
1011101110001001
1111001100000111
0111111001110100
0011101011101010
1010011011010111
0111011100101100
0101101010111110
1111011111001001
1111010101111001
1110110110110001
1010111111001101
0110111011111001
1110111110001011
1110001110110110
1111110001111101
1101111110001010
1010100110111001
1100100110111111
0110011011101111
1011100101111010
1010111111110111
0011111110111001
0100100011111101
0111110100101100
1101100101101101
1111100111111011
0011101111111100
1100101101101011
1110101011011001
1110001001111101
1101000111110101
1001011011011111
1011110100101101
0111101110110100
0100110111111110
0110111100110110
1100000111111110
1101011000101111
1111111100000100
0000111111101001
1001001100110111
0111111011001001
1001011001001111
1111000101110011
1110111001111110
0011111110000110
1111111110000010
0011101000011111
1001111101011001
1110111111110001
1000110110110111
0101011111110110
1111101010010001
1011010001101011
1111111010110101
1001100001011111
0111010111101111
1001011011110010
1100111101100100
0101111011011001
1100101111110110
1011001000111111
1111101111100000
1011010011100011
1101101011100010
1111000111101110
1011010010100111
1011000101101011
0110001010011111
1100011111000011
1101110110101011
0110101011101010
1001100011011110
0110101110100110
0001001110011111
1110101000111101
1101101101011100
1111111011110001
0110111011110101
1110111010011001
0001111111100001
0110011011101011
0110000101110111
1110100110011010
1010110110101001
0001110011110101
1101011111011011
0011110011011010
1110101011110001
1110011100110010
1010111111001011
1110100111001100
1001101011010111
1110000101011101
0111001100100111
0110110010010111
0101101001111101
0011111010100110
1011110110100011
0110111011011101
1111001000011111
1111001001011101
1011001011101010
1111111101101111
1011100101001101
0101011110101110
0101011010101110
1111000111100111
0001001101111011
0010011110011111
0101011001110101
1110111001011101
1011110010111100
0001100111001111
1000101111101100
0101111111010001
0101001111011011
0111110111000010
1011001100111110
1010111100110101
0101001110111001
1011001011001110
1011111110101000
1011101110110111
1101011111000100
0101111001110101
0110110110011110
1111010000110110
0001111101010101
0001111101101001
0101011011101110
0100111100111111
0101111011001001
0100111100011011
1110000101111111
1011010010101101
1011001001111101
1010101110011111
1110111111001000
0101111101000011
0110000111111001
0011111110100110
1100111101000101
1110110001001101
1111110000011011
0010101101101011
0111110100101101
1011101000111001
1010111111010011
0110001101111111
1001001111011101
0001011100111111
1111101101010000
1110111010101000
0111110001001110
0110011110011001
0110111011010101
0101011100111110
0010101110101101
1111000110011101
0101010101111001
1111111011000100
0010111011011101
0101110101011111
1111011010111010
1111110101000001
0111111001001100
1110111101111010
0011110110000111
1001001111110101
1110000011010111
1010101101101111
0100010011111011
1100110001110101
0011000100111111
1010011011111001
1100010101101111
0101101111111110
0001111011000111
1010101111110001
1101100011010011
0111001101100011
0011110111101110
0110011111100001
0111101011101010
1010001101010111
1110000110101110
1101001110110101
1001011100111001
1001011000111101
1110011010001101
1010101001110101
1111010101110011
1101100101010101
0111101110101011
1111111000011000
1010111100100111
0101101110101011
1111100101100010
1001011101100111
1100011111100110
0001001011101111
0010011111101101
1111110111110111
0000011111011110
0101111000011011
0011010110111101
1101101101001011
1101111011101110
1110100011111111
0101111101010111
1110110101110001
0101111010100110
1110111101110101
1110110101011000
0101110010011011
1110000110011011
1011011100011001
1101111000010101
1110011010001110
1111011000101001
0000011111110111
1110111011111100
1011110111000110
1011111010111110
0010001110111011
1011011011101011
1101110011110110
0110100111111110
1010101110110010
0001111111110111
0111101100111111
0001110001111011
1101001111110010
0110010011101110
0110010100110111
0000101001111111
1111100111001010
1000111101011001
1111100011101011
1011111011111100
0111011011110010
0010111100100111
1110011101001010
1101111110100011
1100111001010110
0110110010100111
1010010001111110
0101011111110111
1101101001101101
0101101001011101
0101011110110010
1111111001110101
0000111101101011
1001100011100111
0011011101110111
1100111110111110
1010010011111101
0110001100101111
1101101111100000
1001101011110011
0010111101111110
1111011110101011
1011011100010110
1011100001011111
1100101111111011
0100110101001111
0111010101110111
1010111110010101
1110011111000001
1100110001101011
0100110111101011
0111011111011000
1100011010111011
1110001100111011
1010110110001101
1000111111011010
0011011011000111
0001110001111101
0110101110001110
0110011010011111
0101111100110010
1110000110010111
1111110111111101
1110011110010001
1010100011010111
1011001111001001
0111111111001111
0111110101101010
1111111001110110
1010110101110100
0111110001010111
0101100111111000
1101110000010111
0111001111011010
0111100101010011
1011001100011110
1100111100110111
1000110111001101
1010010101110011
1011001011100110
1111001101001111
1111011110000010
0011111101101110
1001111110101100
0100111101100110
1100011010101011
1111111111100000
1101110001011100
1100000111001111
0011001111011111
1110001110011110
1111110001110111
1011101001010111
1111001100110101
0011111111001100
0101011100011011
1011001001111100
1110010101001110
0110001111101100
0110011101010011
1000011010111101
0100101111110011
1101011111100101
1111010100111101
0111111001101100
0110110011010101
0111011010111000
0000110100111111
1001101111101010
1110010010110101
1011000100101111
1011110110010100
0001110110101011
1110111010101111
1001011001101110
0111011100011100
1001110110101110
1001110100101111
1010011011111100
0110110110111101
1101100110100011
1111010001111101
1011011010101001
1101001100101110
1100001111001011
1111011011000100
1111110100011011
0111010000111101
0001001111101011
0111100011110110
1110100101111110
1001011011010110
0110101110101011
0000011101111101
0111111101100100
0011101111101011
0111010111010010
1110111000001110
1111111011101000
1100010111111000
0111101101110000
1111101001101100
1100101000111101
1010110011010101
1011111011001110
1010111001101011
0101111000111011
0011111010010110
1001110010101101
1100100110010111
1101011110001111
1001011111100101
0110111111011000
0011011111001101
0110110011100111
1011111010110011
0000011111100111
1001111000101101
1100111011100110
1011110110111101
1110010100111110
0100110111011101
0011110010011110
1111100100110010
0010111111101111
1010101001101110
1011111011110011
1100111111101010
1101110111011010
1100100100111011
0100111000111110
1101101100001110
1001001111110111
1110011100001101
1000111011101100
0110111110111110
1010101111101001
0100111011100110
1011101100010110
1001110001011011
1011001111011110
1110100101011001
1111101001010111
1011010001111111
1101011100110101
1011100110100111
0111111100010001
1011110001011011
1110010101010011
0001110101101111
1000110111010111
0101010011111101
0000100111101111
1100111111110001
1101100110100111
1010101110100011
0011111100101001
1101111110100100
1100111110111000
1011011010011001
1001011000101111
1101101110101110
0110101111110110
1010011110010101
0010110011011111
1110110101111100
0001111010011101
1011001110011010
1100110110000111
1110101100111110
1111101010110110
1110001111011011
1000011101011111
1011010111011111
0111000111111010
0101011100011101
0010111000101111
1101110010011100
1100010111110110
1000101111110111
1001001111111011
0101111011100110
0111111000111000
1100101101100101
0001011111110100
1101101101001001
0111010111110110
1100011101100110
1000011010111011
1111101111100001
1101001010111111
0001101011111111
0101011111001110
1010010101111111
0011110110111111
0111111000110110
1110111010010100
0000101101111101
1110101110011100
0000010111011111
0111110010111001
1110110011011010
1010010111111010
0111010111010011
1011111001010100
1111010010010111
1100101110110111
0101100111110011
1110101110111010
1011101100101101
1111110000111000
1011100010101110
1101011001011100
1111110111001000
1110101010101111
0111101100101001
1101110111010100
1011101110010001
1111001110011001
1111100110011010
1111011011101011
1101011101000111
1101100010100111
0111010101110111
1011101001111000
1111100011010101
0001110011111111
1110110110111001
0001101011111011
1011101111001010
0111011100100111
0110101111111110
1001100101111110
0100011110111101
0001101110111101
1010111101001100
0101011101011110
1101111101001100
0001111000111110
1011001011110111
1001110010111010
1010010110011111
1111000100011101
1110111100010100
0011001001011111
1011100011011011
1010110011011011
1010110110101111
1100111101010110
1110100110010111
1111101110111010
0101010010111101
0110111101110010
1101111100001001
1111011010111110
1111101010111111
1110100001011110
0011001011110110
1101011111000010
1011001011101101
1011010110111011
1100101111010101
1000111100011101
0111011011101010
0011100111011101
1111100011111100
0110111111110000
1111001100010101
1000110101110011
1101101000101101
1010010011110101
1111111110111111
1101110110111111
1011110110101110
1101010111001100
0100100111010111
1100001111010110
1101111100011000
1010100111010111
1011011010011111
1100010101001111
1011100111011001
0110111001111010
1110110001011110
1001111011111110
1000101110101111
1110110111110000
0111111101010110
1001111111011001
1011011101000101
0101101101011011
0111010010001111
0110001110111010
0101101111111011
0111111100110001
0011101011001011
1001111001001011
0111111100101000
1111100110001101
1111111001010111
1110011100110111
1111110010010101
1001011000111110
1011110010111100
0011110101101111
1010101101110110
1110110111101011
1101111000111011
1111110111001010
1111011000011111
1100000101111111
0101110111101001
1000110101011101
1111101100001011
1111100111010000
1011110101111100
1010000111101011
1110001101111110
1100101010111011
1100101101101001
1100110101111100
1101011110011001
1001010011111010
1001101101010101
1110100000101111
1000111111011100
1011101111001001
1111000010110011
1110101010010110
1001101111000011
1001011100011101
1011010010110111
1111111000100100
1110111000101100
1111100011111001
1111101101010001
1001101110111110
1110011100011011
1111011011111010
1011010101100011
1111111000101010
0110110110010011
0001101010101111
1011011001011111
1111000100011111
0111111000100111
0011101101011101
1011111111001000
1000110101101101
1110110001111111
1101000100111011
1100001111101001
1101011010100111
0100110110011111
0111011111110001
1101011111011100
0011110110111001
0001110111101010
0001001110111101
1100111010110110
1110100101010111
0100010110110111
1100110111010101
1001001111011111
0111111011111100
1110111011000101
1111000111001110
1110110011110110
0000111110101101
1111110000010110
1110110101101010
1000011000111111
0001111100110101
1001010101111010
0011111101100100
0111111111010000
0000011101111110
1110001011010101
0101111011010100
1110101011100001
1001111111001101
1111111000010110
0011111011100101
1101100111101110
1110001110101111
1110110001111010
1111100111111010
1001110011100110
1101101100011110
0111101101001111
1111010001100101
1101101110011010
1010011111111111
1101111101001110
1111101101011101
0011111111000101
1100110011010011
0110111111110110
1111111100111000
0011100111001101
1010011110110110
1111011110011101
1111010001101001
0110111111101110
1111111111001000
1110101111100101
0110101011100011
0101011111011000
0111011110101010
0101000101111110
1111101001111111
0110101101011101
1000111111010111
0011100101011110
1001111110110111
0111101110111100
1101010011111000
0111011101101110
0111111101000011
0111011110010111
0101011110010110
1101011000111101
1110100100110011
0011110111011001
1111011011001000
1110111110011010
1101010100111100
0011011100111101
1100001111100111
1101111101100110
0011101111101001
1101100101110111
1110000101011110
0111000011111101
0111111101100000
1110011110111101
1111110001011111
0000101111011110
0011011100011101
1001101111101010
0101100111011101
1001101011001110
1110000111001111
1010101101010111
1111101000011001
0111110011011011
1101110101000011
1011010001110101
1100001101101110
0111110111111100
1111101101110000
1010110100111010
0111101110111000
0011001110110111
1101010100110110
1000111011100110
0011100111101001
1001001011111100
1101011001101100
0100111101111010
0110101101011010
0010011101011111
0110110111000101
1011111001000101
1010111000011101
0101100111100011
0111011000111100
1100110111000101
1111010100011001
1010110010011101
0110110110110010
1100111111100011
1011100001001111
1110101111110111
1111111110100010
0111111010001110
1101010111101110
1100111101011000
1101100011011111
1111010011111010
0010100111001111
0011110001011111
0001111001111010
0111011010110110
1010010011111111
1010110111111111
1010011110101001
0111000101111011
0010011101011111
1111100101011000
0100111001011011
0111111011110100
1011010110111011
0010111011100101
1100110011001110
0100111111001001
0011101111001100
0111001011111001
1110110110110100
0111110000101011
0101000111011101
1011011101100011
1011001101101001
1111100101100101
0111110100101011
1000100111111111
0111101011001011
1010110001010111
1111001000110111
1110011110000011
1101101111001000
1111001101010011
1100001111011001
1110111010110101
1101011111111111
0011100011110011
1011010101110001
1011010111100110
1010111000011110
1011000001111111
1011111110010010
1110001111101111
0111001010011011
1101010100011111
1111001111000100
1010000111001111
1110010100011110
1011011111101001
1011001011111001
1111011001101000
1101110101110011
1111110110001101
1000101111110011
1011101001110100
1011001111101111
1110110001111111
1001111101011000
1010001110011111
1111011010101010
1100011110101101
1100111110110001
0011111001011011
1010110010111001
0100111100100111
0011111010110010
1011110010110111
1110010100111111
1111010101100111
1100011111100101
1111000001010111
0111110110110110
1000101111111001
1111011000100110
0111010110011100
1111100110111110
1011111011000001
1010011101100101
1100101001111100
1101111010011100
1001011010110101
0101111101011110
1111111011101100
1101100101010111
0110110001111001
1100101001100111
1100111010110011
1001111110001001
1011101111111110
1011111111111110
0111110101011101
1111111000010110
0101110111011110
0101011011111001
0010001111110110
1111100001110111
1010111011110010
1001001111011011
1111101101001010
1101111011111001
0111110100111111
0011110110001111
0011110010101101
1010111100110101
0001111111110100
1101101101010010
1101101101111001
1000110111110110
1100110101011011
0111010110110010
0101110101001011
0011111110011101
1111111100000001
1100011110011111
1011111000100110
1101101110001100
0001110101101101
1001100111010011
1011101110111010
0010111111100011
1100101111110001
1011110111110101
0100011010011111
1100111010011110
1100001110011111
1111100110001011
1101111101110001
1011101101010101
0011111010011111
0101101111000110
0010101111100011
0101011011011101
1110111111110100
0111010100010111
0111011010110001
0111010110010011
1111111111110100
1100111111100011
0111010100001111
0011101111101110
0111010001011110
1010011011111110
1111010100010111
0010010111111010
0111000111110010
1011101011010010
1101100100101101
1110101111011001
1001100011101110
1111010101101111
0111101100011111
1101001111001011
1010000111111111
1111101110000001
0101011110110110
1101111111001100
0100011101110110
1100010111110100
0010111101110110
1001111010001111
1110110011001001
0011011110111100
1010111101010001
1001111100010011
0010111001011110
0110001110111010
1111000111111111
0111001011110111
0010111111110001
1110010011100101
1111010001111001
1110100111110000
0011110111011000
1111111000101001
1100000111011110
0111010011100101
1111000111110110
1101100111001011
1111101110101010
1110011111011011
1011110100110011
0110111100101100
0011110010111011
0111101001100011
0111110111001100
1001010011001111
0110011110001101
0101110011111100
1111111000000011
1111001101101000
0111111011101100
1101011001100111
1001110111011110
0110111011100101
1111111111011011
1100110011101011
1111111010110101
1101101011100101
0001101110010111
1111011110101011
1001101101110001
0101011011111000
1001101100111001
1110101010011111
1001110111011010
1100101011001011
1101111010101100
1110111101110100
1111100010110110
1110011010001011
1111101101001001
1100101111101111
1000110010011111
1011111110011110
1111000101100111
1101111011001001
0010001111111111
1011001111100001
1111010111001111
1101011101101100
1111011001111011
1111000011111001
0101111101111100
1010111011110101
1101001110111010
1101100101110001
1010010101111110
1100011101010110
0100101011011111
0010111010111010
1001111010011111
0010110110110101
1101010110010011
0111100001110011
1111010011111100
0111100011101100
1101101000101110
1111011110010101
1111011100101101
0111111111111101
1110011000001111
0110111101010011
1011110011100011
0110100111001101
0111110110010001
1011011111011100
1111100100110101
0110010110100111
1110110110111011
1101111101100101
1000111001111010
0101111101100010
1101011011011110
1101001011101111
1010110101101010
0011001011111011
1111000101111101
1110011101110111
1100000110111111
1011101111100111
0111001011110101
1010101011101101
0111111000110001
0101100111010111
0101110001111011
1011010010001111
1001101111100100
1111101001001010
0011101101101111
0001101110011101
0001110001111110
1100100010011111
0101110100010111
1010110111111000
0011000111101110
1011110100111110
0001111101101011
1111111101010000
1111011110001101
1111111110110010
1011111010100101
1110010111111110
1001011100111111
0110111101010101
1001011100011110
0111110111110111
0111101101100101
1010101101111010
1111111000101110
1011110000111101
0010011110001111
0111010101100011
0110011110011110
0110011001011101
1101101111110011
1011110011000111
0010011110011011
1011010011010101
1110110111010111
1001010110111110
1110011001101100
0100111011001011
1011111100010110
1010101111010011
0010101101111010
0110111100100110
0100110110111111
1110110011011110
1010011001111111
1110011111100100
1010000111101110
0100111011011110
1010011011010110
1101010011001110
1111110010101011
1011100111010011
0111101100001101
0001111010010111
1011110111101100
1111111001101101
0010011011101011
1011111111101010
1111010110101011
1110011101000110
0011011111010110
1111011110011111
0111101111101000
0101111111110111
1110101100101001
1011011011011000
0010011100110111
0111110010110010
0011101110100011
1111001100110101
1100101110011101
1110101010000111
0110110110011110
0110111110010100
1111110100001001
0111001110111001
1010101110110111
0101010100111110
1101111010010010
1110101001001111
1011111001111000
0001011100011111
1011001000111011
0101011010011101
0100110011011101
1010111111010110
0101101111010110
1110111011000001
1110011111100010
0111111001010001
1011001101011101
0101101111100101
0001101110110111
1101011110101111
1110011100011101
1101111000101101
1001000011011111
1011011111000110
1010110101010110
1010001101010111
1111000011101110
1011001111110001
1010101001011101
1111110100110011
1101001111101100
1110011001001111
1111010011111101
1011110010011001
1111100110001111
1011001010010111
1101100111110111
0110001111101110
1110111011011101
1001100011111111
0011010110111111
0111000101110101
1101110010110111
0001111011001111
0011110111011000
0010110101110101
0011111010101001
0011011110111010
1011100010011110
0010111111101011
1111010110111100
0100110110100111
1111011110101000
1101011111100010
1110010110110100
0010101001111011
1111010110000111
1100101011001011
0110100111000111
1111110111001011
1101100010001111
1111101101110011
0100001101111011
0110011101011111
1111111011000001
1111011010010100
1100010001111111
0111010101011101
1111101100111010
0011100101001111
1011011111111001
0101100111011100
1000101111010111
1001110111101110
1011101101111000
1101110100011110
0101100110001111
0010001111111100
1110110000111001
0010101110111100
0101011100011111
1101111111110011
1101010111001110
0011101110111100
1111010001110101
0001010101110111
1011111101001111
1010101011011011
0111110100111111
0100111111010011
0110101101111000
1111011001110101
1111000110101111
1001101100111100
1111100111111011
0100111101101110
1011011001110101
1111111010011100
0010111111111010
1010001101100111
1101000101111001
1111101011001110
1111110110000100
1110010100111010
1110011011010011
1101010011011111
1001010111110001
0111001111000011
1101010011011100
1111010100111011
0101110101110101
1111001010111100
1001101011100110
1010110011100111
1011111100111001
1001101000110111
1000111101011100
1101001011101011
1111110001011000
0101100100111110
0111101111010011
1000111011111100
0110101111011100
0001111100101111
1000111011111111
0010111010111101
1011100101101011
1101011011001001
1101011010111111
0010011011111110
1001001100101111
1010010101111011
1010011011111010
1110010011011100
1100011111111100
0111111100001010
1110101001111100
0111001001101110
1110001101011101
1010011111000110
0011110101000111
1100101010101111
0101110100110111
1101111000111001
0111110101100101
1110110101010010
1010010110110101
0100101001111101
1001111101111011
1001101001110101
0100010011110111
0111101001101111
1111001100110101
0111110010100011
0011001110111100
1110001101001011
0001110111101010
1111001000111010
1111110100011011
1011110101101101
1101000110100111
1110001101111110
1000111011101111
1110010011011110
0101111011110010
1101111000110101
0111011011010001
0110011001111001
1110111011010001
0111100001111101
0110111100110100
1111111101111111
1001010101110011
1010001111011010
0101001110101011
1001101101111101
1011111011001011
0011101010111001
0101111011101011
1100011110001101
1101100101001101
1011111001000110
1011100011111010
0101010101111110
1010011111011010
1011100111011110
1011100011110010
0110111010110001
0110111100011100
1001110011101001
1010111110110100
0101011111111000
1010111101101010
0110111010100111
1111100110010101
1100101011011111
1100001011101111
1110100110111111
1000111111000011
0111100101011101
1111011100101100
1101011110111001
1101010110101010
1010110000111011
1101111011111111
0011111101100011
1100110111011001
0011101111000111
0110101101011010
1010110111010001
1001111111111110
0011110100111111
1011110010111100
1011010100110111
1101111111001001
1111100010000111
1110100000101111
1010011001101101
1011011111011011
0110110111101000
0011111100011100
1111110110001101
1110100101100111
1001010001011111
1010011100001111
1110111110101110
1010111100110100
1010111110011001
0011001100110111
0110110011101111
1100101001100111
0111100011101101
0111000001111011
1101110001111101
0010101100111110
1011011010011011
1101011101101100
1011000110100111
0100010110110111
1110110011111010
0110011100111011
1011010011111010
1100001101010111
1001010001111011
1110110110111111
0011111010000111
1111010000101011
1111011001110001
1110010111000101
1010101111100010
1001101110010011
0001111101110010
1111001100100101
1010111100001110
1110111111100000
1010010101111010
1000101110101011
0110101010101110
1101110111000010
0101010100111110
1001110110110011
0011111111001001
1110111110011100
0110111111010110
0111111110011001
0111110101110111
1011001101111111
0011100111011010
0011110110010011
0110000111101110
1110001111111011
0101101111001010
1111011010101010
1110101111001010
0011011011101111
0111011001110111
0010110011101110
1100111000110111
1101000100101111
0100001111111111
0111001101010110
1001101001100111
1000111100111110
0101111001001111
1100111111101001
1110011110111110
1110110101101010
1100011101010101
0001000111111110
0110111111110110
0110010011110111
1111101111001000
0101011011101101
1101101100111011
1110010111101101
1101111000111101
1110111011010100
1111110000111010
1101001001101111
0111101011101000
0010011011110111
1101001111101101
0111011101010111
1110011111100000
0101110110100011
1001110111101001
0011111001011011
1111000001111111
1010001111100101
1001001110111111
1101011111111111
1000110101011111
0000111100101111
0111110100101101
1110110110111100
1111001011111111
1011010001111001
1110011110100010
1010000111101101
0010110111011100
1011110011010011
0111100101001101
1011001100011111
1011110000111110
0110101101001111
0111111001111010
0011001011011101
0111111101111111
1011110110100100
1000111111001010
1101111000001011
0111000111111010
0111001111111101
1010010110101011
0111101100101100
1011011100010101
1001101010110101
0110110111100010
0011101110110001
1100100111101111
1111100011100101
0111010001111010
1000101111100101
0010111001110011
0111101110100010
1100111000110011
0101111100101110
0101111100101010
1111001011100001
1101101010100111
0110110110110001
1101111011110000
1101110100001101
0110101011011100
0111111100000111
0110110000111011
1100011011111000
1111110000011110
0101001101110111
0110100101111011
0101100111110101
1110011001001111
0100010101111101
1000111010110110
0011111011010011
0110000011111011
1100111101000101
1100001100110111
1111100010101101
0010011001101111
0110110101010101
1110110011111100
0100110011110101
1110110010011010
0011100110110101
0111000101101110
0001111011000111
0101110010100111
0101100111001111
1110000011100111
1101010001111010
0101111110100001
1100101111011000
1101101111010100
1101010101001101
1111101010100010
0010101111111001
0100111011011100
1001011011011100
1110011000001111
0111111100111101
1011101110101000
0001111100011011
0101111110011100
0111111001011111
1100101111110001
1110100011011110
1111101001010001
0110111010101001
0011011101011110
1010111001101101
1011100110011110
0111001111010111
0101100101111101
1001101111110100
1011011100011101
0111011011111111
1111011011001000
1001001110110110
1000101001111110
0110011010111101
1110101100101110
1011100111100101
1101001111100111
1101001001111110
1111110011110011
1001011010011110
1101010001011011
1001101110111111
1111100111101111
0110111101100100
1111001001001111
0010011111111000
1111111001100011
1100100001011111
1011000111011011
0011101111011011
1011110001011010
0101001101001111
1010110110000111
1111111011011101
1101000010101111
1110101100110011
1011111111010011
0111011101011100
1010011110101111
0100101011001111
1100111110110000
0101001011010111
1100011111000111
1110011000011110
0111101001111010
1011001100111111
0001111100011111
1000111101101011
0101111111110011
1011101011010010
1101011100010111
0111100001111111
1110101011111000
1111101111010101
0111010011111101
1101110011101011
1011110110111001
0011110101101011
1101010111010011
1111001110111001
0011001010111011
0011011111100001
1110001011010101
0110111011111111
0011101110011011
1110110101100111
1110101010100101
0001010111110011
1011001000110111
1110101111100110
1011000101101111
1110111100111100
1110010011110110
1110100101011101
1110011110010101
0101011001101011
0101101110010011
0111101011011000
1100001101110111
1110111001001001
0011110110001110
1110001011011010
1011010101011011
1101111010001100
0101011101010101
1111101011000011
1111011011001011
0010011101110011
1100100110011111
1000111011000111
1111110010110101
1011000111111011
1101101110110101
0101001101111010
1110100100101011
1101111111100110
0111011011111000
0111110000110011
1111100111111100
1001001111001101
1011001110001011
1111110011100111
1101111010111001
1110111011111110
1111011100001011
1100110010011101
1101111001101010
1110001010111111
0101101001111010
1011111000010111
0110110011001110
1011110001111101
1111100100010101
0100110100111101
1010011110001101
1111101111011010
1101111110001000
0011100110101011
1101101001010011
1111111010101000
1001101011111000
1010011011100011
0110010010111011
0111101010111000
0000111011001111
1111011000011001
1101011011111000
0110001011101111
0111100000110111
0011101100111010
0001011110010111
0010101011111011
1111111001100110
1101101110000101
1100010111101010
1011110011101010
1110010111111010
1100001010111111
1111011100100100
1010100111010110
1110111100011001
0111011110101011
0111110101111110
1101010100110101
1111010010110011
0110111011011000
0111000001111101
0010111011111010
1000111110110101
1011011110110000
1011100111010011
1011010001111111
1011101001111000
0101101000111101
1101111001010011
1110110101000111
1100101111011111
0111010111110011
1011100111111110
1010110101100101
0011000110110111
0100110101011110
1110010011011001
1101011010001101
0110011000111110
0010110101111101
1101010111001100
0011000111010111
1101111001111101
1111001100100111
1110110011001111
0001111100111100
1110101110100110
1011100110010111
0111001001001111
1111111011100011
1110011100110110
0110110011011100
0111110011111010
1001101110011111
1101111101001001
1111110101101011
0011010111011101
1111101000111100
1111011010100001
1111111110011101
1011101011010011
0101010111111111
1111010001101101
1111011011100100
1001010111110111
1111111001110010
0111000011011110
1110011011111011
1100001110101110
0100101110101110
1111001101110001
1110100111001110
1111100111010110
0101100111010110
1000111111000110
1010110111000110
1110111110010111
0011011011011110
1111000101011011
0011110101101101
1010100011110110
1111101000110011
0001110011110011
1000100011111111
1011111001101101
1011111001001110
1010110011100111
0000111111111011
1101111110101011
0111111010100100
1011000111110001
1111101011001111
0111100011011100
0111010111011000
0101101101011010
0101001101101111
1000101111111111
0110111101110010
0011110110011111
1001010111111100
0111011001010111
0101110110001110
1001111101001100
1010010111110011
1011101100111101
1100110101100101
1011001010101110
0101010011110110
1100110101000111
1110001001010111
0110101100101110
0010111010101101
1000101111100101
1110111100010100
0111111111111110
1101111101010110
1010101010111011
1110101001011001
0101111111110110
1010011001111001
1101111111000100
1101010101100111
0000111101100111
0111110100011111
1011010110111111
1010101101101100
1110111110110000
1010111111000110
1001110111011011
0111101010111000
1001111110110101
1100111011110101
0111011010101010
1111010010100101
1000100100111111
0000110101111011
1001100010111011
0011101110010110
1010110110110010
0111111110100011
0001010011111101
0111010001111111
1100101111001111
1111010101001010
1111011001010110
1010100101110111
0110111001111100
1000111110000111
1010111010111001
1110100101010111
1001110111110001
0001011101111110
0011010111100111
1000110110101111
0010111111110101
1110110110001101
1111101001001101
1000111011011101
1010101110100110
1101011110110110
1001101111101011
1011101110101111
1100001110110011
1010001110011110
0111100100111111
1111111000001011
1110111110100100
1000111000111101
0001110011111110
1101110100011110
1001111010010011
1110011011010111
1110101111001001
0111101001110001
0111111011110111
1011110111111101
1111111010000011
1100100111011101
1110011100010111
1101111010110111
0111110011111000
0011111101101110
0110101011101101
1010111000111110
1110110001011110
0110101011011110
1110100111011000
1110101010100110
0101101011010011
1101001111011100
1111101011001101
0101110101100111
0110101101111101
1000001111110101
1111101011100010
1101010011111000
0110101111000110
0010101000111111
0001111011110010
1011001011111001
0001010110110111
1110010010101101
0111000011111010
1100111101010001
0010110111111101
1101111100111100
0110100100111101
1110101001011111
0101000101111101
1111110101001101
1000111001111010
0101101100111110
0000011101111011
0011011111111000
1101110110011011
0000011111001111
1101001100011011
1001110111111001
1001101111101111
0010010111111110
1100000111100111
1000101101101101
1010111110100100
0001111011101001
0100111011000111
0111001011110001
1001111101110111
1011101111111100
1011111010100010
1010011111100011
1101101011000111
1111100001101001
0111111011100010
0010100101111111
1101111111100000
0011011100111010
1111101000010111
1101101010001101
0101110101101101
1011111010100101
1001101011011111
0001111101111111
0101111001101110
0100111010110011
0111001111001101
1011001110110110
0001100111101111
1100101101011001
0010110110101111
1010100101010111
1011100100011011
0011111110010011
1101111001001110
0111011011100110
1110000101111101
0100101011011110
1001111100011101
0000101111011110
0100110101111010
1000111110101101
1011011101101110
0011111110001111
1110100111101010
0101111010010011
1111110000101100
1001001101111001
1111111110011101
0111101110000011
1100110110111110
1110001010110111
1001100011011111
1011101001101101
0101100101111010
1100111111101001
1111110100001100
1110101001111011
0000011110111111
0010110110110101
1101001110101111
0101001011101110
0110011010101110
1011011110000101
Time = 3.254s
