n = 17, k = 4, l = 7, m = 483
Expect Resample Times = 0.413991
Result:
00111110001110111
10100001001111000
00000101111010011
11111001001101110
01001111110000010
11001001011001111
10110101000011100
01111001111111101
01101000011011001
00110000010011101
11011010010010111
00101111101001010
10011100011010101
00111101111000100
11100010110100100
11101110110111000
01010101101101111
10110110101101100
01010011100100100
11000110011101001
11111001111000110
11101001101010101
10110001110010011
11010110101010100
10110100010010001
01111000100011101
10111100101100001
01010110010110010
00101111110010010
11010011100100000
10010100111101001
01111000011010101
01100001010111100
10010001011001010
11000101000110101
01110100010000101
10001010110101010
00101011010001001
10100111111100100
10011110001011111
10111111000110101
01111010011010100
01101010101011010
00011101111000100
10111100010110000
11111010101101101
01011110100000011
11101001101010110
11101101010111100
11001100010000111
10000000111010110
01011001111100110
00010011001011111
10011100001011111
11001000001110001
01111111011101001
11111001111010110
10010100100010101
10010000111011111
10011000111110000
10000001001111011
11100000011111100
11101000100011010
01110110101110110
00001001101111011
11000001100001011
10110111010011100
10001100110010100
01101001000101101
01110011001111101
11111110010110110
01010001101001001
11000111110010010
00110001111010100
01111000001110100
00110001111111111
10110011001010110
11101110111101010
01011111110101001
10110110010100010
00110001110100101
11101101001010011
10000100111010111
11111011100111110
11001100111111111
11010001001100111
10110111011011011
11111101001101111
11010010111101111
10000011000101110
10010100110001111
00000001110101011
01111110011101100
01101101111010100
00010010111011100
00110001110100111
11011000000101111
01011001000001101
10011111101100110
01100100100010110
10001010110110100
10001011101001101
00100110001100101
00100011011010011
01010000101111011
01110111000010001
01000101001101111
11001111101010111
01111111100111001
10010011100111101
10010011001001101
10001111101011110
01000101111101101
11100000111111110
10100111010100000
00101101010001001
00111101110111110
01110010110110101
01010101010101100
01110011111100011
11111100101101011
11011111010110100
00101010100101011
10000011111111010
10101011100011001
01101001000110100
00110010001110011
00010110001110110
00110011100001010
00110100001110001
11100001100001001
01110111111100000
10001111111101010
00110011000101001
10101110000010101
10001011110011011
11110000001111110
11001101001001111
01101010100011010
11000001010110111
10010101100001011
11100011010111100
11010000100001011
11110010010100010
00110110010111000
10111101111010011
01010100011111010
00110000100011111
00110100010011100
01111110111100100
10000001110101011
01100110010000111
11111110000101000
01111010000010011
01000011011011111
11110110001001110
10000110110001110
11111011100110110
10100100010001111
11001000101110010
00010101011111100
10101100010110110
10101100001011001
10110010011010110
01011101001010101
10110101000110111
11111011111001110
01000000000111111
01110000100111000
11111101010101111
11011011110010110
00010111000011001
01001000001110011
00111001101001011
11001001001001010
10011000100100011
01110011100010110
00011110000010101
10100001111110101
11011011001010011
00110011101110100
11000011001101010
11110011101110011
11010101010101110
00010010111010001
00010111110111011
10011010110100100
10111010011010011
11001111101011000
00110111001111101
10000100011110101
11100100110100000
01110110010011100
01110010100000110
10111111111011010
01101110011100101
11101110100011101
10000100101101111
00110011111100010
01011110100011011
00111010001011000
01101101101000000
10101100000110010
10101011100100000
00111000001011110
01001000101101001
10000111111011101
11011011000001110
11110001001010000
01011010110000110
11110001111001001
01011010000100111
00111100011000011
01000010100011110
11101101001101111
10001010010101101
11111001111101111
01011111001010000
01110000001101111
00100011111010111
01100001110110001
11100111010100110
10101101010100001
11100101101001101
10111100110101110
00101011010100110
00100010101011100
01110000011011001
11000111001111011
11110100111101011
11111010101010100
10011010111100000
11000010101000101
10111010110010000
10111001110101011
10000000111110101
01101111010000011
10111000100110000
00111000001001110
01000110001110101
01010111100111010
10101001100011101
11100011000101010
01011010001111100
10001110110111101
00101001010011011
10110101000111111
11010000110000111
10101101100010001
10101001000101100
11110111111101101
10100110101001110
10001001111011001
00001010011101101
00110010010010111
11110000011111011
01010100100100101
11111000010111001
10011001100100110
11101100010010100
10000010100101011
01000100111111101
11101101101001000
01011011001101010
11001000011110100
01111111111101000
01001011101011010
01000001101011100
11011001011010110
01111111001110010
11100111110110000
11111001011000010
11100010101000101
10001001101101100
11111011000000110
11101101000111100
00000100011101011
11110110111110100
10001011111101001
10111110011001100
11100101010101000
00101111000010011
01000100111100100
10000110110011111
01100111111110001
11001001011011111
10111110110001110
01110101010000110
00111100101001101
00111000111011111
01110011010001111
10100101001111110
01100110111101110
01011001000111101
01001011011101110
11011100110100110
10001100011001011
10101000110100100
11011101110010011
11010100111101000
01101101000010100
00110101110000011
11110110101001111
00011110100111101
01100010011110010
01011100010010111
01010011001010100
10111001100100011
01101111111010100
10000111001101101
11001111010000001
11001101000001011
01010101110011010
11001000101000111
11101101101010011
10010111111000011
01010011010110101
11111111000000001
00101101110110111
11101011110100101
01001010011111000
01001011101001011
01101001001111101
10000100111100101
11110011101110100
10110010000110100
11111010000000011
11001101100001111
00000001111011001
10110111101001001
01100011101111010
01010010011011110
11101001111110110
11001011001110101
11101010010111111
00110001101010110
01100011101100111
10010011111111101
10001000111111101
11010100100010101
10100000011110011
11011011011110001
01010110110100111
00110000010101011
10001110111111001
00111000111010101
01100011110000111
10101111001101101
11010001110100111
01010000101110001
10111000011111010
11101010111101111
00101000111110011
10100111001111001
01111111000001000
01000100110111010
11101110111111100
01110110011000010
01110101110111110
00000101010111011
11101100100011000
01110101111011100
11110100101111011
11100011101011001
00101100101011000
10000101011011001
01111011111101011
10011100111101110
01111011101111011
01110001100100001
11110011010001010
00110011011110000
01111011001000110
11100001010001101
10110000011010001
10100000111011010
11111000001011010
00111111101011100
10110011100101110
10001011101101010
01011011110010101
10010011000111001
01000001111010001
00111011010001100
10001101101011100
00011001100101011
00111101111101001
10110011101110010
10101100100110001
11001010101101101
11110011010001010
01101011111000001
01011100001110101
00110100110100100
00111110100010100
10011111010110010
00110111100100000
00010001011101001
10100010011010100
11101101100010001
11101001010000111
00101111110010011
01001100111100011
10001100101100010
11101110011110100
00110110111000111
10100110010110111
11101000111000110
00001111101101110
00111000100111100
00101101111110110
10011010000110011
01010011010100100
10111011010101101
00101100011101001
01110001110110011
00001001111010111
10110001001110100
01010100010110111
01010011000110100
01110010010010101
00010001001111011
01110110011001010
10101110001101110
00011101000110001
11010001111011010
11100001010000110
00111111100101101
11110000010011011
10110001000111100
00101111111001010
00011110011110100
00011001111010011
01101101011101000
11001110100011101
11100101110000110
00011111000000110
11001101001100101
00001101100010011
10101101101000101
10010111111010110
11011000100000011
10010110000011001
00100000111010101
01100101010101110
00011000010111110
11010010101111000
10000100010101101
00101101110101110
00011111110001100
10101000111101111
01111100111011100
00110111010000101
11110010111000110
11111000000111111
11110101011001001
10110011110010000
00101010001100101
10001100011011000
11110111000111010
01101010100011110
01010011001011110
01011101111010001
00110011111111001
00111100101011111
11110010000110010
10111110010010101
10101000111011110
10010100111100100
10001111011101010
01100111010100010
11010100000110110
11010000001101011
00101110011000110
01101110111110111
10101000000111100
10111001000100100
11101001001101111
01110010011100100
11100010011000011
00110101001000101
01001110001001100
11010011010010100
Time = 0.202s
