n = 17, k = 5, l = 7, m = 1294
Expect Resample Times = 0.380736
Result:
11110100100110101
01001111001101010
00011010111011110
01011000111010101
10101111001000111
00010110111000101
10010111110011001
00000111010111100
11110001111011001
00001011111010100
00110011001000111
11101100011000001
00110101101111110
10101001010101111
11110110101010010
10001000011011110
01011000101011100
01011111101010001
11110100010010010
01101001011111011
01111011001010001
10100100011101101
10011001110011101
10010111101001110
00111101010111110
10100100010110111
01011110110011111
01101111101000010
00011100000011110
00101111011111011
11001111010101110
11000010000110110
11111110100001111
10010000001111111
01101011100000011
10000000010111101
00111010000101111
11111101000111001
11111000011110110
11001111101110001
11111001110100001
11001111010000101
11011011111111111
10011100011100100
11011111101001101
00111101101100011
10110110110111010
11100101010110110
10011001101111111
00000001110110101
10111111100001100
00000111110010010
11111001011101101
01100110100110111
11011011001010000
11000110001101010
10111101101010001
11010011110000110
11001101001100111
11011011100011010
10000111111001000
11010010001010100
10111000100100011
11101100100001001
11001100011011110
01010100111000101
01000111101110001
01011001110100001
10000111011010000
11001011011111101
10110101001010011
00101001000111111
00011101000101101
01100001011100100
01111111110110110
10011111010100011
01010110000101101
10010011011100011
11111111010010111
00001001101001110
00000101111110011
10110010010111101
10110110111001100
10101011110110001
10101101011101010
11110011010010110
11100100101010000
11011011111110000
10001010001001101
00011001101000111
01111111110000111
00010100101011011
01000110110010001
01101100010110110
11111111100001110
10111000100001111
10011101110110110
11111111001110000
11100010101011110
11110010101111110
10000110011011011
10011011001010101
01010110001100001
11101110100000110
01011000101011100
00010110110001010
01100010111110001
11101000000111011
01010011101001011
01010001111110001
10010110110011011
01110011000011000
11101111110111111
01110100110111001
10101010001101010
11011000000101101
11011001101001101
10001011010001110
01001001010000111
10110101100111010
01001111101101111
01011110111000001
01000110110000110
00001001001011101
11000100101111010
11011011011011111
10001011100010101
01110011101000100
10011111011000010
10111110001011110
01101100011110100
11010001110101100
11000010101001111
00000011101111111
00101010011111001
01111000001011110
11001110000011101
00001110011111100
00011011111010010
00100101101110001
10011111101011111
10101110101001011
11111101110000101
00010001101111101
01101101111101111
10010101001110010
10000111001111110
00001110101010011
11010101001001110
01010011001011100
10101000111001110
01100111110111000
10010001110101101
00010110100011100
10100110010000011
10010001001011100
10100101011011110
11000110011000100
01100111100010101
00100011110001101
10111110100001011
01011111100011101
10111010100011010
01000101110100010
11000011010110101
00110000111101011
00000011110001011
00101111010100011
01011000001110001
11110100111111100
11101101011011101
10111011101001000
11101111010010101
00101110100101010
10111100011010010
01111100000010100
11111101100011111
00010011001110100
11111101000000110
01110110000101000
01110101010011011
00001011100110001
10000110100101111
01010111110110010
01111101111010110
01110001000111001
10100001100110011
10101110010110010
01101000111111000
10100100110101111
10111100000010110
11101100110110101
00001011110111001
10010011110101101
11010101010010011
00101101001110100
01010010011100100
11000110101110001
11001110001011110
10001000001111011
00010110010110110
00011010011001011
00101101001101100
11110100100110111
11110111111001010
11010011101001010
11010110100010011
00101101111011000
11101110001001001
11111010010110100
11000111100011100
01100000010101111
10001000101000111
11111101101111011
00111101110011001
00111110110010011
00010111111100101
01110111111101110
00111101001001000
11000111110010101
11110001001000001
10111000011100111
11001111111001101
11100110101101111
11001100011101111
10101010100110000
11101100010111101
10011111111001110
11111000011100101
01111100111000011
10010111111010110
00011001100000111
01110111000011011
10010100101110010
01101010111100100
11110111111110101
10101011101100011
11100010101110001
00001101111111110
01000011111011001
01101011000010011
00111001001110111
10011011100101111
10000101010110010
01011101110111100
01001111010111001
01000111001111010
00001001101111111
10110010101000011
11001111001000100
00101010110100110
11010010010110101
01010011101010010
10011000100111000
10110110100011001
01100101001010101
11000000111011010
11000010010010110
10111001101000011
00111110100101011
00011011011111111
10100111100110101
01010010111111010
01100011110110001
10000100110011011
11100101110011000
00011100100101101
01011100101110101
00010111000110110
00100011011001110
00101111000010011
11010110100001101
00000100110110101
00111010100010001
01000010101011111
00011011100100010
01111011010101100
00000001111101101
11100111011100001
01010111100011011
01011001010110000
01100011111110001
10011010001011110
10100010101110000
11111101000001011
11111110101111010
11101100010011100
11001011011010000
01101111111110100
01101011011110100
00111000000111001
01001100110110001
11100110101001100
10000110001100111
10100111111000001
01111111100001101
10011111110011010
11010011001100011
00100111001010001
01001101010101100
10001111000100110
00110101110100110
11101010001011100
00111011110110100
10110011101100111
10011101000001111
00101000100111110
00011010001111100
01110101110011001
10000001010011111
11001100101011110
00010000011111001
00011011100110001
01110110001100100
00110100001111001
00110101011101000
11001101011110000
10001101101100100
00010100110011100
01001101011011010
11011001001111011
00101000000111101
10100000110010101
01111011011101010
01010001010110110
10011010101110010
11000111111111101
01101000110001100
11101110100010100
10011111100011101
11111001001000111
10110110111111010
01010011100011001
01110101000111110
00101111110100100
11110100001010000
01111110000001110
11100011000010111
10110010111100001
00001011010010110
10101001110010100
10110010010111100
01101110100100111
00011101001000111
11100101011100001
11000011111000111
11000011111100011
01101100001101100
11011001011011101
01000111101101111
01111110111011000
10010011001000110
10101110001100100
01011100111110000
10100010111011010
10111100001010000
00100101110110100
11011010010111000
10110000110110010
10101010010101010
01110010011110010
00110111000010100
01010100011011011
10100100010111101
00010011101101101
01000101101100100
00001011010111101
01111011110010100
00011100011000101
11110110100011000
01111100100001000
11011111111110101
00111110000000101
10011001001011010
01101101111011011
10111111010000101
01101011001111000
10011110111111100
00100101110011000
01110000001001101
11110110101010011
00101000111001110
00111111111101011
00011000000111011
00101101101100111
01100111110110011
11101001000001100
00110111110011100
10000010101010111
11001000111100001
10101000100110011
01101011000110010
01110010001000110
10111011001111111
00111111011001010
11111000010001000
01111111101000011
01001010010110100
01111111010001010
11000110111001010
01001111100001110
10111011011111110
10111001011010001
10000100010101111
10110000010111001
10001111110100010
11010110010001010
01110010001101100
01111011111101101
11000101010011010
10010000001101110
10100001100011010
10110011010011100
11001101110100001
10001111111010000
00101111011110010
10101111000111111
01011010010110011
01101010011101111
11000100110101000
10101001100011001
10110011000111001
11110101011110111
00101011001001101
11101100010111001
01110001100011000
01011111000101110
11111011001011010
01010010111011010
00000001111011110
10111010001000010
00111001001111001
11110101110110111
00111101010001001
00110011101111001
10101101110101000
11000010001111101
11111101110111011
11101011111101000
00011100111101010
10111000000111000
00101111010111111
01101010101001010
01000100110111100
11011011110011110
01111110010111001
11110101000010111
10101110101001010
11001010110100110
11010111100001011
01101110111101010
10110000010011011
11110000101011111
01001011010010111
11010101111010001
11011010111011100
11100000000110110
10101111111000110
10101111100011010
11011101000111111
00101110000111001
11110011001011111
01000011101111100
10111111101111000
00101101001100101
11110111101010101
01001011010110001
01011111110010011
11010100011111101
10111100111101011
11010111010011101
01111010011010101
01111000010111001
11100010010001101
00110001001011001
00001111111001100
01111101011011101
11010101100110000
01111101011110011
10101010001001010
01111010110010101
10100101011100111
00010110011000101
10001101110111010
00110100111000011
00111100111010001
10111001111111001
01111101100100111
00000111100111010
01111100111000001
11110101000101111
01100101101001110
10110001011001101
01001011100001001
01110010101000111
01011000011001010
01101101001011000
00101111001011000
10100010111111111
00101110000001101
01111110110000110
01001111001000101
00110001111111001
10011110101001000
00110000111011101
00000111101101100
10001011101110001
11111111011010111
01000001011101101
10100101111010101
11101100010101111
00110011110100000
10111101010101001
11000101101111001
01101000110100011
01101010100110110
10001010010011010
01101101100011000
00100111001011011
01100111010110101
11001100010100111
11011000011100101
10000011010001101
00000011100111111
10001101000011001
00001110111011101
01011111111011001
00110100011011111
01011000010011111
00001010011011010
00011101011001100
11011100101000111
10011101011110100
00001111101101101
11111111101100111
01011010010001011
00011111101100001
01110111011110001
11100110100101000
01010010011100100
01011001000101111
00001110100011001
01011101010100100
11000000111011001
11010000111011001
11111101100011100
10001001111001100
00011010011110100
00001110010110100
11000011010011010
10001010101100010
00010111001010100
01100101011011011
11011110001100110
11010011101010000
01010010001001011
01100101100111100
00111011100011001
11010000010111101
10011111101001100
00011110011000001
11111001010111000
11001110100010110
10011111001011011
01100110011111001
10111000011100000
11010111101111100
10110111001100111
01000110101001001
11010010010010001
01100011001001100
01110001100111111
01100001110111000
00010010110111001
00011010010111010
11111110111011000
11101000110011111
10011001110010110
01100111101110011
00011011000100111
10100000010101111
11001100100110000
00101101111001011
11100001010110000
00010101111100100
00110100101101011
01111011111111111
11100001101110101
10000011010101100
01010101001110101
01101000111011000
11001001011110100
10110110000010111
00110001011010100
11111100111100100
01001110010111101
01110010001001100
10110010101111010
11101110110001001
10111010010100000
10001010010011001
00110110000110101
00110101011010111
10011100111110101
10111000010101000
11111101110101000
10001110010001100
01010111111010110
10101001110001000
10010011111100011
00111010100111000
01000110111011110
10001010111100010
01001010110001101
11011101010011100
10011110010010110
11110100000011101
00010111110111100
11111101000010010
01110011111101001
01100110101111010
10101101001111011
01001011010110111
01011001001110101
00111111011001010
00000111000111010
11010001100011110
11001111110101100
11011101010101000
10101101000001100
11111011001100110
11100000010000111
11000110100001100
01010011000110001
11100000100101111
10001110001110010
01100011001100111
10010010100100011
11111001111111001
10111101001001111
11010101111100001
10111001111001001
10011110100110000
10010100110111000
10010010110001111
10011111010000111
10001100011110111
10100110110001011
11111011001110111
10011000011111110
10111101000101011
10100100111101000
01001001011101011
10101011101001110
11100001110010111
11101110011000100
11110001100101010
10110001101001001
01110101100010110
10000010111010111
10111101100110101
10010111100101101
01110100111100100
01001100001011111
01100010010101111
00100100110001110
01001001111111110
00101011011100100
10111011000011010
00001110101101011
11111101010000010
10111100001001101
10110011010111000
01111100111011101
11001010111110101
01101111101100000
10101001011111100
00110001001001110
01000110110010100
11000111001111010
01100010100111100
01010101110100100
00011101100011100
01100110111000100
10100100110100100
01111111100000100
00110010000101101
00010010011000111
10000100010011011
10101010000001011
01101100100101101
00000111101100101
11101110001000111
11010110101011000
10110010001011010
10101101001111100
10110011101101000
10101100011011101
00101001111000100
10000110101110101
00100001011111010
00111111001010110
01001110101011011
01101100011101001
01000100111011110
10010111000000101
10000011001111010
01010111111101001
10111101101110101
00101101001101000
10001101010011010
01000111101001011
00000101001110111
10101101111000001
10000100001101110
01110001110110011
01111111100100010
01000010000111110
01001010111011100
01111010110101001
01110101000101100
11001011101010101
00011001110010110
01010000011101001
11011101111100010
11000000111100010
01100010011010001
01010110111111111
11010010001000110
01000110101010111
01100110110101100
10000011011111100
11010011101010000
11011001111100011
01001001011101000
11101001100010011
01011101101001001
11111101011110011
01001001110110010
01011011110110111
01111001000001010
10000011110100010
01010111000111101
01110110100100010
11011010011011111
11110011000111100
01010000110010110
11110011000010001
01010001010001101
00111010010101110
00001111111100011
10010011011100011
11001010001010001
00101000111101010
01001000111001011
10010010111010111
10100111000001011
01101010001110111
01100110011001111
01101111001001011
11011111100010000
00010011101011010
11000010011010001
11000011111111111
10000010111001101
11010111011111101
11110011010010101
00011110111000100
01111111001001100
10010111110101111
10100000111111010
00111001111101001
00110000111111010
11001111101110110
10001010111100011
11101011000110000
01101010001011010
10010111100110101
11100110100110010
00000111101011001
00100001001100111
01110101101001111
00010101011011110
10111110010110000
11110110110101001
11000101111000001
10111101111010110
00100111011010101
00111010101111100
00111101100100100
10110101000001101
00110110011000011
10101010110100000
11100100101011101
11000010111110110
11011011011101000
00111110000000101
10110011001011000
01111110001101101
10110101011001001
11110000010110110
01110101100110111
11100111100100110
01111011111110100
11000101011010001
01011010011111001
01100100100111010
11011111011110110
01001010010011110
10011110100111000
00010100000111011
00001111001100110
01011111010011010
00011011100011000
01011110101011001
10110101001001100
00100000110111100
10111101001100111
01000010111101110
11011011111011101
10010000101100101
10000100000011111
11110011001100011
00011101011101110
01001101111110100
01000101111111011
11100011001110010
11011110000100000
00111000111000010
01101110001110101
11101101000100001
10101011111001000
11101100100100100
10000001101111100
10110010111000110
11011110110100100
11100010111000111
11110010101101011
00100110011101101
10010110110110100
00111101110011111
00101111101100101
00111101000101000
11110110001001001
10011111000011000
11001010001001110
01100110111011001
10100100110010111
11000110011011111
01001001010011110
01110101111000011
11100001101110001
00001011100100111
11001101010011101
11111001111101111
01001010111101111
10110011100111010
11001100110111010
00010011000111011
11100100100011111
00001011101111010
11111111100001101
11011000111110111
01010100110100110
10000110011010010
11111010010010111
01000001101011111
00110010001111101
00111110001110000
11111111111110111
10011010111111001
00100111110010100
10001011000010101
10011000001111110
10011110101111110
00101011010010101
00111100011001010
01011000000110011
01000111110000111
01010101100110111
01110011100000100
11011011001011110
01011101110011110
11001101011010111
10010100011011011
01111101000110111
10010111000101111
10111111101011000
01011010001110001
11011011111010110
01010100100100111
01000011001101101
11010010110000011
01011111000001110
11110011111001100
10001010000111001
11110111010000100
10001110101100010
01010111001110001
00011100010001111
01011000010100011
11110010000000111
11100010110001011
01001000110011001
10111110010101100
01101000101001010
01000001111110110
00110110001111101
11110011111000000
10010111011101110
10000101111000101
11000100001111110
11111000011110001
11100000000110111
00011100001110001
11000111000010111
11111101101111000
00110100001001011
00100001010011111
11010010001100110
10101011100101010
11100001110000011
10010101101101111
11011011110010011
01111010111000010
00010100000111110
00110110101001100
11100000111001010
10110011110111010
01001111111101000
10001001101100100
01101101010111011
10101011010111010
10001100011111110
00101100101111111
00101111000101001
10011010011001100
00111001010101111
01010010100101100
00101010101100100
01101011111101111
01111100001101011
11111101100101010
00010110100101001
00011000011110110
11000111101010100
00000001011011101
01111000000111111
00111110001000001
11110111101111111
11110011011000011
11101101110001110
01001111011111110
11010101110110111
10101100001011100
11010100101010001
11111111110000100
10111110001011011
10101101011100010
11111100100101101
10010011101101001
00110100110111011
00011000011110001
00100101100101011
00101101100111001
10011101100100111
11001011100000110
01100010010001111
00011100011011101
11100011010101001
10001011101000011
11011101100011000
01100101100010100
01010011011011100
11101100110111010
10110010010000111
00110011010101000
11011111101011101
10000110100101010
11101000100111001
01110101010011001
00010111011000110
01110001001111001
11100110001110000
10001100111010011
01110110100010110
01011001100100100
01111110111011100
10110010000001011
10011101011000111
01111100101111000
11100000110010001
11101001000101001
00011010110111010
11000011001100111
11001001001100011
01101000100011001
11111011000001101
10011000011101111
11111110101001000
00000101111000110
11100001110010010
11111000001110000
10101111111110001
01011101100110000
11101100011000100
10001000110101111
01100111001000001
01101001111111100
10111010010100100
10101001000001111
00111010110110000
11001010100100010
00111001110000010
10100110110001100
11100110100000100
11110101110111111
10000100111111101
11101011000110101
11111011011100011
10011011000101001
01100010010001110
00110111000010100
01101111010011110
11111100110001010
01111100100010011
00101110101010011
11101001110000010
01011001001100001
01101101111010101
01111000011000111
00100111101001001
01100111100101111
10100000011101100
11110001101110001
11101110111010010
10011001101111001
10100000011101010
01111001001110110
01110011101100001
11100101001111110
01110010001101001
01111000111011010
01010110100011100
01111010111011101
10111000101111000
11011010101000001
00101000101111100
10001101110000011
11110000110001100
10000011100100111
01011101000010111
01000111111001010
10111110011001100
10101111010100010
11111010000111010
11101011100000011
11101010111101011
01001110101101000
00111111001111000
11111010110000000
01101001011100110
00001000110111100
11011101001000001
10111111010011101
01110100111011101
10101110010010000
01111111110101011
01000011110100101
01001010100011101
01010101000011100
10001010111011111
10001110111100000
11111010011110100
11100110111101010
11111010100000000
10010100101100010
11011111000011101
01011101110111001
00111100011100111
10101110000010011
00100000101011101
01101111110000000
10101110100000001
11010110010100011
11001001110101001
10011111000101011
11110000011101110
11111110111011111
11011011101000000
11011011100110101
01110000010011111
00010111100101011
01000101111001110
00111111100001101
11110011000101001
11011011011101001
00110011001011101
11110010001010000
01100101001110111
10001001110110001
01011001110010000
11010111101011001
00111010111101100
11101001110111111
11110110101100011
00010000011111110
01010101000111000
00010110010010101
10001111010000001
01011010000110011
11110010101000111
01111011100110100
10101111100011110
01000001010101110
11011001010110011
11010100100101011
11001111010011001
11000101111011001
00011011110011110
00101110001010100
00111110110110100
10110101100011000
11100010110011000
11011101110000100
10001001100111000
01101100111100010
00011110110010001
10111101010000100
11011010100011011
01100110000101001
01000001010111011
00011011110101101
11101101011101000
00000101001111111
01010101110110001
11000011011111000
01001010101110011
11111111110011000
11011010000010001
11000100111101000
11110111000110111
11000100110001011
01111010101011010
01101001100001001
00110111011000100
01101001101001000
00100111110101110
00011101111010101
01111101101110001
11101011110011000
11000110001011010
11111100000011111
10111011010110101
11111110101011001
11101101010110111
11110111001010010
00101100011101111
00111100011110001
11111011101100000
10111000001101100
01100110100100010
01110111010010010
00101101011110101
10100100101000101
01110011111010001
11011010100010011
10110000011110010
01000111010001010
10101001011101000
10111001001100000
10111011011100011
00101110010100111
00000100101111010
00010101111000001
01001111100101010
01010010101000011
00110011111010011
11110011010111010
11111101100010010
11001011011110001
10000010111011110
11000001101110001
01000110110101100
01010001011001010
11100001011010101
00100110010011100
10011110111100100
00110110000010110
01010110101011010
01011011100101001
11111011010010100
00111001111011011
01010010100011110
00111110101010000
01001110011101010
00001101111100111
01010100111100001
10110111001110100
11010000011100101
00011001010000111
00111010101110101
01100101001010110
10001010011100010
01001011110101100
00001010001011111
11000010101000111
11011010100101011
11111100000100010
00011110001110100
11111010111011000
11000001000101111
01111100100011100
01110111011001101
01011111100111011
01011000011010011
11011110010110101
00100111011001010
10011001111100100
10010110101011010
11011101010000100
10010100101010010
10001101001111110
10110000101111111
01101111011101110
10101111101010111
00111011111000011
10101011100101010
01100011111001000
11100101110110110
10101010000101110
11110010110000110
00000011011111010
00011101010100110
01010010100011001
11001111000000011
10111000111110011
00101001100111101
10110100111100011
11100001101100001
00101101100100001
01111010000100010
10101011001001110
01011001101000100
10001010010101100
00010010010111101
11111101110001001
11000001110111101
10110101010101001
11110101001110100
10101011001110011
01010001110101010
10001100111011000
00111110100010011
10011100011001011
10110011110111100
00001101100110001
01011010100110101
10000001101011101
10101111011000100
01010110011000110
11110111000000100
00110100111111100
00011110011010010
01111101111011111
00011000101101001
01111000101111010
01111011110101111
11001100010110001
10001101100100111
10011100111101110
01100111111100100
01110000111101010
11010101011000110
00011110111001010
11101101011111001
10001111011111111
01001001110110111
00100001011100110
11101001100011011
01000110101010100
00101110011110110
01110111010110011
00110011110011001
10111110010011100
00001011011001010
11011011000111011
11001000110011001
01010001110101010
10100110011001110
10110011010010000
00001011110011100
01011001000100110
11011001011110111
Time = 1.129s
