n = 16, k = 3, l = 11, m = 830
Expect Resample Times = 0.503734
Result:
1110011110101101
1111101101010111
0110111110111100
0101111111101011
0011011111110111
1111011100011101
1101111011011011
0010011110111111
1110111100001111
1110111011101010
1110011011110110
1111100001111011
1101111011111001
0111010111001111
0111111101011100
0010111101111110
0111101011111111
1010111011010111
0111110011110111
1111011111011011
0111111101010011
0111001111110101
1010110111101101
1110101011111110
1111101100111110
1011011111111111
0110101011101111
1011111101110010
0101111010110111
1110101110101011
0011101111011111
1111011101111010
1001101011110111
0111100111111100
0111111011011110
1101110110111100
0110100111111111
0111111100010111
1110011100110111
1001111001111101
1101011111001111
1011011111000111
1001011111101111
1110010110111011
0101111111011101
1111001001111110
1111100011011011
1011111111011001
1011111011010101
0011111110110101
1010111010111101
1111111101010011
1110110101110101
0011100111110111
0101111010111011
1101100101111101
0111101101111011
1011010111010111
1101110010111101
1111001110001111
1110111110111100
1011111101100111
1101101110110111
0001110101111111
1010111111011010
1110101111110101
1011111101100011
1100011111101101
1010111011111100
0111111011001101
1101111101011010
1011011111011001
1111010101111011
1001111111101110
1111010100111110
1111110001111110
1010011111011101
0111111011101110
1111101010011110
1111110110101001
1110111001111110
0011111111010110
0111010110101111
1011101101101101
1110101111101001
1011100101111011
1011101111101011
1101100111111111
0110111111111111
1010111000111111
0001110111111101
1011001111010111
0011101011110111
1111110110101111
1011111011011100
1110001111011110
1010011110111110
1000010111111111
1111101000110111
1111111001110001
1011011110010111
0101111011110111
1111111011101101
1101111010111111
0110011110011111
0101011111101101
1011101111011100
1100111111010101
1011111111110011
1101100101111110
1110110111011100
1011101101011011
1101101011011011
1101111101110111
1101101111010101
1001111011111100
1110110111101001
1111111110001101
1111001111001110
0110010110111111
1110101101110011
1111101011110100
1111010011011101
1111111000111100
0111110110100111
0111111111010101
1100101011110111
1010110111011110
1100100110111111
1101110111110111
1111101001110110
1101110001011111
1011111101111101
1111101000110111
1011100111010111
0111111110010111
1101001111111010
1010011110111011
0111101111011101
0010101111111110
1111110010011111
0101111101111110
1111101111010001
1101110011110101
1100101010111111
1111111111000110
1011101110110110
0111011111100101
1011111111101110
1010001111110111
1111101111011001
0111011010111111
0110111001011111
1101111101101001
1111011101011001
0110111010111101
0110011111011011
1110111111111111
1111110111000110
1101110011001111
1101101101110110
1111001100111101
0111011111011111
1111110011101111
0111101101101011
1111100111110111
1101001101111111
1011101110110111
0111001010111111
1100110101111110
0111101110011111
1101111111100111
1011110101101110
1101011111001111
1001111101101101
1111011100111011
1110101010111110
1111011111101110
1111101010110011
1111100101111110
0111110110001111
1111011110101111
1001101101111101
1110100101111101
1101101111111001
1111011110001110
0110110101111111
1111101111011001
0110010011111111
0011011111101011
1101111110000111
1011011111101011
1111001101110011
1111111111110101
0000111111111110
1110010111111110
1111110001111011
0111011111110011
1111100101111001
1101110111110001
1011110101011110
1011100111111011
0101011111110110
1011100011111110
0111101101101101
1011010011111111
0111110110111101
1111001100110111
1111111011010011
1010110101111110
1101111011011011
1101100111110110
0111010111111110
0111110111110011
1111111100010011
0011111111011010
1111011101100011
1001110111111001
1001110011011111
1001010111101111
1101011001111101
1110111010111010
0111100111111101
1110111010100111
1011111001111101
0111111010011101
1101111110110011
1111110101101011
0101110110011111
1101101101111110
0100011111111101
1011110111111110
1011110111110101
1011011110110111
0110011111011110
1111100100011111
0101110111110111
1111011000111101
1011100111011101
1111100110111100
1101111000110111
1110110110110101
1111010111101010
1111010011100111
0111010101101111
1111111111100011
1010101111111010
1011001111001111
1111100010111111
1100110110011111
1111111001101010
0101111111111100
1011111101101111
1011110101011011
0111101110011101
0100111111111110
0111110100111110
1001111101111111
1110111110011101
1111110111001111
1110110111010011
1101111111111111
1011011111011110
0011011111010111
1110011110110101
1011101111111001
1111100101111001
0111110011110101
1111010111011011
0101111111011101
1011001111010111
0100111111110110
0111011111011011
1101110101111101
1100110011011111
1011011011111101
1101110111110110
0110101101101111
1110001011011111
1110011010111011
1110111011001011
0100111110110111
1101100111111110
1000111011111110
1100101111111111
1101111101001101
1001111111111011
0111101101111001
0111011110111010
1001110110101111
1011110001111111
1111110010001111
1111110100111010
0110101111110101
1111110111010111
1110011110110011
1100110111110111
1001111101111110
0111111100001111
1101111110001101
1010111101011110
1011010111010111
0110011011011111
0110101011110111
0110011011111111
1110111010110011
1110101101011111
1010101101111011
1011010010111111
1111001001101111
1101111011111101
1111110110100111
1111001011111001
1111011110101111
0111111001110111
1111101011111000
1110001101111110
1100111111100101
1101111001100111
1110100011111011
1001011110111101
1101110011101110
1101111110011010
0111101111110111
1111001011011011
1111110101100101
1110110110110011
1100111101100111
1111010100111101
1010111010111011
1111111011000111
1111001101110101
1110011111010110
1011111111101010
1111111111000011
1011011111110110
1000111110011111
1111011111101110
1001111100111011
0101101111111101
0110100011111111
1111111100111110
1111011001101110
1011101111111010
1010111100011111
1001111111101010
0110110111111001
1111010011101101
1011000111111011
1110000111110111
0011111111111001
0111101111111100
1101101110100111
1011111010001111
1011110111110001
1110110011010111
1011110110101011
1011111101001101
1100010110111111
0101111111011100
0011100101111111
1000011111111011
1100100111111101
1111110000011111
1110001111111100
0101011101111011
1001111110111101
0010110111110111
0011111110111001
0110111011101110
1110111011111011
1111010011010111
0111111110101010
1111110111000101
0110111110101101
0101101111011011
1101001101111111
1010011110111101
1010111111101011
1101101111110110
1001001110111111
0011111011100111
0101011111110111
1111110011111100
1110110010101111
0111100011111111
1111100011011110
1011111111100111
1100111111100111
0101111010101111
1001011101111111
0110110110101111
1110110110111101
1110110111001111
1111100101111110
1011010110011111
1110010111110110
1101100110111011
1111101111010111
1111101011110101
1111001010111110
1100111011101110
1100101111110011
1011111101101100
0011111100111101
1100111101011101
0111001111111001
1110111011101011
1111011001111111
0101111010111111
1011111100111001
0111111001111011
1110011111010111
1111110110110101
1000110111111111
1100111111100011
0111111111000101
0111111010111110
1110111001111010
1011111111111101
0111111101110101
1101010110111101
1100110111011011
0011101111010111
1101001111111001
1001101111110110
1001111111011001
1100011111111001
0001111111111001
0111110111111100
1111010111101001
1111111101100100
0111111111011100
1011011110101011
1110111111011111
0100111111111010
1001111101110101
1010100101111111
1000110111110111
1011110111101101
1110111010110101
1110011111001101
1000111101011111
0111110011001111
0111101111010110
0101111101101111
1011101111001111
1111011110010011
0111110110111011
1011101110111010
1111101011010101
1111110100110111
1010101111101111
1111111000111111
0010101111011111
1111111010010111
1111101011011110
1011011011100111
1111011110010101
1011111010101101
1111101111110001
1001111101111101
0011111111100111
1011101111000111
1001101111011101
0111111111101011
1101100011111011
1001111100110111
1101101100111011
0001111111110110
1100010111101111
1101000111111111
1110111111100011
1011101011101101
1101101110111010
0111101010111011
1111011101101110
0110111111011101
1011111101110100
0111110101100111
1010110111010111
1011110110111101
1000111101101111
1111010111000111
1101001111011011
1110100111101011
1111101100100111
1111100011111110
1011111101010011
1100111110010111
1111111001111010
1100110011111110
1011101111110100
1111101111110011
1001110011111011
1111100111111100
1010111010111011
1101101001111110
1001001110111111
1111100111111111
1101111111101001
1110111010111010
0111010110011111
0111101111101001
1100111110011111
1111111101010011
1101111111101111
0110111111010011
1101101110110111
1011111101001101
1001111011111001
1000111100111111
1110100111111010
1111010010111101
1011011100111011
1111001011011011
1111011110110011
1001111110110101
1111101010110111
1100110111110011
0111101011011110
1101111001111110
1110111101011100
0111110110101110
1010111110110111
1011111010110011
1111111001101100
1111111100000111
1111001011101101
1110110110101110
1101111010011101
1011101111000111
1111100111100110
1101111111010100
1101010100111111
0111100111101111
1100101111011101
1111110101110111
1101100111011110
1111100110100111
1001110111110101
1110111111100001
1101101111011011
0011110110011111
1110111011000111
0110111110110011
1011111010110110
1111101011101011
1110111101001101
0101011101011111
1011111111000011
0111101111011100
1110011111001011
1110111011100111
0011101111011101
1001111111100110
1110111110011100
1011011111100011
1111010001011111
0110101111101111
1101111010111101
1011011101011011
1111011001101101
1100011111111011
1100100111111111
1111011011001011
1110101111011010
0100111111110011
1100111010110111
1110101101110101
1111011111101110
0111011100110111
1101101010111101
1101011101011110
1101111111111101
1111101101110011
1101000111111101
1110110010110111
1011111111110101
0011111101111011
1111010101110011
0111110010111011
1100011111011110
0110111011101110
1101101111001111
1111100111101011
1110110111011011
0101101111111110
1001100110111111
1110111010011111
1111110111011011
0101111001111101
1111101011010011
1110010111100111
0111011011111111
1110111100101101
1011011001011111
0011110111111101
1100101111100111
0110111011011101
0101111100111110
1011111011011100
0010101111111111
1110011110011011
0011111111001110
1111011110111010
1110110111001110
1111111110011101
1101001111100111
1001100111111101
1111100111110011
0110101111110110
0111110101010111
1010001101111111
0111101110110111
0111010110111111
1100101111110101
1011010111101111
1111101110110100
1010111111101001
0111111101011011
0111101101100111
1111110111010110
1011011111011011
1111010011101011
1101111110111100
1001101111111001
0101111100011111
1111001101111010
1111110101110110
1110011111010011
0111001011111111
1111101111110101
1110011101110110
0111100101011111
1100110111010111
1111111111011111
1101001111011111
1011011101111010
0011101101111110
1010111111011101
1100010110111111
1111100110110110
1110111011101100
1001011001111111
1101001111110111
0110111001111101
1111101111101001
0101101011110111
1111001101011011
0111111010011011
1111011110110010
1011100110011111
1111010100110111
0110011111101011
0110111110110111
0111101011111101
1101101100111110
1110111111011011
0111110001110111
1100011111101101
1101111111001011
0101101111101011
1111111100001110
1111011100101011
1001111011010111
1101111010110101
0111101111001110
1101011111011111
1011110101100111
1100111011110111
1100001111111011
1100110111111101
1011011111110100
1111111100110001
1011011010111110
1011111100001111
0001011111101111
1111101101110010
1010111100111110
1111100110100111
0011011111110011
1100011111101101
1111111011110010
0110110111111011
0111111110100111
1111111010100111
1110110111001111
1101101101111111
1111100011010111
0111111111100001
1111110011111000
1111111011110101
0111111000011111
1011111001101101
0101110110111111
1101100101111101
1101111111010010
1110101110101111
0100111111101110
0111111111001100
1011011010110111
0011101111101111
1001110111111010
1111000110101111
1101100011011111
1111111001010101
1111110010011111
1111101110101111
1011011111111010
0110011110111101
0110110111011101
1101001011101111
1101001110111110
1110111011110101
0111111110010111
1110111111110000
1001110101111111
1101011111110100
1101111011010110
0111011111110010
0101111100111101
0111110110111100
0011011011111110
1100111011001111
1101111000011111
1100100111111101
1101011111110110
1110111111111111
0111111011011110
1011110101011110
0001111111101101
0011011011111101
0111011110101101
1011111111100110
1011101111110111
1100011011101111
1111010111101001
1110111101010011
0111101011111111
1111111101101000
1101101010111101
1101111001110110
1110110110101110
1111001111010101
1111101111100100
1111011010011110
1100010111011111
1111000111111010
1101111111110111
1101011100111101
1111011110011100
1110101110101111
1111111000110011
1111110011101001
0111111011010011
0010101111111101
1010111101110101
1101101110010111
1100101111011110
1010101101101111
1110101011111101
1011111101011011
1111100011110110
1111101111100111
1110110011111101
1011010111011110
1011111101101010
1110011111111101
1111011010011101
1101010111011101
1111011100111110
1101111110101101
0101111011110011
0011111011101011
1011111110101100
1100001011111111
1111111100100011
1000101111110111
0101011010111111
0111111001101011
1111011100111100
1111111110111110
0110011111111111
1111101010101101
0101110110110111
0011011111110101
1111001111101101
1101011111111100
1110111000011111
1101011110011111
1111111011101010
1101011111110010
0101110110111110
1111101011001110
1111101001001111
1110111010101101
1001111001111011
1111011010011011
1011111100110101
0111111100110110
0011001101111111
1011011101100111
0011111110010111
1110011110101011
0111101100110111
1110111111110110
1011100011111110
0101101111101110
0011111101011011
0111111010011011
0101111111010101
1110111010110011
0110101111111100
0011110101111110
1110111100100111
1110011001110111
1011110100111101
1111101111111010
1011110011001111
1111111101011010
1101111111111111
1111011010111100
1110111111101111
1101101110111001
1100111101101110
0101101110111110
0111011010110111
1011111111010010
1100111111100111
Time = 1.65s
