n = 15, k = 2, l = 9, m = 91
Expect Resample Times = 0.705243
Result:
101110011101110
011011111011100
101110110101011
111101101001101
110100101010111
001110101011110
010110111101101
110010111111001
111011100110101
110011101110011
111001011110111
011110111101110
011100111111100
110101001010111
111101110001111
100101011011111
101011110101110
111111101000011
101001100011111
111010100110111
001111001011110
101010011011110
111001110011010
110011010101011
111011100111110
111111011111001
111011100101110
001100111110011
010101110110101
101111001101111
111011101100110
101110100010111
100011111011001
110111100101011
001111101100111
110101111010100
011000111101111
101011100111100
011001101111010
111100010111001
011001111011010
111110011100111
010011110011111
100111011001011
100111101110001
111011101100100
101011101101110
011101111000110
100110101110011
111110101101110
101111111000110
111011110111001
110101100110011
110011010101110
101011110100110
001111001111001
111001011110110
011101010011111
100110001111011
110001111110110
010111010101111
101110000111111
111010101110001
111110111010000
111111110010101
110001110111111
111010110110001
011111001101100
110011111100101
110000111111001
111110101000101
110111101001110
110101111110100
001101111111011
000110011111110
010111110100011
011011011011001
001111101011001
101100011011110
011010111100111
111111011111010
100111010011110
001011101011111
110110111011011
101110101110110
101001101101110
101101110011101
111101101111010
111001101011001
011111111101000
011100101101101
Time = 0.008s
