n = 13, k = 2, l = 8, m = 94
Expect Resample Times = 0.627278
Result:
1110111010111
0101101111010
1011011101010
1101000110111
0101111011101
1000111001111
1101110110111
1110000111111
0011110111101
1010110011101
1100111011100
1111001100101
1111010111100
1011110011001
1011111111101
0111110011101
0011110111001
1111001011101
0111110110011
1110101100111
0111101011011
1101011010110
1101000110111
1011100111100
1110100101011
0110111101101
0100111011111
1111001011101
0111111010111
0111000101111
1110011011011
1010101110011
0001011011111
1101101010011
1110101100110
1011111110010
1110111011111
0101011110011
1101001101111
1100110110110
1101111100001
1101000110111
0100011101111
1011110011001
1110101101101
1010111011111
1111011100001
1111110010100
0100111101110
1111101011101
1001011010111
1010011101110
1101100011011
1011111010101
1111010110011
1011110011011
1101011101111
1011001110111
0101110111110
1110111100110
1100111001110
1110000111111
0111110101100
1101001111100
1101101001110
1111110111011
1011110100110
1110111100011
0111001011111
0011011101011
1100010111111
0010111111011
1010111101111
1100110110011
1111010111011
1100011111101
1100110011110
1111110001001
1001100111101
0100110111101
1010010111111
1101000111111
1111101011000
1001100101111
1000010111111
1111010001111
1110111011111
1101110101100
1011000110111
1111111101101
1101101110100
0011110110111
0110111011010
0010111011111
Time = 0.007s
