n = 16, k = 5, l = 1, m = 747
Expect Resample Times = 0.373723
Result:
0010011010110100
0011110010000001
0110011010111111
0110110001101010
0111100110000010
0011101110011110
1011101100101100
0110010101010111
0000100000101010
1001011010100011
0000010000001110
0101001001110110
1010111001111000
0000111000011100
0010000000100111
0111101010101000
0110011000011011
0010111100111101
1101110001010110
0001111100010100
0111011111111001
1110001101110100
1100010010110000
1011101100101000
1011010110101000
0010100010000101
1111100000000011
1000100110101000
1101001000011001
1000011011110111
0000101111011100
0011101001101111
1001011011010001
0100000010000011
1001100010111110
1111000111110100
0000011101101111
0011111000001001
1011100011101000
0011010100011010
0000110101101001
0011111100110011
0100001001111001
0111100011000101
0001000011100010
0001100110001100
1111100100001111
0010000100000101
1010101011011110
0000100110110110
0001010111111110
1110111010110011
0110000111101000
1010000110111101
0001011101011101
1011111101110110
1010011100010110
0011110110101111
1100011010101011
1100100000000111
0101110101100100
1010111100110010
1010000010110000
1111101000101001
0000100111000011
1101011101110011
0000110100001010
1000111010011011
0111001101011001
1001110010111000
0001011110100001
0110101111000011
1000101100001100
1110100101110001
1111101101110111
0001000110100110
0111001000101010
0011110000100110
0110000111001011
0001011110110111
1100000000111010
1100011100011001
0101011101000110
0111010111110100
1110111000111011
1011001000111111
1110110010100110
1001011111100010
0001100001010110
0110101110101001
1001101001110000
1000110011101011
0011001110110001
0001110110001001
1000010001011101
0000101000101011
1100101001110111
1011101110111010
1110110010011011
1001000000010011
0101110110001101
0100001011000001
0010111001100010
0010100111111011
0000110111111100
1000000100100000
0101100101011000
1011101101001001
1011110011001101
0001100100111011
0110100111011110
0110000110100001
0111111000111101
1000000111000100
0000010001101000
0010001111010010
1000010101100101
0101001000011010
1000100111100100
1101000110110001
1101101110000000
1110111010000001
0001011111110100
0101110110011110
1011000110100101
1001001001100000
1010001000011100
0111110000011010
0101011111101111
0100001011100010
1100010101100001
1000000011110000
1010010000110110
0100101110001110
1001110110011000
0001011100000110
1110101000101101
1100001100011101
1010111001101110
0100010001101011
1101000000011100
0011001000101111
0100111001011010
1101111101110001
0111111010011010
1011110110111001
1101001100111001
0010110110100100
1110010000111111
0000000001110101
0000101011001111
1010110001000011
1010000101010000
1001111000011111
0010001100111011
1101100010100000
0100110111110010
1110101010000010
1010011101111100
0100001100101111
1000011100100000
1011001011100111
1010011000110000
1000101110110010
1011011001000110
1101100111111010
0111110001110001
1010011111001001
0111000011101100
0110111100010111
0100010000101000
0101110110110110
1111001001110111
0110001010001100
1000100101000101
1100100111101000
1011000111001010
0110001110111001
0111011111100000
1111000000011101
1001000011101100
0110010001110101
0000100000111110
0101010100010111
0110010101101111
1001101111101001
1101110001101010
0110001100110110
1111010001001011
0001011111111110
0010100000111000
1111010101000111
0000101010110101
1001010000101000
1111011100100010
0001011101010100
0001000111010100
1000001100000100
0111101001100100
1111110100101001
1000101010000010
1000100000101001
1010011000111100
0011110000010000
0011001000011110
1010010000101110
1010111010100011
1010100101110111
1011100000111100
1101011111000001
1111010001010010
1111010000100100
1101101010100110
1000110000011000
1100110011000101
0110110000000100
1100101100101010
0101001100011110
1100000010110111
1100100000101010
1110101110101100
0110110100111011
1011010001000010
0110110001110001
1000110000100101
1001111111100011
1011100011010101
0001010100101001
1111101010111111
0101100100011010
1010100101111100
1110101100011000
1010000110001011
1001100010111101
0001111001111000
0011010000110111
0100010011011100
0100100110110100
1011011010111010
0110001101101101
1010111001000000
1101001101111110
0010111111001001
0110000100101111
0010101111001010
1010111101001011
0000000001110011
0000010011100111
0000110110010101
1000100000101001
1110001101001101
1001000100010011
1010001111110100
1001000010010101
1010001101111000
0010110000001110
1101001001010100
1110111001101010
0100010101101111
1100011110101010
1101111010010101
1011101000101011
0110110011100111
1100111000001110
1111011100110010
0111111001010111
1111001110011011
1110111010001110
0101101110101010
1110010110011001
0000011111110100
0000001001000111
1010100000000001
0001101001000010
0111111111110000
0000101000001001
0111001011101011
1011001100001100
0011101101100011
0000011001000100
1110110111100011
0101011100100101
1011110001000100
0000100001100001
1010001101101111
1010010011100101
1010101011111111
1000000011010000
1000100010111011
1011001000000100
0010110101000110
1100101100011110
0111011100110101
0110001011110010
1000001000101111
1111110011000111
0010100101000111
0100010100100110
1100010100000010
0000011110001110
0011001000111010
1100111011100010
1100001101110111
1011001000111010
0001100100001010
1000000011011000
1011110100000011
0010010000101001
0010110111101100
0100101011011011
1001001000111000
1101110011001011
1101110010001111
1110100111100100
0001101001110101
1100110011000001
1111010111111111
1000101011010010
1111110100011011
0010101000101010
0100100100100101
1100001111000100
0011010011100100
0101000001101001
0000100110010110
1001110111001000
0100000100101010
0011101010110010
1101101001001101
0101011011100101
1011000110011110
0001111110100000
1101000111010101
1001101100000100
1011001101100011
1110110000001010
1110100111110000
0110001110110111
1101111101001111
0101100010011010
0111001101000100
1011111001101011
1110100100100110
1111010101111111
1011000111001011
0101110110110101
1111101010100101
1111011110101100
1010110101100011
1000010101111000
1101001010110010
1100111001010010
0000010111100110
1100000110000001
0110111001100000
1111111111111110
0000001100010111
1100010000100010
0111110111011011
1101111001011110
1011010100111100
0110100110000110
0110110111101011
0100111101100001
1111100011001101
1110101000010000
0011010010100000
0111111010111110
0101000100001011
1010000110010100
0010110111101010
0101001111000111
1100100100001110
1001100111111100
1100111111101111
1000111110010100
1000111010000001
1100110000010101
0010111101011000
1000100100100001
1010101101110000
1111001000111000
1001010011010100
0111110111100110
0110001000010000
1000010001111010
0001001010111101
1101011111010111
0100001010100110
1110101110010101
1010011001011101
1000000011100010
0010000100100011
0000010001110100
0110110010101011
1011011011011011
0100101010001000
0101011101111000
0000010000011011
0000010111101000
1001000000101101
0110111000011010
0100000110101001
1110001101011111
1101011001101010
1100110011111000
0101000011100100
1111101100111110
0010001010010001
0011010111011011
0010101101111100
1110011011111100
1100111111100010
0101011100000011
0011111011010010
0101000101101000
0111001111000101
1100011001001100
1111110000101010
0101001101110010
0100010000000000
0110000010000100
0011000001101100
1101011101100010
1001000100100111
1010011010110010
0001101110010100
0001100110000101
0111110010101001
0011111011101001
0111100000110111
1011010000011001
0011100010011000
1111111011110010
1011100111010110
1001010110010100
0100001110010000
0110010000101011
1001000000110011
1101101111010001
0010101011101110
0000110100100001
1111110101110100
0010000001011111
0100100000001000
1101001110100110
1110110101110110
0001101000010111
0110010011010010
1011110011101000
1111010101100001
0110100010001101
1100101010011010
0000001101100111
1010111110101100
1100101101011000
0110100100001011
1101101010110000
0110110101101100
0011110001111111
0001101101101111
1100111100011101
1100011101110001
1001011100101011
1010010010111010
1001111110101001
0100010010101000
1110000011110101
0100101100001001
0010111110101010
0100010100111001
0101110001111001
0101100101110011
0011100110101000
0111111010010010
0000111111110011
0011011010000000
0011111010000111
1101011010011001
0111110110111010
0001111011011101
0000000011110111
1011011011000011
0100000101010001
0010010100101011
1101001101000001
1010001011000011
0111011111010110
1101100111010001
0000011011100000
0011010101010010
0001101100011101
1011100011010010
0000010010011100
0101011101110101
1100110110101011
1100101100011011
1011011101101010
0010100100111000
0001110000110110
1110010011011110
0110101001001110
0101000101001100
0001101001010110
0110010100000100
0111001100100101
1001001000010101
1000011110111101
1100111011001011
1110001101110101
1101100100000110
1010010000011010
1001101010000111
1110010111000001
1111000101001110
1010011111111011
0010110110011100
0001001000000000
0001111111111010
1001011110000110
1000110001100011
1101111000011100
0011011001011010
1101000111110000
1110011110100011
1111111010101100
1110100111110101
1010011101011110
1000011011110111
0001100101001110
1001011000110011
0110110101011001
1100000010000011
1101000010100000
1001001001100010
0011001001010001
1010110010001100
0010101010010010
1000001100000101
1011011110011011
1110110000011110
0011100010111001
0110000001000000
1011111011111110
0001010100111001
1101110001000111
0110011001111101
1110100001000001
0111010010000010
0100100001110110
1101010111110110
0000100010111001
0101110101000111
0101011101111010
1111010100011000
0001011101110110
0001100011000000
1010111011111100
1110000111101010
0101000100001110
0101001001000000
1011100010111010
0001010101000111
1101010101100001
1001111010011111
0001111000100011
0100111000000000
0001010000011110
1000010011100011
1011001110011010
0101000011101100
1111111100001010
0011100101000111
0100111001100001
0001111111101111
0110001110011111
0110000010111011
0011000101100011
1000101100110000
0011000100000110
1111111111010100
1000001001100111
0110100110001111
0101110000101001
0100001011010100
1100010100101000
0110100010001100
1101110011011010
1111110101100011
0101111101101110
1000100110111110
1111111110100100
1111000100101111
1111100101100101
0100111100001100
0101110111010111
1000101101100101
0011101001000111
1000110010011010
1011010001010010
0010011001010101
1100010111111101
1000000101010111
1100010001011100
1000011100100010
1111110011101011
1111001001110101
0010100110000000
0000111101110101
0000010111110101
1110000000111001
0110001101011110
1010101100110100
1100100101100110
1110001111100001
1101111010010111
0111111110010010
0010110111010110
0010011111101110
0011000000001101
0101100111101001
1110011010010001
1000001111010100
0100101100000001
0011100000011101
1001010000101011
0110100110100101
1000011000010011
0110101111001010
1001111001101100
1010101110011100
0101010110100010
0011001111101011
0001101000011110
0000001100111101
1111010001111111
1011010101100010
1000001111010110
1111010001000100
0000001100111011
0010110010101100
0111110101010110
1011100001111101
1111100100001101
0011111100111111
1001111011011110
0011110010011001
0001000011011001
0111100011110001
1101101001101011
0011000011110100
1110000011111110
1011110110000010
0011001111100010
1001110110110110
0110101100011011
1001011010011001
0101011011011000
1100000000101010
0111010100111000
1101101010110100
0111001010000000
0110110101100111
0001000101101101
1010101010111101
0111100001100011
1110000010101110
1101101010110101
1111110001001100
0010110000111000
1111100111111101
1110100100000110
1100011011110001
0111001000000101
0011011110101011
0101101011011111
0100111000010011
0100011111001101
1001110110011101
0011110110010100
1001101001011010
0100010110111000
1011100011111111
0101001011001111
0011000011111001
1010111000101011
1000111001100000
1001100000010000
0001100101010110
1101011110111011
1011001110011111
0011111111110011
1011011101001000
1000111001010111
0101011001010000
0100001011100110
0111011110110011
1011111001111111
1011101111011100
0110010010010111
1010101000101111
0100010101100111
1000111011001001
1001110001001111
0001000111011001
0111110110000001
0001000110110010
0100010110100010
1110010100100010
1011011010101111
1010100000001100
0100000000000011
1001101011100111
1011010100011001
0101010110010110
0010001111100101
1110000011110111
0001001000010101
0101110010110001
0010111010101110
1111010011110101
0111010001101001
1011000110001001
0100000000001100
0000000011110011
1101011101110010
0010101011001101
1111101101101000
0100000010101111
1100000010011100
0111101001110111
1110011100011001
0101100110101011
0010100001111001
1111101010010010
1001010000111000
1010010000001000
1110010011010000
0010011111001011
0101011110100110
0001110011000010
1110111010110000
0101111101101011
1100001101000111
0110011000011111
1111111000010111
1010011100101011
Time = 0.453s
