n = 17, k = 3, l = 2, m = 152
Expect Resample Times = 0.52267
Result:
00111101010011111
01111111011101011
10001000110001010
10001101011000101
11101110000000111
00000110001010000
11110010111010110
00011101001101010
00011000111000001
00000011101001100
00001110111111110
00001010110010111
10101010111010000
11110101110110000
01001110100011000
01100010111010011
00010000001000111
01110111100000111
01110111000110101
00011110110110110
10111011111001000
10000101111100100
11100000100000000
11101001101001001
11111110100100111
11011101011010001
11010000011011100
01001100010000001
00111010101001101
00000001011011111
01011111100110011
01010111100000000
10010000011000001
11010001111001110
00100110100010010
00000100101111000
11011110001111000
11000001101110000
01001100111001011
11010010001010110
00110100101001001
10111100100101101
01010111011110000
00001011110101011
00100110001100101
00010010110010010
01000100101100101
01111110000111001
00000001100010111
10010011100000101
00011110010001010
00010011011001000
10100001000110010
11010010011010001
00001011100110001
10101000010111110
01111101110010110
01111000111000110
11011110100101000
00100011011011101
00100011001101001
11001110111101110
11001110000010110
11110001010010000
11100100110101011
10001100101111110
11110010100110001
11000111101000111
11010111110010110
10001001110111000
10011000010000101
11100001010101011
10110000010001010
10101011101000011
00000111111000110
00011001001111111
11101010101011100
10101111110010001
11011100010011001
10111011000110110
00001000111111111
01001010110111111
10011100001110000
11001000000100001
01111000001001110
11000111101111000
10010000111010110
10011001100111110
10001011010110111
01000111100111010
10101001100110000
11011001010011000
10110010000010011
10010010001110000
01000100000010000
00111011101001100
00001101101010110
11011000111111110
00110100010110010
01111011101111101
10111100110111001
10001100001011111
11000100101001010
11010101111001010
00111101100001100
00100001110100100
00110010111001110
00001001111100011
01100010100101000
00000110111010010
01010010111000100
11101000010010110
11000001001010010
01010111001000001
00011000111000100
10010101111100111
10101100011000111
10111010101001000
00110000000101111
00010000100110101
11111101011011011
00100110100011110
01111111100110101
10001011011001011
11101100011100000
00110000111011100
10110110110110010
11100000101001100
11001001000110111
11010001101111000
01101101010001001
11010111010011111
01111000010011100
11011000101111011
00100101011000101
11111000111001000
11101001101011100
01100100011000011
11011101000111100
10010001010111001
01011111100001111
00100011001010010
11110001101110011
01011110010101010
01100110111111111
00010111000110011
11010001101101100
11101011111011000
11100100011010101
01100100110101000
01110010111011010
00001011011101001
Time = 10.789s
