n = 13, k = 5, l = 6, m = 2047
Expect Resample Times = 0.36792
Result:
0101111001011
1110100001001
0001110101111
1111000010011
0011011001100
0000101101011
1101100011100
0101111101110
1100101110000
1110110101111
1011101010111
0111001101001
0101000101101
0011101110101
1001001100111
1010001110100
1010111011110
1000100111001
1110011011110
0011110000101
0101100011001
1110100010011
0000110101110
0011111101101
1010011010101
0011011100100
0101110111010
0100110110101
1110111110010
0011100101111
0011001001011
1111110010101
0100101011110
0110100110001
1001111111010
1110111010100
1011000001111
1100111011101
1111011101101
0111100011001
1001000011110
1100010010111
1100101000110
0000100111111
0101111110111
1101010101000
1110001010110
0101010101001
0110111101010
0100000011111
0101001111110
1101011011100
1001001010111
0010001101110
0111110011101
1001010111101
1010111110111
0011110100011
1011110101110
1001011010011
1111111110010
0101011011111
0001110011011
1110011010100
0101111010101
1010001011001
1110000101010
1001001111011
0111110000100
0111100101001
1001010010011
0111000001110
0001110101001
0011000101101
1111000001110
0011010001101
1001111000011
0011100001011
1011111000111
0111010010100
1100011101110
1010001110101
1010111111010
0011100110101
1001110010100
1010110011000
1111001000101
0001011110010
0110110110010
1001010100110
0100011110110
0100110011010
1001011011111
1111011011000
1101111101000
1111110111100
0011110100001
1111111011010
0101111011111
1000111001011
0110110110010
1001101110001
0110000111110
1101000001110
1110111111001
1100000101011
0000101111001
0110101011111
0101011111111
0100111100111
1110010111001
0111110100011
1000011111100
1100001011101
1111001100111
0010011101101
1000000111111
1011110001110
0111010101110
1011011100001
1001101101110
1100101111000
1010100110110
1110101010110
1011111110111
0110011111110
1011110111110
1100100110001
0111011011001
0000101011011
1100011101110
1000010111001
0010011111010
1101111000101
0101101101101
1101100010111
0000110101011
1100010100110
1001010011111
0110000111010
1111100000001
0100101101001
0001101110010
1001011001100
0110000001111
1011011001111
0111010011011
1000010011111
0111000001011
1000111001011
1010110100001
1101100111110
0111101110001
1011100001101
0000011111100
1100011111010
0100100101111
0010111010110
1110110101110
0011010011100
1110101110110
0101100001101
0011111010111
1011100001011
1101010001010
1110110101000
1100101001111
1100100011010
1110010011011
0010110100011
0100011110101
0010001111111
0110100011110
1001101001101
0100111110110
1001010101010
0000111101101
1111100000100
0100010101101
1001101110000
1110110001111
1111100001000
1101100110000
1010010111110
0111110011100
0000110011101
0001010101111
0011000111110
0110010001111
1011100001011
1101010010001
0101101110010
0101000011011
1100010101010
0111011111001
0100111010100
1010001010111
1010001100110
0001011111001
1000110111110
0000111000111
1100011010110
1111100000010
1011100110110
1010100011110
0011001101100
1100101110101
1110000101111
1000011011001
1011111000111
1111101001111
0110100110100
0010110011010
0111010101100
1111001010111
1100100011101
0101110011000
1011101011011
0111010100100
1100011001101
1111111000101
1001100101011
0011010111001
0001100110011
1010101111100
1101111110011
1011100010111
1111101101011
0101101100001
0110101010100
0111111111100
0010001100111
0100001101011
1011101100110
0111011000010
1111011110010
1011000111001
1110010010100
1001010100110
0100101111100
1100010001110
0100111010010
1010101000011
0100101111000
1000101011110
1000111011001
1110101001010
1101110000100
1011101101101
0011101110000
1100010011001
1111000010101
0100101001110
0111100101101
1000110101010
1011100110110
0010101001111
1000111110110
0010111110011
1011000001110
0110101011011
1011110100101
1101000110110
1001111100000
1100000110110
1001110011111
1111100101001
1111111000100
0110101110101
1001111011010
0101010101101
1101110101111
1110000101001
0101010011010
1001100111000
1000011011100
0010110111101
1100010101010
0110101010010
0010001111010
1111111101100
1100000110110
0001110011110
1111101010101
0111001101001
1011101011110
1110111000101
0101001111001
1000010110110
0101001110001
0011011010111
0101100111011
0011101101100
1101110011011
1011000000111
0101110011011
1011010011100
1101110000111
0101110110011
1111111010101
0101110101100
0010110111111
1001110101011
1110000001110
0000011001111
1111101011110
1110000011110
1101100011000
0111111001001
1000111010001
1101010010110
0010111001100
1001011001111
1011100100111
0110010110101
0011110101100
0100011110111
0110110110100
0101111110010
1100111001111
0000111111101
1011001011001
1001001110110
1011111010111
1111011110100
1011010001010
0110111110110
1010110000111
1111000100110
1011010000111
1000100101111
0001101110110
1010010101110
0110110001111
1101001100011
0111001110101
1001001100111
0101011101011
0100011110111
1011111100110
1110110010001
0110110110010
0100011011010
1000111011000
0011101100010
1001000111011
1100111011010
0111110110110
1111001101010
0011011010011
0101111111111
1110000100011
0100110001111
1110100100101
1011011000010
0111110000111
0001011101110
1010010101101
1110101011001
0010011011100
1110011110011
1011100111111
1110101000110
1101001100100
1101001010011
1100110000101
1001010011001
0011111110010
1001011111011
0110111001100
1110000100111
0110110101011
0001011010011
1111100011111
0000111101101
0001100111111
1011001010011
1001011000011
1001111000010
0011000111100
0010101111111
0110000101110
1001110110101
1111110001011
0101110111000
1100001011111
1010001111110
0101010010110
0111100111001
1100110110001
0111110011100
0101111111010
1000110100011
0101100001101
0111010111100
1011001110011
1110010101010
0111110101001
1000111111000
1110011100100
1101001011011
1101101101000
1111101101101
1100100011001
1010110100111
0001101101111
0011011101100
0000111011110
0001011101111
1001001111010
1101100011001
0100010101011
0010111001011
1100011101010
1100011000110
1001011101010
1011110111110
0111110111100
1010101101010
1111110110110
1110010101010
0111110100111
0101011110101
0110001101011
0011111000001
1110110101001
0100111010110
0101011000110
1111110100101
1001111101100
0001110010110
0011001010111
0010110101010
1000111010111
1011110010110
1011001111011
0111110000010
0011111001110
1011100110011
0010011111100
1101111100110
1101110000011
1111111100010
0011011100101
1101011111111
0011101000111
1101001110110
0011100101101
1111110001001
0011100110010
0011010101011
1010000110101
1101001011101
0011001010101
1010101011100
0011001011010
1111000111110
0110011011110
0001100111001
0100111001101
0110110110000
1101011100010
0000110110111
1000100001111
1111101110011
0010111001001
0111110110101
1010110001001
1111111101000
1111010110100
1101000100111
1111001111101
1010000010111
0101111111000
0001011110011
1111010011011
0101010101011
1001011011111
0101110110000
0001100110111
0111001010001
1011111100000
1001011011001
1111101011100
0101111111001
0111001010100
1101011111001
0101011101111
0111111001011
1100000111001
1011101000100
0101111011011
1110100110011
0100111011011
0111101010110
1110100110010
0111010001011
0110000111010
1101011101000
0111010111101
0101011010010
1000110101100
0000101101101
0100101110101
1111101011111
0111101010011
0100100101111
1011011001000
0010110100110
1110100001101
1100011110010
1110001110000
0101100001110
1110000110011
0101101001111
1101100001001
1011110010100
1011111001000
1011001001011
1100111100101
0010100101111
0011111101110
1111000010101
1000110100110
0011010110011
1100110110100
1011011010111
1111111001001
1110011001010
0111110100001
1000101110110
1111110010001
1001011011101
1001010100101
1111010000101
0010111000011
0010110101100
0101001001110
1001111000101
1000111100101
0101010101111
1011001011001
0010100010111
0110110111100
1001101001100
1101111010111
1101100100010
1110101101100
0100101010011
0111011001100
0101101011011
1101011100110
1100011011000
0011110000110
1100011111111
1101011100110
1110110111010
1100100110010
1110111010101
0101101011011
1000110111011
1101101011111
1101010010101
0100101111111
0101010011010
1111100011011
1100101011101
1110101100110
0101001111101
1111011010010
0011011001100
0110111111101
1011011111010
0111010011100
1110001100111
1110000111101
1000110101101
1010100100011
0101111111001
0111001001100
1010101011101
1101101011111
0111000100110
1100110101101
0011101101010
1110110100110
0101010101011
0110100100011
1111110111110
1110011001000
1001110111100
0101001001011
0110101101011
0011111110010
0011111011110
0100111111011
1001111000010
1110001100001
0011111100010
0010011101100
0100111011101
1110101111101
1111010101111
0100001101011
0111110101111
0001101101101
0101101100010
1000001011101
1111011110110
1110011110100
1000111110010
1001010110111
0101111000100
0000101110110
0110110111101
1110000011001
1101110101000
1010000111101
1110010001111
1110100111111
0011010101001
1100101110000
1011100110011
0101100101001
1111011001011
1111001100110
1101100011111
0101011001100
1110001010110
0000100111111
1100101010110
1001001111100
1111000010101
1111001010100
0110001001011
0101001001110
0101101011110
0011001111010
0100101100111
1110101101110
0011000100111
1010011101001
1111011100111
0101101111100
1011110100110
1111011010011
0111011000011
1111001111010
1101000011101
1111000101101
1100101010001
1101011110101
0011000111100
0011101100101
1100101100011
0110010110111
0011110101111
0110011101011
1110100100010
1101101111001
1100111101010
1010101000111
1111001001011
1101101100111
1001100111000
0011110100100
0101011000101
1011110100110
1101111110010
0101001111001
1101011101000
1110000101100
0111100111100
1111001110011
1100111100000
0101001110110
0110101000011
1001100001111
0111000100110
1101101001001
0101101101000
1100000111011
1111101111010
1010101010010
1110111111111
1111100101001
1110111111110
0010011111101
1111110010111
1100011111001
0001101101111
0111001110010
1100101110001
0001101101011
1010100111010
0100110011110
0110101111110
0110111001101
0100011100111
1100111001001
1111111001100
1111100000001
1110101110001
0110110100100
1110101010010
1011011010010
0111100110001
0111111010010
0001011101111
0100110011011
0100011011011
1111111100000
1101001010010
0110000100111
1111111111000
1011101101101
1001010101001
0101101111000
0111000100110
1011001110101
1111100010000
1000011011010
0101111100101
1110100010010
1101110110001
1100011000111
1101001100101
0010101110110
1100011010111
0010111110101
1001001111110
0011101010001
1001010010111
0011110111101
1110110110000
0010011111110
1110100111101
0111011001100
1110100010101
1101111111011
0001111010010
1011011111110
1100101000101
1100111110011
1111011011110
1011011011001
1111000011010
0000101110111
1011101110101
0111001011110
0110100011001
0011111011000
1100110001001
0110011001011
0001010101111
0111100111000
1001001110011
1101111010100
0111001100100
1110011000010
0111001011110
1010100111100
0110101100111
0111111001001
1001111100111
1100111110100
0101001111010
1111100001000
0110011111101
0001010100111
1011110111000
0100010101110
1001000101111
0100011110101
0011000101110
0111011100100
1011101010111
0111100001001
1001101100010
1001101101000
1111111001001
1011111011001
1111011100001
0111100110011
1110111110011
1010110110101
0100101011100
1100001010111
0111101000001
0110010011101
1101111001010
0111111101111
0110101101001
0101111110100
0011011010100
0111001100101
1011011001100
0000111110010
1111000110010
1101101110000
0101001110010
1111011010101
1010111001001
0111111011000
0100011101100
0111101101111
0111000110001
1100011111110
0110111000101
1011110110100
0101010100111
0110001010101
0110110110100
1111101011110
1010010110001
0110110010101
1000011111000
0010010101111
0011011111010
1111110101101
0001110111101
0101001011011
1001001111101
1010010110100
1001001010111
1111100110101
1010011111001
0111011010001
1111110011010
0010000111101
0111101110000
1100011111001
1011001110011
1110111101011
1110000101110
0001001111111
0010101001101
1011110110110
0110110001001
1010110011110
1011010001110
0011101011000
1001110110111
0001111111110
1101101110000
1110001010111
0101011000101
0101110010001
1101010111001
0011100100111
0100101111011
0001110011001
1100001001101
1110011110100
1111101101101
0111010110010
1110111000010
1010110100001
0001101101011
0111010010101
1110001011110
1000111110010
0101110011000
0110011001110
1001110101100
1000111001011
0101110000111
1000011100101
1001100011110
1010010110100
1100110110000
1101110111100
1110001010001
1100010101111
1000111001101
0000011111110
0111011010000
0101110011000
0110001011110
0011100100011
0110100001110
1111011101011
1110101001100
1111111110110
1111110101000
0001011101001
0001010010111
0011110101000
0001000011111
0011001110001
1011100101110
1011110110100
0011101100101
0111011001110
1110000101101
0110100010101
0100001111110
1011010110100
1000100110110
0011101100100
0011010111101
0000011101011
1100010110011
1111101001001
1100111001010
1100100010101
0110101100100
1111010101011
0001100111100
0011101010001
0011101001101
1111001100000
1000001011101
1111111001011
0111110110000
1100100011111
0000111110011
1110011010011
0111001100010
0111011110110
0011100011111
0111000001111
1110100100111
0111111101100
0110001001110
1011111100011
1011110111001
0000110111010
0010110111110
1101000011100
0111001000011
0110010110110
1100010101010
1010110110100
1001100011101
1110111110111
1110011010100
0011011010100
1110011100101
0111101000001
0100110010011
0110001101011
0001101111000
1110001001001
1010011110100
0001101011001
1001001010111
1101110011011
1100011101011
1001110011011
0110101110010
0110000101011
0011001101101
1111101101000
1110100101011
1111010111101
0100011110100
1110111001101
0110011001110
0101101100001
1111011011110
1110010100111
0111001111100
0010001111101
1011001110011
1101010010111
0100101111011
0100100111001
1010110110100
1101100011011
1011100011000
1100011111100
1011001101111
1000101001110
1111001110101
0010101100110
0011100110100
0010011101100
0100111100001
1010010101101
0111101110110
0110110110011
1011111101001
0010110011111
0000110111111
1110111101000
1010111100111
0000111111101
0001111110101
1111010011111
1001001101101
0011010010110
0110010010011
1001111011010
0010011111001
0100010101111
1011001011010
1011011110101
0100110101001
1011110100011
1001101110100
1000001111010
0110101110001
1110011110101
1111110110101
0001101110111
1011110001010
1000100111101
0100011001101
0011001011101
0101100001110
0000011111111
0011111010010
1001110000101
0111110110000
0100001111101
1101111111100
0110010101001
1000111011001
0010001001111
1001001011001
1110100111010
0111101011000
0110111110010
0011111001100
0110010000111
0110100011111
1111111000000
1110000101111
0001011011100
0111111001100
0010111111001
1000001011011
0011110001101
1001101111100
1101010101110
1101000111110
0001110111000
1110010001011
1100011000111
0111111010011
1101010001001
0100001011110
1010110001101
0011111001101
0011101001101
0110010100110
1000110111100
0011110100001
1111101010010
1000010101011
1101000100111
0000110011111
1001110111010
1111011101110
1010110000011
1001001101110
1010111100111
0100100001111
0110111011110
1010000111001
0111000110101
1111001101111
1111010100100
0101110110010
1111101010011
1111011000011
0110010100011
0110101111100
0010101111010
1100110111100
0011011111100
1011101010111
0100101010011
1111010110100
0010101110010
1010000110111
0111001001110
0001111111001
1111010110101
0011110010101
1101110100011
1011000111000
1101011111101
1111001110010
0101011110010
1001111101101
1110011101001
0110101110101
1100101010011
1110001101011
1100101101010
0001110110001
1001001011011
1110100111000
0110010011101
0110110101111
0110101011010
1110100110001
1011001011110
0111101101110
1011101111111
0100011101010
1101011100110
0101111110001
0110000101111
1001110111100
1100110100101
1111010100000
1101010000101
0000111101011
1110100011011
0110011111111
1101111110011
0010110011001
0010111110101
1000110011101
0001111111010
1111101101111
0010010111010
1100101111101
0010110110100
1010111000001
0111000001111
1110100100010
0111001001101
0101111110000
0000110111111
1011100110100
0001101001110
0111001110000
1100100001101
1101101110101
0001110011001
0111100001010
1000001111100
0001011101010
1001110000101
0111111110101
1001100111111
1001010011010
1111111110101
1000010011011
1000010111100
1010100011110
0010111110000
1011111000111
1111000110010
0011010110010
0111001000110
0001111101010
1010110111101
0011011101000
1101001000101
1011010001001
0111000001111
0010100011011
0110001110100
0001011110111
0111010110100
0100010101111
0110101000111
0101110000110
1101010011111
1101110000010
1001010011111
1000110101101
1100101111101
1001011101110
1000100011101
1110001010111
0111110001000
0000111011111
1000011111010
1010000111101
1100111101001
1000111100111
1010111111100
0110101001011
1110001110011
1110000001110
1000101011100
1000000110111
1011001100101
1110001010011
0000111111111
0110011110001
1101010100100
1101001110011
0001100110110
1100110100101
0111111110001
0010110110101
0111001110110
1001110111101
1110000101100
1000100111001
0110001001111
0100010011101
1110100011001
1110010111010
1100110010110
1000111001111
0011100110100
1100101111001
1011011100001
0101000110110
0010111011001
1101110100101
0101111000010
1011100011110
1001000101101
0011110101010
0011000110101
1110111010110
0100001111100
0010011101001
1100101011110
0110101011111
1011100011011
1010110100011
0001010011111
1010110101100
0011111100001
0111011010001
1110110101111
1101010110010
0011100011111
1100001100011
0011101100011
0011011110100
1100000111001
1110001101011
0111111100101
1010001100101
1011001111101
1111000011010
0001110001110
0001110010101
0110110010010
0110100111000
1000101111001
0110010111000
1001110011100
0010110011010
1010111110001
1010101100101
1111111011101
0110010011100
1011111001110
1110010101010
1110111101111
1011010111100
0110011001100
0010100101110
1100111101110
1101110110011
1100101001100
1101110100110
0011000111110
0101111010010
0111010101101
0011010101001
0000110101101
0111001111111
1110100010111
0011101000011
1001110011001
1011001001101
0001111100101
1000100011101
0110001000111
1001000111110
1001111101111
1000010011011
1111000100110
1110010000011
0101101111100
1001101001100
1001111111010
1011010101101
0110110001100
1001110110000
1000101110101
1101000100110
1011001100001
1111011101111
0111111110000
0111100100111
1011110011111
1100100001110
0001111000101
1001110000111
1111111000011
1011000011100
0101010101110
0001011100110
1101111000001
1010000011011
0110110001010
1000101111011
1000111001111
1110011111010
0100111111001
1101101100101
1100010110101
1001011111111
1111100000111
1011000111101
0001111100001
1000111011001
1110011011110
0101111001001
1100111100011
1100110001101
1000010001111
1001000110101
1010111001011
1010101001101
1101111110001
0100011110011
1111110100100
0101101010101
0111010011100
1101110011110
1011010000011
1011110110011
0011010100110
1101100111011
0111110100011
0000101111111
1101111000000
1001111010111
0111100101001
0111010100011
1010110101001
1100010001101
1010001110110
1011111111011
0000110011110
1011101001100
0011110111010
1000011100111
0111100111000
0111001101010
1000101110100
0101101001101
1011011101001
1010001110001
1011010011110
0100001111001
1110101111001
0110111001001
0010000110111
0111001110011
0100101010101
0101001001111
1101101001001
0010110101010
1001110101010
1100011010011
1110011101010
0111101000011
1110001011000
0111000110011
1001110010100
1000101101001
1111111001101
0101011100101
1010111110111
1110010001111
0100111010111
0100101101100
1000001111010
0001110100111
1010111110101
1001000111001
0100001100111
1000001110110
0111110101110
1101100010011
0111011011010
0000111101001
1110110100000
1111000100110
1101111111001
1010111101000
1000010111011
0111111010100
1001111110001
1111011111010
1000010111010
0011101010010
0011100101010
0010111000011
0111110101111
1110111101010
0010100011101
0010011111001
0110001111010
1110000010110
0111110010111
1011100101111
1111111100001
1011100101111
0111010000101
0110010111001
0010110011101
1011100110111
1010100101001
1011000011010
1110000111000
1101011001011
1111000100101
1100100010110
0010001101011
1011111111011
0001011110001
0101011011111
0010001100111
0001110111010
1100110011010
1010001100011
1110001111110
1011011001110
0110111100110
0100011101110
0101110010111
0111111011000
1010101110110
1001011110011
0111010110010
1101010101010
0110101100100
0000101011111
1101011101111
1111100011000
1000000111101
1111100100110
1110110110001
1100111001000
0110111001011
1111001110100
0011100110111
0010010111011
1010001001111
1011001001101
1101011000111
1101000111100
0001011100101
0110100110001
1111110001010
0100101110001
0111110110001
1101110011101
1011111101001
0100110111010
0100110100101
1010010111001
1010001001011
1100010101110
1110111111110
1100011000101
0101111001101
1011101011100
0111111011001
1000111100100
1111111101001
0111001110101
1001011101000
1001010100011
1111110011101
1011010100011
1101001011111
0011110010101
1011101111001
1000101011010
0101111000111
1010110111011
0111000011110
0000101101110
0011100011111
0101010111111
0011001011111
1010000101101
0011110010011
0110101011100
1110100010010
1101101001011
1100100101101
0101110110111
0010111000111
1101100101010
1111001110100
1101101010101
0010000111111
0111110011100
1101000011111
1111000010101
1110111100101
0011110000110
1010110000110
1011101010011
0100111101100
1001100001110
1101000011101
1001011000011
0001001111010
0111010100110
0110100111111
1000110110001
1101001011110
1010011000110
1100001010101
0110111011000
1110101100011
1010111001010
1111100000010
0101010101010
1111011110110
0011000110101
1101100110001
1111010001110
1001110101010
1000100111100
0111101100100
1101100111110
0111010101111
1101100110110
0011011111000
1011101001001
1110000111110
0101101001110
0000111110110
1010001011010
1000110101100
0100011001011
1001010110001
1001110101111
1110101011100
1011110100010
0011101000110
0111001001111
0110110010110
1011110011010
1100110111101
1101111100010
1001101100001
0011111001100
0101000011110
0111110100010
1111001011111
0110110111110
1010110111001
0111101010110
1010011010001
0100111010011
0110111110101
1100100100011
0011110111100
0010110101101
1011110101110
0000111011001
0111111100101
1010101011000
1000101111011
1000011100101
1110110101011
1010101111100
1111101100001
1101101000101
0111011011001
1111010001001
0101000101110
1111111100110
0110110110100
0111010110001
1111110001101
1001110111010
1111100011111
1000101111010
1110000011111
0101000110101
0011011001100
0011011110100
0001111011110
1000010110110
1110000001110
0111100011111
1011111000101
1101100111000
0101101000110
0110100110101
0001101101001
0100011010110
1000010110110
0101100011110
1101010011100
1101010101111
0000110011110
1110110011111
0100101101010
1110010110010
1100010000111
1011011000001
0110100010110
1011010110010
1101101010100
1110100111100
1001011111011
0110011110001
1100011010011
1111011010101
1011101001100
1110010100010
1011101011100
0111111011000
0000101111110
0001000111101
1100011001100
1000110111101
1111010101111
1101001011101
0100011010110
0010100110101
1011001010010
0111111001011
0011001001111
1010111011110
0110011100100
0100111011011
0100011111100
1011011101110
0100011101100
1110110100110
0000111101100
1010100101110
1100101101111
0111011111000
1110110001001
0010101111001
1111111101110
0110101000101
0110111111000
1011000010101
1011001011111
1100110100110
0101111100111
1101100111001
0101010001110
1010011100110
0010010011111
1000100001111
0001100111110
1110000100110
0011101001101
1100101100111
1111010010101
1001110111111
1001111111111
0110111011111
0100111101010
1111011110001
0101001100111
1011010001001
0100101011100
1101010000110
0100100111001
1111010101001
1101110000111
0010111001101
1100101100010
1001101100001
0010001011111
1111001101001
1010000101101
0100100011101
0011100001110
1111110010110
0100011101010
1001111011011
0101110010110
1111110100100
0010111101011
0110011111110
0100001011110
0111100010110
0011100011111
0101110101010
1010111111001
1011110000011
1000111110110
1111111101000
0010111111001
1100111100100
1110111111100
0100100100111
1111000001010
1100100111010
1001100111001
1011101101011
1001101111000
0110111011000
1110010011100
0001110111110
0010111011010
0101001111000
1100001011010
1110001111110
0110111101101
0011111001000
0111100001001
0100110001111
1001010011111
0111111101110
0111110111110
0111100011001
1110011001001
1101000111010
0001110001110
0010100010111
1110001010100
1111001011111
1010011100110
1011011011000
1111100000001
1110101111010
0011010010111
0011001001101
1101001100001
1101010011011
1011100100100
0010011010101
1110110100101
0010101010101
1111000110101
1100011001010
1111000101100
1011110111011
0101111001010
0111011110100
0100010011101
1100110010100
1111010001010
0001011011110
1011111101101
1110101110011
1011110111000
1101110110000
0010101011011
0000101110101
1010110100011
1110110000010
1001101100111
1111100110001
0011101111100
1010001010110
1100110110110
0110001010011
1111010011001
1110011010100
0111101010011
0010011111011
1110010010101
1010010110011
0010101110011
1101010001010
1100011101000
1010110011111
1001110001111
0010111010111
0011011100110
0010011111100
1100101100011
0110100101110
0110011011000
1011111100110
1100111011100
1101111111000
1111001010101
0101111111110
1011011100000
1000000110111
1110101101010
1101100101110
1101011010100
1101101000110
0001111011011
1111001001111
0101010110010
1100011011000
0101110101001
0101100010101
1001101011100
1000110111000
1110011000100
1011010000111
1110000010101
1001000111011
1100111101101
0110111011101
0111010000101
1101010000110
1011000011010
0010010101101
1010100011111
1111111100000
0011101101100
0010110010111
0100110100111
1101010101101
1101101001010
1110010100111
1110101110000
1111001011101
1011011111000
1001001011111
1101011010011
0111010101101
1101011101010
0100101010110
0001111111111
1110110000011
1001100010011
1100010101100
1001101011010
1101101000100
0110100101110
1100101110000
0101011111010
1011011000101
0010101010110
1001010011111
0010100111001
1111000001001
1001001101001
1000100110011
0110010100111
0110111100101
1001110000111
1101111101011
1001000011111
1011110000110
1001000100111
1100100110011
1110101111100
0101110110010
1000111110110
1011101101110
1001010101011
0010111011010
1111001110110
1111011001001
0011001010011
1111100111110
1001111001111
0001101111111
1010010111110
1100000011110
0001110100101
1111000110010
1110001001100
1110100101000
0101010111001
1001101010111
1111101100011
0110000111101
1001011100111
1001101101011
0000110111100
0101110101111
1101101100101
1011111011011
1110111001111
0110010110010
1110110011010
1111100110111
0001010111101
1011101010110
0100110011001
0101100001101
1100111001111
1111011111000
0011010110111
0001111010010
0110000111111
0110001010101
0110101011000
1111111110101
1010011100111
1010100001110
0111010100101
0101100011010
0110111010101
1001101101101
0110011011001
1110010101001
1110101000111
1101011011111
0011100011101
0010101101100
0000110111101
1101011110011
0001010111110
1111110011010
1011110111000
1111000111101
1111111100100
1001010001101
0111110011101
1111100111100
0011001011100
1100010011001
0100010110111
0011101100101
1100100111101
1000111111011
0000110110011
1011100000110
1111111100011
1011110111000
0001111011000
1110110011001
0110010101110
1111111001001
1011001111011
1011101110100
1101010100110
1111111010100
0100101101010
1110011111000
1011101001111
0111000100110
1001111110011
1010010111110
0111111111111
0100101011001
0000100011111
1111011010111
0011011111111
1011011100010
0000111010110
0111100100010
0100010100111
1101001001010
1110001100001
1110001101111
0110011100010
0010100110011
1010110111111
0101011111111
0011001110110
1011011100101
0111000110111
0010001111011
0011010100111
0111111100010
1111110111010
1000110100111
0011001000111
0001010001111
1011010111110
0000101011011
0010110110001
1111001001001
1110100111000
0010000111110
1111001011100
1110011010000
1100010100101
0101000011101
1011100100111
1001100001110
1101110010001
1001010010011
0011101111001
1101001110111
1011001000111
0101101011111
1100100101010
1011111101011
1011000101110
0110011000011
1101000100101
1101110110010
1100011111000
1011100111000
1010010101111
0110110111111
1110001001111
0011101101100
1010110100110
1010110111111
1111100000001
1011101000010
1111010100000
0111100100001
0011110010011
1100011011100
0110110101100
0101101100011
1101001101010
1100110101011
1010110011111
1111100010101
1100101000101
0111011100110
1100011000110
1111001100011
0001001111011
1000111100010
0011101001101
1010011011010
1011010110111
1110101101001
0010001011111
0110111110001
1101100011100
1100111000001
0111001110011
1111101010111
0011100110001
1110000111101
1100100111110
1110110100000
1101000011101
0100111110100
0010101111011
1010110011111
0011111111101
1010011101100
1101011001011
1011001011110
1001111100100
1110100110100
0011101001011
1100101011110
0101111111110
0101100011011
0100010111110
1100110100001
1001111111010
1000100101011
1000011111101
1110000011011
1111010001111
0011110010101
Time = 4.68s
