n = 16, k = 2, l = 3, m = 58
Expect Resample Times = 0.725418
Result:
0001111101101100
0110110011011101
1111110100001110
1000011100001001
0100000101100010
0011101010101001
1111110110010001
1110010100000100
1011011101011110
0100110011110000
1011100110011110
0101001110001010
1010000011011001
1101100110011110
1100101000110010
1101001010100111
1000100111110111
1000011001001110
0011101000100000
1000011110111111
1000011111101011
1110010101001011
1010111010010110
1011000110110010
1000110100011100
1001010010011111
0111010101101011
0001000001000001
0011000111100000
1111111000110001
1101111101011111
0111000011101111
0100000110101011
1001111111100101
1010010010011001
1010100111111001
0111110101010000
0100011100111011
0110011100010101
0000101000110000
1011001000000101
1101101011100100
1000100010101110
1110010010111100
0101100000001110
0101101001101011
0110100110010111
1101100110010101
0101101010111101
0110010010101011
0010010011011011
0011100011010100
1011101000001010
1011110111010101
1011010011111001
1101001101110100
1101110100011001
1001000110101001
Time = 3.206s
