n = 17, k = 7, l = 2, m = 3374
Expect Resample Times = 0.366638
Result:
00011011100010010
00001011000111011
11111001000011111
10011111100011100
11110100101001000
10111110110000001
00010111111101101
00011110111110101
11100100110100111
00010100101110001
01010011001010111
10001011011001000
00010000000110011
11001011101011110
10101110011001011
11000000000000000
10000000010100111
00111110111110101
01010011011000001
11010101011100000
00110000101010111
10001100101101000
11011110100110001
00110111111011001
11100101010101100
00100111111000010
11111010011101000
10100111101110000
11000111000110010
00110101111111011
11111111011000110
01000111111110100
00110111010100101
00001111110000000
11000110111001011
00101011110010100
10001101101111011
00011111001110000
00000101011101111
10101010010001001
10000000110000100
01101000100010000
01010011010011011
00001100111011010
01110100110000100
00001011010101010
00100101111100000
00011100111011001
00000111001111100
00000000111110100
01111010001100100
11110111011101111
10001010010000101
10101111110111000
11001001001111111
10110001110111011
01000111000010001
00011000111001011
00100111010110000
10100000101100001
01001010111010100
01110010000000101
11001110110010100
00100101001100000
11001101110001011
01110111111111111
10111111001011100
11101000000011010
00100010011111000
00001111100011100
10100011011111100
00111100111011010
10011101011011100
11111110000010001
01000111101110111
11110100111001111
01111101100101001
11000111100001110
10001011101011000
11111010111111101
00111010001001010
10100010111001110
11101010110001111
00111010000000010
01101000100001100
01001101100111101
00011110010010100
01101000110100011
10011011000010001
00001010101010011
10011001011110010
00101011110000110
01100001010010011
00000001110000001
11111011001101001
11000010111010101
11110011110111000
00100110110111010
01011100101101010
11001011101111000
00111101011110111
11001000011010000
00100111011001011
01011111111100100
00000111000001011
00010111001111010
01111001011000110
01111011000100011
00110110101000001
00010111101011001
00110011111111000
10111011100011100
11110000000011010
00101101001110001
10101100010001110
10101100111110110
11101111100010111
10000111101111011
00101011111111011
10110001110010101
11001010110101101
00000011010101101
00001011110010100
10100010011111110
01111100111010100
11100111001000000
00011011110011001
00001000111010001
00111111101100100
01111110010001011
10010100000110111
01000000010110011
11110011000011010
10000110110111101
01010100111011101
10011111101010101
01001000011110001
01000100110001000
00010000110000111
10010000110001110
00011010010101001
01010101101011101
11101010000111100
10110101110110011
11111100111110101
10111111110110111
10110001001010011
00001000010100110
01000101010111100
01000010101011110
10100001000100111
00010110000110000
01010101100010101
10000011101100000
11111100111001011
11001111110011011
10010010100011110
11110000110111010
10101001110101111
11010001100010011
01111010111001001
10000010010100010
11011111110110000
10001000110001011
00110100110110000
11100110001010101
00101100110000000
11011011010001101
11100011010111111
01011101001111010
00000101100100011
11001110010101111
01100110010100001
10001010111001101
01011101111011101
11110000110000100
00011001110101100
10001100101011010
00110011001000011
10101110101011101
11101100111100100
00110100000001001
11010110010101101
11011011001011110
00101010001000011
11011001000100011
01001100010100011
10101011101000011
00100011000010101
01011111110001110
11011011011101010
01001010001100110
10000011111111001
10111111101000100
10100001010001110
10001100011111110
10000110000110111
11010101000111111
00110101000011001
11000001010010011
11101000000000001
11111011101011000
11101100100111011
10101000100000100
01101000100001000
11101100000101011
01110001101111101
11101010001001100
00011111101000011
10100101000100010
10101010100110101
11001000001100111
11110001000011100
00110000101011000
01101110100010011
01011110011011010
01100001111010100
01111001000100101
11111001111001111
11101100001010111
10111010010001001
10101001000000111
01100110101001100
01011110100010011
01010010100100101
01110100110101110
01100000000011111
00000001111001111
11111111111110011
01110101001111011
10001110101110010
10100010000111001
11101100101101111
11001100101000001
00011101000111100
10011110010111000
01110001001001001
00001101011000110
01010111001001000
01011101001001101
01000011111001111
01110101111011010
00000001111101011
01011000110101011
10110101001110011
00101100010110101
10010111011001100
00010010001100100
11010100111111100
10111011010110010
00011011001110001
00111111101011111
00010110100110010
11000110000011100
00011100010010101
10010110010000011
10000101001011111
00101001110110001
00000001101100100
10110100101101110
10100110111011110
01011000100010001
10100001011110100
01111111000111100
01101100011000001
01101000101001111
11000010011011110
11110100100010101
00010110101100011
01111000100101010
00001011000110000
00110001010010100
00000001111011011
00110110110010100
11111010000000011
00100010000101111
11110101010111110
11001001111011100
01111001111000110
01000011010000000
11000001101101000
11101110111101111
10001000111001100
01011100100101010
01011101010110101
11001011111010001
10100111010011001
00101100100001111
01100000100100101
00111100010100110
00110011001111011
10110100001011101
01011110010001001
11001100110000001
00100010111101111
00100010000011100
10011001011001000
00010011010000101
00111111010001001
10111110101011101
10111001000001011
11111100101001110
00110100001101001
01110000100101111
11000110010101010
00001110010000111
10100111000011010
01110110010010111
01011111000111100
00101100011010001
00010000111100000
11000010010111000
11100001101101011
00111101010010011
01011100100011010
10001101001000100
10011000000100110
01101010100001001
01100011110010110
10001101100011000
00111010000001110
11001010101111010
10110110011111010
11000010000001100
00111010011101111
11110100101100100
11101010000010010
11111101011100001
01010111011010110
10111001000000000
11110000101101100
11100100111011000
00111110101011100
10010101010101001
10010101100000101
11000101111010011
11111100011010001
00100111011001001
10100101111111000
00011010011010110
00001100111100011
00011111101100110
10101001111000100
10011010111110110
01001011110111111
10011000011111100
00111101011111101
00011110000001110
10011111111011101
01111100011010110
10110111000100001
11101001001000111
11001101011001000
11111100010111010
01011001110110101
01010011000010111
01001100101101000
11100110100111001
10011010000100101
01101000010100110
11011110101100001
10100100010000000
01110101011010100
10011110110000011
01100101001011111
01010100001101101
10010001111000000
10010001111110100
00010011010110101
00111010001011011
01011011111111010
01100110101010011
01010100100011000
11000000011100010
11000111011111111
00010001110100011
01111100010010010
11111111000100010
00110000111111011
00111001011010111
00101000000111111
00010000011100110
01100011010000010
00110100110100001
11010100000000001
01000100100111010
00111101001001000
10010010101001110
01101000101010000
10101011010000101
00101100001111010
01011111010010011
10011111001010110
01111010001011111
00111111111001111
00001011001001110
11101100111100111
10111101000011111
01100110111111110
01100010011111110
00110001100101010
11010000000001101
10111011011010000
10011100101000100
11010001010101000
01101000001001111
01100011110111001
11111010000110101
00101111110110000
10000101110010010
11101001111100111
11111010000111110
01001111011010011
10010110110101000
11001101100111110
10101001001110101
11101011111011100
11110011100110000
10010101010111101
10001100100010000
11011010100001000
10100001101001000
11110110101101000
10011010101100110
10111101110010101
01101001101101100
00101010100000111
00000001010110000
11100110010100000
00011000010111101
01011011000100010
10011101111000011
10100110010110100
01000111000101000
01110010100011111
01001000110001011
11111011111001000
11100110100110100
11001010111110101
11101100001100100
01010011001100011
11100011001001111
01001101110010011
10110010101011000
00110011000010101
00111111111000111
11000001011110100
00000010111001100
11000001100101011
10001000101111101
11100010001111001
11100000001000101
11000100001011011
11011100110010101
11011000111111000
11011101111011001
00100100101001101
11110010010010011
11010000001011000
10101011101111111
11011111111000110
00111001110010000
00000101101101010
10100000011011110
00011111011010111
11001100111011000
00001001111010110
10010100101100010
01001011110011101
11001111000111010
11101111000010100
11101011110011110
11010100110100001
00010100101111001
11101110111100001
11110101100011100
10010000001000001
10110011100100110
11101000111100001
11101101111011110
10100010001111011
00101000010010011
00101110110011111
00100010101110010
10110110000010111
00101000111011100
00001011111000100
11110000100001101
00111001010011011
11001100110110111
00100010001101110
00011000111011111
01101001101101011
10001100111111111
01011010010010000
10011011000000100
01110110010001001
01000011101010011
11001000101001111
11001111101101110
01001100110001011
10000011001110001
11000010110000111
10111110010100011
10101011011000101
10101111001110110
11001111111111110
11110011111100111
11001111010110001
11010100010001100
00100010110111011
01101010001101111
00011101101000110
11001110010000010
01110100100001011
11010111000101111
00111111011000010
10011100111101000
01111100000111001
10010010101001101
01011101101100111
00111101001100000
10000001101001011
10110110010111110
10110011111001000
00001010010100011
00010010001010110
01100101010110110
01110111111111101
11100001001101110
00100101010010011
01110010100011010
11010001111111110
00000010111110100
11110101000010011
10110111010011001
01100100111001011
01111000011011101
10111100111111100
01010100110010010
11111111101010101
10111010101001100
10011110100111000
11101001101110100
11001110110100001
00111110001001101
01101011010000001
11001101010111000
11011001000101000
01001100101100111
10001100111110001
10100110000001010
01000010110110000
01011000010110010
11010101010100011
10010000010001111
01101010010001110
01100111110001000
01011000011011001
00110000100010011
00111110101100111
01011100001111111
10110100001101011
01010100111100100
00000000001100000
01001001001000101
01101001011001110
10100111011011100
01100100010110111
11100010000101101
00111011111000101
11111111100110010
00101000111101001
00110111001110101
01110101000101001
10011110000100001
01001011100011010
11100011010000100
11001110001111011
10011001011111101
00101010000101101
00110101111101011
00101111101110101
11001111010101101
00001000011010111
10010000010010110
11000000011010010
10010000110100110
00111110110101100
01110001100001101
11000111100111001
01110100110111110
11011011010100111
00100111111110101
11110110010001000
01011100110011010
01001011111010000
01110010011110010
10101110011010101
01010000101011001
10001100101001110
00001110000000111
00100111001000010
10101100011111111
10000011110101101
00011110000001010
00010010010111001
00000000110001111
11100110001010110
11100111000111010
11001011011000111
10110011001110010
10100011010011011
11010011010111110
11111001000110010
10111111010001010
01001000000000101
10110100010001100
11111100111011011
00100000000110011
10111000111010100
10011010100011100
10001110110101101
01101100000011010
11001100110110110
10010000011001110
10001010100101001
00100000101001010
01000010011100000
11011111001110001
00010010011001110
01000111001100011
10111110101111000
00100000010010011
11010011011000111
00000010001001000
01000000001111101
00110011111110000
11110110110010001
10001111001101001
10000100110101001
11010000100111101
10100110101011100
01101000000100110
10010000101011110
00111011010001100
01011110101011110
01101011110011110
10100100100011101
01000110111011101
10011110100100111
00011101001111100
00111011111101110
00100100010000100
10010111000101100
00100001111100000
10011010101101101
01000001000011100
00001101101010110
11110101010100110
00000000101001001
00011001111100010
01001010100001111
01110001000101101
11000000100101011
01100010010011100
10011111100000001
10101110010001110
00001111101010010
10111111001111101
10101001110011110
00100011011101100
00000100000011010
01000010110011000
11101000110011100
11110001111000010
11101101111100000
11010001101001110
01000111001111110
11011100111010111
01101111110000110
00001000110010000
10110010101001110
11110001001110111
10000101100010000
11010100111010100
00110001111011010
11000011001001001
01100100011100110
00010010000000001
10010110100111111
00010000010001010
01101110111111011
00111010000001100
00101101111001110
11100001110011111
00110001010001111
11101000100011101
01100100010011101
11011001101000101
10100000000110100
00010111110100010
10101111101100000
00000110100101110
00000100000010000
11100111101001010
01100011101100100
01100100010110010
10010010110100011
00100010011000000
01100110011101110
01110100000100011
10001101010011110
11110110010011100
10110011110001101
10010101011100010
11010100101100101
11111011110100100
01101101101100101
10001010010100110
10010010010101001
11101010110101000
11011010001111000
10110100001001100
01000010100111000
01111111000001110
01011110111001111
10100011111000000
10111111011010101
10110110011110101
01100100100000001
10100011010001000
11000100111001010
01110001100000101
11010101000011110
11010011101100001
10110000010001110
01111001011101110
11100001001101110
00001011111100111
01000111111000000
10111001110100000
00011110010111010
00110010011010001
01100101001001001
10010110110110010
01000000011111101
01001100111110110
11000011011110100
00011011110011101
01100010011011000
10010011111000001
00111111111111000
00011001010111000
01001111100110100
11100110101101111
10000000011010010
00010001111101111
11101010001101101
01111101100011110
01011011100111010
10111011001010100
10111101100010111
10101011110001001
00111000111011101
00100000001101010
01011011110110000
11010111100111000
10101010110000100
00110000001010110
11000000101110011
00010001010100000
01101110010110000
10111111110100110
01011011110101111
00110010101111101
01110001001011111
00010110010001101
10010000100101001
00010011110011100
01110010111110111
00101111010011011
11000000001110011
00000101011110110
10101000101011100
00011100000011010
01111100000101110
10011100101110101
00100010111101100
10010011010000010
11101111000100001
01110101111001100
01011110001110110
11011110101011101
01011001111110101
10111001011001001
00001100111011101
10011111111001110
11000010010100010
10110000110011111
00100111011001000
10011010111100100
10010000101011100
10001110111001001
00111000011010111
11100100101101100
01001001100101000
10000111001111111
11000100111001111
01011111101010011
10000000110000001
00010010110101001
10001011101110000
00111111111000000
01001000001110111
00001100110110111
00000010001000110
10111101001011000
10100100011110001
11000010001101110
11111111000100001
00110110001101011
10110110101100100
00111101110111111
11001111000000111
01011100101100111
01101111111011100
10001100111010000
00111111110011101
10000000110001010
10000000001110101
10101110000001100
10110110000000111
00100001101011001
01011000010010111
11001110100011111
11000000111011001
11101001011111010
01111110000110001
10011110001110011
01010001100000001
01101010111011000
01101011110001111
00110000000101101
01001001011010000
10101001101111100
00010111011100001
10010000001111011
00110100010011110
01010011000010010
00011000011000110
11111011111000010
10110101111001101
00001000101011101
11011001000010001
01100101000101011
00001111111001010
01010010110010000
11000101000111111
00111110101110100
11011110110110110
11100000011100100
00010101001010100
10110111111110000
01100010000110011
11111011111101111
01110000011100100
11111100111110100
00101111101000000
01011011000001101
11111010001000110
01000111011011010
10100010100011110
10010101110110000
01111010010111111
00110010111010010
00000001101011000
11111110010000100
00010110110010101
00010011001101110
11100110110010100
01101111010100100
11101111101100011
00100011000000011
01010011110010000
11110000011011101
11011010101011011
01010111000100001
01111010000110011
10000010110100010
00001110010001100
00001100010000010
00111100001010110
01110101000111111
11010000011001111
01110110100100001
00100000111000101
10000010110111110
11101110100100100
10010011001110111
01101110111010101
01010010101001111
01100001111000101
01010001110110111
00110000011101110
10001101010100111
11110100011011111
01001100111111000
00011011101001110
10101100011100110
10110100111100001
00101110000101001
00111110111110001
10011010111100011
10011001111000110
00101100001100011
00010000100010000
01111010100100010
00111000010000011
11001011010110011
00001001100010110
10101100011111100
10001111110010001
10110110100000011
00001001001011110
10110111101011110
01100110011100100
00111100000011010
00011100001000110
10101101011110001
10110001111111001
00110110010100001
11011010101110110
10010100100110000
10001100000111000
10010101100111101
01001010100111000
11000110001100000
00110000001100010
10001111110001011
11111110101001010
01100100110110010
01000010110001111
01011010001001100
10101011000101011
01011000101110000
00011111010101011
00110010011111001
00111111011110000
00011000011000100
10011000111110100
11010010000111010
10111100100101111
01001111010001011
10100010001000101
10100000101010111
11100001011100111
01011101111100111
11001101100101001
11011110101101010
01101110001010000
00001010101110100
01111001110101010
00111101110001110
11111101000111010
01110000110001110
00001011010101010
10100100110010011
01010110011100000
01001111110110011
10011011001110111
11000011101100011
01101011000011101
00101110001010101
10101101101111001
11111101110101111
01011100111010001
11111001101110100
00100001001000111
01110010101010010
00011000010011110
10001110111011011
10111010111001001
00101100110100010
10101001010100001
11010111100000010
01001110111111011
01010001100001110
10110001000001110
10111111000011001
11101010101111111
01100101010011011
11010011010111001
10001101101110111
10111001010010011
11001101010110001
11100001100010101
10010000001010110
10111110100100011
11101110011000001
11010101000011010
01010101111110111
00010001110000010
00110101011011101
10100111110010011
11011100100011100
01100001100011100
01100010101001110
11001010100011100
00011011001111011
11001011111010000
00111100000100110
10010111110000110
01000010110000110
00101010000010110
00000101101110110
01110000101000111
01100111001010000
01100110001011001
01111001100000101
10101000011011000
00110011011100001
11100011000101100
00010101011101001
01110000011110001
01110000101010000
10111000100100110
10111110110110010
00000011111111001
11101110011011111
11011011110100111
10100010111110000
01011011111100100
11101110110011100
10111111001100011
11010111011110000
11111110010001101
00100000001110100
01001000010111111
11000100011111111
11001101001110101
00010000000111111
10110111111101101
11111011001011000
01111110100100111
11011001010101000
01001110110111111
01100001010011101
10011000111111010
11000111111110011
10101100111010110
10011001111011001
00101000011111111
01110011000101110
10000011101101101
11001111110100100
00101011110001111
00000011100011100
10010010011100000
11100111011100000
00011000111110101
00111000000111101
10101101101101010
01011011100010011
10100101001000100
10010001011010001
11100101001110100
00110011000101111
01001101101100110
01010001010001011
10110101110101101
01011011110000100
00100110110001101
01011101011100111
10111100110111010
00101010100101000
00101100001001001
01100111011111100
00011000101000100
01111111011101110
01010010010001111
01010001101101101
01101010011110010
00101010101111011
11110110110010101
00010111101100001
11000101111011000
00100100000100001
01111111011111001
11111110010111010
10011000111100000
01101111010100001
01000001111110100
11001010001110110
00101000101011100
10111001001110000
10000011111110000
11101110111101001
11001101010101011
11101010011011000
11101111100001000
11111000111000100
11100101000011010
10110011111110001
00110000100110111
11110101111111000
00011011000000000
10101110100111101
10000000011100001
10111011001101101
01001101101111101
01111010000001100
01010010001000110
01000100111101011
00110110001011110
10111000111000011
11101011000101001
01110010111000110
11001111100100000
00010110011100010
01001100010000101
00010101101101001
11011000011001001
00011010101111011
00110000010100100
11001100001001000
00000111010011011
00000110011111010
10110110011011110
10011010001111110
11111011001001000
11110011101001011
11010110100010011
01011111011111010
10010000010000001
10111011011001111
00000100110001001
00111001001001100
00110010011011011
11110011001101101
01111000001010100
10101001010100101
11000110010111110
01001000001100000
10100010000011111
01111001101111100
00010100100010100
10010011011110001
01100110011101010
00001111010000101
10000100100111110
00011011000100111
11100110100011101
10011010101011100
10101101101011111
11101110000100100
11111000000000110
00000110000101100
10111110111110110
01001011010100000
00110000010101000
01101111101001100
01000010110001110
01100110101010011
00101111010001000
00111000110101101
01110110111001101
01101001000011001
01101011001010001
01010000011111101
11000110000111011
01011101101101100
11101011001001011
11011001110100011
00100011111110110
11010110010100100
10000010111001001
00100111111011101
01101000100010111
01001100111001111
10110100110110010
11101010111010101
00011011010110111
00100000101110001
00110000001111011
01001100111111011
11010011100000010
00101010100010010
10011100100101010
00110100100010110
11100010001000101
01101110010010110
00011011100111000
10011010101001100
10000011101010111
10101001011010110
10010110111011101
11110101010101101
10111011000100001
01100011100101110
01101111101011100
10111100111101100
01100011110110110
01101110010001000
10101101000111110
01011001010010000
00110001001000111
11010111100000000
11100111110000111
10011011001010101
00101100110011110
00010110111101110
01110110110010110
01011100000000111
00100011100010100
10001001001110100
11000001010011000
10110010111010110
11011010000101001
00010001010100101
10100111111000111
01101111011011011
01100111001001000
01101000110110001
00100111011010100
00010110100101011
00101010111010110
11001000010011001
01111110100100011
01111110101010010
10110101111110101
11010000010101101
01000010111101110
00101010110101101
00100011010100111
11100100011111010
10101011110011100
01100001100011101
11111011001000001
01101111111100001
01000011011111101
11010010110100010
11000110111101100
11010001100000001
10111010010010000
10010110010110011
11100011001100011
00000110011111010
01110001101100101
10111000100100100
10110010010010000
11110001101110111
11000011110111001
10100101111010010
00010001000110100
10110111010101010
10000100011111001
11010011101100101
00001011101011010
11111111010100100
11010000010111101
00010000111100010
11110101010000110
11110000100100001
10010011100000010
10111011111001101
11110000001100000
00010111101111001
11100110101110000
11110101011000010
11100011000101011
11100001001001010
10100001111110100
01100011101001000
01110011110100110
01111110110101101
11100100000111011
10100011000001011
00000001101100110
11000110001011111
10101100010010010
11111011100111100
10010000011011110
10010110011111101
10011011111010000
00000010010001011
01010111111111000
10110111001111000
01001011101110010
10000000001011011
00000111010100100
11111000110110110
10011001001100110
10001111101100100
01110111011000101
01000111001101001
00111101000010111
11000101010101111
01100001000000001
00111101110110010
10100110000100101
10000010001101110
01100100011111110
11100101110100100
10001101000001010
01001101010111101
10110111110110100
01011111110001001
00111010001110111
10111001001100100
01101011111011011
10010111010100110
01111000101010110
11000110110110010
00000001111010111
10001011111110000
11111000100100011
10111000011001111
00000100110101000
00001100001111010
11100000110101111
11100010101101110
01001111011011001
00010110000000100
10111010100000100
01110001110010001
11111001100011110
00111000101111111
10100100011110010
11111000101111000
10110010011011010
10111000110011011
00011011011011001
10011010100110011
00110100001100100
11011010100001010
10000111000011110
10111011100011000
01000010001000111
11101000000011011
01111111001100110
10111001000010110
11111001011101111
01111010111110001
11000100100001110
10010000101010011
00011001101110010
00101011100111011
10000011100011101
10000110110000001
01101101100111011
01111110101010011
01111011001010001
01100001010000101
10010100110001010
10100001110011010
01000100100000001
01100010001111111
01111110001010100
01110001110000110
00010001100110101
01000111101101010
10011011100100011
10001100010001111
01110100011000001
10110000010111111
10110111111111010
01101101111000111
11111011110101011
01011110110100110
00000101011101011
00110101011110111
10100010110111011
01101101000010010
00000111110011100
11111011100011101
00010011000100001
01011000101101000
01110010000000000
10010110110011110
11001000111101110
01011111010001011
10010111000100000
01010001010010001
11011010110011100
01110111101010111
00000000110011000
10100000111100001
01011101011100110
01101010011001100
01010001110001111
10110110000010011
11100110110100000
01001110010110111
10111100011000001
00011101111010001
11010111111101101
11000010000010001
10011111100101100
11100111110101111
00110010100100101
10111100010010111
11000110011101000
11101110100011101
11111100100101011
10100111111001111
10100001110110101
11110100001000000
10000101000000001
01101000011001111
11010000111110010
10010100001010100
10011001010101001
10010100011000010
01011110010101100
10110110111111000
00000000101100111
01101011111110010
11101111001101100
10111011111011110
11001011111011001
11100001101001001
01101110011001111
00000110100011101
01111001100000011
00010011111101111
11101011110011101
10101100111000000
11010100000010001
10100010001011001
10001100010001111
01100000110100011
01000111010010001
11100001111000100
01001000110011101
10100001100101010
10100100011100000
00111101011001001
11101011101000111
01001110110001011
11111110101000000
00010000001011000
00100010110001010
00100010110111010
00101000001000011
01100010100100111
11111101011111100
11010111111011000
00001101100000001
10110100011001110
10001101101010111
00101111011101101
10010011110111011
11011001110101110
10111000010110101
01000110101101101
01101011100001111
10100011111010110
00010000001101011
00101100010010100
11110110110001011
00100101111011110
11110100100101010
01001011111111011
10010000111110110
00001010110001111
00110000000101111
00111010010110011
10010011101001000
10000001111011001
01010110010110101
00010011001111101
00101001111011111
10111011001011111
10001101001111000
11011011110111101
10101101001111000
10010001011000001
10010011011111000
01110010110100010
10010101000111011
11011011110010010
01011101110010001
11101000110111111
11101001111001111
01011001000100110
10001001000011001
10000111011101011
01110111110101100
01100000100011110
11000101110000001
10110100001010011
00001010100100001
11100101111101010
10100101110110101
10101000111111110
00010000010100001
00110000110100000
00110010100000111
11101000011101101
01111100011100011
00001001100011111
00001110101111100
11011100001101001
01011110010110101
10001010100110010
01010110101100101
00111101000111100
10100001110001111
10100110011111010
01111100010101001
00000100000011010
11101111101110010
10011000101100011
01111000100100001
11010001011100111
10111011011110110
11000000011010010
01100101100011001
10001001101111100
01111001110100010
10010011001110010
10111110001000100
00010100110010011
11010000000100011
01101011110101001
11110011101111000
00000111001000000
10101101001111100
11001110000100011
00010011001100110
00100100110000001
10000010000010010
11101000001000101
10101110110111010
11011011000100101
11101010000010001
00110111001001010
11001111111100000
10101100011111010
01011100100101111
10110011100000101
11101011000110010
00001101111000110
11101110000101101
10111011111011110
01000101111110001
10010010111011010
00101000100110010
10111110101001110
10110101111110000
10100010000010100
10111011001001101
11101111001111011
11110110000001111
10101111001001001
00100010001110110
10010001100011101
10011100010001010
11101110110010010
01001101111100000
01110001100001001
11000110011001000
01011001011011011
00110111001010000
10000100110011001
00001001101010000
00011111000110101
10001010001111111
10010111111010001
00011101010000001
10000100010110100
00111011001101011
10010100011101100
01111111000000110
00000100011110010
10001100010001111
00011110101010101
01101000101010111
01001010100001111
10011011000110001
00000101110100111
01010011010001011
11011000001111011
11101010000011011
11000001001001011
10000111100011110
10101111101000110
00100000001110100
00111010010011001
00110100110110111
01100111101000110
00101000001101000
11011111111011010
11010101011011010
10101110010100010
10101100010100010
11001100001011110
10101000000100110
01110101111110010
01010101000111111
00011000010011100
10001001010100110
11001011101010000
11110001001100010
01100010100000111
00110010111010001
00111110101101001
11100001000111101
00000000011001111
11000011010000101
11100111111100111
11101011001011001
11010110101011111
00011001111111001
00001010000010001
10111100000110100
11110000000010000
01110001001000000
10001111100001111
00001001111101111
01000001110100001
00100110000110010
01110111001001011
00011100100101010
00001010111100000
01011111000000000
00010110101010111
00010011101110100
11111100111000111
10110010011010111
10010001100010101
01110011101011011
10110111010011101
01001010010000000
10010000110000001
00100110001001111
11110110110111010
01010100100000100
01111111100011111
10010101100110001
11100001010011010
00100110111111011
10110000101010110
01000101010001111
00010110111101001
00011100000001100
11101100001010101
10001111100101100
10101101110000111
10000011001000111
00001100101101111
11010100010101010
01101111110011000
11011000111110011
00101010000011111
01111001011011000
11010101100001000
00001110000000100
10111011100111011
11101110010100011
01100010100101010
00110110100100010
10100100100101111
11111000000011101
00000010001100100
11110001011011011
11101110100100100
10001101111011000
00001111100111111
11010110101010111
11100010000100100
00011011000110101
11011011001000011
01011000110010000
01001011010110001
11001110011001010
01111100110110111
00010111110100000
01010101001000000
00000010001100101
01111110100000101
10010110000110011
01101001010000100
01000010101011001
10101111100011100
00110010110010110
00110000101000001
10101001010010111
10100011010111010
11110101111110001
10001100110010000
11011111110000011
00110000110101111
10111100000000000
00101101101100011
10100111101101001
10011100100000111
11101111100101110
10010101111111001
10010101101100001
00101111111111101
00010001110001010
11010101100001110
00101001001010000
01111000100010011
00001001111111010
00011010011100011
01000100001100011
10100110011100100
01101110000001100
11111011100000000
10010110010001000
01001101111101010
01110100001011111
00001110110000011
11010111011010110
00001100011101011
00110011011001010
11001110111000110
11011001110111000
11111000101000010
11000110100011010
10101010101101011
11010101010101111
11101001111011111
11111010100111011
01101000010010101
10110111001100001
00110100110110010
00000000010000101
11000111101111100
00010111101000101
10110101000000011
01101000010111101
01011111001000101
00001000001110001
11000110111100011
10011001100011001
10110011110010010
00001011100111101
01001100101000000
00001000010110110
00001100001100001
10111010011010011
11001011111100011
11101111111110011
10010110110001110
11000100010011000
11110111010110011
11011100011101010
00010110101001100
00110000101111000
10010000111110010
00100101100011101
01001000101110110
00111110000010111
10110111100000100
01100100100011100
01111110000011111
10100111111101001
10010010010110101
10011101111011011
10010011001000000
10110001100101010
11110110111100101
10100111010101011
00100001100111000
10101101111001001
10111010010010111
11001101001101110
01100011010010011
11111111000001000
01111010100100001
11001110111000000
11110111010001100
11100011111001000
11101001011011111
00010010010010101
11010010010110110
11110000111010011
11110100101100110
01001011000001000
11001001100011110
01101010110101110
10101001000101011
11101111100101111
11000010111011100
01111111011110101
01011011010001001
00001010001100000
10011010110111111
01011101101000001
01010110011110011
01000001010101010
10100010000100110
01111011001000000
10100100101000111
01111110111111111
00100011110111010
10101110111001100
01110110011001110
00011010110001010
00100110100110100
00101000101001110
10100111101011111
10100111111100111
00000101000111111
01101011100111011
00010111001001000
00101011001000010
01110110011111110
01010001000010010
11111110010011000
00011001110011100
11101110100011010
11011010101100110
10011000001101000
00101111100101010
00011011100001000
00000100010000110
11110001001100101
10111000111001101
11100001110110101
11010110101001100
11110001110001010
00101011010101101
10100100101001101
00000100111111011
00110001011111011
01010101101010000
10001001010110011
11010010000101010
01101100001110011
00001010100110111
00110000011101011
10000010010101101
11011000011001010
10110001110001011
00100101111101100
11101111011010111
11010000101110010
11001001000010001
10011010100100001
00000101011100101
10100010101101110
00100100000101101
10001101000000000
01100010000110001
11100111011110010
00000000110101011
10101100000001100
10110010111011000
10010101110110000
11100111011011011
00001111111000000
00101011110010100
00000011001011011
00010110011101111
01101110111011101
11100011011001000
11111111010011010
10001010101100011
10110010010101000
01111110000110010
00110111010110010
10100101001110000
01101000111010110
00010110000100001
10111000010000000
00000011110101110
11101110010001111
01000101111100111
10101010101010101
00101111000101000
11011111100010110
00111001111110001
11111011110111100
01010111100101010
01111110001001111
01001010100001010
11000010001101110
01110001101100111
10101010111100111
10001111101001001
10010111110101100
10100001010010111
01110101100110011
00110101001001101
00101101010010110
11010001100100100
00000010101111010
10100101100000001
10100000000000111
11001001000001000
10110101010110011
00110001111110000
10101111001010100
11010101101110011
01000011100101100
10010100101011111
11101100010110111
00011011100000111
11011101001001100
11001101000100110
10010111010011101
00000101000110001
11101111110010111
10011101011001011
10000010010101111
10111111110001000
10000101001010001
10010100011001110
11001100110010001
00001100010110101
00111000011010100
00001111100100001
10111101101001011
01011010101001001
11011000101001101
01000101001111010
01010101011011100
10001001101100001
11011100110001011
10101101010011000
01100101110001111
10001101111100110
10101001001001011
11001011110111001
11100110110111110
11111010100000101
01101000101000010
11000111110000010
00100000111000110
10010101100100000
10100000000100100
00100011100101001
01001100001010111
10011001101111100
00111010101000101
01111001011100001
00011010111000111
00010101000011110
01110110100000101
11001101010111101
11100000001001101
00011000000001111
11010000010101111
10111011000011001
01000110111101110
11000111011100000
01101110000110010
10100000100011110
10011001011101011
00001101000001100
01011001011100100
00101010100110011
01011010011111001
10010101000001011
00000000110101000
01010011101110101
00110010001100000
10101111100101011
11001000111010111
10001011110101011
01111001100101111
00001110110111001
00110111010101111
10110101000001001
01110011101001110
11110100101010111
11110101111000000
00000000000111000
10110100001111101
00010111010000010
11010011100011101
10000011110001100
00001111110000100
10110111100001110
10100100010100111
00000000011100111
10111111101001000
11101010111010010
10000101010110011
10101100011101000
10000110010010001
01001110000101010
00001010000101000
01101011110000001
01111001000010001
11001010110100010
00011011100101111
10111011011001000
11011100001010101
10011110001110111
00010001010100101
11000000100000011
11111001000000111
11001101010001101
01010100011101010
10011010010110001
00101100110101100
00000111011001001
00100100010100100
01011100110110111
10110001111111100
10010110110011011
10100000101011000
11010011011110011
00101110111011010
01001000100110010
11100001111011000
11010001111101100
01100111010111010
10101000010010000
11101000101011010
11110111001010100
01110100100101011
01110001000100000
00111001011110001
01011111101010100
01011000110100110
00101011111000001
01100100010011010
00111101100110101
01011111010111111
00010101000100100
01100001111111010
00000001101000011
10011110111010000
01001111100101111
00010110101110011
10010010001011100
01110111000010110
01000010111011000
10111101011110010
01011010110000001
00110000011010101
00011011110010111
01100101011011100
11110000010010000
00111001010000001
10001110010100111
00111110111010010
11110101011101101
11011001001110010
00001111110001001
11000001111110111
11011010101100001
01100101111011000
00000111101110110
10001010111001111
11100100101001111
10001101100101010
00011000010000110
11101010100110100
11101100011110001
00111111101010011
11110011101111111
01000100001110011
00100111111001100
01110001001101010
01110100110001001
01101001101011001
01000010001101100
10011000100001111
00010010011010101
11000001011101110
11000001100001111
01010110110111000
01100110100111100
10110000010100101
01001011000000011
00100100011011100
11100010110101001
00111011001100000
01101000111011101
10100111010001010
10101111111001111
10001101011001110
11000010110110101
01011111101111010
01101000101000111
00011101100111000
01111010101100111
11011011111000000
10100011101100000
11101000111110101
00001001000111111
11101010000101001
01111001111101101
00101110111101011
11110110001101011
01011100101110011
00100000010110010
01100100010000111
00110101000110011
01000110010000001
10101111110110110
10011101010111010
00111110110000100
00111011001011010
11110010011111101
00010101110110000
01101111010110101
10001010100110101
10010011011000100
11110010111011000
01000100100110000
11110000101000110
11010100110110101
11001001110111101
10100111000011001
11001101101101101
10000010010100100
00000101111101111
00110011111001101
10110010010110011
01110100111000101
01111111001010000
00100000111011111
10010111001110111
01111100111100111
10000011100010100
00001110100100100
00010100011000111
00011011001000011
11110111110000000
11111111110000001
11100001001011001
01101000000101010
00001000001011010
10000011011001010
01101010011100101
01100011101011110
00001110010010001
10010010110011111
10000010101011000
11101010110100000
11001001111110110
10111000010111111
10010110001011111
01000001110110010
11101101001010110
11001000010100000
11011100100100100
11001010011011111
10010101111000000
00110101111001111
10110001110010001
10001011010011101
00011001101111101
01011001010011101
10101010000111111
11001000101100000
00100011011100110
01110011011010000
10110111010010111
00001010111011000
11000101001001000
10010000000111110
11010001100101100
01000100100011011
00010100001101111
00010001001010011
11101010000111110
11100011001000010
00110101000010100
11110010011000001
11011101011010100
01101001001101101
01010010100010001
00111101100000100
00001101011010011
01100011001001000
10111010001000110
00001001101001011
10000000010000101
11100111100111011
00001110100110010
01000110011111111
11000111111010001
11001100100000100
11010101110101010
00001000100011110
01010111001101111
00100111110010001
11111110011001010
11000011111000110
10010100000000001
00100011001100001
11011111100001110
01100000101011100
10100000011001110
00101100100001110
00110101111010000
10011100101111101
01001011110101111
10011001110110111
10000100101010010
11111001100001010
10110001001011110
01101101001011001
00110111001110110
10100001010101001
11100001101010011
01111110100101001
10010100011101110
10101010110101100
01100010010101100
00110110101111010
01101101011110001
11010101001010011
11010010100000010
10110100001010100
10110011011100011
00101000000100100
00001111101010100
00010011000111101
01010111011001000
10000110011110101
00111011100001111
00011010001101010
00011111111101111
11000100001001100
00111111001111110
11101100101110111
11100010111111000
01110111101000111
10011010100100110
00011101000101101
10011110100000101
00100011111010101
00100110100011101
00001111000100001
10100010000110000
11011101100100010
00000110010011100
10011001101101110
00111111011011001
10001010001110010
11111000000010101
10010011011011001
00110000111111010
00100000101011101
00000001011010011
00110111110010010
01000010111110010
00001101100000111
10001101101010000
01010100101000011
11110001110011101
01101010100100000
10010100000000110
10001100000000011
01111001011101100
00001011011010000
00100001001011010
10110001000000101
10000110101110100
00111000001110000
10101100111111000
10001010100000000
10101100100000010
10100110100000000
00010111000111001
10001111111001000
01100111110110100
10001010110001100
11011000110110100
00001010001111110
10010111111111010
11110111100001000
10101011110010011
01110100011010110
01011011111000001
00000010100100010
10111100110110011
00000111100100101
00100111101101101
11101001111101101
00110010000000001
11010010111111100
10111001101011001
00001001100111101
10100110000111100
00011010110000111
11111110111000001
11111001011001000
00010010000011000
11001000100100111
10111110011011011
10111100011111000
00010111011101001
00111001101000011
01011011111110010
11011110011101011
00110100010000101
11110100100000101
10001010101010111
00001101000101110
01110010111000010
01100101001111111
00111001101100111
01111010100110010
10001010000010100
00110101100110010
10001011011110110
00101011010111111
11100000001100100
00110011010011010
11101000101000110
00101111100100111
01101001010010101
00000010100101110
10111101101101011
10100000011110010
10010111101100111
00001101001110011
00110010011011100
11110100110111001
11010001111111011
11011010000100110
10101110101011010
01011111000000010
11000110011110010
11001000111011000
00000110110100010
01101110101010110
01001001011001011
01100011000111111
01000101001101000
10010011010000000
01010100111101111
11010101001101011
01010001100110000
11001001100110111
10110010000001101
01110010101100011
10011110111000000
01100011110010011
01100011101110110
00101110100000100
00111001101101001
11101100010110100
01010001010111110
11111000001101011
11111001100000100
00110000010111100
10110100110011110
01011001000011101
00111011111110111
10001000000001010
10000000100100111
00111110111100101
00001000111111101
10110100001000000
00010000011001001
00010010111000110
11101011101101001
11100010011001101
01000010010110000
01001010001000000
10110110101001010
01110001011111001
00011111111000100
10101100100011001
00100001000000000
01010100000110001
10100010110100100
10100011111001101
00000011011011101
11110110101100111
00001001111110101
01111100000011010
11100100110101000
10110000100101100
11111001000101110
01110110010001001
11000000000001101
11101011011111110
00001100111001111
10110110011011000
10110001010000001
00010111011111100
00111001001000101
01101010010011010
11001100111000011
10010001111111011
10001100111111101
11010010011010011
11111000111100010
10110110011101100
10001000111110010
00010100010001110
01110010011111000
01001001000001001
00100010110100011
01010101010001011
10110101110010110
00101001100000110
00000100000000010
01000110111101111
10010011110010000
01111011011101100
10011011001001111
00000011100101000
01111100111110000
11100110111001011
01001010111010010
10111110101111100
10101001011011111
11111100101000100
01001011001111001
01010100111011001
11111010101110010
10000110101001110
00010101111110101
11001011110100011
00101001001000011
10001011111011111
10001100011011111
10001100001010000
00011111100101110
11011010001101011
01111010000010000
00000011010010010
01100101011100110
10110110111000110
01011001100010100
01001011100011001
00101110000000010
01101001010100110
00010100100100001
11100000011001110
10010010101110111
00100010001110111
11010100100100010
10111011001011011
10101111000101001
01001011111001010
11000010010001011
01011011101011100
11111011010100111
01010110111001110
11000000010000010
10011010001000001
11110011011001011
01100000010101101
01001010001011010
01010100011111100
10101101100000001
00111001001100011
11101101011101110
00100010100110001
01001011111001101
11010001100010101
10001010011000110
10011000011011011
10110111101001011
11100110100001110
01110011001100001
10000100100100100
00101011100010110
00101101101110111
11111000000101100
11110110100000011
10000100010101100
10110100100110111
11111000110110111
01111111000001100
00101110011001110
10011010010011111
00110011111011010
00111011011111011
10011010011100001
01111000000000101
00011000000000010
01100100001010110
10001001011100010
10100001100110100
00001111000011011
10011101101011010
00010011111111110
11000110110011010
00000101111111011
01111110000100110
11011100111110100
00011100000010100
01011000111101000
00001010000000000
11000010100100101
11001100001110000
00010101000110011
10101010000011101
10000010000011010
00110000100100011
01000110110100110
01010100100000000
10101011000110011
11011111110001010
10100011110011100
00000111111111111
10100111010010010
11100000111001010
01111100111110111
11011110110001111
01111101101110110
01000101110010100
01100100110010000
00011011101011010
01001011110111000
01010010011110100
11010001010111101
00011000101001110
10100111010010101
10000000010010000
10100111001100110
10101110010011000
01100100111100101
11011000000101011
01000001100000001
10000110110011001
10110110111110001
11101101011010111
10101101000011110
10110111110010101
00101111010110101
11111000000000001
11011110001101110
00001010001010011
01000101010000100
11110111011001101
10000110000101000
11010101110000000
00001000101011001
00010000101010011
00101001100110010
00000110011101110
01010001100111111
00101111110101000
01000100000100101
00101100101001000
10001101001110010
11001101010011101
10110111011100111
10011101100011000
01010101111101011
00101010111010100
10101001101001001
00000111110111011
11011111010101110
10111011110001100
01001011011100000
10101011101010010
01010000110100100
10000011011001011
10011110111011100
01111101100101100
10010111010001100
01100010110000011
11001111111110100
10101101110000101
00100110110010001
01010101101011011
10110100000011110
00011110100000011
00000000110101000
10111111010101001
11110101100000001
01110100111010101
01000010111101111
00110110010000000
11001011011010101
11011100110000111
00000000101100111
10100000101100011
01111011101010101
11110011001000010
01100011000001000
11101010101000100
11110101100101100
00101010011101011
01000010110000111
11111001001110110
01101110010101110
10011100001011001
10101000000001110
01110100010110001
11001101010011101
10110001000000011
01010100010100110
10111010010001101
00111110011001011
01110110111110110
10010100111011101
11100101010011101
11011110000101100
00111000100001001
01100110011101010
11110110010001111
11010011111010001
01111000111101111
10010011110001001
00011110110110100
10110100110000000
11010100001111110
10010001010001101
00110110100111111
11110000000001010
10011111101000010
00100110101100101
11001100010001001
01001011101111110
11011010111101111
11111111000001000
01000111011000010
01010111011110000
01010101101111010
01111111000100011
00001101110101010
11011010010010110
00010111110010110
10000101000001000
01000011000110010
00101000101010001
01101101000101000
10010110001100000
11100000111010101
00010111100101000
01001011111111101
11001011101001000
01011101101010100
00110100001001011
11011000101010111
10001000111011111
11000011001111010
10001010010101100
10000011010011110
10100011000100010
10011010010111001
10110101010001111
01001101011001011
11001101001100101
00010101111111110
01001100100110000
00101000011100101
00001101010000111
01010011111001101
00011110100110001
01110111111010010
01001000011110110
01101010100010000
10110000010111001
00110111001110110
01001001000110101
11110110010010101
01010011101000101
10011000111110010
10011010001010110
01011001101000111
10100001111101001
11010000101000110
10111101010001100
00010111111000111
01000001001001010
01000111000100000
11011001101100111
11011111001011010
00000001010000011
01011011101001001
00000100011100000
00111101010111100
01010100101110111
10010100001000010
10011001010010110
01001011010000010
01000010100010100
11011101100010111
11100011101011111
10101000100111011
00000010101111010
10001010010110011
11011011111101000
10010111101100011
10110011101010100
01000001111110011
00111010100010010
10000001001000100
10110111001011100
00100010000010110
11010110110100001
10001111000101000
00101011011110111
10110100010010100
00000110010010101
10000110011111101
01110001001011001
10111101010110110
00010101101110111
11111000001100111
11111101101000010
11010100000100010
10111011101010000
00000111011011100
10011001101100100
10110001110111001
10001111110001111
00001010001001011
01111011110011100
01110100010110000
01000101101001111
00101001001101110
01110000111111100
01011101111101111
10100111110001010
11111001101011011
01001001010111100
00101001001100001
00110000011100100
10110111111110111
00011101111011000
11000000011101100
11010110111101010
00000101111011111
10111101011011010
01010101110111110
01100111110110001
00000111101001101
00010110000101100
00100000100011010
00101010011001111
00111000110101011
11001110100000010
10001111010101000
10011010000010001
10101010000000000
00110100000111111
11011001010001001
10001111000000001
01110101111000001
11100111000000101
11011001110111000
01010011001000011
00101010010000000
00101101011000110
00110110101111000
00111010110010100
10100101001010111
11011011100010010
10001100111110001
00010111010110001
10100001011011000
01001010110100110
11001000111100100
01100000011001111
11000111111100000
10101111010000010
10101101001000001
10110101101011110
10001010010001101
01111111010000100
01011111110111000
01110011110111011
11101101101111010
01010001000001001
11110110001100010
10111100111010111
10001100010000000
10011011010011011
11110110000001010
11000001101111011
10011001111111100
10001100100001101
11110101101010011
10110100000101101
01011010110001010
00111100100111101
01110001010101100
01010001111101100
10111000011001010
00010000100100010
01101110111010111
00111110111100110
01010110110100000
10100000000100000
01100010000000101
01011101001011001
11001001111001011
11110101110000010
11001001010110111
10101111011110000
11010010010010000
00111111110100011
00100111101110110
10010111101000100
11110110101001111
10001001000101100
11110111111100111
00101101110100010
01000101000110110
11011000111001101
00011101101010011
00011101111101001
00000101001011011
11011110111111110
11111011111100100
01111111100001010
11010101001000010
11110111110011001
00001110001110110
10000011001101001
00011011011111110
10111111000000100
11100101011000000
00010001000101111
01110000100100000
01000010010100111
11011011000000001
00001000010000011
10100111000010000
00111011010001101
00111110011111011
00110110010001001
00111001011111100
00110001011110100
00111000011110111
11011001011100010
11101110110100110
01010100000111100
00010110110100111
01011011100100111
00000011101001111
11001101000100000
01100010101010010
10100101111111100
10000100101110011
01000010100011111
01000101000000000
10000000001101111
00101011000110110
10100111101100101
11010000111100101
00000110000000100
11111110010101011
10111011000100000
10011101001000110
11101011100010101
00100101010000010
00100001111011010
01011101101001010
01111011001111101
11100011110011011
10100100000010111
10000111010111101
11000000010101000
01000100011000000
10100001000011101
11001011010010101
01010111001111100
10000100101101011
11001011000010111
01110101100100011
10011001110011101
01000100001111010
11100111100001101
00101110101111010
01011000110111001
10000100100110111
11001011100011101
00001000111110011
10111111010100001
11111010101100101
00000011000001111
01111001100000011
00001111000000010
00110001101101010
11000101011000100
10001000101000100
00011000010110111
00010101011010110
00011000001110101
10101111011001101
10111000110110011
10100001101011000
01000000011100000
10000000110101000
10101010111001100
00010101000101100
10011010111100111
01101001101110010
11100011000100010
01110000110101110
10100011001100101
10001000000000011
01011111110011001
10001010110011110
10110001010001010
10010101110000100
11101111001100111
01001110100110011
11111101001100011
10010011011011101
10111001110100101
10110101001010111
11011110110100000
10100111110101010
11011100111100011
00100110111111010
11000001000101000
10010110010110001
10000110101001111
11001100000000101
11000110100110000
00110011100110011
01111010111110010
11001011110000101
00001011100101001
11111010000010110
00101100101101011
01001101100101110
01110111100111101
11000000110111010
01110001101111101
11101101111010110
00111101010001010
10100001011011011
11010101110100001
10011001101011100
11111100100110011
10010000011001101
00001010100011110
10101011101001111
11100110110000101
11001010111110011
00101101101001101
10100011101000110
00111101011010001
00000001011100011
00001100101101101
01010110111000101
11100111001001100
11000111111100010
00010111100000110
01100000001011011
01011000101000100
00001001111011101
01000100001101111
00011001110111001
01110010011000001
01010000001010010
01110011100111000
10011111010011101
11110100100000010
00111000011110010
01010001101011100
11111101110011011
11111110001111010
00101011001110101
00101001100001011
10101010111010010
10100000011000110
11110000111100010
00001011010101011
01000000000001100
10111110010110100
10100101111011101
10101001100101110
00100100010100111
10001000011001010
10000111101011100
01110100101111110
01100011000111100
00100011100110010
10001001010111111
00011110011110011
01010010110111101
11111100110110001
10010000000001000
10111100010111101
11101110001000111
00100110010000001
00100001111110100
11001001111011100
00010001001101100
10001001000111011
00101000010000111
11000011110111000
11001111001001000
01010101100001010
00100000110001001
11111110001101110
00001111100000001
00111100101111010
10101110100001010
10111001110010100
00011101101100010
01110100010111101
10011110001010011
01000000100000100
10011010101111011
11011000000101001
01001010100010000
01101001001111111
00010011101000000
00101001110000000
00110000111100111
11010100111110111
10011010111011000
10010000100011111
11110011000011001
10100001000111011
11110011011001010
00000110100001010
10001111010011010
11111110000110111
01010111010110000
01011011010000010
00101110010110000
00100110011110000
01100100101000010
00011111011100011
11100100000101101
10101011101110011
00111001101101110
00001010100001001
10010110001011011
01011101110111101
00011101111001000
10000011101111001
10000000111100100
01011010100011011
11101111001110011
11111000100101100
01011111000101010
10001000000010100
10101100010010001
01011101010010100
11001001100010101
00010011110010100
00100011101111100
00011110110110110
10011101001111001
00111111010101001
11011100010100100
11110000011010100
00001101110111111
00110001000011001
10110100101001010
11100101010010101
01000100000011011
11000111000111100
00010110111011101
00011000011000011
01100101000100100
11000111111010111
00101100101011011
00101001001000000
01010000010110110
10111001000110100
11111011101010100
00101001011010111
01011011000001100
01010101111010100
00101011110011001
01111011010010111
11000001001010101
11010000111001110
00100010110111100
10000111011101110
10010111000001000
00100111100101000
00001001100100100
10101111011011100
00101001001000110
10100011101110111
10011000011000010
00000110110101111
10001100010000000
01011111111010110
00111110010101110
00100010011011001
01111101010101011
00100001001101110
00010001100110100
01101110100011011
01001101010001101
01100111010111000
00101100111010101
11110110011111010
01111001010010010
10001100011000111
00101000010101101
11100111000000000
10001110101110010
00111101000000110
11110111001111111
10110100010000001
11001111101001001
10100010011111011
00101100011011010
10011101100000000
01110011011010100
00000011111000001
01101000110100001
01110100111001010
10001100101001101
00011110010011001
11100000101011011
10000011001001111
10111111101101111
10110111000011000
11001010110100100
01110111011111010
10011100101001101
11000110001010100
10001100000000001
00000100101100000
00001001010111111
10100111100011100
11001111100111010
01001100011000000
01000001111111110
11001110101100001
10001101101101000
01100101100010100
01101111011000111
11011000011011100
11001001110011001
01000111101000010
10110010111101101
00101000001110100
00100010001000111
01111111111000010
11100010010101111
11111010110000000
01001000010100100
10100110100011100
00110111000001000
01101000100010010
00111001100010011
11110010000100000
11000110011111010
11000101101100010
00011000100100001
11111101110101110
01000101001010111
10110010101110010
11010000001010010
01111110110101111
00110100000111011
01110010110001001
00110111101011011
11010110000011100
10110100101010000
11110110011011011
11110010010000111
11100001010011110
10101001100110011
01000110001000100
00010110100001111
11000001011000001
01101111001100110
10000110111011010
11110011001110101
00001111000100100
00100011101001110
01100010111000001
11001001010110100
10011011001010011
00100000010110011
11111110000000001
00010111100011101
00111001010100001
11111011110101111
11010011010011011
10100110000000100
10000110010110010
00010100111101000
10101011011010000
01010000011001000
10010100010110000
01110111101011101
10011010000101101
00101101000000101
10010000011010000
11110010000111101
00110001001111010
11001111101101101
01110111001010011
10100010110000000
01000011111110100
11100100100101011
10001111110000101
11101001001011001
00100001100111100
10000010011101000
01110010000010101
00000110011100000
10000100000010110
01111010010010001
11000101000010001
10001000001011110
11000100000011110
00110010101101001
10000110000001110
11000000011100100
11111010010111001
10000010111011000
10100001101100100
00111001111000010
10010001001001010
01000001010010110
11101111101110010
00111010000000100
10110001000001111
00111000111110101
11110001001110000
10000010110101010
11011101000101011
10100101101001111
11000010000100001
10000011001110000
11001001011101101
01011101001010010
10100111110011111
10010010111000010
00111000001101011
00001110100110100
01000100000110101
11100101100001111
01100100001100011
11010111111000001
11111100111000111
00101110010000110
10011010001001010
11100010100010101
00011001011010101
01111100110010000
11110011111111011
01000110101010111
00111101100010010
00100011010011000
10101111001001111
11111111101011100
10101001111110011
11111000010001001
01100100010011001
10001111101111111
01011000100001010
01100011011011111
11011001010100111
10011111100000000
01010001000001010
01110100000100110
01000011010001010
11011110100101010
11110101110000011
10011111001011000
11110111010101000
00001000110000100
00111111001000011
11010101010000001
10011010101000101
01000011110011111
10100001110010010
00100000010000010
01011001010001001
00001101100111111
11001000010110001
11100110110111100
10001101001010110
11111000000111110
00101011100101101
11000110110100000
01100110011000000
10100010101100101
01101001101001100
11111110110110001
10000001101101100
01000001000010000
10100111001110001
00010111010000101
10011100001110001
01000001000111101
01101001111010100
10010011000110011
00011000010100011
10100111111001111
10101000010011001
01010110001101101
01010010111101111
00110100000101010
00110010110100000
10010111000010001
01101001100010110
10110100010111101
10010001110111100
11010000001110010
01010111101100000
11000000101100011
10011110101000000
00100001111011101
00010000100011010
00010110100011100
01010111000011000
00101101110101100
00111010101100000
01000001111111101
00100100101101011
01010000010111101
00101001001001101
01010000000011000
11001010010110001
00011010010100000
01111001011100101
10011001011011011
10111101100100000
01001011000011101
11110110110011100
11111110001001101
11101111010000100
01100110000100101
10111010000011100
10010001111010111
11011000100100111
10110000001110100
01110111001010110
10001111100100101
11101101001011010
10100100111110000
01100000000111101
11100001010101001
10000000011010011
00010111000000011
01110000110100110
01000111111110001
11000010011101101
00110110110101010
00000100001110011
00101101101100110
11001101100001001
01011101111001111
01000100110110000
11111000110111101
01101010101110001
11111110110010100
00000001010000101
00011100100110111
00010111010100100
10111110111001100
10101000000000111
11110001011001010
00000111100101100
10111101100101011
01010111001100110
00110011001101110
10001010000100100
00010010111010111
01000011000110100
11110001011101011
01010101010001001
01010001011100100
00000000110110101
11110011111111010
01000010010111100
01010101001001111
01010111100000011
10001111101010111
01101110010101001
10000111011011001
10001000010101010
01110111000001101
11100101100000111
Time = 129.771s
