n = 16, k = 4, l = 7, m = 533
Expect Resample Times = 0.408127
Result:
1010001110101000
0110011000110110
1011110100111111
0110000011111100
0101101100111101
1101101010000001
0011011111000100
1110000101111011
1111010011000110
0110010111100001
1001011111110011
1100001101001100
1001111010100011
1010011101001110
1101111100111101
1001110100101110
1000101101000011
0101101001000110
0001111011111101
0011011011111110
1111101111001010
1010101011000010
0101001011001110
1100101011100011
1010110100100111
1000011100001011
1110100110110111
0110001010101100
1111110110101010
0111101010110110
0011000101111001
0011010101011101
0001101010011001
1001100001011010
1011011011110011
1010110111101110
1111100010001100
0111000111111100
0010100101111000
1111100101100011
0110001100010101
0100000111011110
1101001010111101
0000101110101111
1111101010010010
0110011001100011
0011100010111100
0010101010111100
0111101010011111
0001110000110110
1101110011010010
1001111110110011
0110100011100100
1101011110111101
0010101101010101
0010101101110011
1001000001110110
0000110110001101
1001100001111110
0111111111011010
1000111100100010
1101101011000000
1111000100110100
1000111001101001
1001011000111100
0011100010011010
0010100010111101
1011011110010100
0111011001100010
1001111010110111
0111011010011000
0001101111010011
1110100011111010
0011111100000001
0000101101011110
1011010111110111
1101010001000111
1101000100010110
0000110010110011
1111101110100110
0110111010010100
0011010111001000
0101101011110110
1010011001001010
1101000101000101
1111000100001101
1110001100100110
0111000001011001
1010110001010110
0111000011101100
1011101111001100
0110011011010010
0010110110110011
0010110110111110
0111011110111100
1010111010001101
1011010010101001
1001011010001010
1001001011010100
1100010100110101
0011100011010001
0101110000001110
0010001110100011
1011111011011111
0010001111101000
1101100111001100
1101111001001100
0111111000101000
1011001101001101
0101000101010011
0110011010110010
0001111001101111
0011011011100011
1010001011000110
0111110101111100
0111111011011100
0001010110011110
1101011101001011
1011110011011101
0110111101101100
0110110001111001
1101001001011101
1001110001100100
1100010111110000
1010110011011010
0000100101101111
1100000011110010
0111110110001000
1111110101011001
0100100010111111
1010001111010011
1011000011001101
0100011110100011
0001011011100100
1000111010110110
1011010110111110
1101000111000110
1111001101100011
0111110111100000
1100100111001111
0111011100010110
0000001011011101
0010010101110001
0000011110001111
0010101011001100
0111110011001101
0000111100101001
0101111101111101
0001110011111001
1101100111101011
0010101111101110
0001110111001000
0110101011001001
1101111010100001
0010111111111111
1100001101101101
0110011111101100
0010110001011010
0010110101010110
0011000010101111
1110100100101000
1000000110110111
1100111111000111
0100000110111011
0101111101111100
1100011110001110
1111011101000001
1000010101111101
1000100111111011
1110001100010011
1000011110000011
1101100100001110
0111110111101010
1011011110100011
1111100001010100
0111101111001011
0101000100111100
0101001100111001
1011010111101100
1111110111000110
1100001110011001
0010110101001101
1111100111001001
0000110100111100
1100111001110011
0000100101001111
1110100000111000
1101010011001101
1110010110100001
0011001111010101
0011111100110001
1110110111010111
1111110111001110
1010111001101001
1010011001101000
0111011001111000
1000001111010011
0011010100101111
1100001110000101
0011111010110010
0101011001010101
1000100001101111
1100110000101011
0001111001010101
0101011101001011
1001100111011111
1100101010010101
1110010010101001
1000111111111101
1010100011011001
1110100100010010
0110101110111000
1111011110110100
1101001111110010
1111000010110011
1100001011111000
1110011110010001
1111011111100011
1100100110001010
1011111011101000
0011111011111010
1111100000001100
0101101101111100
0010011101101010
0011011011110011
1101010011000001
1111111010000111
1111011011011010
1011010001000011
1000110100110101
1011001011101011
0101100111000011
1101110101100000
0110111101011010
0011101110101001
1111110111110100
0011100110001010
0100010011010110
1001110111011100
0101100101100100
0111010001010101
1110000110100011
0111000101111001
1110100011111101
1101101111010001
1100011111101101
0000110110111001
1011010111000010
1101001001001110
1111010011001110
1011101000110110
0011010100100011
1011100111000000
1011011111000010
1001011111111110
1100101000110101
1101100110110100
1101011101011011
1110111010101101
1001000011110010
1001111110000110
0100101001010110
1101100111111000
1101001110010011
1110001110001111
1100110001010101
1001001011110110
1001110011001110
1001111111000001
0110001000111011
0111010101001110
0100101100010110
1011101110001110
0101111111011101
1110110111011110
1011001111010011
1100011101010010
0000010111100111
1000111110110110
0111100001101000
0001011010001101
0101110110110000
0101100000111001
0111101110110100
0111001111001010
0000101100110011
0111101010000110
0010111011010100
0100000110001111
1010110011011011
1010100010101111
1100110001000111
0011110110111100
1111100000100110
0100101101011001
1011000001000111
1111001110000000
1111111010010010
1110110111000001
1101101100001110
0011011110011111
1110101011110011
1100111101001110
0001110000101110
0110111110010111
0001110100101001
1110101110100111
1001010000101011
1110000000011111
0011110000101110
0000001111110011
0110100011011011
1010100100111111
1110101111000100
0100101110000101
1000010110111001
0101101111100100
1101000111010001
0010000100101111
1100111010010010
1000101110000111
0010111111011011
1011101010010111
0100011011010111
1011111101000100
1110110010100110
0001011001110110
0110111110101110
0110011010111100
0111100010101111
0101010100101100
1011010011011000
0001001011111101
0010110011011001
1110101110011110
1001110100010010
1011000001111010
0111001100111010
1010100001110110
1001001010111111
1110010100011100
1001110110011101
0011011110101001
1011001010011010
0110001101101110
0101011100100110
1101011101010011
1010011010000101
0111011110001101
1110110011111100
1110111001111010
0011111111011111
0011110010001110
0100100011111000
0111111101010011
0111001111010011
0000111000101011
0101100010110001
0110100001110011
1000111010100100
1110011011001101
1110001001100101
1001000011011110
0110011100010101
1011000000101111
1001100010001111
0110110111110100
0111000100010101
1100100010011101
1111111001100101
0110000101011010
1111101011000001
0010111000110111
0011101001010111
1111101011000100
1000111011000111
1110001001111111
0110011100111010
1101100010001010
1101100111011111
0111001111011010
1001100111110110
0110111111100010
0010100011101111
1000001111011011
0101101001100011
0110101011010011
1101000001001101
0011010010000111
1111111110010100
1110100100011110
1000100001011011
0101000001111101
0000011001011101
0010011101011001
0111001110100101
1110010010101001
0100110001001110
1101100001001010
1101101110100111
0101011110101111
0110101001110011
1111110101010100
1001101011111001
0010101111110000
0010000101111011
1000100101110110
0011000011101101
1001011000110010
1110011111011101
0110110011100100
0001110111101010
1011100101101001
1101011001101101
1011000111100111
0010011110110111
1100001011011010
0011111000100100
0110111001101101
1011111111000100
1110111001011000
0101100101010111
1111101101000111
1001111101110011
1000111000111110
0011010011110101
1000101111000101
1100001110011111
1010110010110110
0111111001111110
1000111011000111
1001010110001111
1110111100111101
1001111000000111
0010101011110010
1001011111111101
1100111000001111
1101001100110011
1111100111000010
1110000001001101
0001111111110000
0110100100001101
1101100101111111
0101100010011111
0101011010010100
0111000001111001
1111110001000010
1010101001110010
1010110011011001
1101110000010111
1101000011101101
1011000011011001
0110111001011100
1011110001111101
1010001101101000
1110111100000000
0100101111001000
1111110001100000
1010010010111001
0100110110010001
0111010000001011
1001100110010001
1010000011001110
1001101011011000
1111110101001000
0111110110011111
0110100101100101
0110111000111000
1010100100000111
0101110001101010
0011011010110010
0111011000000101
0110111011111110
0001101100001011
1001011110101110
0011010100111001
1000110110111011
0000101111111100
0100101101011001
0011000011110010
0110000111011001
0010011110011111
0101010011010100
0111000111111110
1100001010100011
0000010001111111
1100111001011111
1110000011110101
1011111110100111
1111010000110111
0100101110111111
0111101111111110
0110001100011011
1011010010110111
1110001010110111
0111111001010101
1111011000100100
1100111110011101
1101000101100101
1101100011010000
0011011111010001
0011110100111000
0100111100000011
1011110101110000
0110010001100101
1001100101111101
1110011000001101
0011011011101010
0111110101010100
1100100101011110
0110101010001111
0111010010001001
1110111101000010
1011110111110001
1111111110001101
1011011001000111
1001001011011011
0111110110000011
1111010011101010
0011111100001110
1011110110010111
0111110001000110
0001111110011010
0010101010110100
0011100101101011
0011111010010010
0110010001101110
1000111111011001
1000001110111110
1010011110010000
1101000111011101
0110111111001110
0110000111011110
Time = 8.048s
