n = 11, k = 2, l = 3, m = 51
Expect Resample Times = 0.55653
Result:
00000000111
00001100101
01001110001
01000001001
01001010000
01101100001
10110101011
01111110110
00110100100
01111010110
00101111010
00000001110
01100110010
10100010011
01100000101
10001110001
00101000001
01011110001
10001011000
10010110110
00011001101
00010011100
10101100101
11111000000
10101100100
11110000110
11101011010
11100000100
00010111000
01011000110
01010000010
01101100010
01010100100
10000111010
11110101111
01011010000
10001010011
01101010101
00111111011
11010110000
11111001100
10100001010
00000111101
11110011011
10011001101
00000101011
00010001101
01011110110
11011000101
01011001000
11111101000
Time = 0.002s
