n = 8, k = 2, l = 5, m = 89
Expect Resample Times = 0.445338
Result:
11101010
11000111
11101100
10111110
01110111
01110111
01010111
11010110
01111010
01101110
11011110
10011111
11110001
01111011
10101110
10011011
01111101
10111010
11111100
01111100
01110101
11010111
10110111
11011101
11011101
10001111
10111001
11100101
11110111
11110001
11011110
01111010
11110010
11100111
10111011
01111100
01011011
11011010
00111101
10100111
01011011
11111101
11100111
11101010
00111101
01101101
11101011
01110111
11111001
10110011
01101101
10011110
01110101
10100111
01111111
11000111
11111101
10011111
11101111
11010111
11110111
11110001
01111110
10011101
10110011
11011011
11110100
11111010
11010110
11111110
11100011
10110110
11111000
10011011
01010111
00111110
01010111
10010111
10111011
11011110
01110110
11101001
11100011
10111101
10111101
11100011
01001111
11100110
00111110
Time = 0.004s
