n = 17, k = 2, l = 1, m = 59
Expect Resample Times = 0.773111
Result:
00110111010110110
00100001110100001
00110010000000011
01100011100000011
00010011001100111
11001001011001101
00001100110111001
00010110111010011
10111100001001100
11010011010001010
00111111111100011
10100011011111010
01000011000010111
00110011000001011
11001110001011101
11110101111110010
00101011000110011
11100110000001010
01111010110110111
00101110110001100
10101110100000000
01100101000110111
10010000101111011
00110101101001011
10011000111010111
01010011100100100
01011100111000110
01111100010001001
01000000110001000
00111100001111001
10001011000100101
11011110110001110
01000110011111100
10111010101111000
00101110011101011
01011100100111101
00111001010110101
10111011000110001
01000000001010110
10101110101101100
11001100110101000
00011001101000100
00011000101101111
10100111100101010
01010111000110000
00110101000001100
10100100001100111
00101010100100111
11101101010110101
10000101111110110
00010100111101001
00001101111110001
10111001001110001
11110111100001000
10100011101111100
00001001010001110
00111001010000011
00111010100000111
10011001011001011
Time = 0.01s
