n = 8, k = 4, l = 2, m = 231
Expect Resample Times = 0.366038
Result:
10100101
10101111
01111101
11110000
01011100
00011000
01100100
11110011
10000101
00101110
10100011
11010101
01100100
00110010
01001101
10001111
11110111
11011110
11110011
10010110
10101010
00011010
11101001
10110111
11101011
00110010
11100111
10001111
00001011
10001011
01110111
00010111
01011100
00101110
01101001
01100111
00001001
00100110
00010101
00010110
01010100
00101011
01001101
00101110
00001001
11101101
01111100
10100011
10101110
11000000
10111011
11100011
10000011
10110100
01111111
11010101
01101111
10011101
10110010
01000001
10010101
10110000
00111101
00110001
01100011
01000111
10000011
01000011
11110100
11111011
11000101
00101000
00110011
00110110
01001010
11111111
00010010
10111100
01110001
11110011
01111000
11001110
01000110
00011001
11111100
01101001
01011100
01011110
10111010
10001110
00100001
11100001
00000011
11001110
11000111
01100111
11001111
11001100
00001011
01100010
11001001
11001111
01110000
10100001
10011111
10100100
11110101
11010000
11111110
00111010
10100000
01110101
01001110
00010101
01110000
01011000
11011101
01111011
01100101
11110100
01100000
11110100
01110110
11111001
00000011
10101111
01001101
01101110
11101010
01001110
10001111
00100001
10110001
01011110
10111000
01011001
00001110
10110101
01110111
00011100
11110110
10010110
10111100
00001001
10000001
10111101
01000111
11011110
00011011
00111100
11101100
10001110
11100111
10011100
00010011
10110011
00101110
01010110
00110101
00100011
10000100
00110011
10111010
00111000
10110011
11011011
01101110
01101111
00001001
11000011
01100110
01011010
10000101
10001000
11000101
10000110
11101000
10000101
00110111
10110010
10100100
10101010
10101010
01100000
01100101
01111001
11001000
00010001
00110010
10110100
00100101
11001100
10010011
00001001
10110000
00101011
01110011
11011011
11111110
11011010
00010110
00101101
00100110
11100001
01100001
10001100
01010010
00010110
01111100
01000010
01101100
11101100
10000110
10110100
01101000
11111100
01010100
10010110
00010011
11111111
01010001
10011101
00111001
10110011
10010011
10111100
11111101
00100111
00101101
00110101
11000010
Time = 0.011s
