n = 6, k = 4, l = 1, m = 137
Expect Resample Times = 0.365521
Result:
000101
001110
100111
001010
111010
100000
011011
100110
010100
000110
010011
110000
011000
011101
100111
001011
110011
100111
100000
101001
000110
100100
001000
100101
100011
110100
100001
010011
001011
101000
001001
000110
001000
100100
001011
110101
101011
011110
111000
111110
110011
011111
010110
011101
001111
110011
110000
111001
101110
010110
011111
000111
111001
110001
000111
101011
101101
111011
001111
001000
100000
010100
011101
111111
110001
100110
101100
000010
011001
000001
101011
000010
001000
100100
101010
101111
111000
010011
110111
010000
011010
101001
100100
101001
011010
110111
000100
101101
101011
111001
000101
101111
101100
001110
100000
010110
010110
110111
100011
100101
010101
100100
110010
010100
100101
110001
010010
100110
000110
010100
111011
110100
111010
100011
101000
000100
111110
111011
010001
110011
010111
000001
000010
110001
111001
011101
110101
010101
101010
010010
001000
011100
110000
111100
111011
010100
011000
Time = 0.001s
