n = 16, k = 1, l = 14, m = 44
Expect Resample Times = 1.46889
Result:
1111101111101111
1110111110111111
0111111011111111
1011111101111111
1101111110111111
1111101111011111
1111010111111111
1110101111111111
0111111101111111
1111011111111110
1101101111111111
1101111111111111
0111011111111111
0101111111111111
1111111001111111
1111011111111011
1111110110111111
1111011011111111
1111110111111101
1111111101101111
1111001111111111
1111101101111111
1111111011111110
1011110111111111
1011111111111011
0111011111111111
1011111111111111
1111111111101110
1110111111111011
1011111111110111
0111111111111101
1011011111111111
1111111111001111
1111111111111100
1111101110111111
1011111111011111
1111011111110111
0110111111111111
1111111111011111
1111111111110110
1011011111111111
1111111011101111
1111101111111110
1101111111111111
Time = 0.005s
