n = 8, k = 4, l = 4, m = 1079
Expect Resample Times = 0.366439
Result:
10100011
10111010
00011110
01100101
10011011
00111011
00110011
10110001
11110000
11110110
11110100
11110010
11101111
11010010
11000101
11011100
10110010
01100011
11101101
00111101
10101110
11101101
11111011
11110110
11011000
11101101
11011010
10110010
11101100
01001111
11101100
11111000
11111101
01011011
10111000
11000101
11100101
10100111
10011010
00111001
10010110
10011101
10111100
11111001
10001101
10010111
01111010
11111001
10000111
11011110
10000111
11101101
10100011
11011101
11100110
10011010
11101100
11110110
11101100
00101101
01001110
10010111
01101100
10011111
10011011
10011110
10001111
01111110
01110110
00100111
01100111
00101101
11111110
00011101
11011011
11100011
11001010
11001010
10111111
11001101
01011011
11011001
01111010
10010011
11111100
10101010
10101001
00111100
01110100
00011111
11111010
11101000
01111110
00011101
11111011
11011101
01111000
11010101
11001101
11100101
01111111
11001111
11011101
11111111
10111111
10101110
11100110
10010101
10001011
11011011
01001110
00011101
10011010
01111111
10011010
11101011
01110100
10111100
01010101
01100011
11111100
11000011
01000111
00111011
01110011
00111001
11001101
10011111
00011011
01101101
10110001
11111111
11010011
11010101
11011110
01111001
10110101
11011010
11011101
01011111
11010110
10101001
00111100
11101100
11110000
01011101
00111101
01111110
11111001
00111111
11110000
00011110
11101001
10110101
11111101
01101110
01111011
00011110
00101110
11100101
11010100
01011111
10100111
11011110
10010110
10001111
11001100
01011100
11001111
00111001
11001011
11001010
11010110
00101111
01011011
01110010
00100111
11010011
00111110
10010011
01101100
11100101
10110001
01111110
00101011
11100101
10101111
11011001
00011111
01101111
00101111
10010110
01101001
11110110
00100111
10001011
11111010
10111110
11000110
00101111
11000111
01011100
11100111
01111010
11110101
00010111
11101110
01101111
11101000
01110101
10010110
10001110
01101010
10111001
11001110
01011110
11011000
11101100
01101001
10101110
10011010
01001011
01011001
10011010
01101101
10100011
01001110
11000111
11011000
11101110
11100101
11101100
10101110
01101010
11011101
11111000
11111110
11111110
01010011
11011011
00011111
11000011
01010110
11011100
11110011
10011100
11001001
11111100
10101111
10100111
01111110
01110110
11000101
11101101
11101101
11110101
11110100
11001010
10001101
10110011
00111001
10101011
11111111
11110111
10101011
01111001
01110011
11001010
10011100
11010110
01101111
01110011
00101101
01011001
01101011
11100101
00111001
10000111
11001111
11000101
11111101
11110101
10001011
11001100
01011110
10110011
10101100
00111011
11001001
10101010
11110110
11110000
01010101
00101011
11011100
00110111
11110100
11110110
10101010
01101100
11000110
01101010
01111111
01111111
01110110
11010101
01110110
11010110
10011010
01110010
01101001
01010011
10001110
01111100
11011011
11000101
01010011
10011011
00101101
10111010
01100111
01100111
10011011
01011011
00010111
10001101
10101010
10100111
01100111
11100111
01101010
10100110
10101100
01101001
10011101
01101010
01100110
00100111
01001111
00100111
11001001
11101100
10011101
01101110
11001101
11000101
00011101
10101011
10101011
11000101
10011110
00101011
11100100
10101001
11011010
10001110
10001110
01011100
01111111
11111100
01101100
11101101
10011101
10011101
11000110
01100111
00011011
10011010
10011111
01111011
10011110
11110000
11011001
01001110
01100110
11110101
11001101
11011001
00101111
10011100
10101001
10110110
11100001
01001110
10110011
11010001
01001111
01111110
01111100
01101111
10001111
11000101
11110101
11111001
10011100
11100111
01001101
11111111
01010011
10010111
01111100
10111000
10001011
10111111
00111100
11101100
11001100
11101100
10110011
11100001
01111100
01100111
10101111
01011011
10010110
01011011
11001101
01101001
10011011
01011001
10011101
10111010
10010111
01111110
11011111
10001110
10011101
11110101
10001101
10111011
01001101
11111011
10000111
01101101
11111110
10100110
11110111
10010011
11100110
11101000
10010110
10110110
00110110
01101110
10110110
11001101
11111111
10001101
11100101
01000111
11000011
11100011
10110101
11110100
10100101
01101001
11110001
00110101
10110110
10110111
11001001
10011110
01111010
11001010
10111001
00011110
11110010
01011111
01111111
00101110
01110010
01110010
11001010
00110111
11001111
11111010
11010110
11110100
11101000
10100110
10110100
00111011
01110010
10111101
11010110
10101011
11101110
01110001
11101010
00111010
10110010
00101110
01011101
00111101
11010011
01110100
00110110
10101011
00111111
00001111
10111001
11100111
01011011
11010100
11100111
10101100
00101011
10011101
11101000
11001010
11100010
10101001
10110101
00010111
01011010
01111100
00110101
01110100
11000110
10111001
11110111
11001110
01101110
11111010
00110011
01010111
11011101
00111101
11101111
01110001
11000110
11101101
11011110
11100011
01011100
11011011
10001110
01010111
01111000
01001111
10111011
11011011
01110111
11111100
10100110
01101101
10100111
11110110
10100110
01110011
10100101
11001110
01100110
11100010
11001101
01100111
10110010
11100010
01101011
10001101
11110101
11010010
11111000
00101110
11001001
10010011
11000011
01001110
11111100
11011110
11011010
01100110
11100110
01011001
10110010
11100110
11001100
10110011
01101110
10011110
01011101
01101100
10110011
11111010
00111011
00011011
00111101
00001111
01000111
10100110
11100010
11000101
01111100
11110110
10001111
10110110
01011110
10101001
01001011
10111110
10111110
11000110
11100010
01101010
11100011
00101111
11010101
01100110
10110011
10101100
11000011
10110100
11111011
11011011
11001110
11111010
01110111
10000111
11100100
11110110
10101111
10011101
10101101
10010101
00111010
10111100
10011110
11011001
11000110
01100011
01111101
01100110
01101101
10111001
10111101
10110001
10010101
01011010
01111011
11110110
10100110
11101000
00101111
11011111
01111111
11001101
01011111
01101101
10001011
11110111
11100100
01011001
01111100
11100010
11011111
10010011
00010111
11001010
01010111
11110000
01010101
11011010
00111011
10111010
10011110
10011010
11111110
01010101
00110111
10010111
01110111
11000011
10110010
11110001
10111010
01001110
00111110
11010101
10101010
11100010
01111010
10111100
10101010
11110001
11111000
01110100
01010011
10010011
01111001
11110010
10110010
11100100
10110111
11110001
10100011
10010101
11010001
11111001
11111111
10100110
01001011
11000111
11001100
11101001
01010101
01101011
11111001
01010011
00110011
11010001
01011001
11111100
01011101
11101000
11000011
10100011
00111010
10100111
11011100
10110110
00011110
10111010
01011010
01000111
11110011
10111000
11110001
11101101
11000011
11001110
10011100
01010110
10001011
10110110
11101000
10110001
11100010
01011111
01101010
10101011
01011110
01111100
00110111
11110111
10101111
00011111
01000111
10111001
11110101
11101010
11100100
10111000
10110011
11000011
11111111
11011001
10111010
01011001
01010011
11001110
11100010
10100011
10111001
01110100
10011001
10111010
00011110
11011000
10111000
10011011
11001010
01001111
11001110
11111010
10001101
11011100
10101110
01010111
11111000
11110000
10110001
11101011
11011001
01111011
11011111
01110100
01001101
11111010
11010110
11101101
11011110
01000111
11000101
11101100
11101100
10010101
10101010
10110101
01111000
10001101
11101100
11011111
01110011
01110001
11010011
01101111
01111001
10011001
10101010
01111000
11001111
00010111
01011111
00011101
00111011
01010111
01110010
00011011
01010101
11010100
11111001
10111010
11101011
10001110
10111111
10100011
00010111
10011100
10110011
10111100
01011100
11001001
11011111
01001111
10111000
11111100
11111011
01010011
00101110
11001101
00101011
00101011
00111100
10001011
11111111
01111110
01100011
01111011
01011110
10011101
01110001
11001110
01110011
11110010
11001001
11101001
10110111
00110110
10010110
10001111
00100111
00111010
01110110
01101101
10111001
01011110
11111111
10101011
11111011
10101010
00010111
11011111
11101111
11111101
10010101
11001001
00110111
11110100
11111001
10110001
10111111
00010111
10111000
10001011
11010111
10110011
10101110
10111110
10010111
10010101
00011111
11110110
01001011
00101110
01101111
10111010
10110001
01110101
01111010
11100010
01010110
11110000
01001111
10110011
10000111
00101111
00111001
11001011
11010110
11010111
10100101
11111011
10111100
10001011
00100111
11010001
10011110
10100101
11011010
00111101
01101111
10110010
00101111
01010111
10001110
11011110
10110010
01011101
00011111
01101010
11110010
11101100
00011110
10111001
10010101
01111011
11010110
00111110
11011100
11101000
01101010
01101011
00011111
10111000
11101000
01110010
01011101
10000111
00110110
11101101
10011111
11101000
11101100
11101110
11101010
01100101
11111000
11000011
01010111
01010110
11101001
11111110
01010011
11101110
00111101
11100011
01110100
10100101
11100100
11111110
10111101
11111100
10100110
10011010
10111011
01110110
10101001
10100011
11110000
10010111
10010110
01111110
01101101
10001101
01011111
11000101
10101110
01101111
01111001
11100011
00011111
01111000
11011000
11101100
01001101
01111100
11100011
10001110
11101101
11001111
11110001
11000011
10000111
01110110
01101100
11010111
10001110
10111110
11111101
11110111
10010101
11110101
01011101
00010111
11101011
11101000
00010111
10001011
01101001
10110110
01101111
01011001
10101110
11000011
11000011
10100011
00011101
10011110
01111011
00101101
10001110
10101101
10100110
11001100
10001011
11101001
00111011
11011101
01110111
01110101
11100101
01101011
10010111
11111110
00101101
11010101
01101010
10000111
01111010
11001111
11000111
11001100
11010010
11101001
11101101
11010011
11001101
11001101
01110010
10101110
11011110
11110101
11101111
10100110
00011101
11110110
01111011
11111000
01001101
10011010
11110001
11011000
11110101
10111000
11001011
10101011
00011111
01101101
11001100
Time = 0.007s
