n = 7, k = 3, l = 2, m = 99
Expect Resample Times = 0.365665
Result:
1011111
1011111
1010100
0000111
0010010
1101111
1010111
1110101
0001111
1100110
0101011
1110110
1100110
0011010
1110000
0110110
1100000
0110101
0111001
0101111
0011100
0011111
1100101
1010011
0011101
1100010
1010101
1011000
1001011
0010110
1111010
1001101
0100001
0001001
1010011
1111101
0110100
0011110
1010100
1011110
0111101
1011001
1110111
1000100
0001011
0011000
0111101
1100011
1101100
0011001
0101000
0101011
1100010
1000110
0100010
1110010
0111011
0100111
0001010
0111001
1110010
1110100
1001010
0111011
1101111
0100001
1100100
1100111
1111010
1001010
0011111
0010001
1010110
1000111
0101100
1111111
0010100
0111001
1001101
1111111
0001111
1101001
1110010
0011000
1001101
1010011
1011001
1010111
1101011
1011000
1101100
1000100
1100011
1011110
0101101
0000110
0000101
1110001
1110101
Time = 0.001s
