n = 15, k = 4, l = 6, m = 454
Expect Resample Times = 0.400707
Result:
101111100100001
111101001100001
110011101010000
010001110001001
101111010000111
101011010011000
010110010111011
110101111000011
111110011000101
011110001110101
000110010011101
010110011110110
100100110111100
100111001111100
111010001001110
011101000101101
111010010101101
001010100110101
011001011101110
100101111111100
001011010100001
001001011101001
010111101110101
101000111010011
011101000011011
010010001001101
010110011010111
111011000101001
001111111100111
011100110001010
100110011010001
110010010011001
101100000111010
011111010101000
100001101110000
001100001010110
001011000100101
011101011011101
100111110011101
000110100100110
011010100101011
010111100110001
101011110000110
111111011010001
011000010011010
111010110111011
101010111110101
100111001001101
000001110011110
110100011110100
011111011001010
001011010111001
000110010001011
101111110001110
011100010010010
011011111001111
001000110011111
110111010010000
010110111101110
000000111110111
111001001100011
110110110011001
101011010010111
110011011110001
010100010111000
110110111111000
011001101011011
000111000110010
011111110011000
101010100111101
111110101111110
110101111011100
001011100000011
100001001111101
001111101010110
001011111110001
100100001010101
001111001011011
011010111000000
100011010110011
101100101010011
111010111100100
110110010001111
100101111101011
111101110001001
100001110110001
011001101001001
000110110100111
011101000011011
001001010111000
000100111000110
110000011011000
001001101010101
110100011111100
011100101011110
010101000010110
110111010010111
000111110010111
101000010100111
111001000111111
110110100111011
000001011110001
111111110101001
101101101111111
011111011000001
001100010110101
001100010010011
111001100011001
111000011101010
101110000101101
011100011110000
110000010011101
001000010111011
011101110000010
111100100010100
101110010010000
011101101000101
110110110111110
011101101100001
100100101011011
000000101111011
010110010100111
111111110001010
010100100011101
010111001110100
010001010110101
110001011110001
011101100010001
101010111101001
011100100010010
111110110000011
001010110000101
101011010111000
011100111011000
001101110111001
000011000110110
001111001001101
110011001100101
111011000001010
101000100011111
110010100010101
000111111010100
100110001000110
101001000010111
011010010100001
100011001001010
111100111001100
101011000010011
001111011111111
100100100100101
111100001111101
110010010101011
100101001010010
100010001101100
001010010101111
011110101010010
110010010011101
100000110001110
101010110000101
010101000011100
111001110000001
010110110001100
011111110110100
001000010111011
000000110011111
100000111100011
010111101011000
011010011010101
011111111001010
111111001000110
000111100000011
110100011100110
110111100101110
111110011101001
111001101110101
110000100100101
100100100101010
110000100111001
001100110001011
011110010100010
111010100011010
110101010101001
111101001000111
011000000101111
110010110000010
010101111110111
100011001111011
010000111101000
100101011001000
011001100011100
111111010000010
111000001101010
101010011011001
010010111100011
111011111111110
100100101101001
110011111001010
110011011001011
010101001101000
111111101111110
111001111000101
110011011111101
110100001100100
110010001011001
011010111110010
101001001111001
010010011111100
011101110111001
110000111010101
011100100011111
010011001110010
010111100000110
011110110100110
001010110001100
100011001101001
101100010101111
110101100010001
110011111110011
001000101101101
110001010010110
110110101010100
110011111000101
111000111100011
001100101100110
011011101110100
101001001101010
010111010001000
111001001110001
011110000011111
001100010011111
001001001101010
100101100110111
111010010011011
000110001101100
110110110000100
000011111101110
001111101111100
011111011000101
100101001110100
101111011110011
110011110111001
000001110010110
110011110001111
000101001000111
010010100111000
100100011111011
001101011010110
110001101100001
010010101101110
110011000111000
010010110110110
001001110110111
001101110111100
011110110101001
001111000010110
001011001001110
100001001110010
011011000110101
001110010001110
111011101001101
000011010110010
111010100101111
011111000010101
010110001101011
100111011110011
100100111110001
100111011110101
100010001000111
101010101111100
010110110111101
011100111000010
010010011011100
001010101001010
001110000010101
010001011011101
101011010011110
010011101101100
111001100001100
001011011000110
110100010111110
011110000000110
101101101010011
010000110100101
001111000101110
111110001001110
101010101100100
011100001101011
101111101000111
110011010011100
101110000110111
100111000011110
100110000001110
110011100110101
111000001110010
000100011011001
010101100100011
100111010010101
101001101110011
001010001101110
100101101111011
101110101110011
100111101001011
100011001111100
100001011100010
110101010111101
001001110011100
110000011010110
111101001001010
100000111101111
001000110110010
110010100110000
000111011010100
111101111111000
110101000110011
001001101010001
100111011100010
110101101000011
000111010011111
110111000111010
100101011101001
011101111011011
011010100100101
101011000011110
111111010101011
010110101000110
000100101100111
111111010110001
100100101101011
010110111001010
110010111000000
001000111010100
110001001101100
010101101110001
000011110111111
010010110100011
011100011110111
110110001001010
111100111011011
101001100001111
000101011110101
101000100110001
110011000001111
001111110110101
111010011100010
110001111011110
011100110010101
010100111111011
010111101100111
110011111100001
001010011110101
011011001110001
111001010011010
010111010011010
110111111110010
001110101011001
011000111100111
000010101001111
111010111001000
001010010110011
110101000011001
110000110011101
101100010010110
001100010011101
110101110100111
110000011101100
110110000000111
100011011101111
000111011011110
001000111110101
111011111011000
011110100100111
001010110000011
011011011010110
001111111000001
010001001111110
011011011101111
011110111101001
110110000100110
111010000100010
101011001010111
101001111000110
111111010010010
111001101011110
100011000100111
100100011100010
000011101111011
010100100001101
000111111000011
101010110110111
111111100001000
110001010010100
101111110001010
011010001011100
101010011011100
010101000100101
001010000110111
111000100011101
011001001001110
111011100000010
010110110010000
110001111010010
100000100110011
001110100111011
101111001101001
010100111111111
110001011111010
011001011110101
010100110111110
011001011111001
111001010111111
101011000110001
111111110011101
000010101010011
101101101010111
010110010100100
101010001111001
001101000100111
100000111001101
011101000111011
111011101110010
010011111110001
100101001110110
000000111111110
101001001101001
001100001111111
101100001110000
001010011111001
110100011110010
100111111001101
011111001111111
011000011010010
101111111101111
011010001001001
001100101101110
011100011000100
010110100111010
011101001100110
000101001011101
110100001110001
001001011110111
110000111011011
000011110101100
111000001100001
101010011110011
101001000011110
000000010110111
111111111000100
000110101111000
010101111110000
011000101010001
101101010011010
010001110110110
011010110011101
011001001101000
Time = 0.146s
