n = 14, k = 6, l = 3, m = 1499
Expect Resample Times = 0.366189
Result:
10011001111010
01111001001001
01100111101101
00000111001000
11010100010101
11000110101010
00010100001011
00110000110001
01101100001111
01101101000000
01001101011010
00000110010001
00011000000100
10000110001011
11001101101110
11000110001110
01010011011101
00111010100100
10111000110101
10011000011011
01001111110001
00000001011000
11010001001010
10101100001111
01001000110001
01111000100101
10000000000101
01100011101001
11000000111010
10001111001011
01111110001100
01110001010011
11011011000110
11110011100011
11101011111100
10010001011000
01110100011010
00101101011100
10100100011110
10101010111101
10111010100110
01011100010111
01001000000101
00111011011010
00110000111111
10111110010010
10111000011000
00001100110011
00110110011100
01011000011010
00001000100010
01011001011110
00111010000001
00000000010011
01110111011110
01000000010101
01111010111001
01110111100000
01001001010001
10010111010001
10101010111001
10000011100101
10001011100110
01100000110001
01101101000011
01110110011110
10101000101101
00100111000000
01011110010000
00001100110010
11001011101100
11111110110111
01100011001000
01001100011110
10000001011100
10010011111000
10011110001000
11110100110101
01010001100111
00000101110010
01010000110111
11111110011101
11001001010101
01011100101011
11001000011110
11011001101110
10100100011100
11011011101101
00100000101100
10000111000100
10011011000110
01001111011011
00000001111011
00100111001100
01101110101111
10111100110001
00101000101110
00010111010000
00111010110011
00011011111100
01111101010101
00101111101101
01000000011100
00101010010010
00111000010111
01000010001111
11011110001010
00111101011100
10111010111111
00000110110101
10000110000010
01100000110001
10110110110000
01001110110111
01000110010111
11111011000101
10101111001111
01010100001101
10011000011000
10011001011110
11011100100110
00000110111010
01001111010101
00100101001110
11100010010001
11001100100001
00111011110100
11011000111110
11000101110101
10010100001110
11100000100001
11011111001100
11111000010001
10011000111011
01100001100000
11100010011011
11111111010001
11110100110000
01111101111100
00001001111111
00110101110100
10000000010010
11111010000111
10111011001011
00000011001001
11010000101010
01101000011010
01010101111100
11110101111000
01001111010011
00010100110000
10011111110100
01101110100001
10101011011000
01101000010100
10101100000011
00000010001101
11111111100111
11001111111100
01100110011110
01000011001010
01000111000111
00110001001001
00101111110110
11011001101110
00011110001111
00101000110101
00001011010100
00001101111001
01010111111100
00010010111001
10000001100110
00100110101100
11110000100101
00101001100000
01011000000000
11000001100011
10011000111010
01110000001010
01001010011001
11010101111110
11011100001101
00010101100111
00100000110110
01100010010111
10100111000111
10001010000101
01010111100111
10110111110101
00010111011111
01000011110100
11011111000110
11011101100010
11010010110100
01011011101111
11010011110010
11111100110010
00100110001101
11000101101001
11010001111001
10011101001110
01000001001001
01110100111010
01011100001011
01111110010101
00110111111001
10111101101110
01001010010010
10101110111011
00101011010100
11000111010001
11110110111100
01110011111011
10011001110001
10001111110001
11100011100101
00011101001110
11100110001111
00010111101010
00100010101001
01010100101010
11001000010000
10111011111100
01011111000001
00101000111011
10000010011100
00101111111101
11111101110111
01011101100110
10111101101110
11000010000011
01001001000100
11111010000111
11100110001011
01110111011001
00100001001100
00011111100101
11011100111011
00010100101010
00000101110011
10101010000000
00111101010001
00110000111111
10010000011111
10110010011000
00010101100111
11111001100111
10011111000110
00000010110011
11000111000100
01111011011110
10011100010000
00011111111000
00110010100100
00000101100101
11001111000110
10000101100001
01111011001010
11101100000111
01100101011011
01000100101000
11101101010010
10010010001010
10111100111111
10100001101001
01101100111100
01011101001010
10000110011100
10010000101001
10100111111011
01011011010110
10110100101110
10001110110000
00111110001000
01101011110010
01100011101001
10000111110111
11111101011000
11101100010110
00111011010111
00100101110111
01010100110110
11111101110111
11010011100111
10110110101001
10010011100011
11011101001111
00001000111101
01001010101110
01011010100011
11010100000111
01110111010111
10100111011010
01011001101100
11110000100010
11101000000110
00100110100011
11011010001100
10000101010110
11001010010001
10001101101000
01011000010101
01011100011101
00011100111111
01011111101000
00101000101100
01110001101110
00010010100011
00011010100111
11101101100101
01100001011110
11101011011001
01100111000100
11000010010001
10111100101110
01001100010100
10001111000100
11010011001110
00101101000101
10111011010110
00001101000001
10000010001000
00110111101111
10101001110011
01000001010101
01001110101000
10111001110100
11010100011111
01001000101101
01111010110000
00111100001110
10011100101111
11010000110111
01110111100001
01010100001101
01011110010111
11101101100011
10111100100111
10101111001100
10111011001101
11010101010011
00010011001011
11000100010111
10100110010100
11111011010011
10000111010011
00111111010101
10000001000100
10011111011001
01001101000100
01001110101100
00011011101010
11110111100110
10101111101000
10111111000011
00011011010111
11010111000001
01011001101111
01010101001110
01010010101111
00110100000110
10001000110011
10000100010010
10110000111000
00000101111010
00001000001110
11111110011001
10110000001011
01001101010000
11011001101110
01101110101001
10111010010000
11101000000100
11101111011010
10100000101010
10000100001100
10000110100010
11110100001010
00000000101001
11011110010111
00000111110001
11001100101010
01010011011100
01000001001000
01110001001110
01111011111100
11111010000101
01010101000111
01010111000100
01011000001101
00100000110011
11110100110001
00110111010100
01110110011010
11101101000101
11010010000111
00101100100111
11001100111111
10001100010110
10001011010011
01010101111010
11000110001101
10111111101011
01000110010110
10110101100001
01011001111110
01001111100100
01000101011101
11100011010110
00110001101101
01111000100010
10111111001000
01111010111111
00011011110100
00101011100011
11111101111110
10110011000111
11110100110111
01011010011101
10111011100010
00101010111111
01001110001000
11101110110000
10111010101100
11110000101100
10001111100100
01000010010100
01010111100011
00100101101001
00111001010001
01111011100100
01100010010010
10000111111001
00101110100110
11010011001000
11000110001010
01100010111011
11000101101011
01010101100100
11100010101100
10011011000100
00011011010111
11000101110010
01001101101110
10000010010110
01001000100101
00110110110010
11000100111101
00111011010101
01100100101110
11110100110000
10001100011000
01010111000011
00010001001100
10001000101010
11100010100110
11110001101011
10111101001100
10011011101000
10110001011110
00000111100001
10011100001010
11010001001001
00010010101001
10001100100000
10011010100001
11000101001000
00011011110011
11011001010111
00001011011111
01010010011001
00111100010010
00000101111111
00000001011100
10101010001011
00001011101100
11001101101001
11101100111110
01011100110101
11010111101010
11100100010111
10010000001111
01001100000100
01101101100110
11111001010000
00111110101110
00001001001010
11000111110110
01000000110011
10011010101100
10011010001100
10001011010100
11000101001000
10011110100000
11111101010001
01100100101111
01101011111111
10001000100110
01110010110111
11101000001000
10111111001000
11000001100001
10001100101101
11010100100101
00010110001100
11101110110111
11101011101001
01101100001100
00100111111000
10101000101000
00011101011000
10100011000110
10100010000011
11010010010101
00101111111010
10001011110001
01011101101100
00100111000110
00111101011010
00000011110110
10101101110000
10000011011001
11100100110010
01100000001001
10011000000110
11101111000000
10100001101100
10001001100111
10000011011011
10110101100001
10011111010000
00101101101101
00111011001001
00110101011011
00011001100110
11111001010101
01100111111011
00010001011001
01011010011111
10000011010101
11101000101000
00010111111101
00000110110111
11100110111110
10111101101011
11011110100111
10000100110000
10101111001111
11101110011010
10100100001101
10101011110100
11111110000111
01111011101111
11010000111101
11000110100000
11111011111111
01100010001001
10001101001100
11010011000110
11010000110010
10010000011110
11111000010010
01110001010100
00100000110001
00101100010110
11110010011000
00110100111100
11001000101110
01100010001011
11101110001101
00101001001111
10101111001111
10001001010001
10001001101100
10000110111000
00001000101100
11000011100100
01001101110110
00110101011100
11000110101101
01100101111100
00000100001111
10011110111011
00011001010010
00000010111011
01001100010100
10100011110100
11000001001011
10110010011011
11001010111101
00001101011101
00101110110010
11011101110001
01001011000011
00001001000001
00001010100100
01011110100001
10100111010100
11011111110010
10000011110000
00010101100001
11111011001101
11001101100111
00010100100010
11000001011010
11101001011111
11111000001001
01011110101010
01000111110010
11100011111110
00011000001101
00111100010110
01111000100000
01001111111001
11101100000001
01010000010000
10010111010100
10000111101111
01110101011000
00001111101100
10011101001110
00111010000010
10001111101000
10100100100100
00001100111101
00100100000111
01110100111001
01111111001101
01111011011111
10000000011111
11111010010110
00000110100001
10111110101100
11100011011010
10101001111001
11010010111111
11010110001110
11001000110000
01111001010011
10011001001000
01110011001011
10101111100111
01100100001011
10101010011010
11001100011001
00100000111011
11101110011011
01101110000000
11000101010100
10100100010010
11010010011000
01111100111110
11100110010101
01111010110101
00111100110011
11111101010000
11010010101100
01100110000001
10111010101001
01010010000001
10110010010100
00001101111000
10101000011100
11111110000011
01000010100011
00100000010001
01010010000000
10111111100010
01001111011100
01111101010110
11011100010101
11101110110111
11001111111100
10011001100100
01110100001100
10110100000110
00101101010011
10111111100111
01110011000010
10111001100011
00110111011101
01001011011000
10111110010000
10101001010111
00001100000111
11101000111101
01101010101001
10101101110011
10101100001101
10111000000010
10100110101010
00111111100001
00111000011010
10011000001101
00011100111110
10000100101110
01010100000111
10110111111111
11000000011010
10000101000000
10000100101101
10011010101100
01111100111100
01110010011101
10011011110110
10001011000110
00001001100011
11000010001000
01001010110010
10111101011111
11011011001111
00110100011111
01111001010100
11001110010111
10110010000010
01111001110001
00110001110101
10110001000111
10011100101101
01000111011101
01001001101100
10100011111001
10011010010000
00100110001001
00100001001001
01101101101101
11100010111000
10111111100000
00110110100010
10101011111110
10101101100100
01001001010000
10000011101100
10100110000000
10001001011101
11000011000001
01001011011110
00001000011111
10001100000110
10010101111011
00001100001111
00010100011101
00011101101000
00011100000010
00100101100100
00101100010000
00000110010111
00110001001010
00001010001100
10011100110010
00111110101110
00100101011011
10111011101011
00110010110010
11011011100001
10111110100100
01110101100000
10010001100001
11000110011010
00111110101000
01010001000111
10011001011000
11100001001111
01011100110000
01000100000110
10000010011111
00111101000000
00101110000111
01011001011010
01000011010110
11110100000101
11000110100011
01111100001010
11000011000110
00100000010011
01100010100011
10100110101001
01010111001011
00010100101111
01111001110001
10000100001010
00000001110011
11101110010000
11000101000010
10111011011010
00111101001101
11100111101110
00111011001010
11111010111010
00011101100001
00011100100010
10101111011110
11011010110100
10001000101100
01000111101011
01000100111001
00000100101001
11111001100000
11111011001010
01100111000111
00001010111110
11010101010010
00000010100100
11001110101110
01001010000111
00011001100000
10010001110111
11000111111010
11111111111000
11010011001001
11100010100011
00011111000000
01011111101110
11011110101111
10101001111111
01001101000111
11100111100111
00010110111100
00110011010110
00111110000110
00011000011110
10101011011101
00101100110111
11001111001100
00110100100110
01010110010110
01111101001101
11000111110011
11111100101010
11101000000011
11001110100010
11011101000000
10010001100101
10110000100100
10000000010111
00000010100100
10110001000010
00000111110100
10110111100000
11010011111100
10000100011101
00101001000011
11011110011000
11111011111101
10111000101100
11000010001000
00100110000011
01001000011110
00011111110000
10110111111100
00011010100000
01011001010110
10000111001000
01101110101111
01000001001000
10101101111101
00100101010011
01001000111001
01101000010111
10011110001010
01010001110001
11010110000100
11000011010011
10010000001111
11100001010011
10110101110111
00101101000000
01000000100011
10111111100101
01101100110101
01001001110010
01100011101100
00100010011100
01111011110001
01001000110010
11010111100001
00100010111001
10001110111100
11011101111010
01000011010010
01010010000010
00001001111000
11101110111001
11010110101010
11000110011100
00000100001011
10101000110100
11001001110111
00100111101110
00100110000111
10101110001000
10100010100010
10010100001011
01011100001100
01000111111111
00001000110110
00000110100100
00101010110111
00001100010111
11010111001000
00011100010010
10110100111011
10000111001001
10100101110010
00100101011100
01001111000111
11101111000000
11010100100000
00111100100011
11110010000001
00000011001011
01011111011000
00111100100000
10110111110101
11110000110010
00011000110100
00100011010111
01001111000110
01111100011101
11100101010110
11111101011010
11101010111111
00111111010110
10011011011111
01000111010100
01100110101000
11101111000100
11110100010011
11101001010000
11011100111000
00111101100111
00111000001010
11100100010000
01001001001101
10111001101010
10001110101010
01111000001110
10111111101100
10000110010011
10010101110000
00011100100100
10101101101011
10111110011011
01001110101010
11000110010001
01010011110000
01000001000001
11110100000010
01110101111001
11011101001011
01100110010011
01000000101101
10010001100000
11111001011011
11000000111011
11101101001010
11011010000100
11110110000011
00011001100011
11110001110000
10000110011101
11011001100101
00111100111101
01000111111111
10110101011000
10000000110100
01010010010111
11110110100010
11110100010011
00101001110010
01110000001110
00001010001100
00111111101101
11100100101101
10111000000010
00101010000000
00101111101000
11000110101110
00101101100111
11011100111101
11110100100110
01011111101101
00101111110000
11101100000011
11010011011011
01101011100001
11011110110010
10110011110010
00010111101110
00011000111111
10100101000000
11010110000011
01001010100101
11000111100011
00001100101110
10011001010101
11110101110111
10100101011100
00100010010110
01101110100110
00011001011010
01111001011110
01000010110011
01100110110110
00101101001000
11011101111100
01111000011111
10010000010001
00011100100111
11011000001010
01000001000110
10110010000010
11010110011000
00101010010110
01111000101010
01110100100000
11110101000000
11010010110010
11110011110010
01011111100111
00001110000011
00100101111101
10100011010000
01010100111000
11110010010101
11110010101111
01000011110001
01101000011011
10100111111100
10000111011000
11000111001110
01000010001101
11010111010100
10111101000100
11011101001110
00110010000110
01010110000001
01011011000110
10000111110001
10110110000010
10011011001001
10110000110101
01110011010100
00100001100010
01011010010111
10000100101110
01101100100110
11011000011100
01101100110101
01110010001011
11101010110010
00001110101101
11001110001001
01000001110000
01000111100001
00000110000010
00000111111001
01101010110000
01001100110000
01100100000101
00001100100101
10011010010110
11000001110101
10110110100101
00100100101100
00010000011000
11001001001101
10110101011101
10100001001101
01101101011110
11010010111010
11110110110010
00111001010100
11010001001111
01111011100010
01001111100011
00101110000111
01010111010110
11100000011101
01011110101000
00011100001011
11110010110110
11011011001011
11100111101011
11111100101001
10001000011011
00100010101000
01111100100100
00101111010101
11111011100100
01011011100101
10001100100110
10001001101101
10100111100011
01000110110101
11111011000111
01011000001010
11001011001001
01001001000011
00100011110001
10111001101101
10100010001001
10001001111101
11011111101001
00010011000110
01110000101011
01010100010011
11000000111111
01010010011110
11100010011000
10101101010110
11111011001110
11001000000111
01111100111101
01011110010100
11100000111001
10110101011000
10111001100111
00110111011111
10000010010001
10001110111100
10011100100011
10101000011011
01111101101100
10110001111010
10101101101111
00111000100101
11000011001110
01010110001111
10011110110100
11010010110010
01111100010111
11011100101101
10111110101010
11110101000101
10000011111101
10101101011000
10011111101111
01111011110111
00011111100111
11000100011001
00101000001000
10011000110111
01011000111010
00001100001001
10101101100100
00111101001101
11000010101111
11110000101100
01001100100000
00000010100010
01111110010010
10010101101001
10111100110101
01101110111011
00010011111011
01001110101011
00011000101001
10010010000010
11101101001001
01001001101001
01010001011111
00000110110111
11010000010001
11010101010111
00110010001001
11010011101000
01100000011100
11001101100111
11001110000111
10000011100110
00001101000111
01001101000110
11001011100110
11000111010111
11011111011100
10110001010010
10110001011000
11001110010010
10101110001000
00011111111110
00001000110001
11100010000000
11101100011000
10101010110011
00011011100011
11111100011100
01000010011111
00011101010011
01101111010000
11000110110000
00100010000110
11101000011011
00001101011010
10111010110111
00101110111101
10000111010100
01110100100110
11011110001101
10001101100101
11010110111000
00000101110001
10100111110110
00101110101001
11110000001110
10101101111101
11100111001001
01101111001000
00101101101000
11101000101110
00110100001111
00101111100100
11011101110110
01010111000001
11101001110101
00111100101011
11111111000101
01110110010111
00001100101101
10000010111101
10111011011000
01001100100001
10010010010000
00101000001010
01101011111010
01010001010000
01111100011100
01010100010001
11100010010011
01100010110110
01011001100011
00110000101011
11101010011010
10011010100100
01110001011101
01110001000010
11110001011111
11001111100011
10010000110100
10000100101100
10111100001000
11111010001100
01010101100110
01000011110000
01100111000000
00000110010010
01010110000001
01000001010101
00110101100001
00011010111010
10001011010101
11011001000011
10001011000011
01101111000101
10001101000000
11101011001101
10100100001000
11010000010011
11011110111110
00100000000011
01011110010010
11111111010011
11110100001110
10100100010001
01011100011111
01101011100111
11111111111001
00001101101011
01011101101011
11110101110010
11000001001001
10111111000000
10100000101100
00011100010101
00011010110011
01010100000111
10100100011101
01110001001011
01100110110011
11100101101001
11011110101000
00110000100111
11000111101111
10100101011010
01111001111101
00011000110110
10101111011011
00010100001100
01100111001100
00011010001111
10001011000111
10000010000100
11110101110010
00000100100010
01101011010000
01111100100000
11110010010011
01001010001011
00110100111011
11001000110100
11000011000000
10111100110110
01100000110110
11101111111011
10111000010100
01011110100000
11111110000110
11010011000010
01100010101010
11001001111111
10111011111111
11111110000001
10101000110101
01010110110001
11001101010011
11011111100101
01000111000010
10101110010000
00000010001100
01001110001111
10001010110101
01000101110001
01011110000011
01110000001011
00000101100011
01111010110011
00111011011101
10101111011001
00000111111111
01000101000010
11001011010110
11100110011011
10101001110100
11000010111110
00101000100111
11010110100111
00010000110010
01110010010111
01011110101000
00111011001001
11011111111011
11011001100111
10001111101111
10111111100011
00011010011100
00111011101010
10110110010110
01101010101000
11010011011011
00110101011001
00001000100110
10110010101000
00111111000111
10101100000101
01010101010011
10011110101011
10001110111100
00001110101111
11001000111000
01000001101100
00001100101001
10110000110000
00100001101001
11101011000011
11101001101110
10001100010101
11101111111110
11101001010111
10100010100011
10111000011101
01010111000000
00000000101110
10011010101100
01100000010111
00101110000010
10111010111101
01001100001101
11101011011101
01111001101101
10100001101100
00010000011100
00000001101111
10100011111011
11101000101010
01011001000101
11000010101011
11110111010000
11110001001110
00011101111101
11011110101010
10101000110000
01100110100110
10000101011001
01000100111110
11011000110011
11111100001101
00101001101100
11001001010000
10111100000110
11100101101000
00011000000101
11100111111010
01110101110000
00100000000011
01101011011101
10101100000010
01011110101111
00000101101011
01010110111010
00010010011101
10101001111011
01010000010011
11010110011000
11010111010000
01000110100011
10101101111110
11111101111010
01101001011000
11000101010111
00010001011010
00100010010000
01100111010110
00101110010111
10010101011110
00110110000101
01111101100111
00100010111010
00011100101001
11101110011000
11010010100010
11100011011010
10110001100111
01001011000000
01001010000001
01010101110100
11011110001011
00111011000110
11000001100111
10111110111011
01111101001001
10110110111111
10010110101110
10010111101111
10010111110010
01111111011100
00000110100100
11000111001100
11111101011111
01010101100111
10010110000100
01000011101000
00011100100001
10001110011101
11100011011010
01010101000111
11111111101001
01000100010110
01010110010111
01000001010100
00101111011000
01000100100101
01110011010011
10101101000010
11011010000011
10101011010100
10001110110101
11010011010111
11101010000110
00111010010001
10000000100010
11100010101100
00110010111100
01110010110000
11001010000010
11000110100111
01010100110100
11101111000111
10111100001001
11111000011010
11101010011111
01000000000011
11010000010001
01110110110111
00001110011001
01111011001000
01000110000011
10110111000010
01101010101010
10000011000001
00001001001001
01000111011001
01111011100100
11010011111111
11010011100100
10101110110100
10110001011010
11000000101000
10010101100111
00000000000111
Time = 0.412s
