n = 13, k = 5, l = 2, m = 654
Expect Resample Times = 0.369201
Result:
0111010101111
0010000110101
1011011101111
1101100111011
0011000001011
0010111101011
1010100110110
1110111001100
0011011111110
1111010100100
1101111110111
1011110000101
1011111000111
1000011111010
0110100110011
1010101111101
1010111000100
0110110100111
0100011001100
0000111100111
1110111100100
1101100001110
1001000110101
1010011010101
1011110011101
0100001001001
1111110100100
1111100010000
0100110100101
1100000110111
1001011010001
0000001101110
1001100100111
0111011001000
1101100000000
1001001010110
1001100100000
0010111010010
1111110100110
1101010100101
1011000110110
0010010111000
0100000100001
1000111010011
0000111111101
1111111000100
1111010110110
1010101110010
0010000111110
0101101010011
1001110110101
0011011001011
0010110000011
1111000110010
1001010011111
0100010000100
1110001000110
0100010100010
1010100100011
0111000101101
0000111100001
1001010011010
0001110011100
0111000010101
1010100010111
0000000110101
1110111110001
0010100100110
1101110100000
0110100111100
1101010001000
1000110101101
1101111101001
0010110100101
0111000111010
0101001010000
0001010000110
0001101111000
0100001000010
1001100011101
0101000110110
1010100100101
1010000010101
0110100001110
0000010110000
1100100000010
0001000010101
1000001100101
0000010010100
0101101110010
0110101110011
0001100001010
0101011000101
1111011000111
0100110101011
1000000011011
0101011011001
0000011100110
1100001101100
0111100000111
0100000000010
0010000001011
0101001010010
0101011111111
0101010011111
1001010011101
1001010010000
1100111011001
1011100100000
0010010100111
0101100110011
0101110111100
0011101011111
0111010111011
1011111011100
0111101101101
1011110110000
0000010001010
1110010001001
0001011001011
1010111100101
1001010001100
1001010101000
1001001100110
0111101110110
0000111111001
1100011010000
1011111000000
1011110110011
0011111101100
1000111011110
0000001001101
0001001001101
0100001011101
1010101011000
0000110001111
1000111111111
1110011110001
0011010110011
1001000011010
1100010010110
1001110001011
1111110111001
1101100001001
0100000000010
0010011001010
0010100011101
0111100100101
0010100100001
0111000101011
0010101001010
1011101010001
0011011110101
1001010110111
0001101001000
1010010001100
1000000000101
0110010101011
1010000111011
1010001010111
1000100011101
0011100111011
0111110000010
1011100000111
0100010110001
1010100110010
1110111111111
1111011010001
0110001101000
0000001110010
0101110010100
0110101101001
1011100001011
0010101000110
1100100011110
0001011010110
1000110111100
0001110001110
0111000010000
1100010010110
0100000100001
0001110100110
0011100001101
0101100000111
1111001110011
0100111111010
1110011011000
0000000111000
1000000001010
0101111101100
0010101101111
1110001110001
1011110110111
1100100010000
1101111111110
0100101011101
1001100010111
1010011011011
1010111100111
1111111111010
1011110100001
1100001100110
1001100001001
1100000010101
1001101011110
0100110010011
1001001001011
0010001111100
0001010011010
0111011000101
1100110100111
0000111110100
1011011111110
0100101101001
0000100010011
1101010110110
1100000101000
1101111011110
0110101101111
1011100011101
0111000101011
0111000001001
1110001100111
0011101001101
1110001010111
1110000001000
1101011110101
0101000111101
0111001111000
1101101111011
1001010001011
1100110000110
0111101001010
1101111101100
0101100101000
0100000110010
0110111010011
0010111000010
0101010001000
0101011010111
1101111010000
1010000011001
0100101001000
1110101101111
1010010000110
0100001010010
0110010101000
1110100000000
0000110100100
1111001001111
1100011000000
0110010000000
0110011111100
0001001111010
0100001010110
0100110100110
1101110010000
0111011111110
0011001011000
0001001111010
1110010000111
1010111001111
0010110010101
0100110000100
1000111110010
1001111110101
0010010011001
0001011100111
0001111110101
1100000101101
1011101111000
1001100010111
1001001101100
1001100001101
0001001111001
0010100111010
1010110010111
1100011101011
1011100000001
1111000011100
1001001100111
1001010010110
0101000101000
1110111111011
0101001010101
0011000011110
0101000011100
0110001101110
1001001011101
1101011100100
0011111100111
0000111100100
1011000010100
1000110100010
0111101011011
0100000110101
0110010000000
1001100111000
1110111001001
0111001111100
1100010101010
1100110001001
0010011001111
0001011011101
0110101110000
1010101111101
0001000000110
1010110011000
1000010111101
0000111011100
0110001010010
1101110100011
0110010011110
0001111000110
0011010011111
0101110010110
0011101101111
0111101110100
1001000001000
1111010110011
0101101000100
1011100110010
0010101101101
1011100111000
1010011000111
1000010100000
0110110100001
1110101100100
0000010111001
1011100111100
0100000001110
1110010111001
1001010101011
1001111110011
0010000100001
0011001111110
0111111110000
0001110101001
1111110100001
0000100111001
1001011001110
0011100011010
0001111101011
0000001000001
1010000101101
0101101011001
0010101000101
0001010100011
1101001110010
1010101011110
1101111001110
0011001001101
1010110000110
0011111000010
0010101101001
1100100000011
1000011001011
1110110001001
0000110110101
1100000001111
1111100100010
1110000001001
0001100001001
1111011001110
1100011010001
1000111110010
0001101001101
1111101000000
1111110000111
1011011010101
0100111100111
0110110101010
1011000010001
1101011010000
0001110001011
1101011101110
1101100000111
0101000100010
1010111111110
1100000111010
1110001000110
1110101101000
0100100011110
0010011110010
0001011110100
0011001011110
0111001111001
1001100101111
1010100001001
1101110011101
1000100000100
0011011101111
1101010010000
0001101011011
0010111010010
1010110011110
1011100000000
0111000000111
1101000010001
1010000011111
1000100110011
0111010111001
1111100110000
0110101111101
1000010010000
0101110101001
0011111000111
1011101000000
1000011101100
0011001100010
0000001001010
1010001110010
1101000010110
1010110110101
1100110001101
0001000101111
1111111100101
0101110100011
0000110110000
0110110110101
1010001110010
1110010001100
1010110000000
0001010100111
1110000011100
1100110010100
0010010101101
0000001010000
0000000111000
1000011000110
0101101111101
0100110110000
0110001101100
0100110100100
1010010001001
1010011001010
1010010100011
1010011111100
0111100010001
1111010010100
1001101010110
0101110011111
1011000011001
1110101000101
1001011101000
1000010110011
1011101010110
0011111011111
0110010100010
0010001100000
0101010011001
0111001111001
1000101010010
1100001000000
1110001101110
1010111111011
0001100101001
0011110010001
1100111111011
1001100011001
0100111001101
0101000110111
0001011111101
1111111000111
1011100001100
1001010100010
0110100110100
0110011001001
1011100000110
0010010010111
1001100000110
0101110000011
0101101010001
1100001001010
0100001100100
0000011000011
0011110000010
1110000101110
0001111111001
0010111010100
0101111100101
1101010001100
0000100110001
0010110001010
1000101000111
1110110110100
1001000000001
0100001010111
0010111100111
1001010100000
1111001110111
1010010110110
0000010101110
0100001000011
1000001010101
0000001100010
1000101010101
0001100011001
1100011010001
0101111110011
0011100110100
1110000001111
1110010011011
1110001111001
0001100001011
1101101101010
0000001101100
0100101111010
0111101001000
0111100101001
1110111100110
0000100001100
1101010111110
1000100111011
0001001111000
0010000110100
1001100100110
0011010000001
1110010110100
0101010110110
0000001100001
0011000110010
0111111010011
1001001010100
0001010100000
1111001000101
1000001111100
1111110011101
1001110110011
0010111011011
0000011101011
1110001110000
1110101001111
0010011111011
1100001100100
1110010001111
1000000010101
0111101000011
1111000101011
1100111111111
1001110111110
1110100101111
0101010001101
1101111101000
0111001101001
1011110110010
0101011011000
0100100000100
0001111111110
1000001011000
1000110100010
1011100010001
1110010001001
0001110010111
1010110101111
1011000110100
1100001001000
0010111111100
1100100001000
0100011101111
1010101111110
1100101101101
1000001000001
0001101000011
0101001100101
1110111001010
0000010001001
1101101001000
1010100100011
0001011010100
1110010010000
0100001011100
0110011111100
0111101011011
1101000000100
0000001010111
0101110000111
1101110001100
1010101000110
1010001010010
0111110001101
1111010010011
0011010010110
0100001001000
0101111010010
1010100101011
1110101110000
0111100001101
0101010111101
1101010000111
1100110001111
1001011100111
0111110010001
0000000101100
1111111001110
1011010111110
1011110001000
0100110110001
1000111100100
1100001100010
0011100111110
0001111100011
0111100010001
1001010111101
0111000100011
0111100001110
1101100111011
0111110110001
0011101000011
1111000000110
1100011000101
1101110100010
0101111001011
1010100010100
1111100111011
1001111001100
1101110000101
1011100001100
1100011100100
0111011011011
0010000010111
0110001111011
1001000100100
1001010010111
1100011100011
1000100110110
1001011101100
1101110000100
0110011100000
1011111010011
0101001000011
0110110000001
0110010101010
1100101010110
0010110111000
1111110001101
0010110111111
1101100100011
1100101010001
0010001001100
1101000110011
1011101100001
0110111010111
1000101001111
0110111100111
1101000101101
1111101110011
0001000001101
1110011000101
0011111100101
1110100100010
1011110101110
0010010111010
0000000001011
Time = 2.192s
