n = 15, k = 4, l = 1, m = 332
Expect Resample Times = 0.396903
Result:
100111010100011
010011101111011
101100110101010
000011011101011
011100000001111
000100001101001
000011101010000
000010110110001
001101010001111
000111011110011
000111011100000
100111101101011
000111001100001
100111000000100
111111010101110
010001110000011
110111101000101
000011100101010
011001000000110
100010111010011
011111100101010
010100100011110
111011101010010
100110111100010
110110100100111
000000110010110
111111000010101
111110000111100
010011111101001
110001101101010
101100010101100
101010001001100
000111010011101
110111111111001
101100000100101
001111111111001
000011000100000
111111000101101
111011010101111
111001000001001
010100010110011
110001010010100
101100000001010
011111111001110
000100011011111
000000001110101
100100000100000
000010111100101
110100000000100
001110010010110
011101110101110
110001010011010
111101110100001
011010000101001
001100101001100
100001100111000
010111000000001
000100011000001
000000011010000
111000100101001
101101110111000
111111000011101
010000110101011
110000000011111
101101011101110
011111101000101
011100100010011
011010010000001
000110010011110
111000101000010
111000100001011
000101000101011
111110001010101
111011100010000
101001011010011
001010001100001
011111011011001
011100111110111
001101000001110
110001111010011
111011100100011
011111100100000
101011001101100
001000111110110
100111100010101
101000110001000
100110100101101
011101111011101
011001111101100
110001101001100
100000000001101
100010010001110
111110101111010
000110001100110
100110111010001
010010000000110
001010110011101
000110100111010
011101010010100
001000001101001
100100011011010
101110111000110
100110101001010
011001001001111
110011001011011
010101111000100
001111101100100
001000001011100
111010110000001
010101011110111
110100000111100
010000111001101
010000110100010
010110111001011
000001000010101
000101001011001
101101001111110
100001100001001
110000010101101
110111011010100
001000001011010
001011111100011
110001101100011
011110011010001
010001101110010
111110011010111
010100111100010
101110000010101
100111111110010
010011101010000
011001010110010
100001010000001
000110110111110
100111111010010
110011000110001
010111000101100
011000001100110
011100011110100
101100111111000
011100100101110
101000010101011
010101011100000
101111111110011
101001010111101
001101101110100
011111111000110
101100010011100
101110110011101
100111010001100
000101001101101
010111011100011
000001010100001
000011010101011
000101101110000
011010100110010
100010111011111
111001100001011
011110000000101
100011111010001
010011100100101
110100110101001
101011001110000
010110011011110
000001111011110
011101001001001
011011001001010
111111111100001
100001101011001
101111111111010
001011101010110
111110000100000
001101101001111
001111111100001
000101101011110
100101110001010
010100010110100
110110000101010
010010000001010
100101000000010
011101000010111
000010110010111
111000111001011
010010000111100
010010100100011
110100101100011
010011000110000
100100000011010
110101100110111
000001000000000
010011101001111
010001111111001
010101101111011
101000111110011
010011001110110
110110000011011
110010011101110
001101011100101
100011100110010
000011010010110
101010110010010
111110101010000
001110000111011
011011011111101
010110111100011
101100101000111
110010111011101
000111100110011
000011110010100
001100101100001
010010011111100
000101001110110
100111000101101
111001101111001
001000001101001
111100111101101
110011101111101
110010111111010
010111100101111
111000111101001
101101011000101
000110101101100
101111111001100
110001111111100
101011001010001
110010111000100
000100100001110
001100110110111
001100100101101
001111010010111
111101011011110
011001101111100
001010001110111
011000010101101
000011011010010
111001110111100
011111111010111
001111110001011
010101010101011
000001110111101
000011100101011
011110111110100
111101001111100
010010110000101
011101011110100
010010101001000
001010100111100
010000001011111
111010010101110
100101100000000
010111010101111
010001001001000
001110110110001
000101111111111
101000011010100
111000001100111
100010010011100
010010010010000
000000010100110
100001001100101
001001111110100
010101011111110
011001101010001
110010101000010
100011001011001
100001100110101
000011111101100
010011101001000
010000100000000
110000101111101
111110110010011
001000010010010
001110000100011
001001111010101
101101100100111
000010010000011
111001111100001
010110111111100
001000010100000
011110010111000
100000110010011
111010101011101
110001000001000
100111011111100
000011101010100
011010010110100
101001111001100
000010001011000
001000001110000
011111110100001
110101111011011
010000011110001
110111000100100
000101101101100
000100010001011
111000001110111
110011100001110
010011000001100
111010110101001
101101110111000
001100010001010
100101011100011
110101101100000
001101001001111
101101001111111
101101100010111
001000010100011
100001111101000
111011110010010
101011100111000
100000110011001
100101100111111
011100111100100
101000001001011
101101100001110
000110011111101
011000100011100
011011111001011
101000110100010
010011010110010
011000001100010
010010111101101
010000100111011
011000101111000
001101111001000
000101010000100
011001001010101
100001100010110
000010011111011
101011100101110
110010000011110
110001111001100
100010000110110
Time = 0.131s
