n = 7, k = 5, l = 2, m = 567
Expect Resample Times = 0.368471
Result:
0001101
0001111
1101101
1101100
0100100
1111010
1100011
0010101
0110111
0100011
1111000
1111000
1101101
1110001
0001010
0011001
0011101
0100010
0111100
0100010
1100010
0011101
1110010
0001001
1101010
0010101
0110100
0001001
1001110
0110101
1110011
0111110
0101100
1001100
1101000
0011111
0011101
1010101
0001101
1001000
0110010
1101010
0110000
0011110
1011010
1111001
0111011
0100101
0010100
1110011
0111110
0010010
0000101
0010101
0101110
0100101
0001001
1100100
1111000
0100110
1110010
1001101
0010001
0010001
0101000
1100110
1111111
1111011
1101100
0000011
1001100
1001011
0101101
1011011
1001011
1100010
1000101
1111101
0100110
0100101
0001100
1001111
0101100
1001010
0001111
1010000
1011100
1000111
1111010
1111110
0010001
1110001
1101110
1000110
1010111
0011010
1011001
1100100
1010000
0011110
1010110
1111001
1000111
1111011
0110111
1011000
1001111
0100101
0101101
1010001
1000110
0101011
0001011
1011000
1101111
0101111
1110001
0011011
1011011
0000011
0001010
0011111
1000001
1010011
1101010
1101100
0111010
0000110
1001011
0010011
0110001
1110111
0011100
1101100
0111100
0001001
1000101
0111001
1101010
0101100
0101010
0101001
1010000
1110011
0111100
1100110
1100110
1001110
1011000
0110010
0011011
1000110
0011101
1010100
0110111
0001110
1010101
1110111
1000101
0111011
0100111
0110011
1111000
0010011
0101000
1011001
1001011
1010110
0011101
0101100
0101111
0101111
0101011
0110110
0000110
1010111
0100010
1101101
0001100
1101000
0110101
1111001
1001110
0011111
0010100
0000111
0001001
1110110
1111110
0100001
1110000
0101011
1011111
0101111
0010111
1011011
0010100
0110011
0001101
1000111
1011101
1100000
1101011
1001111
1001000
1111000
0111101
0110100
1111100
1100110
1100110
1110011
0011111
0011010
1010011
0101000
0010101
0110111
0110000
0101011
0010001
0000111
1101010
1000100
1010110
1101001
1011101
0100011
1111011
1110000
1000111
1011110
0011010
1101101
0111101
0000111
1011110
1111000
0110110
1000111
1001100
0011000
0100111
0100010
0101001
0001110
0100100
0001111
0000011
0111010
0000111
1110000
1010010
0111101
1000001
1100100
1101000
0001100
0111100
0111011
1100111
1110110
1001010
0111111
0110001
0010100
0100011
1100011
0110111
1010111
1011101
1110101
0010111
1101110
1001000
1011111
1001010
0111001
0110000
0100100
0011110
1001010
1010100
1110001
0110111
1010100
0101000
0010100
1010000
0011110
1101010
1011011
0101001
1010100
0011010
1100001
0100111
0011110
1111110
1110110
0101110
1110101
0101000
1111111
0110010
0010111
1101110
0101001
1101010
1010011
0101101
0100100
1010100
1001101
1011001
1100010
1101010
1001011
1101010
0011101
1100111
1000101
0110010
1100000
0010110
0001011
0001110
1100110
0101100
0011001
1110001
0000111
0000110
0000110
1010010
0100011
1110001
0011101
1011011
0100111
0000111
0101100
1111111
1100001
0010101
1001111
0100100
0010001
0010100
1101101
0011001
0101001
0111001
1111010
1111111
0010010
0000111
0110011
1100000
0011101
0010111
0111100
0100111
1111010
1111100
0101111
0101100
1010001
0111000
0100001
0010111
0001001
0101111
0101110
1111011
0001010
0111011
0011111
0001100
1001000
0100101
0110000
1010111
0100001
1011111
1010111
0011010
1010001
0101101
0100001
0100101
1010110
0011001
0111111
0111100
0100001
0101101
1000110
1001111
0001001
1001101
1001000
1010011
0110100
1010000
0111010
0000011
0010110
0101100
0010100
0100111
0000110
0110000
1111111
1101101
1001101
0111110
1010001
1110001
1110100
0001101
1100010
0110011
1001000
0010010
1000011
0011000
1010100
0101101
0111011
1000110
0100110
0011011
1101011
1111010
0011010
1110011
0011110
0011110
1001001
0111110
0001001
1000101
0101001
1100101
0001001
0101001
0100001
0000011
1000110
0011110
0011110
0010111
1001011
1111110
0101001
1100100
1001011
1011110
0110011
1110111
1010100
1010100
0000011
1000010
1111110
1100000
0010010
1000110
1001101
1110100
0101010
1101011
1001101
1110001
0100101
1101000
1110110
0110000
0010001
0101001
0011010
1100011
1001110
1000011
0110001
0000011
0110110
1101100
0011100
1110001
1101011
0001011
0100100
1110111
0011010
0000110
0101110
0010011
0101000
1100110
1100011
0000101
0010001
0111100
0111111
1111100
0110111
0110101
1010001
1100100
0001011
0101111
0101000
0001101
0101000
1001010
1000011
1011100
0010011
1111010
1111011
0110000
1010100
1110110
0111110
0101011
1000010
0100100
1010101
1011001
1101101
1111010
0110010
0001010
0011001
0101011
0111111
1110010
0100111
0101111
1111111
0010010
0011111
1101110
0111001
0110011
1110100
1101000
0111111
1101010
1010100
0100100
1001001
1101100
1010101
1101100
1100001
0110010
1100010
1011101
1110110
1001110
0010101
1011000
1110111
0110101
Time = 0.001s
