n = 15, k = 4, l = 3, m = 335
Expect Resample Times = 0.389641
Result:
111000011111100
100101011010101
000111100101100
001100100010110
101101100101010
101001010011001
011110100001110
111011111100000
010000101110010
011001110010011
101000000001000
011001111011010
011100110110101
011010110101010
110000000011111
110011010011010
001011000000110
101010001110101
101000101100111
101100011110111
001011000101111
000101000100111
110100010110110
101111110000110
011110001101101
000011101000010
010111010011110
011101001001000
100110001001010
001001111011101
110100111011000
111000111101001
000011001001111
010011010000100
001000001101001
111111011111101
011111010001111
010010000111111
111010110111100
110001001101101
100100010010101
101010000110010
111100110110000
101001000000011
100100010000001
011001101010001
000101110001000
011110100101011
011000000101010
101110111000011
101011011010000
000101111000000
111011100011101
100010000010111
101101111100011
100100010111111
101010011010100
111010100110110
010101000111110
001101000100010
000011111000011
011011010100011
110101110011001
100010001011111
001110000011101
101010010011110
111011011110010
001100011000000
100111100101100
001100010111000
011010101101101
101101000110100
100010011110011
111100011100010
111011101011110
001000000010001
001010001111001
000001101110010
111000110001110
011010000011001
001011110110000
111101000111001
110000101101010
011111101111100
111101111010101
010110101000000
101000001000111
100111101010101
000101101011010
100011010011110
101010000001000
101011000001000
011010010011000
110111101010101
001111010100101
000000001011101
001011110110101
101111101101101
110011100110010
010010111110011
010001111010110
110111011011101
001100000100010
010110010011111
011101110101010
100101001100110
001000011010011
010010011010101
110100110110100
111110111100000
001011110001010
101001110000010
000000111100100
000101101010110
001100110011010
100001111101001
111111011001111
001100111001110
101100010101011
001010100100001
100111000010101
011111110110110
111000011001110
011100010101110
100001110001101
010100001011110
111100100011101
010011000110110
011000101011000
111001100011111
011100101011000
000100000101000
010010100110110
110100100010100
000100100111110
110101110011001
101001101101101
010001011010011
110010010011110
000010000100011
111100010111101
111110110100110
111011000001001
110011100110001
101100011000101
011100100110111
101101001010100
101000010100010
100101001110110
110101001110010
000111100111100
111011111101101
001000011110111
111100001101011
101101001011010
011101111111110
011001011110110
001010101111000
011110111011011
111100001010101
111101100000101
010101011011010
010101100000101
011100010000101
111111111000101
110011010101111
011001011101000
001110011100100
010111010111111
000111100100001
100100001111111
000101001011011
100110111111001
010001001011011
111101111010111
000101111101000
111000001010000
101001000011001
110001111010110
111111000001011
010001001110100
010000100011100
110011110110011
101111111100000
101001001110110
001111100001010
100001011000001
011010110111000
110100011000011
110101100110100
010000111000111
101100010001111
011001001100010
101000001000010
011000101001000
011011001000111
100100011001100
101011010100001
111100110100101
001101010111110
110001010010100
011011000011010
110011001010000
010001110100010
110010100001001
101100011101110
100011001011001
100100100100100
011010101010110
110000011000100
101001111001100
111000101101111
111110100011101
001001001001001
101110000110011
110000000011100
011101001010011
010101010101000
010100100011110
001101111011111
010100001110011
100110000001110
000010110111010
101100101000011
111100100111100
110000111010010
100000110100011
011111001011111
100101110101001
110110001010001
100110100001010
110001110100110
011101110011010
100001111101100
110101001100010
100001100001000
110111110101100
111001011110001
011111111111101
111000011110101
011110011100111
111111001000110
011011010001110
100000100111001
101000110100101
111101010000011
101110001111011
110000000100010
011110111111110
010000011011100
110110110100100
101011111010101
001100100100110
000111100010110
001011001011000
101101111010111
110001000100111
101011100101111
011011011110111
001100100010001
100011001101001
110100001100001
001111110010110
110110000011000
001001100010010
010110011110111
111111100111010
101000101100001
111010001010010
010101001001011
001100011111011
111110100000010
110010111110101
111000100011001
010000100000111
110101100000011
011000110101001
110111101111111
010101010011110
111100010100110
101000000011011
010001101001011
100100001011111
111000111110010
000011101000111
000110010110001
100110110000110
000010011101001
001110111100111
111011001111111
011111100001101
100001111011001
101101100011101
010011001101110
000110010100010
110110001101111
000001111101111
100111111010101
011111111010100
100010110111000
011001001101100
000111100100111
111111111101111
111111000011110
101000010111100
110111110001110
001110101100011
100011001001101
111010001010110
010110010011100
011111101110000
101010010101101
001011111110000
010100110100001
000101111000110
110100101111000
111110000000001
010100001010011
010001100110001
101110011111010
101001011010111
001111010100001
011011110001011
100000101010010
001010100011110
111101111110100
010010110010001
110110101100000
011011111111000
010000010001000
111001010010111
111001111101100
100101000101110
111111001000010
101101001111010
Time = 4.369s
