n = 17, k = 6, l = 1, m = 1634
Expect Resample Times = 0.369931
Result:
01010111001011100
01001110000010010
01110000111101111
00010001111010011
00001100011011111
00001010110100011
01011110100101110
11110011001011100
11111101111110100
10100111101111100
00101001010010111
11011110010011111
01001011100011101
00101100000010000
11000011100010000
01101001100111100
11111101000101011
11101110101110001
00100010001100001
00110111011010110
01010101100001000
11001010101110111
11111100011010101
00110000110101100
10001010110111101
01011011001010001
01100010101111010
10000100100011101
00101101001101101
00011010110101010
01111010111001011
01110010101110001
01100000111110100
10100100001000110
00100110110111111
11101110101011011
01000011110001100
10100111001001011
11001010110111011
01110111000001000
11110111001100110
00010110001111111
00000100001110101
00000000010011011
00010100110010011
11101101010100000
10111100101001010
01100101110100101
10010111100101001
00111011001110100
10110111110010111
11100000100001111
00000011011100111
10100111000000000
00011110010101011
11010111111110001
01101000110110001
11110000010101111
10011001000101100
00110101010011011
00000100110111001
10100100000000100
11100100001101001
00010111011010101
11001001010110010
10101000001101000
10010011110110101
10000111111000001
00110000110011100
10100111110111101
11100010111110101
11100101010111000
11000010100110000
11010001000000100
00010001001101011
01010111000001110
10111110101110110
11100011101100100
01011000011010010
01111100001011001
00101101001001001
10101010011011000
01101000111101101
11001101000111011
01110010010010000
10101000011000000
01111001010111100
11110101011011011
01011001000001011
11001001011011101
00001111110111100
01101110010010111
10010110110101111
10100000110011100
10111110000000001
11111100101110011
00101000110101100
01101011101001011
11001011111111001
11110010010110110
01010111001000101
10101010000110101
00100010110101001
11110010000000001
01111010001010101
11100001111111000
11011000111101110
00111101101101100
11001010010100101
00100110011000000
01100001111001011
00011011111111110
10000101110011010
10000101110110010
00001111110101011
11000100011100100
01000101100000110
00111001011111111
11100100101100111
10101010010101010
11101111110111111
01111001011110110
10001000111100100
01111011110101001
10101000011100110
01001000001011100
00100111101011011
10110000100111110
01110101101110100
00010001110110111
11100000001111001
01101011110011000
11101110001100010
01110000111001010
10001100111110100
01010100111010001
01101010101000110
10000001110111101
01100001101001101
01010011010111111
01110101000110101
10100110111110100
01000010001011110
00111011110001010
10001011001110100
10000001010011011
11100101110001000
10110110111000100
10000111101001001
11101111001010001
01101011001010110
00111000000011110
10000110100110110
10010000010001010
11111100000101001
11100000100101000
00111000100111111
11010000011011000
00011100000100011
10010100100101000
00011101011101100
00000011100000100
10000100110001100
11000100101001110
00110011100010100
00111011010111111
11010101010110011
11010011011001001
00000011001111110
01110100001101100
01100111010010101
01010011101000100
01010110110110101
10011100011001110
10110011101001110
10100101111001011
00001111101011010
00101011000101100
00000111010000000
00101010110011000
10111111101110111
00011111001011100
00101101110101111
10111000000111100
01011110100000000
00011010001101101
11111100100000111
00111110011010111
01111000100010001
00110100111000111
00110011111101000
00110010110010111
00110100010000111
11001011000100110
11111100010000101
11000000010111111
10111000000111011
01010000100001100
10100111011111100
10100011111100101
11100111101011101
10110000010001101
01001000001101100
01000001011011101
10011011100110011
01101010100111110
00000110001000010
10111101001001010
00110001010110011
01010111101001111
00111011000000001
00101000100101001
10011000001101011
01100101011110110
00001001110001110
01000000001110010
10001001111111000
01011110010110110
11001101001110100
01110101011111010
01110000110000010
11011011111101110
01101010110101101
11011001111000001
00010111000100010
00111011000101111
10110000101001010
00001110011000100
00110100010001100
10111100100101000
10110011111101011
00000001011011110
00101010111011111
10001100100001001
11110001101111011
10001010000011100
11010010100000101
11110110010110010
01100001111010101
00000101111010111
11010111100101110
10100000111010010
10000010010000100
10001011001011001
00011011110011000
01101010011110111
11001010110111010
01011001000100100
00101100000010101
10111011001000010
10101101011111110
10110011000011001
00110001110110110
00111000100011100
11100011101110101
00110001110101100
11011001011010010
01110001010101100
10001101011010101
00010011111011011
11010100011100111
11011100001001100
01011011001001100
01111000111110000
10001111010010001
11101011110111001
10010100001011101
01100111000010010
01000010010100010
10011000001101000
10011110000111010
11001000010111011
01100110001101111
10111100110001101
01000001100010110
10001011001101101
01100011010010010
00000101111101101
01111101001110101
00011011010011110
00000111100001011
00000111100010010
11001001100111111
01001011001001100
00100100001001000
11111001000100011
11101000010011010
00010001110110101
00001011011110100
10111111111100110
11101101011000000
10001010110000010
11110001001100001
10100001011011010
01100110111101011
10100111111110011
10000110011101111
10001001011110011
10101000011101110
11010011111110011
01100110010010000
10101111111101000
01110101011010111
10000111010010111
10000010001111001
01011101101010101
01000001100010100
10111011001010000
01011000100111001
01100101010110110
00111111110111000
00011111101111111
11000010100000111
01110010111000001
01000001011001101
01111001111000110
00110011000100101
00100101111111110
11000110101110100
10001100011011101
11011011110111011
01010000001010100
00011000101011101
01111101001010011
00010000011100101
01100000000100011
10100010110111000
11101010100001111
10000010100010100
10101111011011101
11010011101000001
01001111110101001
11001001101001011
00010011101001001
00001110001000010
00011000110010101
11010110011110010
11001100100101110
01000010001010010
11011011010110101
10101010110011011
01111011010011110
11011111000010101
00000111001000011
10010000000111110
10011000010000110
01000011000100101
00010100000001100
01001101101000011
00100101111010001
00101111100000100
00010011001010101
00001000011011001
00011100001010101
10111000100100001
10001100000100001
11101000100111010
11000000001110110
01010010010101100
00100010110110111
00111001011110000
11111011101110011
01110000010010111
00000000000001011
10000110001110000
01111101100101100
10101011110001111
10011111001011011
01000001101100101
10111000101101011
01001110011010010
00111011000000110
11100011000000011
01110001011001101
00110010010101110
10011101001101010
11111101001011100
11110000010011101
00010110100100100
01011111110000111
10000011110101110
11000101000000110
00111001100001110
10000000111010011
10100011010011011
01000001111101001
11000110010001101
00000010001011000
01100101111101110
00010001101111010
01011000100001010
10110010110110010
10101011001100000
11000001100101101
11010000101100011
11111100000001000
00011100010100010
10001101110001010
10101100011011001
10010100001001011
00110111010000000
00100111100110000
10011011111100111
10111110010010001
01000111001110101
10011010011011110
00000111101110100
11010111010101010
10000111101011000
10000001101111100
00101010100101000
10010010110011011
10111110010000100
01111110101001010
10011110101110111
11001111011111001
11101011010111011
11111010010110000
01111011011001101
00010001010000000
01011110110010011
01000111001010001
00001010010011010
10101010101010010
11111011000111001
01010110011100011
00101101110101111
01001001000101100
01110111001110100
00111111011010100
01110000011101000
00111101101010111
00100011100101010
01100100011000100
00011011001110011
10001011101010011
01110001101101100
10011010000101011
00100011000011110
10111110101010011
11110101111010000
10001000011110010
00100011111000001
10100010101001001
01010111110001000
10000111100111011
10001001100101010
01000011110101001
01010100100111100
10100000011010001
11100010010010010
01110001111000111
11001111011110110
11110011100101000
10100010110000111
11110101010101101
01111011111100000
00011110011001111
10111110010000010
01010111100000000
10001000101100010
11110011001110111
00011000010000000
10110110101101000
01110110001110011
00001010110010011
11100111100000011
00010011110000100
10011011000100110
00100000000111110
00001000101101001
01001111001001010
10000110011111001
11110100011101001
01110010011000100
00001111101111110
11011101001001010
11000101000011001
10010000101001100
01010001001100010
11110101101001111
10101110111010000
10011010001111100
11010110100010110
01110100101101101
11101010010010100
10110010011110011
01011101100010100
10110010001101101
11111101010100001
10100101010011000
11111011101100010
01101010100011001
11111111100010101
01000001111011111
01100111011010011
11111011110010001
10010011010011000
11010110010101110
00100100111100110
00110100011000101
01000001100110010
00011010110010000
01101001101111001
11011101100011011
11100100111110011
11010000100001011
10110001111101100
10011110000000100
11100011010110000
00010010011011110
11011001101010011
01011101001001011
00000111001001100
10001101001101010
11001011101111111
01111101110010011
11111011100100100
00001110110111100
11101010101000110
10001100101001010
10000000100101100
00011100010100001
00101000111000001
10101110001110100
00111101000010000
00110010001111100
10010100111010111
00010000011011000
00100110000000100
01000110010001001
11000001100001110
11011100010111101
01100110001101100
10111001010011101
01001100101111111
11001111000101001
00100111111001000
11100010111011011
01010111000000000
01001100100100010
00100110010110001
01011100111101001
11101010111111110
01011011001011010
01011001000011000
01100111011110001
11111110111000010
11011000011111001
01011110010100011
00110100100011111
10011101001101100
01000010011011000
01010000111001110
00001000001010000
00011010001101010
01001000101101001
10100100111100001
11010001011000010
00100101110101110
00011000111000101
01100110101100000
00010001001111010
10101100011011101
00111001111001010
01101010000101101
00111101001000110
01001011100011100
11110011000101101
10110110101001000
00000001011101010
10101000000001000
00110011001001111
10100100010011111
11110011101001100
11001101000111110
01001000110000101
11110101101110100
00101100011001101
01001100011111110
10100010100011101
11000001000010001
10011011111100110
10010010111011001
11101010001110001
00001101101001111
01001000001010011
10110111001010011
00001101000000101
11100010010100001
11000001100000111
10011010110000101
00111011110011111
01000101101101011
10110001101001110
11000100011111001
11110011001001010
00111101010111111
10110000010101110
00010010001011110
00000011100110101
00010100010000101
10011110001111000
00101111000000110
00011011100110011
01001011000110101
11100101100111110
10101001111000101
11011010110001110
01101101100101000
00101000011100100
00101011100111100
10001001101101011
10110110010011101
00000110110101111
00001110011001000
10101000101000110
10111000011000001
11010011110011100
00001010011000000
00101000111100101
00100001101000110
10111111101000010
00100101010110111
01111000011101000
01101110100011101
00010001001111101
00100011110110101
11100011101011100
11100000111110000
01000001111101111
01101011100111010
10101101100011000
11010100010000001
11111000001101000
00010111001100101
00001100101100000
11010001101010000
10101000000010010
11011011011010100
10111011001001110
00111111110000010
00101011110011000
00001011111010010
00000011011100100
11111101011111100
01011110000100000
10101001100111011
10100111110111011
00010000110010011
11000011111100010
01100011011010100
11100000001101100
10101111011110010
11100111011101110
10101000111000100
00001000100010001
01110010000101111
01001101111101000
00110100000001011
10011000000010001
01001101011110000
10010111001111110
10010111001010110
11011001010101110
00011010010001111
00001101000001010
11010110000011010
10000100111000100
10000101111011011
00110110011100010
11100001011111111
01111010100010001
01011110000011111
11000000001001001
10001011110111101
10100010100111100
01000101010111100
01010100111011001
10000101011010111
11101101011011000
01001001010011000
11101100000100001
10011100101101100
10110000011110101
11000010001110101
10110111100101001
11010100110010110
10110010101110101
10001000011101110
01100101110110100
00111001001100111
00111010100110100
00011100101001101
10101001111110110
01101001010001110
01110011100000100
11001001001100010
11100110101011001
11011100111011000
10010110011100010
00011001110101000
01010000001110110
10010000110110101
01010100110010100
10111000111100011
10100011010011111
11000110100000001
10000101101010101
00000010100000110
10100110011001111
11011101000111110
01011110101110110
01111100001111100
10010010011011101
00011000010011001
00110011100000000
00010100010001100
11111100111111101
01011011110110001
01000010100111110
01000101110110110
11110100011000111
10101001111100110
11011110110000010
01101010101001101
01101111100000011
00111011100010000
01010000010011101
01001010100011111
00010100001110101
00110101010011001
00101101001101111
10100101100101010
11000000000100111
10110010110111100
01000100010010100
00110100111100010
01111101000111111
01110100010001110
11111001100110001
01000011111010000
01001001001111110
00110000000011111
10101001101011110
11100001110100000
01001010001011011
11111001101100100
01100001010110101
01011000100111111
10110100101110100
10111110111000001
01000011101101111
10000001110110000
10011111100010000
01000111010011010
01011101010111000
11010000000000010
11010101001010101
11001001111001000
01100110111101110
10001010111110101
01110001000100000
01001011001000100
01100000110110101
01110111000101111
10010010111111111
11100111011101000
11110010001001101
01101100000111100
01101001010011101
01000101010001010
00110100001110101
01110101111101111
10110100011110000
01000100100010001
10110110010000100
00011101110101100
10101001011101001
11001101011010100
00100000100000111
00100001010100000
10110111111001101
01111010001110111
10011000100100100
00111101001010000
00010001011110111
01111100010100011
11010010010011111
11001101100101010
01111010111010011
10011101010110011
11011010011101000
11000101110010111
10010000000111101
01111100001111111
11000110000110101
10001000011110111
11010101001010000
00101000011110010
01011110000111011
01110111101000110
00100001101110111
11101111110101011
01011110010010000
10101101100001000
00101011111001110
11001011110001001
01101100110111010
11011111111101101
00110111010000001
01101100000010101
00010001111101100
11100001100111111
11110111010000100
00001000001010000
10100101101111100
11100111001011100
00000010001110110
11001101100010011
10111101010111111
10101110110010000
11101001010110000
00100101110001010
10011000110000111
10100111011111100
00010010111000000
11100011001001110
10000100010110100
10110111010001001
10011011000111011
01110101101011110
11001100101101011
10100011001101000
10010010001101101
10101000100000110
01011001100010000
01100001101011110
11101100000111111
10110111000011110
10110111100101110
10100011101011110
00110010000010101
10010010111100011
00001111101010111
10000000100111100
00110010000111110
01011001111101011
00011011000001111
00011111110111101
11000111010011101
10010101100110011
00100101010010101
00000010001011001
00100101000000111
01110010000010101
01011011010010011
01111101110101010
01001110101011101
11100010011000010
10101111101010111
01010011101000001
10110001010100101
11011001111110101
00001100000000111
10001100100000011
00111111101101000
00101100011011000
10111110011100011
11101111010110010
10101001000001101
10100000000001110
11001111101110011
00011000001101010
10101110010000101
11100111111101111
00000111011100000
10011001101110000
11111010111100001
10001100010101011
01011010110100001
11100100110010001
01001100111011101
11111100010001111
01110111111100111
10100111001100111
00101111000010110
00101011011011010
01011010111010010
00100100100010101
00010011001001010
00101110010101011
00011110010011100
11011000101101100
01000011111000000
10101001001011111
01011001000010000
01110100000011010
10010010010110111
11000111000001000
10011011001100011
00010111001110000
10101001001101100
01000111011001000
01100000000111101
01101100011010110
01100111111000001
00101001001110101
10010110100111100
10001100100001010
01011011111010110
10001101111011000
10011111001111001
00010001110110001
10101000011001101
11100100101100001
01010100111001100
10010010010101111
10010010100111011
11100100100101111
00001010011000000
11101000101101111
11001000111101011
00110000100100001
10011000000010101
01101100001110000
00011001100100110
10110011001101011
11010000000100100
10110001110100010
01110110111110000
10111010010101000
01001000011010011
01100111111100110
10101011101100010
00001011101101011
10110110010010010
00111011001000011
00100010111011001
11101011100101101
01001001001100011
11011010100101011
10101100011001000
00010111100011000
11100111110001100
00011010000011000
10010100110111101
10110101111110010
10001110110000101
00010110100010011
10111101101101001
01010001000010000
10111100010000111
01101010011010001
10110011111110011
10100010010100001
01110100110011000
01111111001100100
10110000010011111
11011000111110111
01111101101000111
01101110110111010
11111101110101110
10100110110101011
11010101000101110
00101110110111010
00101100001000101
00000001010000110
00010101011011110
10110111101100011
01010000000001011
10001010111011001
11110100101111110
01101110110011101
10001000100011000
11001100000100001
01111101100111001
00010001111000011
01000011001000101
01101001110011001
11010001000101001
00010110101001110
01011100010101101
01100111010110001
01000111100001100
00101001101100000
01101000110110000
11111111011100010
10101110010010110
01011101001101110
00110111010110110
10111100010000101
00011101111111110
00001100101000111
10000100111010100
11000001001001000
11100101111101111
11110110101101011
00111010011101100
00101011010101011
11101100101011011
00011101110101011
01101001011001111
11101100101110001
00000100010010011
00110001010000110
01110001001110010
00100101110101010
01000011111111101
01110100000100011
01101111001011010
11100110110110111
00000101010100100
01010100010000110
10111111111011011
00111011011111111
01101011111100111
01001101000100001
00010000100011110
10010010100100001
11111110011101000
00101000111101010
01100000010011101
10001100000001100
00110000000001011
11110010101011101
00101101000011101
00111101010010110
00000110011110010
11100101000111110
11101100101101001
11001000100000001
11000101101010100
10100111111111100
00010110100011011
00000110111010000
10101101010010000
10111010100101010
00111001000010000
10100001111101101
01001110111000011
10000001011010111
01110001101100011
01011011111111010
11110101010111110
11101000000110011
00011100100010001
01111111101101101
01110111110011001
11100000001111001
01100100101101101
11011000001101000
11111001000000010
00011101110110101
01111010011011100
11000101110111110
00010000110111011
10101010011101000
10010111010111101
01101100110100000
00011101111101100
10011110101110011
01111000111110101
00001100011000000
10001111111010001
10000010010011110
00111100010000011
00011101101110110
01011011010100111
11110110100101111
00010100110110011
10101101000100100
01111100010001100
00011000111110101
00101011101000011
01001010001011000
01001101110010000
11000101001000010
00010011100100111
00000100001100110
10100001001001000
00111101001110110
10001010101111100
10110100101001111
01111001110110011
00100101001001111
01100110001101000
11001001000100001
10100010111100110
10100000001000001
01101011101110101
00011100010000111
10010011011010100
00100101100010110
10001110110101110
01100110010111111
11000101101001100
00000110111110011
11010001000001010
11001010001101100
00111001110101110
10000111010101100
11110001110110001
11110110110010110
01101000000100011
00110101010100110
00010001000110100
10110101111100011
10011011011111000
10000011011111100
01111101100111110
00010011000100111
01011100011000101
10100000110100100
00110111011111011
10110100111101101
01011111101011100
01000100111011111
01000000010110010
01110100100001001
01000011101101100
10011011000001111
10001110010000011
10110110100000101
00010001000110010
01010101010110010
10000111101011110
11111111100000111
11000110000011010
00001101001101010
00111010001111100
10110101100101010
00011010110010001
10101100110010101
01001101101111111
01111010010100100
00110111001101010
10100101010000011
01110000101110011
00101000110100100
00110001111101111
10001110101010001
01110100010110001
01001111101100000
10011000011111101
00100111110111110
10000110101100011
01100100101010101
00000100100110010
11110110010010110
00100110000010000
11000110100001011
01101011111001011
10001000111101001
11110111111010111
11011001000000011
11100100001110000
10111111001011001
10001011001110110
00110010101001000
10110000000001111
01011000110101100
01111101111111101
10111010000000110
01101010011001000
01011000000100100
00011100101011011
10011001110110000
00100011000000111
10110111011101011
10000001100100011
01011000000001100
11101011010010000
00111100100100001
01101000000000101
00001101100110100
01011101011011100
11000000101101110
01000101011011111
11110001010010010
00001011011100000
00111100000001000
10011101011100111
10010111100101110
01010011111010110
01111110101011010
01100101001011011
00110110100111000
10101000110010101
10111110011000101
00111100011001011
11110111010111111
01100000000110101
00011111111001000
10111010000111010
00011100100000100
00111110011010110
10111110101000110
00010100110100010
11001100010010101
11010010001100110
10010001100101100
01010100010100001
00100101000100001
10000001101110100
11100010011101010
00101011011001000
10110001011001001
11001110011000010
11011010110110101
01011000111000111
10101100000101100
10011101111000000
01101010011011111
01000000011000001
10100001010111011
11111001110011000
00110101111110110
01011110100010010
00000010110110101
10010000011100111
11000111111001011
01000101111001011
11110100111001111
00010110111001000
10011111111010101
00000001100101011
11010001100100001
00011101110011001
00011100001000111
01110101001110100
00001100000000010
00110010100101010
00100110001001010
11110010100000000
00111001101011110
01111001011110111
00010001111111111
11011100011001101
00111101110001110
00010101000010101
00000000110001001
11001110000111000
10110001011101111
11110001011011111
00001011001001111
10011100111101011
10101011010000011
11011011110001111
11110000110000010
01110101111100011
10011101101001000
10001010011110001
01100100100011011
11111001001011101
11010111000011110
01110010110000111
01100110001111101
01111111000101011
11000100101100110
10010011001101101
10101001101011101
11101101011010100
00111001010010000
11001010100010110
00100001000111000
01010111100010101
00100001000100111
01100001000000111
01100100100010101
00001110011100101
00010111111010101
11111000101001111
11111010001110110
01101000101111100
00110110100011110
10110111001001100
10000110101100111
01010111110000111
10001011010110110
00011011001010000
11010110000111101
10000111000000111
11011111001101000
01101101001001110
01110011110001000
10110000010001110
00101000111110010
11111100000001010
11111111011111000
11001110001000010
00101000100011001
10000101110110101
01011001001010011
00001010001010010
01110001111001110
01001101010111001
10011001110010100
00110110010101110
11111110001000000
11111000101011100
11010110100011001
01100101100110101
00000110010110001
00111101011000001
10011010010001100
11011010110000000
00101101111001101
10011100001000110
00010101100111111
00000011000101110
11000100110001010
01110010111011101
10000111100111100
00010101000000111
00001010111110011
11111110001000001
00111111101100010
01011000001011110
00111011010101100
01100011001010011
10000011110111010
10101111100010100
10110110001101111
10100101100110111
10010101011011111
11001110111110010
00111110001010101
10000011010101011
00110101000001101
00110000100000100
10001110111001000
01101010010010011
10010000101111000
01000001101101010
00101110111000001
00001111001000001
01110011001100101
00110101111010000
10101000000000101
10011100011010110
01110111111100100
11000011000100011
01100101101010010
00010010000101101
01001100110111100
00010001100010101
00010001100111011
01111011010101101
11100000100010010
11011111010011000
00100111101110011
10001110111110001
10011100100110110
01001100000101010
00011010000000001
10011001010000000
01101101101111001
10011101101101000
11001010101001101
00110110010000010
00001101011110011
11110000101010001
11011111101011110
01101101000111010
00010011111000111
01111111001000000
10101011101001000
10011101001000000
01010000001110100
01011000100001011
01100010100110000
10100011011110000
00111111101110111
10111010010010101
11011100001100110
10100001111001100
11001101110010111
01010101101001111
10100110111011000
10011111010100100
11011100011011101
00101010101110011
01100110100000000
10100000100011011
10110111111101000
01111011100100010
11110011001000011
10110010111010011
01000110011110101
10001111110100010
00001010010100101
10001101001001100
00101101101101100
01111111110111101
10010111011110011
01001000111000000
00110010010110101
00001110010011001
01100011100011010
00101010000101101
00011011010100110
01110111111011101
10000100011111100
00100101011000101
10111000101111101
00010001000100110
11110000111001000
10111000010100100
10001000111110110
01100111000100010
01011101111111111
00110101001000101
10000101101101010
01001100000110110
11111001111110100
11001000000001001
10100100100010100
11110011111101001
10100110011100010
01110111010110000
10000110101001010
01111101101011110
01110011010001010
10001110010110101
00100011001010110
00111011001110000
00011011001110111
10101000000001001
00011001001000111
11100000111100011
11011110111101101
01100100111001000
01101001001101110
01100000011101010
01101001010000100
11011010100010001
00011111010101001
00000100101000110
01111010100011010
10110011100100101
11010111101111000
10001010101100110
11000101110110010
10110100011100111
01000011001100011
00110001101110111
00100000000000111
11001100101001110
01110010001110011
10111001100111111
01010011000000011
11001010100100001
01100110110010100
11010010001101101
11001110111111010
11001000001000110
01100000010100000
01100011101111000
11010010011110100
10110111001011101
10011011100110111
00101110000101110
10101111001110001
10101100111101101
11110011100100110
11001110101110011
10101000110000000
10100001100110111
01111000001110111
01111000011100001
10111001001101000
10001011010010011
11000001101111011
10001001010000100
10111111110010100
10101111111000011
01100001011100011
10110110001101111
11110001101010100
10110001000101101
10001011000110010
11010111111010101
00001011000001111
10010010101001010
10000110100001010
10101101110000001
10000100010110101
00001111000001000
11000100101101110
10011011110000011
01110100001001000
00000110101011110
01100010001010110
01010101110110100
00000101110110100
11100111011100000
00100101010100110
01100001001011100
00001100100110110
10011001001010000
10010001101000001
01100001000100100
10101101101011111
10111111010011001
00010011001000111
01111110010100100
01011111001101100
10001100100011000
10101100101110100
01101000111011010
01111011101100101
11001110101001010
01011101101000011
11101000010111100
01010010000101011
10000100110101010
00101000001011011
00110101001100011
10100001111101011
10110101011110010
10110000011110101
01110001000101010
10101001100100001
00100100010100111
10011100011010010
00111000000110011
00001110100001101
01100011010011000
11111100010011000
11100101010011100
00110111010000101
00110111110010110
01010001110010001
10001100100100000
00101011111011101
11111000101110001
11101000100111010
00000100011011111
00101110010100101
01000111100100011
10111011111000110
00001001111010010
10001101110011011
00011101100011101
00100000000011110
01001001111010011
00011001010101011
11101000011100011
11100011101010010
11100101110101111
11011010010001000
01001001100010110
11101100110011011
01110001011001001
01001100011010001
11110100110000110
00011001010011000
00111001011011100
00011001011111110
00101011111000111
01111010110001110
01001100111110000
00110010010000110
01001010111111000
01101111111000101
10011011001011100
00111100010101001
10001001011011111
00110000000011011
11110010000110000
10010010000100100
01000101111101001
11000000101001001
00010000101010010
11101110100000100
11101110110000001
01110000101111001
11001001001011011
00101111000010110
11110010011000100
00001001011001111
11111111100111110
10000001111100100
10000011000010111
00110011101000110
01101101001101011
10011001001111011
00011100000100001
01111011111101110
00000111110001100
01101001100101110
10111110100010100
00001001010010011
10101111001011110
11101001011100001
01010010001010111
10101010010101100
01010100010001001
00110011000110011
01111111011101111
01001110110110011
00010100101101000
11101011010010000
00010100001100111
00100011000000011
01010000000001100
10011001001000010
00100110001000100
01011111100010110
00111111001110010
10100001100111111
00100100010011100
01011101100010001
10010110000000111
10010101000110000
01000011000000000
10001101011000000
00000010101111010
11110100100000000
10111110001001011
00111100101001011
01110111100100011
10001011001001101
01001100101000001
00001111011100001
11000001011001100
01001110111110100
10000101100101100
00100011010100001
10101000011101100
11110100010111011
10001100011101000
01000001111010101
Time = 2.654s
