n = 9, k = 5, l = 3, m = 838
Expect Resample Times = 0.367557
Result:
110001010
100111011
111111011
110011101
110000111
101100110
111111111
110011100
100111111
001011111
111100100
101110100
111010111
100100001
111110011
011101011
100011011
100001110
100011100
101110010
000011101
000101011
110110111
111010100
100111100
011011011
101010010
000001110
111010000
011111000
101001110
101001100
010111111
010001011
100011000
000100111
011111000
011100111
110001110
100010100
111111101
011000101
011100000
001101010
110110000
110010101
010110011
001100110
011001011
010101000
000110110
011001100
011100011
110111100
001011111
101101111
011010000
000011010
100000101
010001100
111010100
011110101
101111101
110101100
101000110
001011100
000110101
100011100
110101100
111101011
011010101
101010111
011011000
001111111
100010010
111010000
100101100
001010111
011001110
011010011
111010101
010101101
110001100
111001100
101000010
101101101
101110001
000110110
110110100
001111001
110100101
010000011
111100100
110000011
101100000
010101001
101110000
100110100
011101000
111010100
110100100
000100011
000010111
010010011
000101111
011010100
101100101
101011100
011101101
111100010
110010110
101000010
011001110
110100100
110101011
101110111
010010100
111111111
101101011
001011111
110101100
100110000
100101111
111010101
000010011
110010000
001000111
001001101
111111110
010101001
001110000
010110010
011101001
011011101
100011110
000010011
111100000
010101110
010111101
011000011
110111110
101011011
001000110
001001010
011011001
101101101
111100101
111111000
000001110
010011111
101111010
111111001
110101101
100001100
101000100
100101111
000111011
111011010
111010001
011111111
011110101
100000011
100011111
101111011
010011111
010010100
100101011
101100011
000100111
001011010
101011011
101000111
101010011
101010111
001011111
011001110
011110110
111110101
100001111
101100101
100001100
101011101
110110010
111101111
001011111
111111111
001001100
011100001
111111111
001011100
101011101
100111100
101101011
001110100
010000011
101101110
011111001
000011101
001011101
111100000
011011110
010101001
100110110
001000101
101100110
010000111
011111110
011110000
010100111
100011101
111100011
111101010
101011000
110011100
011111101
111110100
001011000
011100010
100111101
101100110
010111010
000100111
111001010
110010011
001100011
110010000
001101011
011000010
001010001
110100111
000010110
111010010
110100100
111011100
011011001
011000100
010100110
100011111
111011101
011110011
110011101
011101001
100011010
110001110
101010111
010000011
110110101
011100001
100011101
010101111
110010100
100000101
111001101
110001000
100110110
011110100
001011001
001001010
010101000
100010001
011000110
100001001
111001111
011100110
011001011
101010111
011000011
111011111
110101000
010110101
001101001
100111011
000011101
101101000
111001010
100100111
011100010
001000101
011101110
011101111
110001001
101100100
001100100
111101001
101001101
100011110
111011001
000101010
011001011
010111001
101111010
010110100
110000110
100100100
101000101
010011011
111011110
001101010
101101010
010110000
110010000
111110001
000101001
011010000
011111101
110011000
011110010
100111110
011110011
101001001
101011111
011100100
111000110
001001101
011011100
001101110
010010011
001000101
101011100
000100111
100101001
101001001
010101111
111000011
001100110
111000101
110100011
011010001
011011101
100010100
101111000
011101101
001101000
010011100
010111111
101111111
101111001
101111110
100000111
100110111
000101100
101010111
101011101
001110110
001000011
101001101
001110000
100001011
100110011
111000101
011111100
100100101
001101110
011011101
001110111
011110110
011000100
111011100
011000010
111110010
101000001
010110100
111111001
000110100
111100100
110100000
001011000
101010010
011100001
001111010
100101110
010000101
011100110
100100010
101010001
100101011
111111000
101011100
101010100
110001100
010001111
001100001
011001010
101110010
110110111
010100011
000111011
010010110
110101100
011100110
110111110
111000010
001000110
100010011
101110011
010010010
110010111
111101110
110110000
111000110
001111101
000110010
000110110
011011010
111001010
100011000
100001111
100100001
010000101
110111010
000101010
001110001
100011111
011111100
111000000
111010001
100110001
110001100
101001101
101100100
111001110
011110100
011000001
101100001
011011110
101100111
100000101
010100101
011001010
101100000
101110010
101101101
110111010
000001011
111100110
101111001
110011011
011011111
001101100
100101000
001110100
111111000
010110100
111001011
010011110
111010001
100101001
111100010
100110100
110101000
010100011
011010110
101000011
100101010
101001000
001011010
101010010
001010010
001001001
010101010
111000000
011101001
010110001
101000100
110000110
100000011
001001011
111110000
000110011
111000000
101100100
101101101
111000001
100011001
011001110
001110110
101011111
100100100
011010001
001010001
001110100
011100101
111010111
111100000
101000110
010011011
110101001
110010010
111000111
010001111
010111011
010101101
001001011
101001010
011001110
101001000
010111100
101000001
100010011
100000110
011100111
110100011
011100011
100011100
001010010
011000111
000000111
001101011
001010100
100100101
001110001
101111000
010001010
011100001
100011111
111101010
010100001
110111010
010101101
111101100
001101110
011110111
101111111
001101001
001101011
011100101
011011010
010110111
100011110
111101010
010101100
100011010
010111011
111110111
110110101
111001010
000111111
011010000
111110001
011110100
010111100
100111101
011110110
111011010
110000101
011101110
001111001
100101011
110111110
011001110
111101100
011001010
100110000
010111001
001011000
011011101
011000011
111110110
110010001
000110110
110110011
111001000
101000010
110001011
000111010
101001101
101101110
001011000
001110010
001100100
010101010
111101110
001001011
110100001
001000111
110011010
000111111
001010100
011000001
010000111
101010011
010001110
110100101
110010010
111000011
110111010
110011101
101101001
101111010
001110011
010111000
111111011
101101110
110011111
010110010
101010000
101000111
001001101
110100101
001100001
111111001
100011110
001011100
001011001
001110000
101011101
001101110
010111011
000011111
100101000
111111110
110010100
111010001
100011101
001111011
110011101
110110011
100111111
100100010
110001110
100111101
100110011
010001110
001011011
000110011
101000001
100001101
101110010
111010010
010011011
010100011
100000011
001001101
011110000
110001001
011101110
111011010
001110111
000111100
100100100
011111100
011111100
100001011
101100000
010111000
111100011
100110100
011010011
010111100
100111100
111100010
100100010
001011101
101001110
101110000
110000101
100011111
010100011
001000110
000011111
100101100
011011010
100001111
011111110
111100010
000100011
110011101
101011111
011001100
110100101
001010101
001101000
000001011
100110111
111111001
101101110
001100011
111011001
110011111
100011101
101000010
111101100
100100010
010111001
011011101
011111011
011110111
001010001
111000000
100011100
101100000
011000001
000111000
000110110
010001010
110101110
101010111
101110100
011010110
011000001
110111011
010011001
110100101
101100101
101110110
100000110
010010001
100101111
110001011
100111000
001010110
111011011
010011100
100100111
000011110
011001011
101001010
111111110
111110011
100111100
001100001
101001010
111000001
000010111
111010011
101011000
110111010
001111100
110101100
111100001
100111000
110010101
011110010
011000111
100011001
000101011
100100111
110000010
101100111
101010001
100110010
000011111
100100010
111101001
110110000
110001100
011100101
001101111
100101000
011101111
110110101
010011000
101110010
001110000
000010111
010100001
111100111
010011110
111100101
001010011
011011110
111011110
111110000
111111110
110101010
010110101
101100001
100101100
111111111
110111010
101101110
110111100
000011111
100011111
111110011
010111101
011110110
100001011
010111001
100010011
011011100
101010011
010010111
101111100
100101011
001111011
011000010
111100101
110101000
101000011
010100001
011110110
111000000
011011001
100100111
111110110
111111100
011010100
010111000
001010011
100110111
000101010
100111100
001100110
101011010
010000111
001001111
100111000
111000000
100111001
011100000
111011010
011011111
111101001
000111001
111000100
011111111
011001001
001000101
010111111
011011101
001111110
011101011
011100011
111110010
000001111
110011110
100000101
010001010
010100101
000011010
010010011
111110010
100001011
101101111
110011010
001010110
001101100
Time = 0.064s
