n = 12, k = 2, l = 1, m = 53
Expect Resample Times = 0.556588
Result:
111110010000
001001011110
111101011100
101001101101
010110101001
011111000100
011111100010
101011011010
111000010100
100111101110
100011100110
101110101100
001111110110
000010000011
110001101010
101111111100
110001101010
100101000101
101001100101
000010010011
111111001010
100100000011
101100110000
111100010111
011001011100
101011011101
100101101010
101110000010
000000010000
000101101110
010110110111
001001010110
010100111101
111011101001
110101000010
011110000001
100001010010
110010111000
001001011000
110100000111
010011110101
010000100111
110110110111
010000001011
100000000010
010100011001
111101010001
001001100110
001100101001
100111110101
001110001111
000110001111
010111011011
Time = 0.04s
