n = 12, k = 2, l = 2, m = 53
Expect Resample Times = 0.552468
Result:
001011001001
111100101111
011110000000
101110000001
011110100111
010001110010
101110010010
101010101010
110110001110
110111010010
001000100101
001100010111
001111110110
110100000101
000101101100
011111100010
101101100010
100001011100
010000101110
010101011010
001111001000
111111001010
111000010110
000010101100
110011111110
001011010111
110011101011
101110110011
011101000011
000001100110
110111010010
000110111011
011011110000
100000001011
011101011101
011001011111
101000001101
101100001001
111110100000
001010010110
001011001100
100101110111
000100100110
101100111101
011110010011
011100101110
011011110101
011101001010
100001101110
000000010100
001011000011
110111110010
111111101010
Time = 0.002s
