n = 16, k = 4, l = 3, m = 345
Expect Resample Times = 0.398617
Result:
1001010111000000
0111011110110000
0111110001100001
0001000111000100
0000010111111100
0000011001001000
0011101000110110
0111100111101010
1001100100111010
0110000100001000
0010101110011010
1101011010111100
1110001011101011
1000010011010000
0010000010000110
0011100100101011
0111110111101101
1111101010101111
0111110111101010
0011000100110010
0111101001010010
0101010001110110
0010111101110100
1011100111011000
0011000101000111
1011101011101011
1110111110000011
1001101011010001
1011101100010100
1101110010011111
1110001010100111
1011110000101111
1111111101000111
0111100010101001
0110110100100111
0100000100110011
0001110011101110
0011110001010000
1101100001001001
1111111100100011
1101110010110000
1011011000010001
0010111110111101
0011000100000001
1100011001100100
1101101100101001
1100010111011101
1010111100111000
0100110100001111
0100110000010011
1001101101001001
1000100000111010
1100010110111000
0001000100111111
0101011110111110
0101001001011011
0001100101110100
1111101101100010
1110010111101101
1100101111100110
1101010000111010
1001101111100010
0110110111110101
1001111001010000
1011100010010011
0010001100110001
0100011010110100
0010100000100101
1001011110100110
1010000111001110
1011000100111110
0111111100111111
1001101001001100
1010110011100111
1101111110111000
0101110001100011
1101010011110101
1101001001100110
1010101111100111
0111110100000000
1000101101111011
0110110100110110
1111010111101000
0011010101110110
1100000000010100
1101011010100110
1100001001010011
0010010010010101
0011100101001000
0001101101010000
0100100111110100
1111111011010100
0001110110101101
0100111110100111
1111011001101000
1111100001011111
0010110000110101
0001100010010001
1000111010001000
1011001010000011
0001010010011110
0101100101100010
1111010110000110
1111100111111011
1001011011111011
0101010111110110
1110111101000010
1001101011111111
0001010101101101
0100010100001000
0110111000110000
1001100100011011
0011110101010000
0010100101011100
1011011101101110
0001101101011000
1111101101111100
1111110111100011
0101000000110011
0101111010011000
0010001101100000
1111101000111111
1000111111100101
1000100100000111
0100101011111010
0111001101001100
0010100010011011
0000110010101001
0100110000101111
1001000010001100
1100100111001101
1111100101100101
0100110111000100
0101100111000011
1010110101010001
0100100111011010
0100100101110001
1100010011011000
0110001100111100
0101000100010110
0001001001000111
1010110000010110
0000110010010111
1111010001110000
1000101101111011
0000100100110011
0000001101010000
1111100101110101
1110111001011001
1000111110000000
1000100101100011
1010111010110000
1001111101001010
0100101110001011
1010111100001110
0010001100111011
0000100100100101
1110100101001110
0000110110100100
0011110101011101
0001010101100100
1100100110100100
1011010111101010
0110000001000011
1000001110110010
1001010100001101
0100001101010000
0101001101101011
0100100011001101
0100110100011111
0111000010111010
1111111110111111
1000011101111011
0111111101100011
0011011110101100
0101010001000101
0001111101010000
0111110100010000
1100101111000111
1001101001100001
1000110001111111
0101010010010010
0100100001111001
0000001001111111
1010100101110010
0001010111000101
1110000101000100
0010010111001011
0100001101011110
1100001000001111
0011010110100100
0100100011001110
1100110110110000
0101101001011101
1011100100111001
0101101101010110
0010110110110100
0100111000001100
0100000110011100
1001011001110111
0101101001011010
0111011001110100
0101011111101111
1000110000110111
0000001011001000
0001110100100011
0000110100001000
0001000001111111
1101100010011010
1001010001010110
0000000001101000
1111101111000000
1010001101110011
0000001010001011
1001010011010100
0101111111010010
1100110011101111
1011101101010000
1000100000111010
1010101000001000
1000011111100011
1000000100010011
1110110000110101
1011100010011100
1100000111011010
1001100010100101
0110011010100011
1011011001101001
1101010000011101
0010110110000000
1001111111010011
0111001110111111
1010101001010100
1011000001110001
0100010000101011
1010011001000111
0101010011001010
0001000110111110
1111000111100011
0100001000010111
0001110100000001
0000101100101101
0101011011010100
0001100010001010
1000000110110101
0111100110011101
0110011101000100
0001000000001110
1111001011110010
1110110111010101
0111101010100010
0100110110001101
0100011101010111
1101011100000110
0101111000000001
1100100000111000
0010001111010111
0011000111111101
0101100101111000
1011000110101011
0101010110011001
0001100011001010
1100101001011101
1110011011100101
1000000110110001
1010001000011111
0101000011111011
0101110110100101
1000101011011011
0001011111010010
1001111100000010
1100110001110011
0011011000100010
0100001000111011
1010110011101000
1111111110000000
0110101011001000
0010011111111010
0101110011100000
0111000000011010
0100110011111010
0100110001100100
0100100010010000
1000100101111011
1100111010010010
0110111111100010
1011000101111010
0110110011101111
0000111000011100
0011101001000111
0100001001111010
0000001100001100
0001110100000010
0001111010010100
0101111011001000
0000111101110110
1101111101100110
0011110111111110
0110000000000001
1011110011110111
0100011001100001
0011000101100001
0100011101000100
1110001111101110
1110000111100000
0100010011011001
1001111001101100
1100011010011100
1101100101111011
0000010011100101
1000110111000111
1001101010100001
1110001000110010
0110010111001111
0000111101101101
0100010111100110
1000111110000001
1101101101110010
1000100001001000
1101100000111001
0110110000011001
0011110101101101
0001010001011010
1001111101100011
1111000000001011
1110100000101100
0000101000100100
1110000100111101
0010011001010000
0011101100010101
1111000111100110
1100110001100110
0101001000111100
1011011101001010
1110101101111110
1110000111111101
1010010000101000
0011110110100000
1010011111011001
1010100101000100
0001101011010101
0110000110010011
1100011001100011
1000011110011101
1111101100111011
Time = 0.107s
