n = 11, k = 3, l = 6, m = 282
Expect Resample Times = 0.400153
Result:
10111011011
10111100111
10101010111
11110011100
10010011110
01101101011
10111011011
01001011110
11010101011
01010011111
11101100100
11110011110
11111010110
11010111110
11111101010
01110010101
11001100011
00010110111
11001110111
00111011011
00111101101
11111111010
10100011011
01011001111
11111011011
10101101001
10000101111
11111000110
01110011100
11010111111
11011110110
01101001111
00101111101
10101011110
11000010111
01111111101
11001011110
01001011110
01101101001
00110110111
11100111100
10101110111
01000111101
00011111001
01111110001
01110100111
10111110111
11100010110
11110111100
11001101110
01010101101
10010101011
11011110000
01101100101
10100111001
11100101100
00111111101
10001111100
11101011110
11101110001
11101100101
10010010111
01101001011
10111101001
00111010111
11111000100
11110100100
10110111111
00111111010
01111111111
11111111101
00101110011
01010011111
00011111010
10011110011
01001010111
11101010001
00101011011
01100100111
11111010110
11111111001
01010111111
11111001000
11100100110
11000010111
11011010011
01110001011
01110011011
01111101010
11101010100
11010101011
11010111011
10110001011
00110111011
10101110010
01011011111
01110110111
11001101010
11100100101
01100111111
00100111110
10001111100
01111001101
10111010101
10111111001
11011011001
01010100111
00011100111
11111001001
01110110011
11111100010
11110110010
11100011111
11011110110
01001110101
01111111011
01001111001
10110011110
01101111000
01010110101
11010011010
11111000001
10011011001
00011101101
11000111110
01101100011
11101111101
11000101111
11010101110
01101011100
01011110100
11010011101
10011110010
10011101001
01111100110
01001111010
01111111000
01110001110
00111001111
10111111011
10011110111
00100011111
00011111101
11101110011
10110001110
11100111010
11101001101
10010101011
01101110100
10001111011
10011111000
11111100011
11001101111
11000100111
11111001110
01110111110
10100111111
11101011001
01100011101
11001111100
00011110110
11011001101
00011101101
10111100010
11100111000
10011110101
00100111101
11000011011
01011110010
11111001111
01101111000
00011111010
11101110010
01101111110
01001011110
01011101101
10100111010
11101111110
10110011001
11101010101
01011011010
01101100011
01100111101
10111010001
11110001111
01110011011
10011111011
11111110111
11111000011
11001110010
01111101111
10011111110
11111001001
11010100011
01111111110
10100101110
10110100101
11111000100
01110011101
11101110001
01010011011
10110100111
11001011110
11100111110
01011100101
01010011111
11010001101
11101111010
00111110001
11011110100
11111000111
00101110110
10111101111
01011101110
10011111111
11101110011
11101011100
10111001011
01110110110
01101110010
00111101011
10101110101
11111010101
00010110111
11011011110
00111101101
11101000110
00111111010
10101011101
01110010110
00101110101
01011110101
11101010101
11011110010
11000111111
00110111011
10111111001
01100011101
00111111001
01000111111
10111110111
11110101010
01110011101
11100011101
11110010011
11000101111
10011110010
01011100101
11010111001
10101111110
10011010111
11001101001
10010101110
00101101011
10011100101
11010111011
01101001011
10011011011
11111100011
11001011001
10001101110
11110110111
11111100001
10111110110
11111101011
10100010111
01111111011
10101111000
10101101010
10101110100
00011110101
10001111011
11010011111
11101110100
11111111100
10111011111
10011110010
11110101011
11111011100
01011011111
11100101111
01110111111
Time = 0.008s
