n = 14, k = 3, l = 1, m = 141
Expect Resample Times = 0.446934
Result:
11000111111110
11001110111100
00111111000010
00110101000000
11101011101010
01100111001001
01000100011111
10100111110110
00010110100111
00100000001101
10010110010011
10101001000110
11110111000110
01111101001111
00111100111000
01101011100111
10100011000000
11001111001010
11001110111001
10001100001111
11111011010000
01010011111101
11001000000010
00011101100001
10110010001110
01101001110100
10000110001101
11111001011001
10110010011011
00010111011101
00000111011110
01110101101111
10000001010111
01110011011100
10000101111001
10111100111000
01000000001100
10000101001010
01011100010000
00010101101010
00111000101110
00111000111010
01011001101010
01101010100100
10010001101110
11010100110001
01001000010010
11100100100100
00100000001110
10111111000010
01100101010101
10100001100100
00000011100111
00010011011110
00110011111001
01101001011011
00100011011101
10011111001010
10110000110111
00100000111011
01100011110011
11011101001000
10011110010111
01011010000000
10100000010000
01110101100111
01100110000001
10010111010100
11100010100000
01111111000001
00101111100000
00101110001110
00001100010000
11110110010111
11110011101101
01011010111000
00011010000000
11010111110101
10111111011000
11100100001110
00111010000011
01100011111001
00001111111011
01010000001110
10000011010000
10000101100000
10000001100110
01000011001000
11000011000000
00010010001000
00000101111010
11010111101111
11100001111111
01010111010110
10000011000101
10011111100100
00010000100100
01100011111110
01111011010101
01101000110100
01110110001110
11101000100010
11010000000111
11111110101110
01000000111000
11110001101011
11011100100011
01101100100011
00110111010010
01001000101110
01101110011010
11111101001110
01011100101100
11111011111011
01001001110011
11111010110010
10101101001001
01011100010100
10011111111000
11110001000001
11010110010101
11101111001110
11011010100011
00000100011111
10111100100100
00010010101010
10010010111100
01011000011111
10000101001110
00110100001100
01010010110001
10110011000111
10100110111000
01110101110000
01010100010001
11101001010111
00101110010000
11001100110011
11010001110001
01000000101110
00110001100011
Time = 0.574s
