n = 17, k = 3, l = 9, m = 266
Expect Resample Times = 0.507325
Result:
11010011001011100
11011010110100110
11111111110100011
01101110111111000
10101001001011101
11101010001110011
11101010110011101
11000110111101010
01111110001110101
10110010011011111
10011100010111010
00111111101001110
10110111010111110
10111110100100100
10001111000010111
10111001011101011
01010111111001110
11101001011011010
00110010011101011
01101110001011001
11011000011011111
01011011100010101
11101010000111110
11110011100000110
11011100110011000
01001111111010100
10110011000111101
01010001110101101
10111011001100101
10000101111100101
11010110101101001
11100110101011110
00100011111011010
01110100011100101
10111011010011101
10101001011111010
00110011111011000
10110010101011111
01101011111001001
00110001011110111
00101111100101011
01111110110100010
11111100101101001
11001000011101110
11101011101000101
11100011111100110
10100100111100011
01011111100011011
10101111000101110
10110110111100000
00000110110111011
01100000011111111
00001000101111111
01001110110100011
11100001100111001
11111001000111000
11101000111011110
11100100111100110
01100100111110100
10101111100011110
10101101111100011
01011011110011110
00111011110101111
11010101011110001
01111111101000100
11111010011011100
11010000110111011
10110100010001111
10010011111110111
11111111010011110
01101101111000010
00001100010111111
00001111000111110
11010010111000011
01010011111011000
00011000111111010
01101101111001000
11001101011100101
00110110011101111
11010101000111110
11000101010111011
01110110111110100
11010010111011110
01100101101101011
11101100010100111
11111010001100010
01101001111011110
01101011001001011
11111110101100110
11110100110101011
11011111001110110
01110110100000111
11010100010111101
01110111101100101
11011111111011010
11100011100111001
11011100100110101
11000101000111111
11001010011011111
00100111111110111
01101110111110110
10110010110011110
10001100111001011
11111011010110011
11000100110111101
11111100100101101
11110010101000011
11101011011000101
10111000011101011
10110011001111000
00100011110101110
10110111001110111
01101111011110011
11000110110111010
11111010011011111
11011100101001111
11101011111111011
11000101101111110
10011110110100101
10110110100001111
01111110000101010
01101001010001111
00011011111010101
11111010110011010
01110101101001100
00111111000111110
01101011111100001
00011100111010110
11111011101111001
10000010011111111
01111101010100011
11010111010010010
11101001011010100
11001111111011111
11010011010001111
10011111011000110
01011111101110111
01110010110011110
10001111011001010
11010110110010001
11111110110010000
11000001010111101
11011001111100100
00111011110111110
01110001111000011
00110101101001111
11110010100010110
10010010111100110
10010001111100011
00100010110111011
11100110110011010
11010001101101100
11011011010100011
11001111000110010
11100111000110101
01011010000111101
01101101000101111
11110111001100101
01001111011111000
00100101101111011
11111110110110001
11011011101011010
11000101110011001
01101110001100101
00000111010111101
00100111011101011
11111110110110100
01100000111110011
11101011100001110
11111101011000000
10010110011010011
10110100111010111
11111000101100111
00001100111011110
11010100110010011
11001001111011011
11111010100111001
01100111011000110
11111100011111011
00101110111100100
00011111110001111
01110010100110110
01110101010111001
11101001000111111
10101011011000101
00010111100110011
11000011011100110
10100110010111001
10101110010011010
11011101010000111
11100011111000110
10101110100010110
10110100011100111
11001111101000010
11100111111111101
11111100111000000
01110111101100111
11010110101111100
01010111111000001
10111010100111010
10001011101110110
10101011010010110
01111001111111111
10010001110111111
00001011110110110
11101100001011100
11110101011110011
11100111001000110
11001100011010011
10100011110100011
11111010110100100
10010100111110101
10110100110110110
00000010111101111
11110110001101101
00101111011101100
01101011110010101
11001111001100100
11101101100101000
11011110011111001
11110110100001110
11101010111110000
10110110000111001
11010011101001011
11010000010011111
10110010111000110
01010110011001011
11010010101101011
11001111100100100
01001011001111110
00001101101101101
01011100110011100
01111011111110101
10111000111111000
11001101111001100
10101111010101111
01011100101100110
10011011110011101
01011101001001111
01010101100011111
11001100111110001
01101101010111111
10111100101100101
10100101111100110
01010111110110000
11001101001100111
00011000111010111
10101110011001110
10001100111111000
10000100111011101
00101010111011101
11101011101111100
00101010111110010
10011001011001111
11010111001110000
01110101110101000
11110000011111100
01101001001010111
00011110000101111
00011111111011101
00001111111001110
11111111011110110
01000100111111011
11111010111010100
01110110100001110
10001110101110010
Time = 0.04s
