n = 12, k = 4, l = 6, m = 797
Expect Resample Times = 0.376107
Result:
011100001110
101011100010
000010111110
110111101001
011111011000
011011011010
100111101111
101100101100
001101100110
111001110001
101111000011
000110011101
111010111010
110101101111
010010111001
111011001010
101111011011
101101010101
100101100110
111000111000
011111111000
001001101101
101100011101
110011000111
010111100001
101110101001
110111101110
111011010011
011101100001
110110111110
011101011111
010110011010
100010101101
100001111101
001011110111
101110101110
100111011010
100111110001
100000101111
100010011110
001111100010
111011110011
011110111000
010111011011
101100101110
110110001010
111000011100
100111110100
110011111111
110111001001
100101110011
111000111011
110011110010
110110100101
101111001110
111111110101
001101101110
110101111011
100010111100
101111111011
000111101100
111111110010
011010001101
110001111110
011100110101
000010101111
010001111011
011110001110
110011010011
010010101111
111100011001
001100110111
100001110110
001010111110
111111100011
110110011010
101001010101
010010100111
101011001011
100110101001
001010010111
110111110111
110011011101
110110111010
111010011101
111100011111
111100011100
111101100010
000101110011
011010011110
011110101001
010000111011
101000110111
001010110111
100110101011
101111011010
111110010001
100011111101
101111010011
010110100111
010011001111
011111111001
001111100011
110111011100
100100110101
010110111101
001110010101
000101100111
111010001110
001001111110
000101011011
010111000011
011001110011
011001101110
111011101111
001101001110
101110100010
000111110110
110111110011
001011010111
010111011110
110001111101
001101011011
101011101100
011001011100
101010100110
011111001011
111101001011
110010111011
101101000011
101011100110
011101110000
100110010011
101110000101
111100101111
011101000101
100101010111
110011110011
100101100011
011001001011
101101100111
011010001011
101101000101
111111111110
011100110111
100101101111
110001011111
000100110111
110111010001
100001101110
110100000111
111011100110
010010100111
011010111001
011111000110
001111110110
110011111000
110100110110
011100110110
011100001111
100100111100
011010010011
100111000101
010110011101
101100010011
101110010011
100001001111
101010101100
110100110001
010111001110
101111011101
010111001011
111110001000
011111110110
011011110111
111100000110
110010010111
101100011001
001101110101
110101101001
110001100011
000111100011
000110111001
100001011101
111010110111
010101101010
101011100011
110011111001
100100011110
100110111010
110111110101
000100111011
100110011101
101111111100
110111001100
100110010011
101100001101
011011011001
101000101011
100111100101
111110010101
110101101111
010110010111
110101101110
101101100100
000011111100
001111000101
001100101111
101010111010
110100111001
011110110000
000101111001
110110111101
001011010011
011111011100
010111111111
011111011100
100111100001
111001010111
101101001110
110100110110
101011011110
011110011011
001011001011
011110111001
110111000110
111010000011
111100100011
111001111010
100100111100
100111001101
000100110111
011110001100
101110010101
100111100010
111001010100
111010101101
101110100001
101110100101
100001011011
011011001001
111010010001
001011111000
010110001101
101011000011
111101010110
011001111000
110010001110
001101011100
100110111011
100100111010
110110111001
001011101010
111010011001
101011110100
101001100110
011100111101
101100010110
101010100101
111000010110
110110111101
111111110000
110110010100
011101110011
011011000011
110101001100
100111011011
101001110110
110000011011
010010111110
110100100111
001110110101
101010101010
111101010111
010111001111
101101111000
111011010000
111001010101
011011001110
111011000010
111100010111
011101111000
101111111000
101001100101
010010010111
110110010111
101110100100
101111100000
101001011001
110011110111
010000101111
111010101111
001111101110
001011011011
011010001110
010101111110
111011111011
010101100110
011101110111
111111100011
101111000101
010011100110
010101101110
011000111100
101100111100
110011111001
011110011001
000000111111
110100010110
010011010101
010010011011
111110111101
111010110010
101001111111
111011001100
101110111110
111011011001
110100110001
100110010111
111101010111
001111010111
110111011001
111111110010
011111010101
101110101101
101000011111
110101010110
001011101010
111101001110
010000111011
000100111011
101100011100
100011100110
101011111100
011111110001
011110010010
100011001101
011111101001
111111000110
111101110011
111100011011
101011110110
101111110000
101100111110
101011000011
001011111101
110011100011
111010110110
001110010110
101100011010
010100011011
000001111111
001100101111
101001011100
111100110111
111110101110
101100111010
100111101010
001101100101
110101010011
111100101011
100010101011
110101110010
111010011010
101111101101
001110111000
111110001010
001001011110
101111111010
011111010100
011111001010
011011111100
110001101011
011101100010
011001110110
000111101001
010111010010
100000111111
011100111011
100000111110
001100111101
000011101011
111110001100
111111001110
101001111001
000101111111
111100000110
101100100011
111101011001
001101110001
100111110001
110001001111
110100111010
111111100000
011111000011
110001010101
001111110110
001101011011
101011100001
001011000111
111010111000
001111100011
111111011100
111101111101
010101111000
110010111111
111111101001
100001101011
000011111100
011111111101
000011111010
000111011001
101010100011
001101110110
001011101101
100101111110
010010001111
111111100110
110101100101
111000011100
001111111111
110101010100
111100111110
111100110111
110111011000
011100001101
011101000111
001110100101
011101011110
110111110100
011101100001
001101011010
111000001011
011100111010
001010101110
111010101001
011110001011
101111010110
011010111101
110110001101
010011011010
001011011011
100011011100
011110010100
110011000111
110010100110
101000110011
111100111100
001101011111
111010110100
010011100011
001101100111
110010101001
001111010111
110010100011
111111100100
001010001111
010101101101
001011101001
011010111101
111011011100
011001001111
011111011001
101111111011
101101100111
000011111101
001111101010
001001001111
010011111101
000111111101
100111000111
010100111111
000110111001
001110011100
011100101110
110011110111
101101101110
111111110110
101001011010
000101101101
011110111111
110101101010
100100101101
011011111000
100100100111
100111011100
001100111010
100100111001
001001100111
101111011110
011001101111
101101101110
011011000110
100101111010
100100111001
010010111101
100010101111
100111010001
110001101100
001001111001
111111110100
111111111100
010000011111
110110001011
101001011100
100111111001
100110000111
101001111001
001101110001
100010011011
100010100111
111101001110
111000011011
111010010111
010011001101
101100110001
000011111001
011101000111
011010111001
010101001110
100101011011
101101001100
011111111100
111011101011
000101011011
111110110101
100111001110
001110100110
101001111101
000111101011
101001011101
001011101010
000100101111
000011011011
111110011110
011010110111
011011100110
010110010101
001111001010
110101011001
001101100101
110011001111
101010100111
110011101100
100111001110
110011011010
100010100111
111111000010
111010101000
011101011100
100111001011
100101111100
011001000111
101000111101
111101000110
001011000111
011100110110
011111011111
101011101001
100111111101
101000100111
000110101111
001110111100
101001111000
101010101111
011001101011
111111111011
010001111011
011110011001
001010111111
000101011111
110101011011
110110101100
011000011111
010110111001
100101100111
011111100010
001011100111
011110010010
000011111001
101100110001
110110111011
110010101111
001100011101
101101101010
011010010101
000110011011
111000010101
011101000110
100101111001
100110101011
111001101001
101010110001
111100011001
101111000011
100001111110
111110110001
111010111000
011011101111
001101111100
010101101110
110100101110
101111000001
101111011010
101001000111
100111110100
101100101001
000110001111
110101111100
011010110010
111100000101
011101110100
101101101111
111000100110
110001111110
011100010011
111001111111
101101101101
110011001001
001111101010
101101110010
110101110100
011010000111
100011101111
011111110110
001111011101
010100110110
110011111101
011100111101
011110000111
101001111011
110101011110
000111010111
111111001011
111001011001
101110011111
010100110110
101011100101
101111001110
011011000110
011011111111
001100101011
111101011100
010101001111
110101110001
010100111100
110011011010
101001100111
110011000101
100001110110
110001111000
101001110110
100111111011
011010010011
111111010111
101010111010
101101111001
101111111011
100110101101
100011111111
011011011001
000110011110
000110111111
110011110000
110010111011
010111000110
001010101011
100010110111
101111111001
101100001110
010110101010
111011011010
010001010111
101011110111
011011000101
011100110100
011001111110
110110110000
011111010100
101010001101
011001101001
111010110100
000001111110
101111000010
111110111010
010101111111
110100100101
110110010111
101001010111
111000010111
101111110101
001111111101
111110100110
010111010111
110010011111
111101010001
101110010001
111101011111
100010111100
111110001011
110011101000
001110110111
001111011011
011101100001
110110010011
001101111110
111111010110
111011111101
111101000001
101110100110
011001100101
000101110110
001011110110
101110011000
010111111110
000110111011
110010111111
001100111011
010011101111
111000100101
001001011101
011011010111
010101100101
110110110011
000110101011
000110101011
001111111010
110001101011
110111011111
010110001111
010111110110
001111001101
111100011111
101110011001
001010101110
010110010110
100101111011
010100111100
110110100001
000110110110
010001010111
111111001101
011101000110
011010011111
011101111011
111111010110
110100011010
110010111000
110011111111
010010101101
011011111110
110101110001
100011100011
010101110101
110100101110
100001111001
111100100100
010001011111
011011000111
011010011010
010000110111
110000111101
101001111001
011010011111
100110011101
011000111110
011011101100
110010101100
101000110111
011010111100
101010111101
110011110010
101000101110
011001111100
110001011111
100101100111
010001111001
011011111100
000011100111
001101001110
110011010100
010101111100
101011111110
111101010001
110110100101
101011110111
011111010000
110110000110
000101111100
000110010111
001100011011
101111001111
001101111011
000011111101
000111110101
111010000111
011011000011
Time = 0.038s
