n = 15, k = 6, l = 5, m = 2210
Expect Resample Times = 0.36747
Result:
000110100001100
110000011100101
010111001011011
111011110010010
100010001110000
111101000100111
010100000110110
101111011101000
100100110011111
001000110111111
010000111000100
011010011110100
011011110111001
011011100101010
101011100010011
111011011101001
000111110010110
110011110010110
010101011110010
011010110011110
001101100011101
011100101000111
001101010101111
000011011110000
111100011011111
001110100010101
001111100000110
010001010011101
010110010001101
010101110010101
111010110001101
100001101100101
001011010010011
110100100001011
110010001000110
010001111101101
111101101010100
101100100111000
100111010011100
000000101010110
011101011111101
101011000111011
001110110010101
101101011110101
100101000010100
100111010001110
011111010100111
110100110010001
000100101110100
001000010011010
111001010100100
010010011110100
010101100110101
011110010100110
010000100011100
000010001011001
001100110011111
000011001101000
110010100110111
011101110011101
100100101101011
101010110011001
111110011010100
000101010010010
010001001011000
001111000010100
101000110101010
011100110001010
100111001011111
011001001111101
111000111001100
011000001110010
110011111000001
010000111011100
100111010001001
101001011001100
110000100100100
110110111001101
100100000101100
010110010100101
010101010110110
111001101000010
100010000001110
101000011101111
110101010000001
000111101101110
110000111001101
110100111001000
110101111011101
010001110100110
101001110110010
010101110010001
100001010001111
110001100110011
010001001110110
000111101100100
010101010011111
111000011001101
111110101101110
000110000101101
101011100010011
011010111101101
001000001110001
010111101101101
111010110110010
101110000100010
101011000111111
011100001110111
011101111011100
101010000011010
010011000011001
001011110110110
111010010101100
100011101011111
101101010001011
101100100001110
110101000110111
100100101110111
111111111100011
001010010000011
011011100011011
001011110000100
011111001110000
100111010001011
101010110001110
010000011110000
101101101010110
010111101100111
100111111110001
001100011001011
110001010111011
000100001011001
000111000110100
110010010100101
111100000001001
111001001111010
110000100110110
110011100011110
101010010110111
010001101011001
101101010100101
100100010011001
001111011110010
001011001100000
011111010001000
101000000011010
011010100100111
001101101000100
110101001011001
111011000011001
110010001101111
101111111101000
010110101100010
110101110100101
001111000101100
000100100100101
111011101101111
100010111101100
101001101110000
100011010011000
000000110111101
100101000001110
011010000001111
100000001111011
010001100101001
001001011100001
010110100111011
001000101001001
111100100101101
100101110000100
110010011011001
000110100110110
010001111110111
110011010101011
100011011011001
001000101110111
001011001110111
101110010000100
111100100111001
100101001010111
111111111011011
001111111001001
011110101101100
111011011011111
101110110011100
111100101011100
010100001101101
010100000111010
111100000110010
100110101100010
100011111001000
000100100011101
110110100001010
111001011000100
001000011011010
111001001010111
011110111110000
101110000110010
010010001100111
111011101000100
100011101000110
110001000001011
000100011100010
000111101011110
110011000010111
100111011110100
010110100000001
111111111011000
001101100011010
110100111111110
100101010000110
111011100010011
100111110101010
000000101101001
101010011011100
101101110101010
001010110000001
110110111010111
111010100010000
000011000011010
010101011101011
001111011001000
011111111110001
111001100001001
111110011010010
101001111111010
110100011111100
101000001011101
110001101010101
100101101101001
010100101100010
101011000010000
011011011010010
000101101111101
110100100101110
110001111000010
011000111111111
000001110110100
010010100101101
101001010100100
101010000011111
100111001111111
000111010010110
010100010010100
001011001110110
110101100000011
001100111100101
110001110010000
010110011101000
010011010110110
110110100111010
111011101000110
010010110011000
100101111011010
001101011000111
100100101001100
110011011000111
000011001010011
011010100000110
001000011101010
111111010101101
100101110001010
111101001000111
001111010100111
101000010111000
100101001100000
110100101011111
001111000011011
000100010100011
100011011101011
101110000011010
101110110000010
001001100001111
011110110110111
011001010101110
010001001001101
110101111000101
101001100100101
001110000110011
000111000111101
010010111001110
011110010011010
000101111101110
100101011100010
010000010111010
011010010100101
111000000011101
001100111011110
111111100111101
000010100110001
010001110100100
111100100010100
111100010010010
010011011001010
001110011000110
101001010010010
110001001101101
001100111010011
101101000010111
111010010110101
110011110001010
111111001101001
001110101100110
011010000101001
100000110010001
110010101100111
010011100110000
101001100110110
101000100100011
101110010011011
000110001110000
110010000001010
111001100010000
011110011101000
101101110010100
101110101101010
010100011001010
001000010101001
001001011001101
101011001011001
001110110011000
100101101011110
100001111011011
001110000111001
001111011010111
001110111111110
100101101100000
000110010100111
011000111001101
001110110111000
111001101011011
101011100110010
100111000000110
000110110010110
101101001010111
101011111011100
111111000011101
001110001001110
000111101000111
111010101110001
111111101011000
101110011001000
000100100011010
000010000011110
110010010100110
111100011110010
110011111011111
111100100111000
101110110010011
101010110100000
000000011011001
100011010110110
111010111000110
000111100001010
010111011110100
111111111110101
110101110100010
000101010100110
000010100100111
001010011100100
111100000100001
011001101101100
001111110000001
110010100100010
000101110101101
111000000101000
010101100000111
111111110111101
010101000111010
001101110010101
100000001111001
001111110100110
110010010111110
100001010000111
011100001011111
000011011100101
010101100110110
111000011100100
100000101100011
011010111110110
100010111101000
110010011100000
000011011000001
111111011110011
000100101000111
111111010100011
011011000011110
101110000011101
011111001101101
001100101110000
000011100110110
110011101111111
111101101101000
110011100100001
000100100011100
101110100001110
111100011111010
000111100111001
111000001101011
100000111011111
001101110000110
011111100100010
111001011110110
000011000010011
010011101000100
001000100110001
100011101110001
111100110011001
010110011111001
010010001010101
010111010010111
011011001100101
111011101100110
101000111010010
100101100001101
010000000101101
110100001111001
010111000000011
110000110010100
010001000110111
110111101000110
110001001000101
100001011010010
100010011000101
001111111110100
101111010010000
101110000001011
100001110100100
111111001001111
111111001101010
110101001010010
010000010101001
110001011111100
101100100101101
010001111101011
000100110011000
110001010111010
011100011011001
000101100101111
100011101110001
010111111100000
100110100111001
000110101001111
110001100001101
101111100101001
111110101011011
110011100000000
010111001100011
000000111001010
001011010010010
010111001001001
110101111100101
100111010011110
111011100011111
001100101101011
110110110101000
001111011100011
111010001000010
101111110000010
111101001110111
000000111101010
100010011100011
010101100000010
111001101111101
011010010001001
101101110111011
111101000010101
100000101001010
101011110001110
010001101011011
001110110111100
001011001101000
001101000111001
000010010101111
110101011100100
010110111000110
100110111000100
000011000100111
010011101101011
011011000001110
110011100110001
111000101010011
001101011000101
000111001010001
110100101101101
000111101111111
010101001000010
100000101000101
011000001010001
101000011011111
100101111011011
010010001100011
001000100110110
100110101111111
000000111110010
111000111100001
110111000011001
011011000111000
001100000001101
010001010100110
100011101101010
111100100100101
100011101101011
010000010111000
001001011101101
100000111110111
000100011111111
111000100001110
010100000101100
011010001110011
011110110111101
110100001011101
001100101100100
101111000001010
111011000001111
001000010111010
011101000110110
001011100000001
110100100010110
010000100111001
110000001001001
001001110100111
100110111001010
110001100010111
001111001001001
101111111111010
111110111101111
001110010011000
111010001110111
110011100001001
001010000110100
100001110010101
000101101101011
100011110000101
011011101100100
010111100010110
000001001100101
000000110110001
010011100100101
010111100100000
110010110101111
010011011101011
001101000100010
110000001100011
100100000000111
111101111011011
101000101011000
111101011111100
011010101101110
111010110101110
110101100011000
001111001110001
000100110111011
001001110010011
011111000101010
110101101000111
110111001010110
100011100101101
110000110011101
101110001110011
011111011100111
011111101101011
010010100110001
111001111000111
001010110010010
011101000001010
110100101111111
001000100111001
000011010011111
000000100111101
010111100000001
000011000111101
110111010001001
110101001010101
110010010100001
010101101111000
001100001101001
001010011111011
100110110001101
100100111010111
000101110000100
100001101011011
001010111010100
001110001010101
010110110111110
110000111110011
110001111000010
010101001111001
111000010001110
010101001101001
011001011100100
110010111011100
100001001101111
011100101100010
001010101111110
100010011000100
110101001001000
000101011111111
101000001110111
001111001010000
000000101110010
110010011000001
111101010001010
111010100011100
111100011011010
111111010011000
011010101010100
010000110100010
000101000101101
011111001010111
010101011100010
101000100111100
011001011100101
100110011001011
000001101001101
011111000110010
101100110010100
011100001010011
101011001001111
011010101100011
001010001010001
001011110010001
111110111110010
101110001001010
101101100001001
011101010101110
111101011101000
001010010110001
001110110100011
111001110000001
110111101111010
101101001001111
010101000110010
000111101111000
010010101000110
100111001001101
010101111101100
001010001100011
110110000000011
001011101110100
111001101101101
111000010100111
001110100010010
101111101100010
110101011101111
010111000001001
110101101111110
011100011111001
010001010011110
110100000010011
100101111111001
010101001100011
110010001111100
000110011011001
000100100011011
010110101110110
100001000010110
110100011111011
101111010010101
100010100111010
001111100000010
011111100100010
001110100100111
000001011111011
101001100100110
111001100110001
011111011101000
101010101011011
111100111101000
101011111100101
111001110100100
101111010011111
000111101000011
011110101110000
011010101001111
111110110010100
100001100101100
101010001010101
110001001010110
011101100011011
100010110000011
001111111101000
110011111100011
100110000011011
101011011110101
001011001001111
010001001111010
111000000100010
111111000110001
001011001010001
001100011100001
011011111111100
011000111010010
010010110010100
100111011110000
110011010110111
011001100001000
101000110100001
111011011100011
001101001010011
100110000001011
010011010111101
111110011011000
101111111111100
111111000111000
000111010101110
011100101000001
001111101001010
101100101000101
010100011100111
100100001111000
111101000111000
001001101000100
100011000101110
010001010111000
010010110000111
110001101101000
000011110000100
000101110001011
010001111000100
110000111100001
111001101101111
011000101000110
001110111101011
100101101101011
111001000011101
010100101001100
110110011010111
011011001000001
000001101010110
100010010110111
000010101011101
101011001000001
111000100100001
100111000000110
110100010100001
010010101101101
111010101011011
001000001011111
110111011110010
110100110100001
000010010001111
010011010011100
111011011011001
101101110011100
000111111100011
111010101110101
100011110101000
110101011101010
111110111010111
011110110100110
101010110110101
011111010100101
011011001001001
101000101111001
011101000011110
001110100001111
010100010110111
010010001101111
110011100000011
101100001111011
100100101100001
101110110001100
011011011010100
000100010010011
010100010111110
100111101111001
011101010011010
111011111011011
101000100100010
110001010110110
011011111000001
001101110001101
101111001000010
001111101010110
110111111111000
111100001110101
001010100011110
000011011111101
010110001110111
001011000110101
101001111111100
001110010001001
001001010000101
101100011000011
101100001101010
001011111011101
101111000101101
000110011110111
111000011011111
101111110111110
111100011000011
110110100000011
110100000111110
011100001011100
110000000100101
100110101010100
100010000110110
010100000110010
100100011101010
010101001100111
110010100110111
100100011001110
100011101101111
011100100001011
100010111000110
111111101000100
001101100100111
111111000011111
000110100000101
100010100110101
010010001101000
111011111100011
100101100010000
101111101010111
100111011101001
100110111110101
000000010111100
110011010101111
100010100000101
111101101110101
000001011110011
001011110111110
111101101011101
000111011111100
110001100100011
111110111001011
000111010100110
110001111101001
001100111101010
000000111011000
100001111000101
110101101001010
000010011000011
110000111011010
111110010111110
101101111100111
001011010110001
010000011011111
101101010100000
110000010100011
010011001011000
011010001101000
111101111100110
111100011000100
001111100101001
010010000110011
011011000000101
100110100000110
011110010011101
111001011101111
100101110010101
010001101010010
000001111000011
011001010110010
000100110001110
000100101110011
110001010000011
001110001111010
110010000111101
001000110010001
110010001111110
001111111011110
000000001111111
010000111010001
010110011111011
100001101001111
100010111011101
101110110000011
001101001000111
011110110010100
000101100001011
000100011111111
111010010111011
010010101100000
011101001110110
001001000100111
010101010101101
011110010011100
111110010111111
000011101001001
110101000100011
001010110001010
011001011011011
101100100010001
110100100111111
110111001010111
110110000000010
101101101011001
010110101001111
011001010111001
011000101000010
111000010010100
001111111100111
101000001100100
010111011010011
110110010100111
011010011001011
000110110011110
011011010111100
010011001101010
100000111011100
100001110111000
110110000110101
011011010011101
101101100001001
101101101000001
001100101100101
000000001011011
111101101000000
001110100000110
011110000011011
000010001111101
011110100000111
011100001100110
101100110000100
110011000010101
001111110100001
011101000010100
100011110100010
001011110111010
001000100110100
001100010111011
000011001010110
010100011101110
010001010101001
000011000010111
111011100001111
110000100110010
110011100111110
111010100010110
010100010010100
011001100101110
100001001011001
010111111000101
011000111001110
111000100100110
000100110111000
101001110110011
001010110000101
010001011110101
101100110001010
100010001011010
000010011110100
100011000110000
011100001010100
010001101100000
010001111111111
100110111010010
111001001001001
000001110101010
110100010001101
010000011011110
000110110011101
001000010001111
000001101010111
111010111111001
101100110111010
001010100000111
001001111101111
011010111010000
110100110101010
101010010111101
010100110100000
000110111011110
101101010110010
101100000111011
111010101111101
101000101100000
011010110010101
110000100100011
000001111111111
111111010010111
101011001001110
100011111001011
110111101000010
011000011000011
110110000110000
011111111010000
111110101100011
010110100010110
001100110001111
101110010000100
111000001010110
110101000101011
001001000110101
010010101100001
101010110011011
110011010111110
011010011001100
110001100111010
000111101111000
111011101100100
100011001000110
010110101111101
001101110010010
101100010100000
100101100011001
001101010011111
100100110110110
101011100001000
111000001011000
111000000101001
110000111111000
011101110010110
010001000100111
110100100101110
110001010101010
110101111111010
100111101100001
000011110101001
010100001001011
000011001001100
011110010100000
101101101111000
111100000000111
000010001111001
011101011000101
101001100100010
110010011011011
110110111110000
101010011001001
010100010000110
000000010011011
011000010101110
000010011001011
110010000010111
010001010011011
110100001101111
001101101000010
010010100000101
100010101011100
001111010000000
111110000101110
000011001000110
011101011101000
111000101101100
111100100000000
101100100000001
010011101001011
001111111100010
011010000000110
111101111101001
101001001100111
100011011001000
101011010011100
100110001101101
000001110110101
001101100001001
010011011011001
100101010000110
000111010011001
101001010001100
110111111000000
010000111010010
101010000010010
111110000100100
000010011101111
111011001101011
100101011100001
100000001101001
001000100010011
010101101010111
101010101110000
100100000111000
111010111111101
001110010111110
011110011111011
011011000010010
111011011101101
101101110101000
000111110110011
000010010011110
011111110111110
001111000000001
001010111110001
001011100010101
000110100011100
001011000010010
100010110111111
011011101110011
010001001101100
100011011100101
101000010101011
010111110011010
101101111001110
000001101001110
101100110000000
110110010000011
001100111001110
111110100001000
000110110111101
001110101101111
111110111100011
100100111111010
010011010101110
001110011111110
001011111101011
111111111111000
100110010100101
001101111010100
111000100101000
011111110111001
111101011010101
110011110011111
100001010111100
010000101110010
100010110110100
110000101111001
001010110100100
101101101110001
100010010111111
010101010110110
000100011011100
001000100111000
000110110111110
010010110101001
110100111100111
000010111011011
101111110111100
010101100101111
000110110010111
010010100010100
100110001100010
010101010111011
101100111010001
100110010100000
010100010110101
100101000111100
111010000010010
101001010101101
101101101011111
110001010101101
101101011000001
010110111111100
101110001001011
001101100010111
001011000101110
011111110000011
100110010011111
110010110101010
001011111000000
001110110000010
001000000101011
000110011010010
000010111110100
000001111001000
111001000011000
100101111000101
111101110011010
101101100000010
111011011010110
110001100011011
111001101100011
110000011010001
101100101010010
100110110001000
011011000001110
000010000111101
010001000101111
010011110111000
010011111001000
101000111111101
100110111011000
110110110111011
110110101011001
010111100110110
101011101010101
111010100110011
001110000001110
111100111101001
110000110011101
010101000101100
100111111111000
110000111110101
000111111111100
010001100001001
111101110001111
100100011111011
010101001110010
100111111011000
011010101010110
000001111111001
111111001111110
010000101111100
001001101001100
110011110100100
000111110111111
000100110101011
101110101010010
101110000001100
010011111101011
001010101110001
010101010000101
000100001111111
101000100101111
100111010011101
110001010101000
011001100001100
001111101010101
100101100000001
011100001111010
001101010100100
001101001011100
100111001111111
110100011010010
101000010011011
110010111100000
011100101011100
111010000101000
110001111100000
000001111101000
111111100110100
101111100101010
111000110100011
001111000110011
101011100110100
101001111010101
000100100011101
110001100111100
100001001001101
001111010111100
011110100111110
110001111101011
000010110000011
001100111011010
010110101001010
011010011111111
010100001100101
011000100010010
100010100111111
100110000111001
010110101111101
011110000010000
001100000110100
111100111101001
010011000011011
100011011100111
010100100101111
010001111000010
010100110000110
101100111111110
000100110101101
011110101011000
001110011010100
001101111100111
111101000111001
001001001111000
100101011001110
111101000011001
101110000101011
100010101000100
000100100011001
100101011101001
010100101100011
100111111000100
011011011011010
100111100110011
010001011011110
101010110110001
110110110011000
000001110111101
010111101000001
011111010001000
000101010110000
111110101111011
101111100100110
011101001001101
000101100110010
110100001000001
100100000111111
111011001010010
000000011100111
001100001111100
111000010001001
011111000011100
101000010101000
011101000001000
011000010111011
011101100111001
100000010101001
100110110010010
100101101001000
101100111011111
001101110101110
001001110111010
011110110111001
100101011010101
001101110010010
000001110001011
101000000110011
011001001010100
011010101100010
011111101000110
100110101010111
000101001001001
001001110011000
011111010011010
100011110010000
010110100011011
100111111111110
011001111010000
110010011000001
111010000001101
001111110101011
111110000000101
101010001111100
110000011001000
101111110000010
100000101001110
110111111000000
101101000100111
011110111000010
100001010110000
100101011001111
000011101010010
110100111010110
110000111010011
011010111001001
110111111010000
101101111100100
010101110000001
000001011111110
110010010011101
111110001010011
010111010111101
101111000001010
100001101011000
111111011100111
110000010110101
011101110100000
100101011000110
111001001100001
111101000000101
000011100110100
001110010001010
101100000001111
111010111001111
011010010010110
111001101010100
101110101001101
101110100111101
110000111010001
111010001010111
101011011001111
000101000110110
111101000010011
000011010001101
011011000010001
000100011001100
100111100010010
111111110110101
011101101000001
001101011111101
100101110000110
001110011111111
001011011011100
000111100000100
101000111100110
100110011000001
010100100001001
101100011001100
101110101111100
111001010010001
010001101001000
000101000001101
101011000011101
110111010011111
001010100110010
010100000110101
101110110000101
010111110101011
110110011010111
011011011011110
100010001000101
100111111011000
001000111000010
000111000010111
101011111100011
101101011010000
001010111101100
011010011100111
101111011001010
000111001010011
001001100101010
011101000000111
100011010111010
010010110111011
100001001110011
100000111000011
100010100101001
101101010010111
011110110100000
100111101110000
101110100001110
110111010100011
100101111100011
001000101001101
011110100100000
110010100010110
000011001011110
110011011100100
110101000011101
001111100001010
111011001101100
001010011010011
000110101000100
011001011011010
110000100010011
111110011101100
010011011010000
111110001011011
110010100101101
000001101011010
001100010100110
000101110110101
010110001010101
111111010111100
101010111110111
011001010001000
001100101000111
001100010111001
000110100100011
110101111100101
001001101011101
010001010011100
100011100100000
011010110011110
101010100000001
100100101010010
101110000110011
101000111100111
010001111010100
000110010100100
100100100011010
110000110000011
110010100110100
100001111111000
100111001101111
110101101011110
010101000101100
011001101100101
001001000011101
011111001110110
111010010111001
101110101011110
010001010110100
010101111100110
010001001100111
100000110000110
100100001000111
011110110011101
111000011100001
110100011011001
011110111111011
110000100011101
101111101110110
100001100101001
001001100010110
001111011001111
011011010010001
011101000011101
010011110101100
110110110110001
100010011110001
111111000110011
001011101011000
000010000111011
000111110010010
000001000011011
110010011011110
000000101101111
000111100000100
011001110111110
111000101011110
000001101110101
001100100011010
011110001010010
110101001100010
000110111111101
001011001100010
000000110111000
000000001111110
101000101001111
011000001000111
011010111101101
101010001100011
010000010101010
000111001010111
101101111001000
111100101000101
001011000010110
000000110010101
011011000011011
101010110101100
001001001010101
011111001001101
000001010111110
100101010110100
110111011100101
010110100001001
010111111010111
011111100100101
101101110111000
111110110111010
111100100111010
111011001101101
001111010010100
111000010100111
011001010100110
011001100101010
110111011101000
010101100011100
110110110111001
001010110010111
110100000011011
001100011111001
010001000011101
111110010001100
001000010110001
111001101111001
010001101001010
011001100010011
001110101101010
111001111101111
100011010100111
011000110111101
011001011111010
100111000010101
100111101000100
001001010010110
011101100001001
001101111011000
011100011000000
111010011011000
101101101011111
110010000111000
001110110010110
010101011000010
010110100001000
111101110110011
111101100101010
000011001111010
000101011010111
110100110010001
101001101010110
011010010001011
100110101111011
110110111101011
010101001001010
111010110011111
100010101100101
101001000000110
110111110001011
000010111100011
100011101011111
101010111010001
000100001110100
110101100000100
111011100000111
111010011101101
000001001101010
111001001000111
111001100111110
001100000001101
100110100101001
100101011100110
110110010011101
010101100001110
011111111010100
001001010010010
101100100111001
110100110011010
110011111110011
100011000001111
101001100111110
111001010110110
101000101101100
111001111000101
101011101001110
110010000101101
010001010011101
101001011111000
111110000100100
101110011000001
010011010011011
101100111110101
101100100010000
100101000100101
011010001011000
111101001111011
010100001101110
111010010110000
110010011011010
001001001010100
000010111011101
000100110001110
011010010010101
111010011110110
001101110101000
100001011110100
111000101110101
111110010101101
100100111110111
000010110101010
010110101010000
010111110111100
111001001100001
110011100110111
111100101101100
000100110000101
000111001000001
110110010000010
011110000011011
101010010000101
111101000100001
100011011000110
010100101101110
000110111001010
010110110010011
010111001010111
101010100011101
001011010100010
110101001011110
101101010110001
010101010100010
101011100011101
100010010011000
011011101011100
111011100011110
001110011001100
011100011111010
110100001100100
100011101001100
110111100000001
100101010101101
001100011010101
000010101010111
010011111101001
110010001010110
111011000101010
000010011010111
001010100011110
010100100101010
110111100111010
100000110001010
101001000110101
011001010001001
101101010001110
101111101111011
110101101101000
110011111101001
010000110100011
001011010101001
110100000001110
111001010010110
100000101101010
111010000100001
111011110010100
010000100010101
100110100000110
110100011111101
001000010101100
100010010110000
100101100100011
000101110110000
110000111010110
000111101110010
111110001011001
110100110111100
010110000001100
111101101000101
010101111011010
101111000110000
100100101000110
101100100011111
010110000110000
111001010010110
111111000110100
111110111101110
001000110001111
111101000111110
000100001110010
110001000110110
011000000011101
010110110000001
100000011101110
111011011101001
101110101110010
101111011010010
000010101010001
000010000111010
101100100000110
010101111000110
101111000100001
001010110111111
110110111011111
111101111011010
011111101111001
110100101010010
111000101110100
000111101101000
100000011001110
101100011100011
010111000110100
111000111010100
010100110100011
101011111000101
101000111001001
110111100101101
100110010110011
100010000011010
000010101101000
000001011010100
110001000000101
101110110001101
100101101101010
101010110100111
001111001100001
110110101111100
001001011100010
110110101101101
110011100010100
010011111111001
011010101010100
001111010000111
110101000100101
110011011001000
011110010011010
101001011100000
001001101011100
011100110101000
110010101110101
100010010110100
000001111011110
010110011110110
000100101000101
000001010101011
111001101001111
011101110010000
001010010100101
110000110011000
000111011011000
011101101110110
100110110111111
100001000011101
101011000010111
000101101010010
100110110010110
110011100011001
000110011011011
100010101100000
011011001100010
100010111100001
000011101010100
011101001101101
010111110101001
011100101001110
010100101101000
111110111110001
011001101011100
111111111101101
001101111001101
011010001110010
100001000111011
101011110110110
111000111010011
010110100111101
101111101101011
111010011001001
100101101000111
101111111010110
111011001000100
110111111100001
001101100010011
011110111101111
110110111011010
001001111111100
001111001101111
111011100011011
000011101001000
100001110111010
011110101110110
111110101101010
000101001001101
101011100000010
101011101010000
110101010011010
010101100100011
100111000010111
011100001100011
000000111011111
001101011000011
110100011100010
010111100111011
100100110000111
111011100000101
011110100011100
101011000110111
011011100110111
000001110101011
011000101011010
101010111001110
101001100100011
100111011011111
001011101001110
100101000011110
110101111110011
001000100111000
101000000001110
110100101001001
101011000100011
101110001000010
100011001100001
010111101011100
101110010001000
000001010011010
001101110111010
010100111110000
001101100001110
011011010011111
000000101101001
000011001000111
000110110100001
100010101111000
010011110101000
111000111101100
101101011000011
001011101010100
000111100001110
011010001110011
000001000111101
111000100101110
000111110010001
111100110100111
110100100101001
100011011000111
011011010010111
001101000110110
100110001000111
100100000101010
101100111000011
011001001011101
011111100010111
001011010111011
010111110110000
110010000101010
001011000110101
011111000110110
101100010011000
111001011011110
011010100110110
001100110110100
100101010101000
110000001101011
101001111101101
100101010000111
111111111110011
110010001001100
110111001110001
000001100011011
100110010110010
101110110110001
111111011011000
011110011010000
110001100100000
011111111100000
010100110111000
100010111111001
110110100001111
110111010011100
110000000100101
010101011001101
001100000110001
000011100100110
010100110110011
000111100100111
001011001101111
010100011111001
010100010000111
011101100001010
110000110110101
101100000101111
101011100010111
100001010110010
111010111110111
001101101000010
110110011100101
100110101001010
011110110110000
111100101100111
011100000110001
100101000111100
011000101110110
001000011101001
111110111001101
010111100010000
111000010011111
111110010011000
001110110101010
110011100110101
111001110000011
111111011100010
011111001001000
000101000110110
111000100010101
100011000011011
011000110010110
100110001010111
100001011110010
010110011011010
011000011110010
110000000010101
101110001110000
100101111011011
001101110011000
100011100110001
011011100101000
001111010110001
101110101011000
100010111010000
101101000011000
100010110001111
000110010100011
011111000000100
010111110101000
111011101100110
011010011000010
100010001111011
100110110010100
110100100111100
011110101110111
100000100101001
100011001111011
100110111011101
000010101001011
111111100001100
100011001011000
100101110001011
011101010010100
111001001110110
100100000111111
001110000110000
110000111001100
011101000100100
010110011011101
001001010110100
011101100000101
001011011001000
101000011110110
011101000111000
111111010001011
011011011010101
001010011111000
110001011001101
010110001111110
001100000101011
001010001111110
011110011100010
100011010010101
010001001000101
110100100111100
010111100101101
110011100011001
110011010000101
100011110010011
101001000101010
111101111011001
100000110011001
111100100100110
001111010010100
111011011100000
101001000001110
010101111011010
000100110101000
000110111101010
011111000001101
101011001101101
111110110110101
010010011101100
110111011110100
010101010111101
001010101010110
100110111101100
011001101000101
010010011111101
011101111110001
110100011001000
011101111001001
111001000101111
111110000000010
000010000111001
011110110001010
010111110110000
111010111011111
001001101011100
000101010111110
000100100110001
010111100110111
101111100110011
100000010011011
110001111001011
101001101111000
110101111001011
101110111101001
011101110011111
111010010001101
101110011001011
000001011010001
101100110101001
100110110000101
011010110000111
000011100001111
111100011010011
101001101010010
001011101110111
100011100010110
101000100101110
010011110001000
110111000100111
101101001010100
011101110001110
000110110111001
011100001111101
011000111101001
110100000110011
001011101110101
111001101010010
110110110011001
111011101010010
001000110101011
101010010011101
111001110001000
111111000010110
111010000011001
100100011100101
100011101110111
001101110001000
010000100111000
111010001000011
111110001000001
110001000010010
110100010111110
000101100111111
001000101011101
110110111011000
100101100010110
101100010000110
111101011001111
101101001000000
101111001010100
110011001111011
101010101001010
010001101100010
111011010110111
111110111111100
110011001011011
111111100110110
001110111100010
100010001111011
001010010000111
110111100100001
111010101010001
010011111101100
110110010110001
111011101001110
011101011000111
111011111111100
000000011111101
101100011100101
111001011100100
101001010010011
101100111001100
001001110000101
000111111101011
011100010111101
011000011101100
000001101110101
011010011010111
101110111100011
111000100100010
100111111010011
100000101010001
111100001111111
010110101000011
010100000101110
001101100000100
111010000011100
110101101001000
110011101100111
111110010000101
111100111000000
100111000111001
110110001110010
010001010111100
100010111110110
100100101001111
100010101011111
100000001111101
001001011000100
101110010100100
111000000111111
000110101100111
010101011110110
011100110001110
101110110110100
000001011110010
111011100111001
011100010001010
010010110111101
111001011100100
011011010110100
000101000110001
100001001000011
110101111000110
110000101011010
110100000000110
010011101111010
011000011100010
010001111100110
001110101110100
101101000110011
101001010000001
001110000001111
001110001100111
010100011001001
011011011010100
111110010111011
101111100011010
011100000111001
100100101001111
110101001111001
111111000111000
111000100100011
010110010000111
101110010010101
111111011101111
111011010101100
001001110001110
101100101101111
010011001011011
010000011110000
110100010101001
100010110100010
100011111001101
010100010100010
011010111000101
100000100011101
010000110001011
111010100000001
011110100100010
001001011010001
010000111100110
010010111101011
111111010011111
011000111010011
101111110101111
000101101110001
000101001100111
001111010111111
000101110010011
111001010100000
011011101111001
101100101100000
100100001111100
110101001010010
100001110010100
011011001110011
000001110010001
110000100110100
110011010111011
000101110101000
011100100000001
100001110110000
111001000100010
011011111100111
001010101100101
001101100011101
011110011011000
110100011110011
100101110100010
101000011010110
011101001111000
001111001100000
111000010011111
111111000101100
011111101111100
110011000110100
001000100100111
011001010100100
101001100111100
101110001101001
111010010101111
111011100101110
101111110001011
111000000010101
101000110000001
100101001110001
011111010101110
011111101100110
011111000100011
101000111000000
100001110001110
101111101010011
010000101111000
110010000111111
010000100110111
110011100011011
101000111000001
100110001000001
Time = 1.835s
