n = 17, k = 6, l = 3, m = 1650
Expect Resample Times = 0.369579
Result:
10011010000001011
00010101011000100
00011110110010001
10010101111001000
11101100000011000
00110000011010101
10011000111000000
11111100100101110
11000001001100100
01100111000011101
01100111111000011
00111110101001101
11100000000000100
01010011000100101
01001010100101001
11001101010011111
01011110001011101
00000100011000111
00110011011111101
00001000001110001
11110110011011111
00111101111000111
01101000010110110
10101010011001011
00001100111111100
10101100001000101
00010000001100000
11110110101010011
10101001101100111
01001111100111011
01111100100100110
00000000101000100
10111111011111111
00100001001010001
01110011010100011
01110110110000001
10110110010100010
01111011001000001
10101010100110101
11100100010100101
11000001100010100
10111100100010011
10001110111100110
11011111011010010
11111101000011001
01001011111110001
11001100101110101
10011101110001010
11001110111010010
01100000101110001
00011010001100011
00010011000110101
10000100110001001
01000101010011101
11110000100010001
01000110001111000
00110001111110011
01001001110110001
11001111100000110
01001011101010000
11100110000001101
11010000011001011
11000111100010101
01111001010000001
01001101000001011
01011111011110110
01110010010110100
00100111000011111
10000001100111110
01011001101001110
01111011111001100
11110001011111101
11001111111000001
10110011101000010
01001001110100000
11101100000001101
10010100010110111
00011100001111100
00110010011000001
00101000001110000
11001110110100010
00010011011100101
00011111000001011
11110000111001110
11100011101010011
01100001101001010
11110101000101000
00001100100010110
11101100010100001
11000110000000000
10001011110010110
11101110100000100
10001000010111011
11101000111111111
00011000010110010
01101100001010011
00100001010001111
00110111010110101
10100010100010011
10001000000101010
01100100011000110
10101100010111111
01000011111111110
00011001000101100
11011011010001011
00110010111010111
11111011100000101
01010010000111110
00001111000100111
10110010000110010
10010100101010111
01111111101010101
11101010011111110
11010101001010111
01011001001000110
01111001110000001
11100111111110010
01100011001010011
00100010001111011
00111100010011011
00010110111000110
11111110010011001
01110100101000000
11000111101100110
01001111100110000
00001011110100111
01011000000100110
01010000011011110
01110000001101000
11010110001011111
10011110110110010
00011001111011101
10111000000000001
00110000011010011
00010100111101010
10101010110100111
01000001100000110
11110001101100110
11100101100101101
11101011110110101
00000100000110100
01000001010101001
01000000010101100
00101100000011100
11011001111101010
11101111110111001
00101001100011000
00101011011100101
10101101001001011
10110011101100100
11111001000111111
10101100011001100
01101011100101010
10111100010111010
00000100111111010
10001010001111001
00010001011101110
10001000101111011
10000010000010111
00001100100000010
10000011110100110
11010010000100010
11001001000010110
10011000110000001
10110110101001001
10100111011000000
00010111110001000
01001011010010000
00000010010111110
00011000101010010
01100001011111010
01011110110000010
10101000001000110
01111000001011011
01001101110110001
01011101111111001
10111110010100101
01011110001111011
11011111110100111
10010101110110110
10101101101100101
11010101010010011
11001111111101100
00111100101011000
10010000100101010
11100100010111110
00011100101111000
11001011001000010
11100100111000100
11001101010001101
10101001100111111
11010000101111011
01100000100000110
11011000011010101
11001001101011010
11001101001011000
00111111010000000
01101011010101100
10101001110110100
01001000010011101
11110010101000010
10001010100111011
10011111000110101
00110000101001000
10000000010001000
00000000111101101
00011101010101100
00000011001001110
00111100110001010
00000000011100100
10011000100010101
10100000100110010
00000001100111010
11001111111100010
00001010011000001
01000010100101000
01100110101011100
01010001001001001
10111110011001111
00001010111101100
00001000011000010
10111001111100111
00011111001001000
11100000100100111
11110101101011100
10011100000010111
01111010010000101
11110001111101001
10011000011110111
01000110011000001
00111010011011111
00010010010011001
11101010011110010
01011100010011101
01111001100111000
00000100101100011
11110000011111100
00100010010111010
00101111000110001
10010101101001000
10010011010011111
11011101000111011
00001100111111001
00100110110101111
01011001011000101
00101011110111101
01100010111000101
00000111010110110
10110100110100001
01111100110001101
11010100001111101
00000111000101011
01111110101001101
00010111111011101
01100010001111001
10011011010110000
11101000010011100
00010000101111110
10001001010100100
11000111000100010
10100111001100011
01101000111111011
11111011011100010
11110100000010011
11000010010000000
11100111011011110
01010111001011010
00001110111000001
00101011100001100
01001011100000001
10100111110001110
10000110001101101
01101100001010011
00111110100101111
11011000001010101
11010100010111000
00000011010111101
11000110101100101
01010110101101100
00011110000111101
11100011000000011
00100000011101000
10100001110110101
10110001101101100
11001010100000100
00100010101101101
10010000110101111
00100010111001110
01001001110000101
10000000100000100
11101100000101011
11100010111011111
01100111101101101
00011011010111110
01001001111011111
00101111101111110
10000101111101100
10111101100010010
11000111100111010
11110010001101010
01011111000000011
00011110111011011
01010010111011011
11011100011010100
11001000011101010
11111010110111110
01001011101110011
11010001110110111
11011010011100011
00111100100110101
11111010001011000
10110101100101010
01101011000010010
01100000111110010
10111011100101010
00000011001111110
00010110001110000
10000101100110001
01101100000001010
00001101100000101
00111111111100000
10011000100011100
10111001001110101
00110111000110001
11010101100010101
11011100010101000
01101011111000110
00100111010110000
00011010111000011
01101100101111000
01000000111100000
00010001110010001
10111000100010011
00101101110101001
11001101010110110
10011010111010101
11001010110010110
10111101001100011
11110110100001111
11110001010111101
10101000111110001
00011100110111001
01000011011100110
00000100000111111
01010000011010100
11111011101000101
10111100110111100
10010101111010010
00000000100011100
10101001010100101
11010101011110110
10000001111000010
11010010110100000
10011111001010011
11011111110101000
00001100000110100
10001111100110010
00101000101010111
00101001001001001
00101011100001100
00010011011010000
00101101010110100
01101100111000101
11000010101001000
01111010011001110
01001110000110010
10100100101001110
00100111110101110
10011101001011001
10011010010100100
01011101100010110
00100101101001010
00000111011111011
10111010101110111
01110001000100110
11001100111111100
00001100110101101
01000001000110101
11111001000000111
00000001110001001
10001101110000001
10110000101001110
00111011011000110
10011101000111011
11000010101010100
00010101011010000
11001111101000010
11011001101011010
10010111110010100
11111010101100000
10101000111111001
01111000011001010
00111011010010101
00001111111000110
11010001010001001
11111101011001010
10010101101111001
00011101100001011
01001001111100000
01010011100111001
00101110111011010
11110110010111100
11101000100010100
10011101100111110
11000100001100100
10000111000010010
11101010110011100
00110110110110111
10001100100001010
11110011010111010
11011101111101100
00000111100111001
11110000001010001
00010101100110101
00101011010111111
01001001010100100
01101110001100011
11110101111010100
00011111101111000
11000000111110001
00000100000001110
11001111001010000
00001100100001101
11111110100100000
11011011001010101
10110001010001011
00011100011101101
00111011101011011
00011101111001100
01111001010001101
11001111001000001
11000110111000110
11001011101111001
11010010100001000
00001010011110010
11011111010111010
00110001000011101
01110100100100011
00100110111000111
10011001110001111
01100101001011011
11111000011000001
10101001001111010
11111010100000101
10111001001001001
00011110000010000
00101011000111010
10111100011110010
01110000101101000
10001100001111101
01001110101000111
11000101100010011
00010110111011011
11001110010001111
01111111101110001
01101010010001101
11101110110101001
00011110100010010
11110011010110011
10001001110100100
00100001111110100
00010000101011011
00100010110010010
11111010101111011
00001000101100001
10011000011011001
01101110011101110
01101101111011001
01110110111000110
11110000100110001
11001010110010001
01101100010101001
00001110010000001
10100101010111011
00011110111011001
00100011010101101
00111110011111110
00100011110001010
00010001011100100
01001100001110011
11010001000110111
10011010011010000
10110010101010100
00001010011110101
01100000001001010
01110010010011101
00111111001110101
01110011110110001
10011110100101110
00101000011110111
11010100000001101
11001111000000100
00011100110100111
10101100110000100
10010001100111100
10100101100101101
00010111000111101
00000100101011111
00000001101000110
11110001011011111
00001101011010010
01111100001100100
11000010011000000
10110001101010110
11010000010011000
01110000011101111
10110001111010011
11010001111100001
11101001010010100
00011010011010000
00101101000111011
00101100100010111
11100100111100001
01111000111011000
10001011111010100
01010110111101010
11110100110101001
10000001001111011
01111001010010100
00001110000000100
00010001101100011
10011011001101001
10101100111110111
10100101000100000
01110011101100100
00010111001100111
10101101010000011
10111110110001000
11111010010000101
00001101011100000
00110111111101111
10011110111110010
10011000100101101
11110001001000011
00011111110010001
11101111100110110
01101000110010110
10000011111010010
01111100111110100
10100011101111111
11010110001100101
00010011011011111
00110100111001011
10101000110001100
00000011100111111
11111001110101101
10111001100000111
00011110011100000
10110110110101101
00011001111110111
00100110100111011
01100010010010111
01101101010001011
11110101001101101
10111011110001000
10001000011110011
10010010101101110
00100011010111000
00011100110010001
11000011100100001
01110010101110100
00110011011010000
11100110001110011
11111011101110110
01000010000010100
10110110010111001
01000110001110101
10011000000111100
11111101110011110
01111101011100010
10001000000100100
10011000100110101
10000100010010100
00001010100111101
10011001011111111
01001111011100001
01111011000100001
11110000000001010
11010010000010010
00100111000000110
00001101101110101
01100000110100011
10011100000000111
10111000011001001
01000001101111101
01111011000100011
00001001100111111
11100100111100011
00010001001000100
11011010111111000
01011010000000101
00101000110101101
10100001010011100
10001110011011100
01101010111111010
10111011111111010
11010000011011010
00101010011011111
11011010110010011
10110111110001010
00110111111110011
01100000000010000
10011011111011011
01000101101011100
00000110011111111
11100001011110110
01011111110011100
00000010001011011
10110111010011111
10111001110111000
00010001100110111
11110000110001010
00100001001000110
10000000101011100
10101011010101000
10000111110111010
01010010111011101
01000101001001010
10011111100000001
00011001101110101
11111000101101000
00011111010111010
11010110100110011
00001111100110011
11100111111101100
10111101010000011
00100010011101111
00000101001111111
10101110000111000
01010011000000001
01011010110001111
00111000100110110
11110011111010000
01001111010000110
00100001101000010
01101001100100000
10001111011100001
11000010111100111
11010001000100000
00001001001010001
10110101111010101
01111000111011010
00100010000100001
01011111001011010
01101010110111100
10110110010011101
01110011110001010
10111001010111001
00110000010100011
01110100000011111
11011010010111111
01111010010110011
11010001100001011
11010101010100000
10010100100111001
11100110010100111
01000100111101001
10001010010000101
01010101010110111
11110111101001000
00000101010001000
11101000111101001
00101101100111100
11110110010101010
11010110000010111
11101110110110010
11010011111001001
10001101101111110
11001100000110101
00010101000101011
00010001010001001
00010011000100001
00011110000110101
10100100100010100
01111011001101011
01100001001000101
00001011110000101
10011011100000110
10111001100010100
11010000101111000
01001111100000000
01101111101100111
01111001011111001
10000011001100000
00110001010100101
00100101111001111
01001000001010111
01101010100011111
01010100100111010
10001001010111111
01101110001010011
01000010100010111
00100001001100001
00011111000011101
00111101111110101
10100001111100110
10000101100000010
00110101011110000
00000010001010111
01000011111001111
00110110010111100
11001011111110000
00100110111100110
10101000000001110
10011111111111001
10100101100111111
10100000110100111
11110000101111111
00010111010010101
10101100110011011
11101101000110110
01111011100110010
00101110001100010
00010110001111000
10101101001110101
01111010101000110
01110001000001110
11100011110110100
00000111011100000
11111100110010100
00000011001110011
11111000010001010
10010010001101000
11001101110100101
01110001011111001
10010110101111011
11101000001100100
10100001100101101
01111110101100110
10100000010101100
01000000010011010
10000010101011001
10101001011101100
11100001100001011
10011000011001001
10000100010010111
10010011110010100
11011001000100111
01011100000010000
00001110001011101
00010101111100000
00111000100011011
00000011100100110
00100010101010001
00111011001111010
11101101111101000
00001010110111111
10000101011110101
10000101110101100
01011011101110101
00010001101011110
10001011111111101
11100110101100100
10011101010011001
10111100101101110
00100010010101010
01001111011010101
00001011101110110
01110000011101110
00010001110110010
11111011001111110
10000101011101010
00001100100010111
00001100110010101
11010011101000110
01000101000010000
10101100010011001
00101011010010110
10010000110101010
10101010101110110
10111001110010010
11101101011101010
00110011111001000
01101011100100001
01001010101000100
11111010000110010
10000011010011011
10001010101101111
01010111110101101
00101011000110011
01001011010011101
11101000111101111
01010010100111010
11010100011010010
00010101111111111
10110000010110000
11001011010101011
01100101110100110
11111011101000100
11001111110101011
10101011000001101
10011111011110001
11010110110110001
00110111100110101
00000101110000111
00111010111100011
00011110001011111
00100111101000110
01111000100000010
11010111100010011
10001000010100000
00101010010111011
11101111001100001
01001110000100011
01111100100100100
01001101111010010
01101110010001111
01100010010001000
00011111010100000
11100000011101011
01011011011101111
00111000001111001
00101000000011110
00000100110000111
10001000000001000
10000110110001011
01110001010100100
10101100100101010
01111001010100110
01100111010000001
10000101001100110
00010100010001001
00110000111110011
11100011101100100
00100010010001000
10101101110011000
10010001010100010
11011111010101111
01010001010010110
10110000110100110
10101010010011001
00101000101110101
01100000101111101
10101000111010000
00101111100101110
10011001000010000
00111100000010101
10011001011011101
11101000111001110
10011111101101010
00011000111010010
00101000110001001
00010101111011010
00010000010000101
10101010010001011
11111000010001101
10111000010101110
11000101100001000
10001100001101110
11001011000101100
10101011101000010
11111110001100100
11111110010110110
01011101011000101
10010100010101110
10101000110000001
00100110111010010
00100010001100011
11010011100001010
01111101001011110
10100111101100000
01011000000110111
11011010101101001
10001010100110101
01001010110111100
11011001111110011
00001011101000001
11100011110000000
00001110111111001
00110100111110100
00110100001011101
00001100111111010
01100011000101010
01011000101000011
11111111100111010
11101010110000111
10001111101111011
00100111100010011
11111100101111011
10111011110101000
00010110111011110
10011110011101011
01010101000011010
11100010111110000
00110101011110011
10111011100011001
00101110100111000
10001100010001110
01001011110001010
11001101101110010
10110010111101000
01101011101111011
11000111001010100
10010001001110111
11010011111010101
00011101000011110
01010011011111000
01011101011111010
01001101010001101
01110011010110101
01110111111000111
10010001001011010
10100000001000101
01000110001011101
10000010001010110
11011000101100100
11100101111010000
11000101100110010
01000001011110101
00000110001100111
11100100000001000
01001000000001110
11001100110111111
01111000000011111
10001100110110001
00010011111000011
01001011001110111
01111101000000010
00110101101000001
01111110011101111
01010011110101001
01001111000011111
01000111010101001
01001011011101011
00000010111110001
01010110001000001
10100010010011100
00011101101011100
11111010011100100
01001101100100100
11111111010100110
01110011010001100
00000110111000000
10101110101011101
11011010010000110
00011101111100000
00101111000110010
10011001000101000
11111000010011111
01011011001000010
10101000001000111
00110101000010111
01010111010100010
01110101110011001
00000000000111011
11000100111101001
00100000001100011
01101101110011010
00001000011101011
00000100101011111
00110001010001001
00000100011100100
01101111110010001
11111110001000101
10111000000100101
10010111111010100
10111111010001001
11111101000010110
00101010100110011
11110011011001000
01000111111110110
00000111100111011
01111000110001100
10100001100111100
01101000010001010
10001111000101100
00011111110001111
10010000101111101
01010000100100101
01100100011001001
00011000101100001
11110100000101110
00011010001010101
00110110100111111
10010111110100011
11110110000001110
01010100100001111
01000000101010000
11010010011111001
10000010010000010
01010000111001101
01100101011000101
10000111001010001
10010111100011100
10111111010010111
10110111101111110
10000010101110110
00110100101110000
11101011110110110
01111000110000110
10111101000110111
00111011000010000
00100110110001110
10100001101011111
11010010011011000
11000000110000101
01110110111100010
11010111111101001
11000101110010111
00011000000010001
00010000010101110
01011111010110100
11001010110000111
01000111100000110
00011011100101110
10110111111110011
01101101011011110
01111000001110100
00101000101011010
10111010111110000
10111010110010100
10110100001001001
01001100011100111
01010000100001111
11100101000000110
00011110110010111
10010100000010010
01010111010001111
11111000111001000
00101011010101111
11101011000001100
11100010001011001
10011110100001000
01001110110101100
10100000101011100
00111111011110110
00110110000101010
10010000001010000
11101111000001101
10010001001101001
11010100011110001
11100110001010000
10101011100100001
00100000101011110
11001001000001000
00111101100001000
00010011001011011
01100001010100111
00011111010101110
11000000000100101
01000110100111101
11000100000001010
00000111000100000
01001001110101111
10100101010000011
11100111101100111
01100000111011011
11010101110011011
10000100100110101
01110001001111110
11101000001010011
01111101110101111
11010011010111011
10000100110111011
01000001001011011
01011011100010111
00011011110100101
00011101011110110
01001100100101011
11010000011101000
11001011011011000
11011110110111000
01001100101000100
10000000001110000
10110110001110101
01111011001100110
10100001010010110
11101001011010010
01011111000001001
11000000110011101
00010010110101011
10111000110011010
10110110101111101
11101010001110000
01110111001100101
00010111001111100
01101001001011000
01010010011001101
10101111110101101
10011001101101000
01010011111000010
00110000000110011
11001111101101000
10101111111101110
00010010100110111
11101001010101100
00010110000101111
00100011101000001
00111011001111000
10011111111011010
01110000000111110
11001001110110001
11001111110001010
11111011000011110
00000110111100010
10110010100101010
01011011000101000
01101010101000110
01100100010100011
00100110100111100
11001001111010011
11100100010101010
01001101001100001
00011110111011000
01010111000001001
01010000010011111
11000110000010000
00110010100110011
00001100100010011
10111111010011011
11110011011110000
01001110001101111
01000001011111001
00011110011011011
10101011110101001
10110110100101010
11000000110000001
11110000110000111
00111101111110111
11010100101010001
10101000110101111
10100101111100100
10111010001101111
10010000000110010
01011111111101111
01010111010101111
01101001111011001
01010000110110011
01000101000010101
11111110101001101
10101100000111101
01110100101101100
00101101100011011
01101110110001110
00001110011110001
11010000110111110
10110000011010110
11111010001111100
11001010101010001
00110101001001001
10111100101001011
10000100111110100
01010011010010101
10010000010011010
00000010010010101
10001000011101100
10111110001110000
11001101111000000
10001110101001101
11101111101110100
11011100101100010
11111110111110011
00000110001010100
10010110111001001
10011101011110110
10011011101101111
10100101110000011
10100101101100100
01100000000101111
01101000010111000
00000000101011001
11011000101110011
11100110100011010
11100000001100010
10000110010000100
10101111000010110
11000011110011110
00110011111011001
01100001000111001
00100100011101111
00100010110010100
11001111011010000
00101101101000101
00000011101111010
10000010111101010
00101011100001110
11000111010101100
10001110000010010
11110001100011110
01100101000111111
00010011011010101
01001001101101000
01000010111001110
11100111111101110
10110101000000000
10110111111110001
01011001101000011
10101110001110011
10110101101010011
01101000011001000
10010010010111000
11010111100110001
01010011110000001
10100011100111110
01000110000000000
10111011010111100
00110100101100110
00111101011010000
10011000110010100
01000001100101000
01111100001100000
00000111100111111
11101110000011100
10000000000100010
10100111111001100
00001101110010010
10101011001010010
01000100110000000
11011000100111011
01110011010111111
01100110001010111
11111001011100100
10001100101110010
00111010010100111
10101010000101101
11110010100000011
10011111001000100
00001101010110101
00001111000100010
11101001111001101
01001101101001000
00100110111101011
01110010001011001
11111010000111001
01111100110110101
00110101111001011
00011110010111111
00111100001101110
10010100101001000
00111000100010101
01100110100010011
00101011100101001
01000111111010010
00010001010101001
11000000010000111
01011110000001101
01010010111100101
11000001101011001
10010011110001011
10000011110101111
10111110100101011
10100111101100011
00010111110001001
00000100111110001
00101010010010001
00000001101100010
01110111011010110
01000010100010101
01011010111100000
01111110110101010
01001100011000111
11000110011010010
00001000000111010
11001101101001101
00010011110111101
10110010000101000
11110000101001000
11001101011101001
01011000110100111
00010001110110010
10000101111001001
11010111000011110
10101111101011010
11110001010111010
00011100111101111
10010101110100110
10010100100111100
01110010111111110
00010001101101010
11000010100110011
11101101100001000
10010110001001100
01111110010111100
00011101111001100
11111010101011110
01000110001010100
11000000101011110
11010110101110001
11011111110000011
11001000001000111
01101010000000000
00111001100110010
10101010111110101
00100011010010011
11011100001001101
01111000011100101
01101001111000111
01100101000101110
11000110100001011
10100010101001010
00111011010011110
10001010011010100
00000100110000011
10000011000111101
01100110110100110
01110001001011100
10001111111100000
00100101100010100
11010010011010110
00100011001001101
01010110001000111
11011110001011000
01010000011100110
11001011001111110
00100101011100010
00000111011000010
11010001011110001
11000111001001110
11110101000111111
01100111001110101
01101011101011110
01010011011000111
10111011000110100
11010101100001110
00111111100001100
11000010010000101
11101000001011110
10001000111001110
01100011100101110
00011111101111010
00001010011101001
10110000111110111
01101000111000011
00011010011110101
01100000000010110
01101111110010001
00010111101011000
01011110111111000
00001111000010001
00111011010100101
11011011101100101
00101101001000001
11000011001101110
01110000110011110
10111111000110111
11100001011001110
01111110011011011
01101110110011000
11011010110100100
11010110100010010
11101001100011001
00000000110000110
00010110001010001
10011100100101000
10010001110100011
00000100100110000
11010001111110100
01100001011100011
10010100101110101
00110011010101000
11001111001111111
00000010111001001
00110010001000011
01111000000111101
10000110000111010
10001110001100111
01100101101111011
01010001010000100
00110110000001101
01010110100101000
10101010011010101
10101101100011011
00111001000001011
00011110110111100
11110000101100100
10011010010011110
01000101110110110
00010010000111111
01100101011001000
11110111000101101
01001111000101111
00101110000010111
00101100101111010
01100011100010010
01110001111111010
11010111000100000
00111100001100111
10101100011000010
01010101001101101
11000110011110000
00001001011010010
10110001100010101
10111100111010000
11000001001011101
10100101101011001
01000010011010011
00101011110010001
00101001100011010
01111010110110110
10000110101001111
11011001101011100
11101000011100010
00001111010000000
00100100111100110
10010011100001101
00011101110001011
00000111010100100
11000001011000010
01000000100011100
10000000011101010
11111000111111001
00001000100111100
01010001000011000
01011010000111100
01110101000101001
00110101000001000
01001100111101001
11111101011111111
01100110000101100
00111100000000000
10101011000111111
11001111100001000
10000001011001001
10010111111111011
10101111101111100
01000110100100101
01010110101011111
10001011001100001
00011101101110111
10001000011010000
11000101010111000
01101011110001111
00011101101000001
11010100000111000
00100000100100000
10010101010011110
00100000000101010
11000001011100011
10000100110001001
01010000110011110
00011111100000011
00110000100100110
01110110110110011
11010110000010100
01110011101110111
11011110000101101
00110111001001010
11101110110101111
10011000010000010
01011010110101000
01001011101100000
00011110011010101
10010010110011110
11111100101100001
10111101001001000
01011110000111000
11100111011001100
11011011011010010
01000010011001111
11111011001100110
00000000011111010
10000000111011111
00011111011111001
01111111001100000
01111011010001000
10010101110110101
11011000001101100
00100101111000110
00010110010111110
11010111110011100
00011010001011000
00010011100000111
10011000100110100
01100001010100111
11100010001001100
01011111110011011
00100100110000011
11001110000000111
01011110100100011
10111110100010100
11101110100101010
10000010011001010
00011001111111111
01000111011001000
01101111010010000
11001110011111000
10011101100111101
01011110101000011
01000101000001001
11000010011101000
01010010010111011
00010000000101001
11010001000101100
11100101010000100
01011001011101111
10101101100011000
00010011101000010
10011011000110000
11111110111011001
00011110001010111
00001111010011010
01000101111001000
01110011100110010
00011101001101001
00101110111001100
10001110101100100
00011011110011111
01000010001011000
10001100010100011
10000110001101001
01001011101111100
01000000011001010
10010011011111110
00010010101000101
00001000001010001
10111110101110101
11011100100100100
01011111100010101
11100100101111101
01011010000011000
01111000101011011
01000101110101001
00010001110101110
11010111011111011
10110100110000000
10110000100111000
10110100001001101
11100010100100111
01100000111010011
00001011111001100
01101001100010111
01100100001101000
00110110010101011
10010110110100000
11100110010100010
11011111000001100
00001000011000011
00101011000110111
01101011001111101
00111100010110001
00000000010101011
11101101011011000
11000111010101101
00110000011110000
01111100110000000
10011111010100111
11111001100101111
01001010111100001
10110000001001010
01110001101011101
00010110101101111
01011111001001011
01011101000110111
11111101111011010
01011011111010110
10100111101110111
01001011110010011
10010000010100110
01011010101001110
10001110110110101
00010010100010001
00111001101001101
01110011100111100
11110100110111001
01111010011110101
10000101000011000
01011001011011010
00101111010110101
11100101001100101
11101001101001100
11011000000000110
11000101000111000
01110000000101010
11000000111001001
01101001100011100
11110110000000010
10010000101000010
00010111111111011
10100110001111000
01100010011010100
00110110100101100
01101001010000000
11111000000000110
01110111100111001
10111111000010000
01011011111000000
10011111001110010
01000111010001010
10011100001010010
00000010111000000
01100011110101101
01110011011110111
00010110010000001
00111111100110111
01110110001001100
00110000111101000
01001011011101101
11100110010101001
10000011101001010
10011100100100010
10111100110011110
01001001000111101
00010101011100110
01011010000100101
10100000100110001
11101110000001101
10010101000000110
11100001001110111
01110000101010101
00010110111100001
00011101011110001
00101110011101010
11000010101110100
01010101000110001
00011010110100001
10101011001001011
11111011001111010
01101111110111011
00101010010001100
01100100101001000
01011100111000100
00110001010110111
10100001001111100
11110111011000001
10010111010000001
00010000010011110
11010101100111001
11111111000101111
01000101101110011
01110111011111101
01111100000100100
10111001101110101
10001110010110111
00001000000011000
10011010011101000
00001100001011010
00101110010000000
10010011011111001
11010111110111110
01110100111110111
10011010110110110
10000000000100111
11100011111111101
11011000111110011
11101011101000111
10100110110110100
10001100110000001
00111000011011100
11011100101100111
00101011010100010
11101110110000101
11100101001110111
10110011010000100
11000101111011010
00111000001011101
11001101111101101
10101100011000010
10111010111101011
00011001010011100
00100011100111100
Time = 2.601s
