n = 12, k = 2, l = 10, m = 551
Expect Resample Times = 0.590924
Result:
111111110110
111111111100
010111111111
111111111111
110111111111
111101011111
111111111100
110111111111
111010111111
011111111101
111011111110
111111011011
111111011111
111111010111
111101101111
110111011111
101111110111
111011111011
011111111011
001111111111
111111111111
111111111101
111101110111
111011101111
011111110111
111110111110
111111110111
110111111110
111011101111
110111101111
111100111111
111101110111
101111110111
111111111011
111111110111
110011111111
101111111101
111111110111
011011111111
011111111111
111110111011
101111111011
111111011111
111011111111
101111110111
110111111110
111111111011
110111111111
001111111111
101110111111
101101111111
111101111011
111111110101
111111111100
111111111111
101110111111
010111111111
110111111011
011111110111
011111101111
111111101111
111110111011
111110111101
111101111101
111011101111
110110111111
111011101111
111011111011
101111111110
010111111111
111111101101
111001111111
111111011110
001111111111
110111110111
101111110111
111111110110
111011111111
111110111011
110111111011
111011111111
111111101110
111111011101
111101111011
111010111111
101111111111
100111111111
111111101111
111110111111
111111111111
111011111110
011101111111
111110111111
011111111101
110111111101
110111111101
111010111111
100111111111
111011101111
111001111111
111110111101
110111111101
111111101101
111011011111
110111111111
011111111111
011101111111
101111111110
111100111111
111101101111
101101111111
011111011111
010111111111
111011111111
110111111101
110101111111
111111010111
111111110101
111110111110
111110111101
111111110101
111111100111
111011111110
111011111101
111111011101
111111101101
110111111110
111111101111
011110111111
111101011111
111111111011
111011111111
111101111110
111101101111
011111011111
111110111101
111011111110
111111100111
111111110101
111111110101
110111111011
111111111100
110110111111
011110111111
111111010111
111101111110
111111110011
111100111111
101110111111
111110101111
111111101011
111111111011
101111111110
111111101101
111001111111
111101101111
101111110111
101111111101
111111101110
111111111110
111111111011
110111101111
111111110101
101011111111
101110111111
111110111101
111110111111
111010111111
111011111011
101111011111
110111011111
111111100111
101101111111
010111111111
011111101111
001111111111
111101011111
111101011111
011111111101
010111111111
111011101111
111111110110
110111111110
111111111011
011111111111
111101011111
111101111011
111100111111
111110110111
111110111111
111011111110
111111111111
111101110111
110111101111
110101111111
110111110111
111111111100
111110111110
011111111110
111111100111
111111111010
111111101011
011111111111
111110111111
111110111011
111110111011
111111110110
011101111111
110111101111
100111111111
100111111111
111011101111
111110111110
010111111111
110111110111
110110111111
110110111111
110111111111
111110111111
011011111111
111011111110
101111111101
101111111101
011110111111
111111101101
011011111111
111101011111
111101111111
110111111101
011011111111
111111111101
011111111011
111010111111
111011111101
111111110111
101111101111
101111011111
111111011011
111111111111
111001111111
111111110110
111111100111
111111101111
101011111111
111110101111
110110111111
110111011111
111111111100
111011011111
110111101111
101111111111
111111011011
111111101011
101111101111
110111111011
110111111110
111111111001
111111101011
111111100111
111111111110
101101111111
111011111111
111011111111
011110111111
111001111111
111111010111
111110110111
101011111111
111110011111
111111111011
111011101111
111111101101
111101011111
111110111110
111011011111
111111110110
111111001111
111111100111
011011111111
011111111111
111111110110
101111101111
111101011111
110111011111
111101111011
110111111101
111111110101
111110111101
101101111111
101110111111
111110111111
111111111100
011111011111
110101111111
111101111110
011111011111
111111110011
011011111111
101110111111
111101111110
101110111111
111111111100
011101111111
101101111111
110111011111
111111110111
011111111111
111111111010
111011111011
011110111111
101111011111
111111101111
111101011111
101111111101
111011111101
110111111110
111011111111
111101111011
111011101111
111101111011
111110111011
111111011101
011111111111
110101111111
011101111111
111111111100
101111110111
111101111011
111111101011
111101111111
011101111111
111011111111
111001111111
101011111111
111111111010
101111011111
111111001111
111101011111
001111111111
111101110111
111111111011
111111100111
111011111110
111010111111
101111111011
101111111101
101011111111
011111111110
011111011111
111101111011
101111111011
111111111110
011101111111
111011110111
111011101111
111111111001
111110110111
111110111110
101111011111
111100111111
111111111110
111011110111
111101011111
110111111110
110111011111
111110111101
111110111111
110111111101
111010111111
101111111110
011111111101
111111110111
011111101111
111111011011
111110111011
111011111011
001111111111
011110111111
111110011111
111111101111
111111110101
111111100111
111111111010
111111010111
111110011111
111101011111
101110111111
111111110111
110111101111
111111111101
111011011111
111111110101
111111101110
101011111111
111111011111
101111101111
111111111001
111111111110
111011111110
111111111100
111100111111
111110110111
011111011111
111101111101
111101111011
111111100111
111111111111
111110111011
111110011111
111101110111
111111111111
111101111110
111011101111
111100111111
110111111011
111111111100
011111111101
101101111111
111111011110
111111111001
111010111111
111111001111
111111100111
111010111111
111111001111
111111001111
111111111011
101111011111
111001111111
011101111111
011111111110
111111011101
111111011110
011111110111
101111110111
111111101111
011111111110
111011101111
111111111001
110111111101
111111110011
011111101111
110011111111
101111111101
011111111111
110111110111
111101111011
001111111111
111011111101
011110111111
110111101111
111101101111
111101111110
111011111110
111111101111
111011111101
111111100111
111111011110
111110111111
101111111110
111111101110
111101111101
011011111111
111110111110
001111111111
111110111101
111111111101
111100111111
111001111111
111111010111
111101111111
111011111111
110111101111
111111110101
111111011011
111010111111
101110111111
111110110111
011111011111
111101111111
101110111111
110110111111
110111101111
111111111010
111111101101
101111111111
111111111011
110110111111
101101111111
111110111101
011111111110
111011111101
011111111110
111111011011
110111111101
111011111111
011011111111
111101111110
111111111001
110111111110
011111111011
111011111111
101111110111
111011111101
011111110111
111111110110
111110111011
111110111110
110111101111
010111111111
111101110111
111111110111
101110111111
111101111101
111110110111
111101111110
110110111111
110111101111
111101111101
111111111111
111101111111
011111111110
111111010111
111111110011
111110101111
111101011111
011111111110
110101111111
110111111111
101111111011
111111011111
111111110111
110111111110
101111111110
111111101011
111111011011
110111111011
111011111110
111011011111
011110111111
111111110101
111011111101
111110111111
111101111011
111110110111
111110111110
111111111101
101111110111
110111011111
111011111111
101111110111
Time = 0.006s
