n = 11, k = 5, l = 3, m = 676
Expect Resample Times = 0.366569
Result:
01010011010
11111110000
11100110010
01100101111
01101101110
10100110001
10001111011
00111110111
00010101101
00011001100
10001100110
00011011001
11111111001
01010100001
00000001111
10001010010
00001010010
11101110010
10010111111
11111100010
11001011110
10111110000
11000101100
00001110100
00101011110
10111000101
00110111111
10011101000
10110111110
00010011011
00010110001
00000110011
10001001000
00101010011
00100011111
11000011111
01111000001
01001110111
11001000010
00101001101
10000001101
10010111101
10011100111
10001010000
11011101000
01010011010
01111101001
10100100000
00001111101
01101111001
11100101111
10011001000
01100001000
11001000100
11111111000
01011100111
11001100110
11010110100
10100100111
10100110000
10101000010
01001110111
11100110100
11101001100
11111010100
11101110110
10101111111
00110110111
01010000011
11100011110
10010000100
10110000101
10000011001
00100110101
01000100101
01100111101
01110110101
01111101100
00110111000
00111101110
11001011110
01110100001
10010000110
11011001001
00010110010
01000001110
10010010110
01110110001
10001011010
11101000010
10011111001
00110011100
00110010001
00110100100
10001011001
10101100110
00001100101
10011111101
00101101111
00110000010
10010111010
00101111011
01100010001
00111001001
00010001011
00111000100
11010011001
00111101100
01101101110
00011100110
00110010001
00000111010
00110010111
01100111110
10101110101
01010100010
10000011111
10100011001
10000010001
10100000111
00011000010
10110101010
01110001000
10001011101
11001001000
00010001011
10001101011
11010001101
00100011000
11111000011
10100101101
10100001111
01101100011
11011110000
01101001110
01001010110
00010010111
00011001010
00010001101
11100001010
10100011110
11000111110
01110100101
01000001110
01101111001
00010101110
01111101011
00101111001
01100111111
00100010011
00111001001
10111100111
01100000001
10010000100
01010101000
11000101110
01100010010
10010101011
01000010101
10110101110
11101111011
10010110101
10001100100
11011110000
10010100010
10000001111
01100010001
10111110011
00010111100
01110110111
01011010101
10010000110
10011111101
00011111000
01110111011
00011001001
11100110111
11011100110
00111111101
11111111100
01110000010
00110010100
11011100110
00110111101
00101000101
01111111100
11100111001
10100101001
10000100100
00100011111
01010001001
10100011100
10001111000
01101100011
11111011101
01110110100
00110101100
10100011001
01010010110
01000001110
11001001110
11011101100
11101010110
11111001011
00010111011
00010111100
10110000010
01001010010
10010011001
10100010100
01110010111
10010110101
11000111100
01101100010
01010010010
01011010001
01001100001
01100100101
00101001110
11110001001
01000110110
10011110101
00011001101
00100111001
01000111111
10001101001
01100110100
10100111010
00110111111
11011000001
10110001010
11100011010
00001100100
10101010100
00000110001
11101100010
11010000100
00000101101
00110010001
10111111000
10110011011
10110101010
10111000010
10110101101
11110101011
00111011100
01010011111
10101000001
11100100001
00110100001
10011001101
00000010111
01011000011
11000100011
10010110101
00011100100
10110011101
01001000111
01101000111
11010101111
11010000110
01101100000
10111011000
11010010111
01101110101
00000100110
00100110000
10100001001
11000011011
00110111111
11000011110
10100010100
10010001111
00011111111
11001001110
10001010110
01111011101
11010101110
00000101010
10010100001
11111011100
11000011000
01001000110
10010010111
10001011100
11101111010
01100011010
11110101000
10101111000
11111110001
01011100010
10100100010
11111010000
11010010110
10101010110
00111000111
11011001110
10001110010
10011111010
01001101010
10101100100
01100101110
01111011000
10010111101
10010110000
00000100110
10110111011
11000001101
00001010001
10111011101
10001110010
01001001001
11110111010
01101001100
11110101010
01101111111
00111110110
11111100000
01001110100
11010011101
00001010110
00010001010
11101001100
01100011110
00001111011
01101011110
00110001100
11101100110
00011110100
11010001011
10111001011
11111011010
01000001011
11010101000
10110000010
11101111101
01100011100
01011011100
00000100110
10001010010
10101100000
10110000100
01110001001
10100110000
11010000110
00001101110
00100100110
01011000110
11010101101
00011001010
11110011111
10001010000
01010001110
00011011100
11011011111
01011001000
11011010000
01101100010
11111011000
11011111101
01001010001
11111111011
11000100010
01001101001
10011111101
10110111001
01111100100
11010110110
01011111001
00001100011
01100001101
01010100100
01001110101
10111111011
10011100000
00111000111
01001111111
10101000000
01000001101
01011101011
00101001001
11101101111
01110100110
11100111000
11110000011
00111100111
00111111101
10101111001
01000101000
11110111110
11101111001
01011101111
10111011100
11011011011
10001000110
00011011111
11101101101
00110001110
11111101101
01110000111
10000110101
00001101101
00010101010
10111111010
11101101111
11101111111
11101100100
01111010111
01010111010
01010011000
11100000100
10000100011
01011111010
10100111101
01101101111
00000011110
00000011100
10100011110
00011011101
10010010010
00010001111
11010100100
00111010001
00111001111
01110100100
10000100101
11100111001
11010011101
10110101001
00101111111
01011011011
00011101111
00001011010
00101010011
01011111100
10000010111
01000001101
01110100001
00000111000
10101010111
11101101000
00001000011
00111011000
01000111001
10010000100
11011100111
00111110100
10100100011
10001010100
10110010111
10101111110
11001011010
11111110111
01000111100
01111010100
00011011000
10100110011
00110011011
10100011001
11101001100
11110110010
11111000010
11111001111
10001100011
10111011111
11100110111
11100011011
10000101100
01010110111
00000001101
10001001001
10001010100
11011000000
11111111110
11010111100
11010100011
11111111110
01101101010
11011011111
00100111110
00011100011
01000110001
10000100100
11101100110
11000111110
11000110010
11110110101
00011011000
01111010010
11101100000
00101011010
11011100001
10111011110
11101000100
11000000110
01111000110
10110010101
01000111000
10101010101
01000110110
10000011001
01101010111
01110110010
11111110001
00111000111
01100101101
01110001111
00011000010
11110010111
11011001101
10100011111
01000101100
11111000101
00011101111
01111011010
11110101111
01111010101
11001111110
00100010101
10111111000
01100000100
11011100100
00100110000
00011111100
00001000110
10101001001
01000011110
10011010001
11101010011
11100011110
11011110010
00010101101
00010100010
11101101000
00111001100
01011010011
00111110110
10101011111
00111010011
01101010100
01101110010
10010001001
10100010001
10001011110
11111000110
11111110001
00001100101
01110010001
00010001001
01101011010
01100001111
01001001010
00000101111
00001101011
00000100011
00001111100
11010000000
00010110110
10001101000
01111101000
11111011001
00100000011
11110010110
01111011001
10111111000
00000010110
11101000000
01101110100
00101010101
11110011100
01110110011
01001001011
11101110110
10001110111
00101000010
00011010101
10100111101
10000111101
00111110111
01100010101
01101001100
10100110000
01011000001
10111111100
10011011010
11010010011
10110101000
11011000100
01011001100
01001010010
00010110111
10111001100
11100001111
00010001110
01101000110
00111000100
01111110011
00010010011
01100110011
10011010010
00011111101
01010010101
10000001100
00011010000
00100111000
10110000001
11001100111
01110000110
10011111100
00101010010
11010100011
10101100100
10100101011
00000001110
11011111010
11111001011
11001011011
10101011100
10111001001
01011110110
01100000011
11000100010
00010101010
10101000111
00010100010
11101010001
00101111000
01011100110
00001111111
10100000101
01100011000
01010111010
01111101111
00000111110
00110001101
10011110000
00110111010
00001010101
00000101100
10010111111
00001011011
11001100100
11011010010
11111001010
11000111110
01001000010
11011001111
10000001101
11111001000
10110010101
01000100111
11110111111
00110110111
01000010100
01011101001
00101110101
01101100101
00011101100
11000100000
01101011100
00111100111
01110101000
01111001000
10110010000
11011101001
10001100000
10111100000
01011110101
10011110101
10100011100
11011011111
01100001110
11111111111
10100011001
11101111110
01000111000
Time = 0.025s
