n = 12, k = 2, l = 7, m = 82
Expect Resample Times = 0.594712
Result:
101111001011
111101001011
111001001101
100111101001
100011101011
111110001011
011111101111
010011101110
111100101001
001101011101
001011011011
001011110110
001011111001
111100001011
101111000111
100111110100
011000111011
110011000111
110100001111
110111100010
110111101101
010111101001
111010110110
001101011110
110101010011
100110111001
001111111100
011111100001
100111011110
011110111011
110110100110
101110001101
111011100110
110111100011
110100001111
010111011101
111010100110
011111000110
011110110011
101111001111
111110011000
001111101001
111001111111
111100001110
101111011110
111001010101
101000101111
011010001111
011001101110
100111011100
011110010011
010110111111
111111101000
010110110101
110010011011
100011011111
110111111001
110101100110
100101001111
101111101111
101111100010
100011101110
011111000110
011011100110
110111010100
110011011101
101001011101
011110010101
111110110010
111011101001
100111110010
110111100100
000011011111
111110000011
011111111100
011001011101
111010100101
110111101000
010010111110
100111110100
111111000110
011101011110
Time = 0.003s
