n = 14, k = 2, l = 10, m = 159
Expect Resample Times = 0.659842
Result:
11000111110111
11011111010011
11111111111100
11111001110111
11111111011101
11001110111110
11110011010111
01111101011111
11110111001110
10011111111001
10100011111111
11111011001111
11100111110111
10010111111111
10101111111010
01111111101011
11001111111110
10101111110110
01011110111110
11101111111111
11011111011011
11111010101101
10011101111101
11110111001111
10111100110111
11011011110011
11110111100110
01110111111011
11011011001111
10111111101011
11110110001111
11101111111010
11110100111111
11001111011101
11011111101010
11111110001110
11110010011111
11110111110011
10101010111111
11011011001111
11110111110101
11110101011110
11111001101011
00110111110111
01111100111011
11101001011111
11010111011101
11111011011101
10011111101011
11001101110111
11111010111011
11110111011111
11101011111011
11111110101100
10100111101111
10110101011111
01011110111011
11011110011110
01111110010111
11011100011111
11100011011111
11010111110011
11101101111100
00111111110111
11001111011101
11101011101011
11110010111111
11111101100111
10111101110111
11011111010111
11100110111110
11011101111110
11101011111110
11101011101110
11011010111111
11111011010111
01111110101110
11001111110011
11011111110011
10101110111110
00011011111111
11011001110111
10111011111010
11111111110111
11111110101100
11110111100101
01011110011111
01110111011111
11101001011111
00111101110111
11001111011101
11011101111010
01110111110111
01111011111111
11111100110101
10111011101110
01011111111011
11010110111101
10111111100110
10110111101011
00011111111011
10001011111111
01111010011111
11101011011111
10111111011101
11011101011011
10011111110011
11001011111111
11111101011100
11011011110110
10111011101110
11111110101100
11111111101100
01101111010111
01111111100110
11111101010111
11111110001110
01111111011001
11100011110111
10111011110111
11111100110110
00111111111001
11111101111010
10111101001111
11101111110110
00111101011111
01101111110011
11111110010011
11011001101111
10011111110011
11011110011111
11111011101101
11111011111010
01101011101111
11110011101111
11100011101111
11110011011101
10110110111111
01111111011101
11111110100011
10101111110110
11111111010011
11111011111001
10011111111100
10111101111010
11011011111011
01110101110111
11111110111011
10111111101101
10111011101111
11110011110111
00110011111111
10001111111111
10111011111011
11011111101110
10011011111110
11001111101011
11110101100111
01101111101111
Time = 0.005s
