n = 17, k = 5, l = 9, m = 3434
Expect Resample Times = 0.381829
Result:
11111110010100001
00000011111110101
11011100111110011
00111101011010100
00101001011011111
01110110010100101
00111100011110110
11000101110101010
11001101011101100
11111100000101001
01100110100111010
01101011100110101
10111100111111101
11101101101011000
01100101010101011
01111011001100001
01011101011101110
00111011100010110
10011011000101111
11101000111011010
10001100001111110
00100011010111110
01111100010000111
01101111111011100
10010101010111111
11111100101110101
11100101100010110
11010100011100101
11100111000001011
00101111101010111
01111000111101001
11100011110101011
11110010001001101
11000111101110001
01111101111011110
00111101001110001
01100101010011101
01011111001011111
11111001001110110
01001101111110000
01011110000111110
00101011101100101
10011111100100011
10010101010101011
11001010110110101
11111001100100001
01111010001011101
10101111111110101
11110010011111010
10011010110111100
11101101000001111
10111010101000011
00011110111110110
10100010111010111
01110011100101011
01100101001011111
01100111101001100
01101010110110111
11101000000101111
00111011111011000
01111111011000111
00111110100001110
00110010011101111
11001101100110111
00111100101010101
11000011110011110
10110111100001101
00111011001110110
11111010001110101
11101100101101001
01101100111001010
11010010101110001
11101001111111101
10101001111111110
10111001111110001
10111010110011000
10010011100101101
01110011101001101
01001101111101000
00100100111010111
11011001110101001
00101101111001100
00001111001100111
11101001110101000
01111010001010111
10100110011011111
10001101110010111
11010110101001100
11111011111010001
01001011110111011
10111111111101010
01001011111100001
01110101111101100
11101011000010111
01111001111100010
00111110101010011
01101110110111100
10111101110111100
00011101110010110
00101101110111011
01110101110111110
11101101010101011
00001100111011101
01110010001011011
01101100011110001
01011001010110101
10111011100111001
11011000001111110
11101111010010000
01111101010010011
11011111011000101
11011010011000111
00011010111101010
11111011111110010
10101111101011110
00100111101101001
01000011101010111
01010101111001100
11111111101010100
11001010101111011
10101100011111110
00011011111101000
00110011101010110
11011001110001001
11011010111111100
10010101100111111
10110110010110101
11011011100100111
01101001111111011
01011110001111111
01101111111011011
01110111000111000
11101100111010011
11011011011001101
00100011111011110
01111101100101010
10010111010101001
10101001110111001
01111111100100010
11111101101000010
01110100101110100
11110101000100110
01100111111010000
00100110101111111
01100011101100101
11010010111011010
11111010000111000
10111010110000101
11111000010001110
10010011111000111
00110111100010101
01101101111011001
10011111011100010
11100111010011100
11110001111001010
00101111110000111
00011101011111011
01100010111111110
00110111001001011
11100001010011101
11000111001101110
00110110001110110
10100101011001110
00101011110011111
10001100100111101
11111101010111010
10111111111001100
01100100111000111
11110111001000101
10110001001111110
10110010110110110
00101101111111010
01011101110101101
01011100101101001
11111011000110010
00100001011111111
10110101101111001
11010111101000111
10110110011101110
01010110011011100
10011110110101000
01111101011010100
10110000110101011
11101010000111110
00101111010111100
10011100101001110
10011111100110111
10111001011110101
11111100010011010
11101011001001010
10101001111001011
01111100110110111
11101111010111100
11011111001100000
11110001010111011
10101111011000111
11001100101100110
10101010001111010
11100111010010101
01101011110010111
10100110000011111
11010111010011000
10101010011111000
01110001001011111
11111011100110011
10010110100001111
00001110001011111
01001001111011111
11110011011101111
10100001110110110
11111111110100010
10111010001101100
11101111101000011
01011110101111001
01011110011111101
01011101110101010
11100111101000100
10101000111110101
00011101101111110
10010101111011000
11110011100111000
11010111110111101
11110101011001010
11001010101110100
10110111111101000
01110101010011100
00011010101101101
10011011011111100
00011011000111101
00101101011111101
00111010111101010
10101110000101110
10101100111100110
00101011011001111
10011110111010001
11110101010111000
10100100101100111
01110110010110001
01111111000011010
11101011000100111
01001010111110100
01100110100101011
01110010111110010
01110101001001110
10011101010101001
10010110010101101
11011110010010101
10110010101010110
11101110111001111
01100001111011010
01001100001011111
11011011100111011
00101101111101001
01000011101111010
10010001111011100
01010101010010111
11011000101101101
11010000100111011
11000111010111001
01111101010100111
10110100001110110
01011111010110001
10011001100110101
00011111001111111
10111101100100100
11001101110011001
00011011111000011
00110111001011111
10110100110100110
10000110101011111
11010110011110010
01101101110001010
00101101110111010
01100101100100111
01000101111101010
01101001110011001
11001000011110110
10111101111110101
11111000001110110
01101000100111110
10001101110101001
10101101100001101
11100111010111111
11000000111110101
11110001110110010
10101011010101001
11110000101101100
01100100110110101
01000101111011110
00011111011100111
11001110000111111
11001101001001101
11110101111000110
11100010001111001
11100001000111101
11101101011100101
11000100111000111
11011110011101110
10011111111100011
01101010011011111
01000101010111101
10010110111010001
11101110111011001
10100011110100111
00111000111111001
11111101111001111
00111111100100011
00100110111101110
11000011010101101
11111100011001111
00100111111001010
10011111111111101
01111010111000010
10101011111110110
11010011110010100
11011010101000110
10110101111010011
11001100111001100
11001101110111011
11101011100001011
01111111001111010
11000100111100101
01100111001110111
01111001110110111
11100101110100100
11111010001011100
11111001100001011
10101001111101110
11001111111111011
11110010100111010
11010000011011011
11111010000111111
01111110101111000
11000110011011101
10010111101001011
00100111110011011
11010101100010110
11101010100111100
11100101101111010
11011101110000011
11010111001000101
10100001110111100
10001011000111101
11110100011011001
11101101000000111
00110010110110101
10110111100010010
01111011000110010
10011110110010100
01011010111110010
11011110110001010
00111001001111010
01110110110000111
01111001010101011
01101111110001001
10001101110001011
11000110011101111
00101010111101110
01111110011110011
11010011000111010
11010110000111101
01000110111101010
10111000111101011
01110110001010111
11001011011000110
10111110001111000
10011111110001110
11100101011111101
00110111111101101
10011110010011101
11010110110110100
10001001111011011
01011111111101011
11000111101001011
01011101101101100
11111111010011000
11100101101111100
10110010010110110
00101111110110100
11011010100110111
00011111101111000
10110010010111101
00011010010111011
11010011111111001
11111110111110101
00110110111111010
10011100110110110
11110100111110011
00111111001011101
10110101011110111
11010110100110111
11010111001001100
10000011111101101
11110111110000111
01000100101110111
11101001010010101
11100000111111110
00111011100101001
11101100001111100
10111010101010101
01011011100010111
11010010111100011
11011001001010101
00000111111001110
10101001110101111
11000111111111000
01110011111110000
01111100101110010
10101110110111111
01110101111101101
10111110100001101
10000110010111101
10001010101010111
01001101011100011
10110110011111100
10110100101011010
10011101111000100
01111010111111010
00110010110101110
00110000111111010
00110011001101011
00111010101101011
01110011100101011
11011111100001011
10000011101011101
11110111011111010
10110011111001001
10010000110011111
11010100101010110
01111101000100011
00110101010111010
11111110111100101
01110100011110101
11100011100011111
00111001111101001
11010101101011100
11001111111111010
00011001111010011
01011111000101011
11100111101101100
01110001000101111
01110100101010111
11000111010100111
11111011011111011
00111111100110110
01111011111100101
00110110110101001
10011101110101010
10010010101011101
10110100110110101
01011011100011001
01110111000010101
10000111111011011
01110001001011011
01101010011011010
10111111111110111
11010111101001011
01101001000110111
01101110011010100
11011101011000001
10011011010111001
01001101101111010
11011010111111100
11001001110100011
11111010100111000
11100011001011001
11111010011111101
11101001101110101
10101011001111110
11010011111010010
10110011101000111
11011000101011100
01101001111111001
11001001110101011
01101111000111101
10011010010010111
11011101000111010
11111011101001010
11110010011010110
10111111000000110
11111100101110001
11010111101010010
11111000010110011
11000111101110000
11111100010111111
10010011111010111
10101110111111100
00110100111111001
10111111011011100
00101010101110111
11111011101011110
00001111101110111
00100101101010111
11011010101011100
01010011011110111
11101110010111111
10100100101101101
01111011100101010
01010111001111000
01110001001100111
11101001000100111
01011101010010011
11100101111101101
10011001100111001
10111001101010110
01110110001001111
10001101011010111
11111001010111001
11011100010111011
10001110100110101
10111111010000100
11001011110010111
01100101110101100
11010001010110101
10110111000010011
00011110101011011
01110100010101110
10100101111101100
10100011010111100
01101011111101001
01010111101011000
01011011000011101
10101101100010101
10101011001011001
10011011010010011
00111111010100001
01000100101111101
10101111011110110
00110100111001111
10011010101101010
10001110111101000
11100010010011110
11110001001010011
11101111000000011
01100000011111111
11011110010111000
00111110000010111
01101011111111011
11110010100100111
10111110101101111
00111011100110100
01111100100110111
00111100100111111
11111110001110001
01111111111000011
10010100111010111
01111010110010001
10100111110001001
01101111110100111
00001001110111011
10100111101011010
11000010111110001
11011001101100100
11100010101110111
11110111101101001
00000110011111111
11111111000001001
11111001101000100
01011000100111101
11110111110001000
10111011111111101
01010001001111110
11000001111101010
01000110111110110
10111001100010101
01101111000001101
01111011100100101
00110011110101111
01110101001011010
11011100011111011
11111110110001101
01010111011010011
00110111011000110
11110000111111011
11110100010011110
01110011111110100
11100111100001001
01101101001011110
10101110010101110
01001000111101101
11110010000101110
11111001110001110
01101111100011010
00010111101110010
10111011010111010
10111000010010111
00110001101001111
00101010100111011
11100110000101110
11001110011101010
00011111111110110
10101111101001101
11111011111111111
11110011010110011
11000010011100111
11011100111011001
01010111000101011
00101001110011011
11101100110001001
00111100111101010
00111011111011011
11111110011000001
11100010110001011
11010010111011000
00010010011111111
11101110111010011
00101011011111110
00011010010111101
00111011100101111
01001100011011110
00111110011100010
00010100111011110
10110011111010011
11111101101011011
01111101101100011
10011101111011011
10011101111101100
11100100011100101
10100100111001110
00101110001111110
00011010101111001
10010111110100100
10110000110110110
01100100101110110
11000110011011010
01010010101011101
10100111010010101
00110011110101111
10110111100011101
11111010011001111
10001101101010011
01110010010101110
11001110010100011
00101111110001101
00100111101011001
00011111100101001
10111000011010110
01000111100011111
10111011111110000
11111010101100010
11111001010100100
11101000011011111
11010010101011101
11110101000001011
11111000101011110
11111011111010110
10011111010110011
10010011111001010
01000111000101111
00111100101110110
01011101111111111
11101000010111011
11110001101011010
11001010101001110
00100111011011101
00111011011110000
01010001100101111
11111110010010111
01011110101011000
00011011110111001
10011111111110000
11110101111100111
01100001111111001
01101101011011010
10100011111010101
11010010100101110
10110111011000100
11101111110110010
10110101100101111
01011000001111011
11110000011100101
10000011111110100
10011110101100011
00110110101110010
10111011011101010
11111011110110000
11101101010111100
11110111001111010
01011011101100010
01111101001101110
10111011011100101
11000110010101101
11011110101010011
00110010111100011
10111000110110110
01010101111101110
01011110011110100
01011100111010010
11101111011001011
11010000101011110
10111011100110100
00001100111101110
11111101100010001
01011010111010110
10011011110100001
10111000011111000
01101010110110001
10101110001111000
10010101110101101
10100011001101101
10010110010111011
01101111101011110
01000111101011010
01011010111010111
10111010001101100
11000101001111111
00110000110111011
10011111011011111
11001111010100001
01011011110001010
01011011101111100
11011101101100111
11110001011100111
11111111111111001
10000111101101001
01000011111111011
01101011001011100
01100111111010101
01010110010011101
01010011101001111
11100110110101100
10001000111011011
11110011010001111
10011101100111000
00111110011001100
11001111011011001
11011011111101111
01110010011101100
11110110010101011
10001111001001111
01011110110100111
11110001101101110
11001100001101110
00110101011000111
00011010011111010
01110001010001111
11010110110001100
10111110011010110
10110010100101101
01110011111101010
11011000000011111
11101011111100000
00011101001110011
10101101011101010
10101101011111010
01111110010011101
01110111110101111
00011111011011100
01110011110011000
01011110110100001
00101001111011010
01101110001010011
01100111100100011
11010101111110011
11001111111010110
11101010000110111
10001011010111101
01001101101101001
10111010101110101
10010011010111011
11101111001010101
00100011100101111
11100111010011101
01011111111111111
11010100000111110
00110111111101111
11010101100101010
11111110110111010
11111011001001010
01010111110100010
11111110111111011
11100110011101110
01110111011111101
01011011000010111
11101100000111011
01011110101010110
00111001110101100
10001011110110111
01001100011110111
11011011100111011
11110011010011110
00111111001001001
11100110111011101
00011110011110010
11000110110101001
11101001011010101
10101110011001101
10110001100101111
01010110111111000
00101111001000111
11010110100111011
11100101011011111
01110110111000110
11100110010001110
01100101111110010
11001101001101100
01111001011111101
10011110111111000
11101010010111100
00111101101010011
11010100001111011
11001110110001010
01111010101010010
11011000110101110
00010111011101100
10111111001011010
11111001100110010
10111011001101110
11011010101011001
00001110110011111
10111001111010100
00010111101100101
00101110101000111
11100110111010001
11110110111100001
10101011011111011
11011000101011101
00101110000011111
01110110011011111
01001010110111001
11010100000101111
01111100101010001
10101000011111101
11111111111110001
01001011110011001
00011110111001001
11100011110110111
10001010111110101
10000111010101110
11010000111011011
01011111000110111
01100011110001110
00110111100110100
11110101010101000
01101001010110101
10111010001100011
01101111110111100
00011100100011111
11111100101011010
10111100011011110
01111010011001011
10010111100001111
01110010011101011
00110011110001110
01001111001011101
10100101111110010
10011110000111100
10101100111100001
10011111111110001
01000111111110111
00101001101111011
10100110101110010
00110100101011110
11111001101101001
11111001010101110
01010111100111000
11001111011100010
11011010001100011
10100001111101111
00110100001111011
10101011011010110
10000110111101100
00100111011111001
10101010110101010
00011110101011001
00010111101111010
11101001110110011
10001111111010101
01101111001101000
11111011110000011
00110101100110111
11111011101100111
10001101100011110
01100101000110111
01001011101101001
10011001111111100
10010110110111101
00110111010010110
10110110010110010
00110011111000011
10110001101100111
01111111010101000
11101111010110111
11111010001001110
11111101001101101
11101110101010000
11111100101110001
10010110100101011
01111111011110100
10110111011101110
11110000110101100
10111101110100110
11011111011000100
10000011111011001
11101101101111001
11011101110000100
10110110100110100
00111101110001110
01110001101001111
00101011100111110
11001100011100110
01111000111011110
01011110010010011
00000010111111101
00011111111100110
10010101101011111
01111111111100000
00100111000111111
01100001110110011
11100110001111010
00011101100111101
11000010001011111
01111011001000011
10110110100110110
01111010001111101
01011111000100101
01111000101101101
01111011011010101
11011111101001110
10111110110000110
00110110110111100
11001101111011110
11101110001100111
10111111111001011
11111000001100101
01111100011101101
10100011111111111
10111011111001011
10111010001110111
10100001001111110
11011011111010010
10000100111101101
01011011001111011
01001011010010111
11000011010111111
00101100111101110
00011101011010011
10110111000101010
10111000101100101
01111000101011110
11010001101001111
11110011001100010
10110010111111101
01111001010101110
11111100010011111
10001011010101110
11000001111001110
00011111100011101
01001111111111110
10110011010110001
10111101111001011
11100001101011111
10010101110111100
11010100011110111
00101011001111110
11010000111110010
01011101000010111
11111110100001010
01011101000011110
11001111111110100
11001110110010111
10110111100001100
11110001011110001
01010010001011111
01011111010001101
11110101111100010
01100111011100111
11011111110110111
11011000101100111
01010110101110111
11010000110111111
11101011111101100
01011001111011010
10110011001100101
10101001011010110
10111011101001011
10110101010110100
10111101111011001
11011110000100111
01011111000101100
10110111110110011
01100011101111110
10101010101101111
00111001011100011
01011111011010111
01011111111011000
10110101100010110
11100111001100110
11011101110011001
00111011011110100
00110111001110001
10110100101111111
10011100100111001
11110010010100011
01010110110011111
10011101101110111
11111011010011001
00100110001101111
01111110101110000
00111100111000111
01010010111101101
01001110100110111
00111101100111101
01111110011001111
11000011111101100
11001110110001011
01110011111110001
11111111110000101
10011110111100101
01000111111111101
10100111100001011
11111001110101010
11101100110001001
10110110100110010
00110011001011011
10111011011001111
11110011100100101
01111101000100011
11111100101110100
11111111101010011
10100101011001011
11110100010001011
01110110110011010
01110111011000111
00100011111100111
11011111111110101
11101011010101010
10011101010001110
11000010011101110
10110111001000110
11101001011011110
11001101110101101
00101010011111001
10011100110011111
10110011011101010
10111100011111011
00111000011111010
10110110011100101
11111010001001010
11001000011101101
00111101100111100
10111111000001010
10111100001010101
10111010101110111
10111011101001000
00001101011101111
10111011101011011
11101110101111101
11101110111000111
01001111011100111
01111111100011100
10110100011101011
11011011110111011
10011110110110101
11011010011110101
11110000011101010
11101011111100101
11101110001010001
11101010001101011
01111101111000000
11111011111010100
01110110101011011
10100110101100101
01110110100100110
10001111100111010
01101110001011110
01110110001101001
10000011010011111
00101111100011001
01100010011111111
10110111000000111
00001000111111111
11111111111110010
10100110110001111
11100101011011000
11001011100011111
11010111111100001
01110001101110001
11010110011111101
10110100100100111
01000011011111110
10111100011001010
10011101001110011
10101110101101100
01110010111100011
00101101011100111
11000111011101111
11010010011110100
00001111001101101
00101010011101011
01100110001110110
11001010101110110
01101010010111010
10001111110010111
01101110000111010
11111101011101111
11010001011110001
01111011110111001
00110111011001011
01111110010100101
11111010000011100
11111011011011011
11110011110001100
11101110010100010
11111001000111001
10001010111110010
10110011110011001
10111111100001110
11100011110100011
10010111101101100
11010101100111110
11000110101100111
10001010101111001
01101010011110111
01000111111110100
00111000100111110
10001111000010111
10010011001001111
01011001111111010
11100110110111010
11011011011101011
10100001010111011
10010101011111000
10010101111110101
01000101001110111
11100111111010011
00101101101111011
00101011010011101
10111011011000110
10101111101000100
10100101101010110
10011100110110100
10110010011110011
11101110001110110
10110010100111100
10110011011110101
00111101101111101
00011001101011111
10111101111110101
11101100001111101
11011111100010001
11011110010010100
11111011010111111
01001111011110111
00110100111111101
11011010100111111
01101111110010111
01011111100111100
11110001110010101
11001100101011011
00111010111100001
00110011110101100
00011110110100110
10010011111101011
11111011101110010
10000101011110101
11111111101111001
10111111001110001
10101111010100100
01000010111101101
10001010011101111
01111100000011011
11001001011001101
01101101011100110
11000111000001111
01111110011101010
10110101110111011
01100111011111001
10001001100011111
00001101001011111
10101010010111001
11111101010110111
10111111111001010
11001111110110011
11110010110110101
01101010110011100
11000011101110111
10111010110101111
01100010111101010
10101110110011010
01100010101101101
11011000110011100
00101010111001110
01110110110110111
10110001011110111
00011111111111110
10010001110110101
10111001101011100
00101011111111100
01010101011111000
00110100101110110
00110110101011010
11100010011011010
01111100001011101
11011010001111001
11110101010111000
01110110111010001
11011011110001000
01011110011010001
11011110101100101
10100111110010100
11110100001110011
10011000111100110
11101111111101100
10100100011110110
01000110111100110
01011110111110101
10101101110100001
11101011111111011
10001011001110101
01000111110011011
10011110111011011
11111100101011111
10110100011110101
11110100110101111
11110101011100010
10000111011110110
11011110111010101
10010101110110011
10100011110110111
01100110011101100
00111011101100111
11010110111110100
11101100010110100
01111001111110011
11101101110101011
10001111000111001
01011001110101111
01011100011100101
11011100111010110
11010111100111010
10100110100110101
00100101101101110
01101001100111110
01010111011110101
10110111011110011
10111010101110001
10101011001111100
01101110001101100
11110010111111001
10111010101110101
00111101011011011
10110110100011111
01010101101011110
11111011101101111
00111101001011011
10100111001111110
11110011011110100
01110001110001111
00101001111010011
10101001010011110
01100010110111111
00111101010011101
01110001110011110
01011110110001100
10010111111000100
00111110111010111
01001011100111101
10010011011001111
01110111101101010
00100110101110111
01111000111010100
00110101011001110
10111010101111001
11010110010111100
00111011100111101
11110001011100010
00000111101011111
11010011010110100
01011000101111110
10101010011011001
00110010110110110
10011100010010111
10111111010001101
10101011011011111
10101101111100100
01100111111101010
01101010011101010
11011110010010110
10001101100011101
10111101101110011
10111000101011011
00001110100111011
10111001010110111
10011110111111101
11001011100011001
10111001000110111
10111010011011001
10101001110111010
11010111011010011
11100001111110111
00000111001111110
01110101011100101
01011010011110110
11110001101110000
00100000101111111
11011010100111100
10100100100111111
01011011101000110
00011010111111001
11100011010011100
10111001001111111
11010010001111001
10101101000111111
00101101110001011
01111011001101000
00111001101001101
11001111111010010
10001100110011111
11100011111010111
11001100111010111
01110010010100111
11000110101011100
11010110011000101
00101011100110011
11101001101110001
10011010110111011
11101111111001011
00111110101101100
01001011100111111
01101111110100001
01011010010100111
00101111011011011
10000110110111101
10011110110110111
10100101100111110
11110010110111111
10100011110110001
11001011110001101
10111000101101101
01100110101001110
00101000111101101
10101101110001011
00011010110101101
11100101110100010
10001111110001101
11001111110101110
11011101101111100
11111010111101010
01010001111111100
11001110011001110
01111100011011110
10001101111001001
01110111110101111
10101111101010111
01001101111111101
01111110111111100
01100111001101111
01101110110101000
10011100111010111
01100111101110000
10011100100010111
00011101001010111
11110110101000101
10111010110101000
10001011111010010
11000110110101110
00110010011111111
10001110111011110
01011100110010011
11000111011100111
01000111111001101
11110011101111101
00101011001001111
01110011100100110
10110101010011010
11110010100000111
11001000111001101
11001001011010101
00011111110011011
11010101111010010
11011101001100111
11011111101001110
10101011000011101
00110001001011111
00001010101110111
01101101110010100
10100101111010010
10011111010111010
11000110110110011
01100011010111001
01100100011111001
10110010011111110
11110011101101010
11100100011011100
00111111110010101
01101010011101101
11101011010000101
00001110110001111
11101101100101000
01011011111101011
00011111001100111
10110000000111111
00011110101110001
01000101101011011
11110110010110101
11001101011010010
10100100101101111
11110011010101011
10100101111010101
11001110110100111
10001111010011011
11011101010011101
11011100001110111
01011111111001010
01110010110101101
01001111100101011
11110010111101001
11111101111111000
11000011011111110
01101100111110010
11100110101001111
01011110100100011
00001110011011111
00001101111110001
01111111011101100
11110101110100101
00110011100011011
11010000010111111
00010001111111110
11111001101010000
00111011010101100
01101110111000100
11011100001111100
10011011111011010
11111100101111001
11100011110010010
00011001111110111
10000001101111110
01011010011110011
00010100111011110
10011011101010111
01001111010111101
01111011111011101
11111011011100011
11011010111101010
01110110101100101
11101110110110010
01111010011011100
11010011111000001
11011001001001101
01100111100100101
11111110111010101
01001111010111110
01111100111110010
01010101011110100
01111100101001011
11010101101100100
11010010111011111
11111111111010100
10111001101011110
11111011101010110
11111001101001110
10101111110010001
10111111001111001
00110010111001110
10100101100100111
11100101001011111
11101110001011010
10001111101101000
11011011000000111
11101111111011101
11001011110000111
10110111000111110
11011100011110100
11011010011111000
01110011111001101
11111101000001100
11110101100011100
11010101110010100
00110100101111011
10011100101101100
11010110101101111
11101100110001101
01100111011001100
11110000101110011
10110111001010101
11110111011010000
01011100000111101
11111011001101001
11000011011111010
01110100011001101
11011101110000010
00100101111111101
10001100110110101
11101110010101111
01001111101100111
00001110111010101
10111100111011111
11101110111000110
11011111001011011
01110110110110100
01101111100111110
11011011011100000
00011111000111111
10111101001110110
01100111111101111
00110100011101111
11100111101101000
01000110111011100
01110101110010001
11001100010111001
11010011110000110
00101110001110110
10000011111001011
10000101111010101
10101001011001110
11010110010111101
10101100100010111
01010111111001111
10010010111001110
01111101000101001
11101111011111110
01010110001101011
10101110100101101
10011100101110001
01011000101010111
11000010111110001
11000111111000010
11111000111111100
11110011011110101
11001111101000100
10101011000001111
00111100010011011
11001100100011011
10111010011111000
11111001111101010
11001101011011000
11010010111110100
00101111111110001
01101001100011101
10001011110001011
11110111010110010
00011101110010011
11110010001111000
11011110101100101
11111000101001111
10001011111101000
10011111011010111
11011110101011010
11011011000101100
10010111001100111
10111011011111110
10101100111011000
11110100011100111
11011000110101100
01111101010100010
11111010111101000
11011011111100100
11001111101000011
10001011000111011
11010010010111110
10101111001111001
01110001110101001
01111110000100101
10110010011110010
11100101111001101
10100101100111110
10010010110101110
10000111110101001
10111110101011011
00111111010011000
10100001000111111
00011100101011110
11101101010010100
11000011111010110
01110100010110111
11011001001010011
01110001111110011
10001011000011111
01110110111001010
10110101110000011
01111001111000100
11111010110011000
11111001001001011
11101010110011111
11111101000111010
11101110010001001
01010101101101101
11111011001000100
10001110111010110
11001001111010111
01011101110110000
10011001011101100
11011010111100001
11100100111010001
10101110110110100
11001010110010110
00101001110111010
11101111010001111
10111110100100111
11001010111111101
11110000011111000
10011111011000010
00111100101101101
11110101010011011
01111001101100010
01110110110110100
00100111101101100
11101110111100001
11001100001101110
10100011110101111
01110001110100011
01010111011110101
11010010110101101
10110010110101010
11110110011001101
11100110111101110
11101101101000110
00101011010110011
11110011000011010
01111001010001011
11111111010010101
00100110110011111
00010011101101101
10111010101100100
01110011011011011
11001110100001111
01110011000110101
11110100110101111
01000001111110111
11110100111010110
11110111001010011
01110011010110111
11011100111000100
11011110110010100
11010011100011101
01110111110001001
10010110111011000
01100111100010101
10011000111011100
00101010101110111
00010011011111011
10010111111011001
01110110000111010
10001110011011010
01110001111100100
11001111001011100
11111001110000001
00111000111010111
11111011000010110
00110110001111101
01101111111010110
11101011001100111
11111000101010010
10001110010011011
00010100111101011
01001100111001101
10100111000101101
10010101001100111
11101101110011100
11110111110011001
11001111111011000
00110110000111111
00111110110101000
01111011010001100
01001111011111111
00111011110111001
10100111111011100
01010011111011010
01101010001101110
00011101010111001
00001100110110111
01001110100011111
11100100100111111
11010101101110001
11010111111010011
01110110110111111
10111111010000100
11010010110100110
10011100101000111
01110010011110011
01110111010100101
11011001101010110
01111101011100101
01110111101110011
11101000001111010
11111101011000110
11110110000111010
01101010110100110
01011011101011111
11100001110011111
11101100001100011
01000111000111101
00111101110011100
00111111110001110
11110010101001100
11011110111011000
11011111000111110
01011110010110111
10100010101001111
11011110110011101
10001110110101101
10110011001101011
11011010010001011
00110010100110111
00111101100101001
10001111010100111
10110101000011111
11011011111101111
10110001111100010
01001100111110101
00001110110111100
11111110111101110
10100111101100110
00011011100101111
11010110111101100
11100100111101011
10110011011001101
11010011111110100
11000011010111111
11100110111010111
11110101111110110
10101100101101011
10001110100010111
10111111001101101
11111000000101011
11000111101011000
10101010001101101
11101011100000111
10110101111011100
11111111101111000
11010011111011000
00100100111011110
10001100111011101
11111101010010011
11100000011011011
01110010010001111
11001101011010010
00100111100011101
00010111010111001
00110001110011011
01010111110110111
11100010111111001
10101001111111101
10110101010111000
11111001111001011
10011101011111100
11101110100001111
01011110010011001
01111101010001100
01111010101100111
11001001010101110
10010011011101011
11011101101000111
00101111111110100
10100110001111111
11100101101110111
11001100110001011
01101111010100111
11000111011011111
11001011011101001
00100111001010111
01010111100111101
11111101000000011
01101111111100000
10011111000110011
01111100010100110
10111110100110101
01101100101001011
00010111011111011
01100001101101101
11101010101111100
10111111000100010
10101101100111001
11100110110011110
00101001110010111
11101001110111010
01100101010111100
10111001010010011
11100100010001111
11110000011100101
11011000011101101
11111000110100110
10001011011101101
01111010101100011
11000110001111101
01000010111111001
00110011100011110
10101000110110101
01011010110000111
01010110110010011
01111110111001010
10111111101100110
11110000101000111
11100100000111111
11001010001101111
11001011110011000
10010101011011100
11111111111100100
01111100101100110
11000011100101111
10011110010011001
11011110110001010
10010011100100111
01001101100101110
11001010010011101
10100010110100111
10111101001010101
11001101101111010
01101010100111001
11101111010111010
01010110111110110
11010110110011110
11010110101101111
11111011001100011
01011000111010011
01101111110110111
00011110110010011
10100011111001100
10110011111010101
11001111101000100
10010011110011111
00111001011011010
00011101101101101
00110000001111111
01011001100110101
00101111100101011
01111111110111011
00100101011011111
10111000011100110
01011010010111111
11001001111011000
11111010001011000
00101100110111101
11111011011000100
10111001101110011
11111011111111101
10100111001010110
10110100110010101
10110111111010110
11100010111110101
11001010011011110
00011110100111001
10100100101011101
00011010110101101
11111110100110011
00101011011011001
11011110110111011
10111011100000101
01010011110110010
10111001010101001
11111111110001110
11101101001111100
10110100010110111
11011110011001100
11010111111111010
10111010100110111
01111101001001110
01001010110110111
10111110010101100
10001111100111001
11010110101001110
01111110000010101
01110011100110101
01100101011110100
00111111011000110
10001100110110011
11110001101111000
11011011011110001
00111110110011110
11010101101111011
11111111001100000
00111001110111000
10001001101111011
00011101110100110
01011110010011111
00011101101101101
11110010111110101
10011011110011011
01110101010110011
10011100111000111
11110010100100101
11110110011111100
01001110010101111
01001101101011101
11101010010111110
01110100001110101
10100111011010110
01101111101101010
11000011010101111
11110001101010110
10100111010101001
11000010110111111
11110010011010001
01110100010011110
11100111101001001
10111100110010100
01101010000011111
10110111101010001
00111111101011011
00100001100111111
10110011111110000
11100110111111100
01110001010101011
10011111100010001
01111111111010101
11001110101001100
10110011110100001
00001001101011111
10111110110100010
11001111001010111
00100101011111111
10011010110010101
11100100111011111
00101011100111111
11000111101001011
00100011111100111
10100101010110101
01101011011000111
10001110001010111
00000111111010111
10110110101111101
10010010110011111
01111001001101111
11110000110111101
01111011000111011
01110011100110001
11101011111110010
11111100101010011
10110101000011101
01011011111110111
00011011101110001
11111100110001100
11011111101111110
11111101001001001
11001001101110001
11011101110001100
00011111101110110
11010110111010111
11100100101011101
01010101011111101
10110111011010011
10110100101100101
10001101101110010
01101001111111101
11001100010001111
11010001011011111
10100111110111110
10010101110111010
10111110101111111
01010100111000111
00101101010001111
01111010010010101
00111111000101100
01111100101001001
01010111000111100
01101111100110010
00101011011110110
00111011001100101
11111100010001110
01001101101111011
10101100111011010
00000101100111111
10110100111011010
11001110101110001
10111110100011001
11011111010100000
00110011010111111
11111011000100001
00111011010001110
11011100011111101
01001100100111101
10110100011101100
00101101011011111
01001011101111100
01111101111101100
10011111011101000
01111100111000001
10001111011011010
10110101110011011
00111101101010110
10011101100101100
01011011000010111
10110000111111010
10111110110101011
11001110001011110
11101001101001010
01110011101111110
10101010111101011
01110011111101100
10111011100110001
01111010001111111
00001001111110111
10011001101100011
11000101001111111
01100111111100000
01101110111100001
11111011010111101
01110011010010111
01110101111100011
10111010001111011
00001111001110111
00111110001111000
11010011110101000
01011010110110110
11101011101001110
11010111101001110
10101101000111011
11101101101101000
01100010101011011
00000110011011111
01110011001101010
11110111101100011
11101001111000110
00100101011001111
11010110110101000
11011101001100100
11111110111000000
11100101001110011
11001001111000101
11101110100010111
00111011100001110
11011100101110000
11010011010111010
01101010111000111
01100000101111011
11111011010000001
01001000111101111
10111011100111001
11110101101101001
11011101110001100
01110111001000111
01001011111100001
00100111100111100
11100010011011110
11010001000011111
00111000111110001
11101011101100110
10010100111001011
00111101100111111
01001001011011101
00110101000111101
01111000111010011
01010101011001011
11101100110100100
01101000110111001
11010010111110000
00011001111011110
00100110111001011
00001110111111100
00001101110010111
10001000101111111
01101001010110110
00110010111100101
00111111011100001
11110100001111000
10101100000111111
10110101111100000
10010111001110111
11101011000010011
11101000111011111
11001101110110101
11101101011100110
01101110001110011
10001110101101010
11100101000110101
11100111100110111
11101110001011100
01011011001111010
11110011010111110
01111100100100011
00110001100110111
10111100100011110
11101011011111000
11100011100111110
11101000010101110
01100111101000110
01111100100110101
01100111011000110
11110010101100110
01110111111001001
00101101110100110
11101001001111011
01110111111010000
11010110101001010
10010111101011100
10111011001011110
00010011111001111
11011010101101010
10011101101110010
11000100110111001
11110111100101100
11111011111001000
11011101100111010
10011111000110101
01100100010111101
10011101010011100
10111111111001110
01100011001110110
01110111111000011
01000111100110101
11111111001111001
01110100001111101
01010101010011101
10000110111011101
11101010110010100
11110110110110111
11011110110000101
11101101010111001
00111011111110111
10101001101011100
00110111010001110
11111100111011110
11101110011010010
11111011000111001
00101111111000001
11111011000010111
01101101100111100
10011111101011001
01101011000111110
11000110011001101
01011011001001111
01011100111011110
11111110011110101
10111111001011111
11111110010011000
00111110111101011
10100100011001111
11001101110010010
11011111111100001
01111111110110001
10100011110010110
10010111110111010
11100100111100011
11110001110110000
01111011101111110
10100101101010111
11111010010001011
10101110001101011
11000111111110000
00011100110110111
11011010011001101
00101110111001110
10101110000111100
00110111100011010
01000101100011111
01111011001110101
11001101100100101
11010011111000111
11000000101101111
11100101011100011
10010101010110011
10011010011010011
00111001011001111
11110110010101100
11011001111010101
11111110100000110
11010001011101110
01011000111100101
11111110101010101
10100111110100111
10100010100110111
01101011111101000
10001101111001110
10001101110111010
10001010011111110
11011110111010001
11110001001010111
10101001111101011
10111100000110110
01110111011101010
10110001011001011
01011001101100111
01100001110101011
11110100101000111
00001011110010111
00111110011111001
00100100100111111
01110101011010001
00011010011111100
01001010101010111
10111100100011101
11101101111101010
11011100101101100
11001111010101000
10111011010011001
11111001010111001
10010010111111101
11011111100001010
11101001111011111
11100111011010110
11111100000011111
11111100111100111
01110100001111010
01101101110011110
10101101000011101
01111100101110011
01010111101000101
01010100110111001
01101110011101000
01100111110011010
00011111100110111
11001010011110110
01011010010101101
00011111110010111
11011110100110010
01101101110011100
11111011010100010
00111011111011111
11001110110110011
10011001111100001
00101001110101011
10000011111101001
10011011100101101
01010111000111101
01110110101101111
10101001001011101
00100101011111001
11101110001010001
11000111100010101
11111100000111010
10000011110011101
00100001111110011
00110110111001100
01010110110011011
11110111100101011
00110111011001001
10010111111010101
11110100101001110
11111101111000000
00110111001111100
01101101011011010
11011001011010100
11110010001000111
00101101011011101
01100110001110110
11000111111000010
10101000011110011
11011001010110111
10111010110110010
00101111000011110
10110110010110011
10011111110010010
01100000011111110
01010100000111111
10101111010101011
00101110110110110
11101001011011100
11000110001111101
10110011010101001
10011100011100011
00111111010101011
00110011001110101
11110010010110011
01000101111101110
11011011100011001
11011110011001100
11110111011000101
10100111001101111
11100101100010011
10011101001011101
11000011111111101
11111101100100101
11111010010010011
11110111101100001
11110010001001011
11100011111100110
10101110011101101
01101111111110110
01111100110101111
10011010001010111
00011001011011101
11101110001010100
11001010100001111
11110010100101010
01110101111011000
01011011101001101
00111011001000111
10101011100110111
01110111001101110
01111001011101101
01101101100100111
10011001110111000
01111101000110001
00000111110011111
10011100101110111
11110100110010011
11000001100011111
10011001111011100
11000011110011111
11101011100111101
11010110011100101
01011101110001010
01111111000000101
01001101010101111
10011001110010011
00010010110111111
11111111010010010
01100010011110110
10111010011001001
11111111010111000
01110110100110101
01100011000111101
11101011001111011
11011110010011100
11000111001010011
10110100001111011
11110111000110011
11001001111101110
11101011011100011
11100111000101011
11010011010010111
01100001011011111
11111100011001010
11100100011111100
00011011111110111
00010111111010001
10001011111101110
00111001111011110
01110001011001101
11001110010100111
11011110000011110
11010011011011101
11011110111011000
01011111101001011
11101011010100111
01111111101010100
01000011101111011
11001101010010111
11011000100111001
01110110011010001
10000101100110111
10001100111110111
11111000010011001
01101000100111111
10110111011110011
00111110000011011
11101101001011011
11100111100110000
01101110110011010
00101000011011111
10110111011100101
11110010011100110
00110011100111001
11100011001010011
01011101110111110
00111111101101100
11111111011111011
00011111110101100
10110111001011000
00101110101001111
11101100010110110
01101010110011111
11101101011011110
10111011010101110
01001101011011011
11001101111100101
10000111110100101
10101101101101001
11111110000010111
11010010000110111
11101111111111111
01101011011100110
01001001010111011
11010110111010000
11010101100110100
11101000100111101
11110110011110000
11111001111000100
10101111001000101
00001111111011001
01011101011111001
11111000011000011
01110110111111101
11101011101001100
00011001111001110
11101010100011111
00000011111110111
01110111011101010
01001100110001111
01001001111110011
01001010001111111
11111101101100010
11011111110111001
10110111000101011
10101101111101101
01010010101001111
01001111101101011
01010101110101001
11111011110110110
11001110101100001
01111001101110101
11011101011110110
11110011010001100
01110101100011111
01110010111111000
11111110001101101
11011001101111000
01111100101001111
01011101011011100
00110111100111111
01101110101100010
11110001011101100
01111000010111001
11111001101101011
11111001101011010
01111110011011001
01011110011111010
10011010111100010
11001100110011010
10101001111010111
10100011111100110
11010100111110111
11111101011100001
01111100011010010
11100101010011101
01100011011111101
00111001101110110
01110010111010101
11110010101000110
11101001001111011
11011010100011100
10111011111101010
11100001110111110
11100001010111010
11011111110000110
10101110001111110
01111011101011110
01100110111110000
11101010110101010
01001101110011110
11101111111001001
11101111101101000
00001010111111010
10101101110001101
10110011100101101
01110111001010101
11111010010110100
01110000101011101
10001011001110111
11101110001000011
10011101111111101
11001111010010110
01100100110011101
11001001011010111
01011110101000111
11100110111001010
11101001001100011
01111001011010100
10010011001110111
11110111000110101
01011010011011110
00111010110011011
10111011111100101
11010110000101011
01010111100101111
00111111101110000
01001111101010110
00101010111011010
11010011100111110
11000001101111111
01011010111010001
10001001110110110
01111001011010100
01011100010011111
11101110100101010
01001010101110101
10110111011010111
00001111111100001
01111111011000110
10011111110101100
10001011100100111
10101010111101011
11010011011000101
10111011100001111
10111011110010111
11000011010111101
01010010101001111
11000010101011110
11010010111101001
00000111111100111
11100011111111010
11100011101010111
01001011110010011
00100110101101011
10101000111011010
11011101101010000
10110010111000110
00110110110111100
10101111101111011
00011101111111110
10010001101111110
01111101011000111
11111010101010001
11100001111110111
11001000101111001
01111101110111001
00111001011000111
11011110111110010
01101101111000111
11111000011001011
00110010110101101
00000101101111111
10110011011110011
11100011011111010
11100010101111101
11010010111010011
11001001011111001
00111111011110001
01011100011110100
10111100101111010
00111111111000011
00110111010101011
11111100101110100
10111111111111001
10010111100101111
10111111001000101
11110001011101110
11101000110001011
00111100110111100
11101100110001101
11111011110100010
10011011011101010
01011010111100011
10010101110011011
01001111101011011
10011111001001010
00111110111101000
11010100111010110
00111001111110101
10111101001001111
01101010010111011
00011001011101110
11011110000100110
10101010100110011
11001000010111101
00010111111111110
00010110111111011
10101111101001010
10100111110000011
10110111110001110
01111110011110110
01001111001010011
01100001111101101
10011100101111000
11101101110010111
10110101010111100
11001111101001011
10011111010011011
10101110100101110
11100001101101101
10011111110100101
01001111010111010
01100111000111001
01101110010101101
10100011111111100
10011010110100011
01101011010110101
11000110011101001
10111110100010101
11011101111000110
10111101001001110
01011011110110100
10100010000111111
11110110110111110
00001111011011011
00011111111010001
11011011001001111
10011010110011011
10111011100100001
11111000111111000
01110110110001010
10010101101011011
10111111000101010
10100011011101011
11111010000111111
11001001011110101
11111011011101011
01011110110111101
01110011001110110
10101100111111100
10010111011001111
01111001111111010
11111101110100100
00111110011001001
01001100011100111
11101011010111111
11010011110111111
11100110101000101
01001110111100111
00101111011011111
11111011001100100
11001110111010100
11010001110110011
11001111110110110
10101001111100100
11110111100000101
00100011111100110
01110101011111011
10011011101100001
01100110100101011
10010010110011101
11111000011100101
11011011010010111
10111110000111011
11110101001100011
11110011110110101
11111111111011100
01011101000110011
11110101001111011
11100111010010110
11100110011101011
11101110101100100
11111100110010100
00010011111001111
10100110101100011
10110001101101111
11101101001000110
10110111110010001
11100011010100011
11001110100100111
11001111100001110
01100101001110110
01101100101111111
11110111011010011
00100011111100011
11011101110010111
10111011011000011
11001110101100101
11001001100011011
01001011001111010
11110101110010100
01001101010001111
01010011000111110
01100101011001110
10110010110110001
00111001001001111
01011110101000110
10101110110000110
01101111101011011
00110011110111001
01011100011110101
11010111101111011
01110011111100101
01101101111111101
01101000110010111
01101000111010111
11111100010010011
10001111100011010
00111110101001001
00111100101000111
01111101111110101
11000101000111110
11111101100011111
11010100101101010
10110001111010010
01110110010001101
11010111100111101
01111011011100100
10011111010101110
00110011101011001
10101111010101110
11110110010101011
01001101101011010
01011111110101010
01101111100111110
11100110110010110
01011100011001101
11110010001111100
11111001000110111
10010111011110100
11111011100100100
11011001101010101
11010101011000101
10000101111011111
11101000100101111
01000111111000011
00111010101110111
01101000111101001
00101101001110111
00101111001011110
10010010111110111
11011110000001011
11011001011000101
10011111100110101
11111110000111001
11011001001010111
11101011110001111
00110111110011110
10011110101011010
00011111011010100
10010100111110100
01111000111110001
10100100111101100
10010100000111111
01001111110010011
10011111011101000
01000010101011111
10111010011110001
00001001011011111
01111101001011000
11100011100101101
11001011101000111
11111101110101011
01101111011111110
00101111110110011
01110001111001011
10011010010011011
10010110111011010
10010101100101111
11111010111010011
01100110011011111
10101011101110111
00001011110100111
11001111001011111
11100111100011110
11011001011101000
11010110110000111
01010010111110010
10001011111010101
11011001101110101
00011011100111010
11101111000110000
10011111101110100
11101011111001110
11111111100100010
11001010110011001
10101010010111100
01001100101011110
00101011011001111
11001011111011000
01011010001011110
01001000111011110
11101000111111011
01111010001110111
10010101110100111
10111001101111001
01011011101110010
00001110111111001
11111111011100000
01101000101010111
10101011110101010
11011010100001111
01100111110110001
01011001011111010
10110000101101011
01110110001111110
11000000110111101
10110110101001001
10011000100111110
01010111111011011
10001111101010001
00111010101101110
01111011101101100
00111110101101110
01000101101101101
01001001001011111
01111101011000011
00111101111100111
01111101011101111
01111110100100101
00101111110100010
01011001110111100
10011100111111110
11001101111010011
11000101100010111
00011010011101101
01001101111101101
01111110000110110
10100101111111111
11110101110110101
00101000011110111
01111001110110110
01111101011111101
11001011001000111
01001011101111101
11011010100111000
11110011011111101
00111110011110101
01110001010011011
11110000011111101
11101111100010100
11010111110100011
01101010110011110
10011011111100111
11110010011101011
01011001101100101
00110011011101001
01101110101101101
10010110011111001
00111010011110110
10101111111101111
10011110111110011
11110000100111110
11111101011100111
10100001100101111
11111010001001001
00111111110111100
11011101111110011
01101111110111101
11100110001111111
11011110011100110
11000101100111100
01110111100111100
10111111100100000
10101010111101111
10011110011001101
11101010001111000
01001011001011110
10100110111010110
11110001110101010
00111011111010010
01110100011100101
00011100111110011
10011110001111001
11011011001010010
00110101111000111
01001111010010011
00001110111110011
00101110011011010
11001100001111010
01111111010101111
11101001010101011
11010101111111011
11000110110001110
00110101110001111
11010110101010010
00011111101010110
00110011111101100
00101011010111110
10000110111011101
11101101101100110
10111111000110111
11110101101101000
10011001011110100
11101101100011111
01110010011110011
01010101111111001
01111000111011101
10011010110110011
01001111111001001
00111000110110110
11110100100011111
11110100110001110
11100011001010101
00100101111101100
10011110110011011
11101011011000101
01010111101000101
01101101111001010
10101111111010011
11111000001100111
11100100011111011
11100011101011110
01111100010101010
10100111001011001
11110100101101111
10110011110101110
00100111111101111
01101110011010011
11001010011110010
00111111011011010
11010110011101001
00110100111111101
00110111011110010
11011011011111001
10111111010111000
00011011011100110
01110010100101011
11010011011011001
01001111111011101
01110111110001001
01110010100011101
01000111010011101
10110110101111111
01001011000111110
01011101010110111
11111010010101100
00001111110110010
01000010110111111
00011011110111110
10010000011111110
11011011111000101
11011011111001100
01001011101110100
11010111110100110
10100100110011111
11100111110101001
01010110111111000
00110010111011010
10000101101101011
11111010000001101
11010101011110101
10110111011011010
11011111111010110
00101110011111010
10011011001101010
10011000101011101
11010010111101111
10001001011101101
11101000011010011
10111010111101100
10111110011111011
01101111111010001
11110100111010010
10010011111001111
11011101011110010
11001110101101111
10100111000101111
01101010111100001
10000111111100001
10011111110110110
11111010000101010
11111101001110011
00110101011101111
00011010111111001
10011100011111111
11110101001001100
00011110001011101
01011111000101110
10001111011101001
11001110001010101
10000111110101100
11001000101111100
10001011100101011
01000111000111111
10101011110000111
01101010011011001
10100100101111110
11100001100100111
01001001101111100
01011011001101110
10100110111011011
11101110100101110
11110101110101010
00111010011000111
11001000111110010
00100011101111011
01111100100100110
11110010010011111
10101010011111000
00010110011111100
11001110011100100
10001111000110110
11001111011011101
01011011110010010
11100110001110011
11011110100001100
11110101100001001
11011110100110000
00111111100101110
01111111011111001
11011111010010010
01000111011001101
01011011011100010
01111011101000111
10011001000011111
11011100011100110
11111001011111011
10001110111000110
01101111111001010
01101111101100110
01111111101100010
01100001101101101
11101101110100010
11000101101110101
11101111100101111
10111011111001100
11110011011100011
01001000111111111
11101011001001111
11110111110010000
11101100101010010
11011111110001010
00011110111000011
10101110001011110
00010001111011110
01111111100001111
11001111111111011
10101111000101111
01010100101101011
00111110011101101
01001111110111100
11011110011011110
11011111000111100
10010011101011111
10101011010111100
00111001111010001
10010100011011011
00001011111101111
11001110110010111
01101100001110111
10111111100111110
10100111001001110
00110110111001001
11000011000111011
11111111011010110
01100101111010111
10001111110011101
01011110010011111
11110110000001101
01110001101001111
11100101111100010
11010011110011101
11101110111111010
11111110100101111
10011100011111000
01001011110111110
01001011001111101
10010111111011101
11100101000111101
11001011110111000
10111011010001111
10011010110011111
11011010101101000
10111010101100111
10110010100111010
01011010111011001
01010111000100111
11001101001000111
10011110101001010
10000111111100100
01111101001010011
00111110101011000
11001101011101000
10111100100101110
00010101111010101
01101001110101101
10111011011100010
10001111001001110
00110111010101010
00101011011101011
01001111101011101
11110011001101010
10101000110111011
10001001011111100
01100001111110111
01110111011101101
10100101100111001
11111000111000010
10101011101111100
11011001010100111
11001111011011010
00101110110000111
11011110101010100
10001010111010101
10011100010011110
00100101101011101
01111000010011011
00011101100101110
01111011010101101
11001111110110111
11101001101010001
01101100111011010
10011111000111101
00011110101111111
11111100110001101
11110101011011010
01110010010111101
11100101001111011
11110010100010011
01100101111011010
00011101110001011
00111101110011111
10110101011011000
11111001100001010
01011111111011000
01101010111100110
11110101110111001
10110110110110100
10110100000101111
11111111100100000
00111101100110111
11011100010110010
10001111010011110
01110010101110010
10101011001001110
11111001101110011
11011101101010110
01100101111001011
00101111111000111
10100110111111110
11011011010111011
10000001111101110
11101010110101001
11100100010001111
10101100110111111
11010111001011110
10101110100100111
10110111100100001
10110111101001001
01111111000001010
11110111011110011
11001100101001110
00111000111111010
00011010111111101
10000110100111110
10001011110101010
11010101110110001
10110011100011110
11111111010011100
01000110101101110
10101001000111101
01110111000100111
01111010011110000
00110110011011010
00001111101101001
11000100111110001
11100011100011111
00111110000101111
10010101001101111
10011101001111001
10000111111011001
10001111110010110
00100111111111110
00101010110011101
01010011110111001
00111001101111011
01110101001111110
10001110101010110
00010111000110111
11010000101101101
01101011101110000
11010100010011101
01111100111000110
11101010111000111
11100101001010111
10111011100101111
10111011111010000
01111110100010111
00010111110100101
11111001001110001
00111010101111000
11111011000111001
10100010011011111
01001110010011110
11101101000001111
11001001011111000
01011110000011101
00010110011001111
10001111001010110
00101111110111111
01010010011001111
10101001111111101
01110101101001011
11011011011001100
00100111010110011
10101111111000010
01011111000000111
10100100111110010
01111111111010101
01100110101111101
00101101110111010
10100011011110001
10101011000101111
11001101000011101
10101011001100101
10100001110111010
00011111111110011
11101101101100101
01101110000110011
01101110010111101
10011100110101011
10101111001100110
11101100111010011
10101001011010011
10010000111110110
01101111100011000
11111011101101101
10001111111100100
11010010110111101
11100110110010001
11011011111100110
10000111101110011
10011110111110000
01111001000101011
11110010010100011
11010100101110011
10001001011111101
01010111011100010
11101001111000100
11010110110010111
00110101111101010
01101110100010110
00101101111001010
11011101110110101
01100011101010110
10111010000011111
01101111011110000
11000110111101010
01110111011101100
11011101101001101
11010001101100110
10111100100101110
11011010101010110
11011010110001001
11000011111010010
11111011000000011
11000101011001110
11011100001001110
10110011100010110
11011111000100001
10100111011010001
11000101001111001
01111100110101001
01101111001110001
01101001110101011
01111101111011111
01011011011111001
11010001101111100
10101010110001011
01101010101100011
01101011011000011
11000101101010011
01010001111111010
01011100010101101
11101000000111101
11011110111101100
10011001011111100
11011001101010011
10101101101100100
10111001111100111
10011010111010101
10111001110101001
11111000100111011
00101111110110100
11011101011000101
10101010011011100
00111110110111000
01101001100011110
11101110111110101
01011101010110001
11011011100010110
01111000110111011
00101011011111100
01010111111101111
00110011111110000
01101111000001011
11000101111100111
01010110011110010
11101111010001101
00111100111001001
00111110111000111
01000010111101101
11111011010010010
01011011100010011
11100011101001001
10011111010010110
01100111100011010
00110101001111010
10010111100111011
10111110010011011
11111101011101110
11110110010100101
11001100111110001
01110100111101110
01011011100110110
00011111011010010
10101000011101110
00110001101110011
01111110001010110
11110011110100000
10010011101111111
01011111001011100
11110111000001010
01011001100110111
10001110111110101
01010011011101110
11100111000001111
01111110101010011
10010111110001101
11100110111110010
11110111101010111
10001100111100110
11111011000011011
00011100111111111
01100110101101110
11111100010110110
10111110010011010
01101010011011111
01111110100111110
10111110110100011
00111101101101000
01110111100111111
11110011111000000
11010010111100101
01111101010010011
11110010101100101
01001111111000010
11000011011000111
10011001110001011
00011001001110111
01110001000111011
10010110000111011
10001011111101100
11110001010111010
01111011100111000
11111111111111000
01111100010110011
11111010010110101
01011010101100110
10101111100110000
01011101110110001
01110010101110111
01111110010100101
00110101011110110
10011100011101100
01011011101111100
11010001000111110
11010111110001000
01100111011100111
01100111001101111
11110110111010110
01101011100011100
01100100111011011
10000110111111010
01111010100000111
11001111011001011
01101001101110011
10100110101111111
01110101110100100
01110111110110101
01001110111001100
01101111111101010
01101010101111011
01111110000111101
10110110111010010
11011110001101000
11110110001001011
11000111001011010
11111101011011011
10111011010000111
11101110110011011
11001011001101011
00110011010111010
01010100111100110
10010000111011101
00000101110110111
11101001101001100
11100110110011000
00001101111101001
01111100101010011
11011100101100111
10010110101110100
01111010101110100
11010011110111000
01001001010110111
00001110110101111
10101111000101111
10011110011001001
11010110000011111
11110011101000111
10011100011101111
01111100000011110
01001011001110110
11111011001100000
10100110101111100
01011011110110101
01111001110000110
10001001101101011
10100111011011011
11100101100011001
01100111111000110
11011011011000001
10011101100111101
10011111101010011
00011111000111101
01101011111000010
11100010101100110
01111010000110110
11001111101011101
11101110110011111
01011010101010011
11111100111000100
11010001001110101
00100110110011110
11111111110101010
00100001111011110
01111000101101111
00111111111100101
11001101111010010
00110011001101101
11101100111000100
01101011100000111
11101010011111100
00001011110111110
11110110100011101
11011001111110010
10011110111111110
10011011111001110
01110100100100111
10111001110111011
01010010011011111
10011100101101011
10110111101110000
11100000110111011
01001110100110101
10111111101110111
11111101110011010
10001001001111011
10000111111001010
11111110110010000
10110010011111111
11111011110110101
10110001101011010
01000111111001101
11000110011111100
11011001001111001
11111011111011000
10011111110111010
01100111011110101
00000110110011111
11101000011111110
00000111010011111
11101111111100011
10110110100101101
10000110110110101
01110111111100000
10011111011011110
01011100111111110
10011111101111001
00011100111111001
11011110101001111
11100010110101101
11110111010101111
00110101011011010
00110011111110000
00101110011011011
10011111010001110
11110100001111100
10011000101011011
11111100100101110
11000111011101111
11100011111101000
00101101111010100
10110011110011010
01011110100011101
00110010011011011
11011010010110110
10010011101100110
00101011111100100
11110001010101110
11101001111100010
Time = 2.847s
