n = 16, k = 5, l = 5, m = 868
Expect Resample Times = 0.375549
Result:
1000011110011010
0110001010110100
1100100011111100
0110010001101100
1101001001010011
1100010000100100
0011011000001010
1100100101001010
1010010011011001
0111001010101011
0011011001010011
0001100011101110
1010011100111111
0100101011101111
1000011000111110
1101111110011001
0010010111010110
0000111000110101
1101111110001011
0011110110011011
1111011001001010
1000110000011101
1100011011110010
0101001001110000
1000100101000010
1111100101111110
0001011111000100
1111100001110101
0010010101011000
0100011010010000
1010111101000100
0000010001101101
0100100111010111
0101101110001000
0110101110100011
1011100000000010
1101100001101101
0111000010011101
1101011110010100
1000111011011001
1000111010110011
0100011100100100
0001001110001011
1000101000101011
0001011011010101
0000110100110100
0000011010001111
1110111011000011
0101010010011111
0011010100100011
1111110010110010
1111100000100110
0111101011001100
1110011010010100
0010110100101010
1000010001011011
0011101011001001
0101111100101011
1001001011101011
0101110010011000
0100111111111010
0010100001111111
0001110000000110
1111111010000000
0110111110000101
0101101000001010
1011001010000001
1100110010100001
0111000101001010
1001101110001111
1110101100000000
1100101110101001
1100100111111010
1101000110010100
0111000001010100
1100010001001111
1000011001100000
1100001001110101
1010000010101011
1111011110111101
0101100101010011
0101101111001101
1111010001011111
1101000011110010
0111111100100011
1001100110000010
0001010010001001
1011111010001000
0101100101010111
1000000101011001
0101111011011000
1111101110001101
1111100000111000
1111111110010110
1010111011001010
1101100100100000
0101101101111110
0001111111110110
0000000111011110
0111111101000000
0110011101110100
0111001001111010
0000111111000010
0011111001001010
1011000000101011
1000111001010101
1010111111011111
0110100000100110
1110001011110001
0011110110011000
1011110011101011
0111100110000101
1001100000010110
0111011100110110
1101010101111010
0110111110001101
0100000111101011
1011001010011010
1010111101111001
1111011110101011
1000011011111111
0110100101101010
0010000101100011
1110011011010000
1000001110100110
0011001001000001
1110100000011000
1101000110111100
1110011011011101
0011010000101110
1110100011011100
0000000101100111
0000100011100011
1001011000010101
0001001011110011
1000101101110000
1111000111111100
0101011001110101
1101011010110100
1111110110000110
1100111111111110
0100000111011100
0010101100111100
1110001001000001
1100010101100110
0000100001101111
1111000010011101
0100101010111000
1110010001110111
0111011001010011
1000110111110010
1110111010010101
1100100001010111
1101111001010001
0101010001100011
0110110000010000
1101000001100100
0101011101111000
0010101001100111
1101110001011101
1101100110101101
1001111011100001
1100110111101010
1011110011100000
1101101010000110
1010011000001010
1011001110010111
0110101111000111
0010000010101111
1101000000110100
0100110000101101
0011100010111001
0101010100000110
0100111100000100
0001001110101110
0110101111010011
1010110100111101
1100010101110111
0100100010100110
1101000101001110
0010011110001001
1000010010000110
1001010001100110
0111010100001000
1100011011001111
1101101111011000
1111010101001001
1011011001000111
0011111100011101
1000111001000100
1101010000010100
0100010100111011
1001000101101110
0110010010101010
1010110101000001
0001100011001011
0010100001000111
1001000001010111
0011001100010011
1101011100010000
0100011111001111
1100001110001010
1010000110011001
0011010101010001
1001001001100111
1100001110111000
1001011101100000
0011100001101100
0101010101101111
0100001111101010
1111000101110110
0011110100110110
1110101000100011
1001100000011111
1011010000011101
1110011000101000
1000011001101001
0011010111010111
1111110010010001
0011010111101011
0010100001101011
0111110101111000
1011001101100111
0101000011110110
1001101011110000
0101111100001110
0111111101111000
0110000101000101
0110011100101001
0011011011100000
0100001110110001
1010110010011010
0100001110010000
0000100001101101
1111110011100111
0010011010000111
1101101001010101
1011101110101010
1001111110011010
0100010111111101
1111010000111010
0000011010011010
0000111110001111
1101110000110100
1101010000000011
1001101111000000
0010110100011011
1001010111100010
1101111010100011
1011111101001000
1101100100111110
0011010000100111
0011011101111110
0100101001101001
0111101011000000
0000111011010010
0000111001001011
1001111100110010
1110100100100001
1001011000001011
1101111110111000
1101110001000001
0000111100100011
1101100000001100
0101011101000010
1111110101101010
1100011010000111
1101000000111001
0000101110100101
1001100100011111
1011101010101000
0110100001010011
1100001010110101
1000100111110101
1101100111101100
0100101111011010
1110000101000011
0100110000110010
1110010001001110
1100011110000011
0001110011111111
0011110001110011
0111111111001100
1010010100010000
1001001000001011
1010100001101000
1100001010010101
1110111011101111
0111101110111101
0111001000110001
1110001000011110
1010111111010001
0001001110010000
0100010100011000
1111000111001011
0111100100100000
0001010111001011
1110011101010011
1011001001011111
0001100000110100
0101111101000100
0011000110011011
1001101001101100
1100110001111101
0111000101110101
0010000010110100
1010101100000010
1011110000111100
1111010000000001
0011111100110000
1010011111101111
0000111011100010
0001110001001010
1000010111010111
0010011010010101
0011000010011110
1010000111110011
1001010111110111
1010111000010100
1100101101110111
0101100000100101
1100001010000101
1001100011011110
1001100011000111
0000100010110011
0110011110000111
1100000001111110
1100111001011101
0110110101110010
1011010111110100
0001010110110111
1101100011101100
0010111010010111
1001000000110100
0101001111101001
0001001111010001
0010011010011010
0101100000110001
0000011001111101
1100111110011011
0001001111111111
1100111101110011
1110010000011111
1110011100001110
0000010100011110
1110101100110111
0101001100001010
1010110100000001
1001111110110000
1101100110000010
1101111111111100
0110010111111101
0111001010100100
0001111111100010
1000101011010110
0101011011010001
1110011000000011
1001101001001010
0110010111000101
0110101111010101
0110011110010111
1100001000101001
1100000101011011
0101110101110110
1110000110011111
0111111001001111
1111111111011101
0011111111101101
1110010001101111
0010010111000111
0001011000101110
0011011001110101
1111111011110001
0101001100010001
0001111000011111
1010001111110100
0011001011001001
1011101111011101
1110110010100010
0111101100111011
0100010100101001
0000110110101001
1110101010110110
0001100010110111
1100011001101001
1000111010010111
1100011100001100
1010011110011100
0110111110000101
1111000010000000
0110011011110110
0101110010011001
1101010100001001
1100110111110000
0000111111100111
1000110010000011
1010110000000010
0101000001111010
1111111101101100
1101011011101010
0100100000110111
0001111110100100
0010111101011110
1100011000111001
1001101001110010
0001110010100100
1011010000001001
1101001000101001
1110111001111111
0000010110110110
0100011111001001
1010100110010110
1010110111011101
1001100100100000
0111011100001001
1111000000001010
1010100100111011
0111000110100000
0110001011110101
0110001111001000
0111110101010001
1110001111110011
0000110010001111
0111010001000111
1000101101000010
1001000011100110
0010000010010101
0001110000110000
1111000000010100
1011011000101010
0110111001100000
0101001110001110
0000101110100101
1001000101000001
1010000111001000
1011100000001111
0100011000011111
1101000011000000
1010111011100101
1111010011100010
0000011110100111
0001110100110110
1001111010110101
1111101111110111
0111010111011010
1010111000010101
0011111000101111
1000111110111000
0011110001011010
1000111101001010
1101001101010011
1011110001110001
0110101101001000
0000001111010011
1000100000100101
0100000111110011
1100000100111110
1100110001011111
0111011010010110
1011110101110010
1101101011111110
1011100011000100
1111000011100001
1011011101110011
1010010000101001
0100110101101001
0111001110001000
0100001011000110
1010010000010011
1100101101011001
1001110010110100
0000111100110001
0100100100001001
1110011110111011
1111010110111000
1111101001010011
0110011101010111
1100111100100001
1000100011010110
1010110100100110
1111011010111110
1101100001101010
0110011010011100
0010111000101110
0010000111010011
1111000001010100
1000011100000100
0110101111010111
0100110011000101
0101001101010111
0001010001011100
1011110101010111
0100000101111111
1110000101011101
0111111001000111
1000101000101100
0001011100110111
1010100011111001
0010001001101111
0011011111100110
0010101100101011
1101001001101100
1110011110110011
0010100101100100
1011010000011001
0001010000011101
0110100110000010
0011101011110111
0010010011010000
0000111110000101
0000101010001011
0010101101000000
1110001101101100
0011111110111100
1100111111100011
1010101000001001
0011101010010101
0010111100111001
0011001110000001
1100100101010000
0100010110111110
1011010000011101
0110100101100010
1101101100111010
1011111111011010
1110001110100011
1100100111011001
1110001010111001
0101001111011101
1010101000110011
0111100001101111
0000100100011110
0011010111000101
1001101101100101
0111110000001110
1100000010001010
0111101000001111
1011000111110001
0010010110000011
0011011000010101
1010001101000011
1110101011011111
0101110000111001
0110000011011101
1011010001111110
1101101100000001
1110010010111000
0010110101001010
0010011011011100
1110101000100110
0101001010101001
0100100011101000
0010100111110001
1011100100010100
1000101111110000
1001000101001111
0111001101011000
1101000101101100
1001101100000100
0011000101100010
1000001100100110
0011001111011101
0111000101001110
1001111100110000
1111001111111111
0100101100010000
0111100101001110
1110101000110000
1010100001110001
1101100110110010
1100001001110101
1110101111001010
1010110010110101
0111111000101101
1001101000111100
1110110001000010
0010011000100011
1110110111011110
1100001110001000
0110110001100001
0001000101011011
0111001110011000
1111111011111100
0100011101100101
1000110010011111
0011010111000110
0100110011000001
0101101111000010
1101010011111110
1001001010100101
0001111001010110
1001001100010000
0001001101111111
0010100001110100
1110101100111011
1010101001010010
0100010011101101
1111000010011000
1101001000100000
1011110001001110
0011000001011011
0101000100011101
1001111001001001
1001001001010111
1010000111101010
0100010110001101
1000100011011010
0110100001011011
1101010111000000
1011011011110101
0110001001010110
1100111110101101
0011110110111111
1010101010001100
1000001011010010
1110110111011111
1111110101111010
0100001001111000
0101110111001001
1011101001110101
1011100101010001
1001000100110010
1101010111110111
0010010001100010
1000100011011100
0011011010000011
0101010110000000
1111110101100010
1110001011111110
0111010110101111
0101110010101000
0000010110010010
0100110100111000
0110001010101101
0101101010101111
1001011001001101
1110101010010001
0001001100000110
0110000000001111
1101001000110111
1011000100010100
1001010011101010
0100011101111011
1100000000100110
0001110001100100
0001101100100010
0000101011010101
0111111000010110
1011011011111011
0100010010101011
1010111010110100
0011011000101000
0101111111101100
0111011001101100
0111010111000100
0110000001101110
0011110011001000
0000100111110100
0101000000100111
0001010110000101
1011011100011111
0111001111001101
1001000101001011
1010111111000000
1101011111011111
0001010011011111
0101111111001111
1111111010111011
1111011100011000
1110111110001101
1011000110101101
1011011100011001
0010110101011000
1101111110010111
1010100001100111
0000110111001001
1101010110110110
0110000111110100
0100100111010001
1100110001110001
0011100011111110
0110110101010101
0110001010010001
1001111110011010
1100010000011110
1100101101100001
1100010001110010
0100100010100110
1101100111010101
0011011101011110
1011101001101011
0111100011010110
0011110001000100
1011110101100011
0001011010101101
0000100100011111
1110011111010110
1100000110100101
1100101101100010
0001110010100010
1000100011000100
0011011101010000
0110100110111010
1110110010000100
0010010111001100
0100011101100101
1001110100000000
0101000100010010
0101010111000101
1011011001101111
0111011110101011
1111011110010000
0001101011000101
0011010111110100
0010000011100100
0010001111101011
1010000100011000
0001000111011101
1001000011100011
1000000011011000
0101001011101101
1101010000100000
0000101000100110
1001101000010110
0100111001001011
0100101101101110
0110010101001111
1001101101010100
0101111111010111
1100001000111001
0111010100001101
1001101010001101
1101101010001000
0011110000001110
0000101101001101
1010101100011001
0101000011100111
1101001111010110
1101100010000010
1011101000111110
1010011100101111
0101101100100011
1010100110000100
0011111000011100
1011000010100011
1111101011110001
1111010111100011
1010011100110110
1101111000100110
1011101110000010
0011010110001010
1011011111100110
1011011010100111
1010110101000101
0101010011111111
1010110101010011
0100010110010011
1100000001001110
1000101100001001
1000011110111001
0110001001101000
1010110001000110
1100100100100111
1001001011000011
1011110101010110
1000000111111000
0011110101100110
0001111001111001
1000101001100111
1101001011100111
1011000110010111
0100101111111001
1000011010001101
1000000101110011
0111010001001011
0011111001110010
0001011110011011
1011100111110010
1011001010101001
0111100011001101
0111111101001010
0010101101110010
0110011110001001
1110100110011101
1101101100100101
1101101000000010
1100111010100101
0110100100101100
0100101101101011
1111100011111011
0001001010000101
0000101110000101
1011110001100101
0000111001011001
1000001010110110
1010111000110111
0010101001110111
0101000111011010
1110010100010100
0000100100110001
1010000001111101
0101011000100000
0011010111101111
1010111001111000
0101100100111010
0101100001000011
1010100100100110
1100000010110001
0010111000101100
1010011101011010
0011000100010100
0010111111011101
0100100010101011
1100111010001001
1000111100100010
1011101111000010
1001000100010010
0001110001011001
0110100111111001
1000010010001110
0011010001010100
0010100011110000
1010000001101100
1100110010000011
0011011110111010
0010101100101111
0001001101010011
0100100111011001
0001011110011000
1000010000110101
0111100111000110
0001000100100101
1111011011111001
1110100000110110
1111111000001111
1001000000111100
0110110101001011
0101100111111000
0011010010001011
1010001100001011
1001100011001110
1111111001110010
1101100000001001
1110100001101010
1001001010100000
1000111001111100
0111001001011111
1011001101000011
0001100111001010
0100111100010100
0100000011001001
1110010110100010
0100100000101100
0011011111000110
1111111001000010
1011101111011001
0101011011001101
0100010101010011
1010110100111100
0100111000110110
1001110000111011
1010100101101011
1010011000110100
0101011101110101
1011100100010010
0110110000111101
1011001100010110
0111101010011101
Time = 0.53s
