n = 13, k = 2, l = 9, m = 138
Expect Resample Times = 0.604894
Result:
1111100111111
1111111010110
0111111001101
1101101111111
0111110111010
1111010101101
0111111100011
0111110101101
1010111010111
0100111111110
0101110111111
0011111101110
1111110101110
1111010101110
1011011101101
0111111011001
0011111100111
1011111100101
1001110011111
0011101110111
1010011101111
0110011111110
1011110011011
1111110111111
1111100111011
0111111110101
1011100101111
1001101111101
1111111000111
1011101011111
1101110011111
1101111110001
1111111110110
1101101011111
1100111011101
1011011101011
1111101001011
0111101011101
1011111101011
1111111111001
1011010111111
1111110111110
1110100111110
0111111111011
1111001110110
1101101101110
0011111001111
1101111100011
1110101011110
1101011111110
0111110101110
0101111111001
1111111110110
0011111110011
0111011101011
1111010110111
1011101111011
0110111001111
1101110111001
0111110011101
0011111001111
0101110111111
0111110111010
0101111111010
1100111110101
1111001111101
1011111111011
1111001111110
0111111101111
0101100111111
0111101011101
0111111101010
1110010011111
0001011111111
1001011111111
1011101101101
0011110110111
0111011111100
1101111011001
1011111001101
1111111010001
0111011001111
1111110001110
0100111111011
0011111101110
1111101110110
1110010011111
0101111101111
1010111111011
1111101011111
1111011110100
1111110111011
0110111110101
1101100111011
1101111001111
1001110110111
1011111010101
1010111111100
1011110011011
1011111111110
1011111110111
1101110111011
1011011110111
1110101001111
1001110111111
1111111010110
1111111101110
1101111011010
1110111011010
1010111101101
1110011111111
1111111001001
1110111011101
0111111101111
0011111101011
1101011110111
1110111111001
1111101011101
1010110111111
1101011011011
1111110111010
1101010110111
1010011111110
0101110011111
1101101011110
1010011111101
1101101010111
1111100101110
1111110010011
1111010011101
0111011101110
1111111010101
1111011010101
1011111111110
0111010101111
0111111111100
0110101111111
0111110101110
Time = 0.01s
