n = 13, k = 5, l = 5, m = 1131
Expect Resample Times = 0.366756
Result:
0000001010111
1011011100111
1110001001110
1011000111000
0000110110110
1110001101100
0110101001100
1001101000011
1111110110110
1011111101000
0110110011111
1101111000001
1100111010101
0110111111110
1010011010101
1100010011100
0101111100110
0100110110001
0100111101000
0101111110100
0000111101011
0011000101011
0101101000111
0101100001011
0010011100011
1100111010101
1011110011100
1000111001000
1111001100111
1111111011110
0111100110100
1000000110111
1011011101100
1100100100100
1001010001010
0111100001001
0001010111001
0010001110001
1001010101100
1100110011011
1100111001111
1111000010011
0011100100101
0110001110010
0110110011010
1100111110011
0111111111101
0000011111110
0010001111010
1111000100010
0111100011001
0110010010011
0101011100000
1101110110001
0101001000111
1110000101011
0101011000111
0000100111111
1100111101111
0111000000101
0111111111010
0010001010011
0000011001101
0100101011100
0101000101110
0011000100110
0000011111010
1110011001101
1011010100001
1011000101100
1011010011001
0100111000111
0000110111000
0011101011001
1101110011000
1111011000001
0111110000100
1110011000010
0110101010001
1101110001010
0001111010001
0001101111100
0110010101000
0101001100011
0111111010001
0000111101100
1111001110010
1000010011010
1100101011011
0101011000111
1001001010011
0101101010110
0011101101010
1100001101101
1111100010010
0111111100010
1110111101000
1011010010110
0100001011101
0110110110100
1100101110010
0100111001000
0001101100001
0111100101001
0011100101001
0100111100000
0011010100111
0101110010101
1000100011011
0010010101101
1110001000010
0011110010001
1001000000111
1000111110011
1000110100110
0001001111001
0010110000011
0100001111000
1000111100010
0110111000011
0011000101100
0100011101000
0011011010010
0111101011010
1110011100011
1111100000011
0111011011001
1001100100111
0000101100101
1110010111110
0111110011100
1101000011001
1001101010000
0001101011000
0001011100010
0111011011001
0001011111110
1000100001011
1100000011101
0011101010000
1010011101010
1001100011111
0000101011110
1001100100110
1101101111101
0010111000010
0000110110110
1011110000011
0000101101001
1100001011101
1100101011010
0111101100011
1110010000110
1011001110010
0111000011001
1110010010011
0110111111000
1110010010001
0011101000010
0010101110111
1010001100101
1000111100011
1000101011111
1011010101000
0011111011010
0001101100101
1010101010100
1000010100110
1011111110000
0010101010010
0010001101110
1110101010010
1000111100010
0110010111110
0001001100011
1001001000111
1100011011000
1001111101011
0000101010101
1110010011111
0111101000001
0010001010110
0011011001100
1011010001011
1101101100110
0000100001111
1011011010000
1000101110101
0010000010111
0110110111111
0111011000011
1001101110001
1010011100000
0111000001100
0000001111111
0111001011010
1010011011011
1010110010000
1011110010010
1000110101100
1001000111011
0010000011101
1011110100010
1011001110011
0111111101111
0001011000011
0110001011110
1100111111111
0101001100001
1011100001111
1000101011100
0001000011101
1010001000011
1111000000010
1010110011000
0110011001101
0111001000011
1010101110001
1100011100101
0100010111010
1110110111110
1010011000011
1111000110100
1000101100101
1011001000111
0010000101011
1011111100100
1101011101011
1101110000111
1100000011001
1110010000011
1111110101011
0010101110000
0001100011001
0011011010001
1110110011001
0110001100111
1001110000100
1110100101010
0010010111111
0011100101111
1010101001001
0000101111100
0100011101100
1101010010110
0101000111111
0101101010001
0111011110010
0001110100010
0101100101111
0010010100011
0111000100111
0100001100011
0011010001010
1111011000111
0111100100010
0000101010101
1100101110001
1100100001111
0000001111100
1001010011000
1110100100001
1100000101110
1101101001101
1101111100011
0010100001111
1110000100100
0010111110011
1100110111101
1011101101110
1100111000001
0110110110001
0111111001110
0111010010110
0011110000111
0110111100010
0010110111001
1011100111100
1100001101010
0110010101101
1011101110101
0100011001111
1101110111001
1001110010111
1110001100001
0111111011100
1111110001111
1010010111000
1001101101011
0001001111011
0110100010101
0010110111101
1110110101101
0111100111110
0110001011001
0011111110011
1011001101100
0010110010110
1010101110000
1111001101100
1101101010000
0011000011100
0101001101011
0101111111001
0001100111000
0101111100000
0101000011101
1101000011100
0111100011011
1001010101110
1101000011111
1111000010111
1011010110010
0011111000110
1001100101000
1101000100001
0000111111001
1110000000101
0011100001011
1111011011110
0010101000110
1101000111000
0001100110001
1010000111110
1101101000011
0001100011011
0110101011000
0100101000101
1011011011100
0100010011111
0101001110011
1100000110100
1011111001101
0010111100100
1000001101010
1010010101001
0111101101110
0111001001111
1011110101001
1001101100011
1101110111000
1100011011001
1011000110100
1000011110001
0100011110000
1110111011000
0000111000101
0001000010111
0000110110001
1010101011111
1010111001111
0101011111110
1101010100101
0001000001111
0011011001010
1000101110111
0100100100101
1010100010110
0001000110110
0001111110010
1111011101110
1000000110011
0110001110000
0010101100110
1101111001011
0101010110010
1010010010110
0011011001100
1100110111011
0011101111111
1000100000111
1111100101111
0100111011010
0011100101111
1111111010110
0011000110010
1111111001000
1001110011100
0110010111111
1100101100101
0010110100100
1001101010010
1100100111100
0010001100101
0000001111110
0100100110111
0110111001100
0110011100000
1110110101111
0110100010101
1110110111100
1101011110110
1110000110110
1001100111000
1111001101010
1110100100111
1100100001100
1111101111010
1100011111010
1011001000010
0111111100011
1100001110011
1101010100011
1011011100010
1001100101011
0001111010010
1001011010010
0111111001001
1110110111101
0111000110100
0101100011110
0111010011001
0101110101100
0000011011010
1101010010100
0010001110111
0110111101100
0101111011000
1111011110001
0100101011010
1001110111110
0010100011100
0101001101010
1001000100011
0001010011100
1111110101001
0011010100100
0100001110100
1100111001010
1110111111111
1101111010000
1100010100010
1000110101010
0100001101100
1101111101100
1010100101110
1111001100110
1101111000001
1101111110111
1110011111001
1001101001011
0101000110110
0101111100011
1100010001001
0001010001111
1110011010110
1110000100010
1001100111011
1111100010110
0011001110111
0101110001010
0011000001101
1110001011011
1001011111010
0110010100001
1011001010011
0000110101111
1100011110011
1001100001110
1110010001100
0011110010111
0110100100101
1101001010011
0011110111011
0000100111100
0100000101111
1111111011001
0110111011101
1110010001100
1001100101011
1110111000000
0111010111100
1111010111001
1110001000100
0010100101110
1110100100111
1001110100110
1100010001001
0011100101111
1100111110011
0011010100100
0101110111001
1000001011100
1011111101111
1000011100001
1111001000010
0110111111101
1001110101011
1011011111011
0100100110001
1001110011100
0011010101100
0001111011101
0001011100110
0100100110101
0110111011111
0101111000000
1011101100101
0000100111011
1010111100010
1111111101000
1010101001111
1010010001100
1000010101111
0001110001010
0010011010011
1000111111110
1110111100011
1110001101110
0111011001001
1000010011010
1100111001110
1101000011100
0110101011111
0011100000011
1111111010001
1100110000110
0110100001100
0000100111110
0100010111000
1011000100111
0000111100101
0111100100110
1010010110011
0111001100000
1110000011010
0010011111111
1101101011100
0111010101100
0111000001111
1010000111101
0100100100101
1001010101000
1111010111111
1111110001011
1100000110001
0100000111111
0101111001101
0010100101011
0001001111010
1001010001011
1101100000001
1111110000010
0101100101000
0001111000101
0011011010110
1110010101000
1001010100010
1000111000100
1001101000011
0100100111000
1001111001100
1101000111110
1101111011100
1111000111000
0101011001000
1001110111100
1010001011000
1011011101001
1011000101010
1100010110010
0010010001110
1000110100110
1111110011001
1110011111001
1100011000010
1111101011000
0010100010110
0001001101101
0010101010010
0001010101111
1100111010011
1111011101101
1111011001110
1000110010100
1101100011001
1100101000101
1000101111010
0110110110101
0111111010111
1000101110001
1011000110110
0001001011100
0110100111110
1010110100101
1000110110010
0001111111111
1010111000001
1111001010100
0101110100111
0001001010011
0111100000100
1100111110011
0001101101100
1011000000101
1111111000001
0101110101100
1101100011011
1000010111100
0110010101111
1000101010011
1100000011100
0110110101111
1001011110110
0001110010111
1100001110010
0000101001011
0000111000111
1001010101000
0100001111100
0000111010110
0111011111100
1111010011101
0111110111111
0011000111111
1010011101110
1000111011011
1111101001111
1001100111100
0011111101001
0111110100001
0111000101101
1100111101101
1000011000101
0011110111001
0100001110011
0011111011111
1101010111000
1000011101110
0011010011000
0011011101010
1101100100101
0101111011000
1000011111000
0011101010111
0101011000010
1101011100111
0000110011111
0100110001101
1011001011111
0110001011111
1001001111000
1010100100010
0011100000111
0010111000111
0011101011100
1000011111011
0101011101001
0010100000111
1100000011010
1101010010101
0010100110111
1111001110101
0101000111011
0000100111001
1001111000101
1011100010000
0101001001100
1001110110010
1001011011010
1010101110000
0100110001001
0011110111001
0111010100010
1101101010101
0111111110000
0110010101011
1101101001111
0011101100111
0000111100010
0111011111100
0111010011110
1111001100100
1101001001100
0110111010011
0110010011000
0011010000110
1001000110100
1011111111100
1101001010001
1101000111011
0110011000101
0011101000100
0111100100000
1100010100111
1011010000010
0010000110110
1001010011111
1011001111011
0111011100010
0000011111110
0010111111111
0111111001111
0110101100110
0100010111010
1010110100011
0010101100010
0001111010011
1100110110000
0000011101100
0010110001010
1010100001101
0111001111100
1101100011101
1110011011100
1000010111110
1101101101111
1110010101111
1111010110110
0110111001001
1111011110000
0100110100001
1000111100001
1000101101001
1101011101110
1000111110000
0011101000010
0010101110010
0101010001101
0011011111001
1001101011000
1111100000000
1111100011101
1000101100011
0011011001011
1011111000010
1011011101000
1000110001101
0011111100100
1011101001001
1000101111111
1010110010011
1010001101110
1110001011111
1100011101011
0110101001011
1111001001010
0100011010110
1111110101000
1110001100100
1110100111110
0010111010001
0101010011001
0010100110010
0001110010010
1110110101000
1001100101110
1111101101010
0000100111100
0000100111001
0010101001110
0110010010100
1111101011001
1111011100100
0001010110100
1111110111110
1101110000000
1101011011110
1111011001101
1000011001011
1011110110000
1010001010111
1001001101001
0000010110110
0111101100001
0110011011101
1000101100100
0111101110010
0000011000111
1010101001010
1110000110110
0110100011110
1101110100101
0101101111100
1100110101100
1110110100111
1101011100100
0001101001010
1101001001100
0001101111110
1011111001111
0011111001010
0010011111011
1110111000010
0100101011010
0111110001011
1011110011101
1000011101110
1101001101100
1101011111000
1011110110100
0101101110010
0100111000001
0000111110100
1101011000111
1110101101000
1111001001100
1111001010000
1100110000001
0101111001101
1000010111000
0100000110111
0000101011110
0111001010010
1100111100101
0011001010110
1001001010011
1100101010010
1011011000001
0010001001110
1100101100000
1110000011100
0100110100011
1010111011000
1001111010100
1010001001110
1111110101101
0001011101110
0011010011001
1011101110011
0100111110100
1110011101111
1000110101111
1011100101000
0100110100100
0010100011001
1010010110011
0010101000101
0011101010000
1100101011001
0101001010100
1001011011000
1111011110001
1111001001101
0011101011100
1101101001110
1001100001011
1110010110000
0010111110110
1011001101010
0011111100010
1111000011001
1001011100110
1100010101111
1110101001100
1000110110010
0101011110110
1110010101110
0111110000011
0001011010010
0101101101001
0111000000011
1010000010111
1010111000000
0110001010011
0101100101010
1101000011011
1101110010101
0110000100111
1110100001010
1110010100001
1011001110100
0101100100110
1101110101100
1111001101011
1100111001110
1110001100001
1110100111111
0001111100110
0010100011101
0011111000100
1110010001111
0100100111111
0101101010111
0100011100001
0010000111010
0000100111111
1111111010010
1101001011101
1000111010000
1011011100001
0111110011000
1111111100101
1101111100111
0000011111010
0010100110100
1101100110000
1101101001100
1100111100111
1011100101111
0000110101101
0101000001011
0110001111111
1011111000011
0111000000110
1000111001010
1011100000110
0100110111100
1101001010011
0110110010110
0110101111000
1111001000001
1011000000111
1111110001100
0101111011011
1110100111110
0011000101011
0011101101001
1011101111111
1010010000110
0011000101101
0101011101000
1010111100101
1000110111111
1001011001110
0101001011100
1101010000111
0111001100110
1101000001010
1111101100110
0011111010110
1000100000111
0000110011101
0111000011101
0000110011110
1111000011101
0001001111100
0001111001111
0011111101000
0101111111011
0001010010011
1111010010010
0001001010111
0100100011110
0101111010010
0110110111100
0000011110011
0000011101101
1010100000110
1101100000100
0101111001111
1001110111111
0011000010101
1111001011101
1011001100010
1011110000011
1000100101110
1111111000101
0001100111101
0001010110110
1000011100110
0110101111110
1110000011000
0110010001010
1111111110111
1100100110110
1001010101110
0111111111110
1110001001001
1100000001110
1111001011000
0111001110010
1010111001100
0001101000011
0111101110101
0000101110010
0000100001111
1011011111110
0111101111101
1101111111011
1010011011100
0010101011100
1100000101111
1110100100000
1011110000110
1111100000001
0110101001001
0111001010001
1110010111111
1101111001100
1000001110100
0101101000111
0101111111101
0101001110111
0000110110011
0011011110111
0110010111111
0001011110111
1011010101111
1100000010110
0010010000111
1101011000011
1011001101110
1101000100011
1111100001100
0111101000000
1010001111010
1011011110100
0010110100101
0001111000001
1011000010110
1010110010010
1100000111001
0101110100110
0101100000011
0100001011111
1011011010101
1001001000111
1100110010110
1100111110011
1010111010001
0000111010001
0010001011001
1011110110111
1010110010111
1011011111000
0010001110010
1100111111000
0011001101101
0011001111111
0010100011110
1000100111011
1010010111010
1100101011101
0000101111101
1101111101100
1101110001110
0101101011000
1110111000001
1011101100000
1101101001101
1111100001000
1100010011000
1011000010100
1111111001010
1110100111000
1110101001011
0111110010011
1001001100011
1101111101100
0010011100101
1010101100111
1011000101111
1000110001001
0100111001100
1100001111110
0011101101001
1101001011011
0001011110001
0100110101000
1100101110110
0011001111110
0000111110101
0111110101110
0100011001110
0100101111001
1100010010010
0101100111110
1110000010110
1100111000011
1010111010111
1111101011000
0110100011011
1001100101001
1000100010101
1101110100111
1011001000010
1100001111010
0001100111101
1101100011101
1111001100001
1000111001111
1010110111010
0110011001110
0011110011101
0011010010010
1110101011001
1101010011011
0010101111100
0110110101000
1011111101010
1001110111110
0100100100110
0010101101110
1011111111111
0111010111101
1001100110110
1000100000111
1111010000111
1000100101101
1001100000101
0111100011110
1111101010011
1011110101110
0100001001101
0011111110100
0010011110100
1101010000010
0110100111001
0110010101001
0111110010010
0111011110001
1101000111100
1010111111111
0100110111001
1010101111000
0100110110100
1010111100001
1011011010101
1001101110101
1001100111111
1100011101000
1001101001000
1110101011111
0001010101110
0101110000100
0011011101101
1000101001100
1001111011011
1011110010111
0100110111111
0110100111010
0101101001011
1011111100100
1111111010000
0110101001001
1010110110111
0011100100110
1110011001111
1101110111000
1011000011100
Time = 3.068s
