n = 6, k = 2, l = 4, m = 109
Expect Resample Times = 0.379068
Result:
100111
101101
010111
011111
001111
101011
111111
100111
111100
111100
111100
101011
011110
110101
011111
110101
111111
101110
011111
110110
101110
111100
111110
011111
110111
111011
111100
011111
110111
111110
101011
100111
111001
111010
011011
101110
111101
111100
110101
011111
111011
111010
111010
111010
111010
101110
111011
101111
110101
111010
011101
101111
101110
011111
111100
110110
110101
011011
111111
101011
101011
101101
011111
111110
111011
111011
101101
111001
111101
111110
011110
011110
001111
110011
110111
011011
111001
011101
111101
101110
101101
110011
110101
110111
011110
001111
101011
101011
111010
110011
011110
010111
111111
110110
111010
101111
100111
001111
011101
111011
111111
111010
111001
111001
010111
110011
101101
101111
101011
Time = 0.002s
