n = 16, k = 2, l = 10, m = 102
Expect Resample Times = 0.706277
Result:
1111000110111101
1101101111010111
0111001011111100
0101111011110111
0110111101000111
1110110011001110
1001111111101000
1011111010011001
0111001100011111
1001111101001110
1101011101110111
1001111111100010
0111111100011111
1100010101111011
1011011110111010
1101110110011101
0101110110001111
1111010100010111
0111011011101010
1010101001101111
0111011001110011
1010011111101101
1111011110101001
1111011001110011
1011001101111010
1010010011101111
1110110111011010
1110111111101100
0101001110101111
1011000111100111
1110110001110011
1101001101111111
1110001101101011
1011110100110111
1010111111010001
0010110111100111
1111110110100110
1010111001101111
0001111110001111
1010001111101101
0111011110101001
0110101101111010
0101011111011001
0010111011101110
0010111110111100
0111100110111110
0100111111111000
1110110100010111
1111101011001011
1111101100110011
1101101110110110
1011110100111011
0011011111101010
0110011111101011
1100111001101111
0101011101111101
1110110101111101
1110010011011111
0111011111100011
1110101101010111
0111100110101011
0011100110111110
1101111100001011
0101101111100101
1101000101111111
1110011110001011
1101111000111101
1101100011111100
0110111110110110
1101011001011011
1100111111111100
1111111010101111
1101110011010011
1001110110111100
1111001110110110
1110111100111111
1111001010101101
1011011111101000
1011101000111101
1011111101001001
1110011111011000
1111011011111101
1101011111101100
1110010011101111
1111110101011101
1011000111111111
1110111111001101
1111101111001110
0101011111001101
1010110011100111
0111101100011101
1001111011000111
0111111000110011
1101001011011110
1011011011111110
0111011110001111
1111111100011110
1110110111110100
0011110101110011
1100011111111010
0111000010111111
1110001100110111
Time = 0.471s
