n = 15, k = 2, l = 2, m = 57
Expect Resample Times = 0.674439
Result:
000101011011110
001100000110001
001000000101000
100110110000110
100111100011100
100000000100001
100101100010110
010011110110110
000101010000001
000100110011000
010001101010101
110011111101100
010000011011100
111110111010101
010110011000100
001111000101001
010101011000010
011011101100001
111011010101111
011101100101111
100100011111110
000000010001010
111011001110111
010100001111100
110110100000001
111111000111101
000100000001001
110000100000011
011110011010100
011000110010111
010110000100011
111110100011001
101011000110101
100100011110101
000001101100101
011100001001010
001100111001110
011001000001111
000011010001110
111010011101010
100010001011111
001000010010010
011010011010010
100011000011100
100000101100001
000110011000111
101001100101101
100010010011101
100011100001111
101000111011011
011000101011100
101011101011011
000111110000010
001010000110000
001110011111111
010011000011100
010101101011101
Time = 0.009s
