n = 14, k = 3, l = 4, m = 145
Expect Resample Times = 0.447361
Result:
01100000000110
10011111100011
11101101100100
11100010110110
11001010101000
10010101000110
01101110100010
10111101001110
00110000101111
11011011000101
11011101101110
11000011111000
10111110011010
10101100101111
01111011010001
11010101110110
01010110100111
10101100110010
01100110111110
00111001111101
01110011110111
01110011001000
00101111101001
01100011000101
11001001000001
00111111101101
10000110101011
01100000111110
11111111011000
11000010000111
11001100011000
11101101011011
01110101010100
10101011111110
10100010110110
11110111110001
10110101001011
01000011110110
00110000101111
00110101111110
01110101010000
10100010000111
00100011101000
10011100001010
00101010001011
01000000010101
11011000010101
11010111101010
01101111010100
10011101001110
00110101100111
00011110001001
01100011101011
10010011000010
10001110010000
10010110010010
10100011000001
01010010111010
00000111000001
11000110110011
11010100101101
00001111000011
11101011111010
00011011010010
10111111101111
11101100101100
01001110000010
11000111101101
01111110001110
11101011000111
00001000101011
11100011101001
01110001011101
10101010000111
10101101101110
01100110111101
01100110001100
00100101111011
11111100001110
00101000110110
00001000101111
00110011011100
00011101001110
10100001011000
11010100110101
11010010011001
10010100011001
00010110110111
11100100101011
11111111001111
10011010100001
10101011000101
10011001110110
01011011011011
01000100111111
01110111011111
10101101001100
01111010110001
00001111000100
11101010111111
10001010111010
11010110011001
00100111001111
11110111010111
00011110110111
11110000000100
00011011001000
01011011110111
10111010011110
10111001111011
11010111011000
11111111111010
10100010000111
11110110110111
10101111101001
00000000110111
10001110010100
01011011110001
11000110101001
01010010001010
11001001101100
00111000000011
00001111110110
00010101111000
00101111100111
10010010010100
00011011101000
01110000011110
01110100101011
10001000110101
10100111110011
00111111001010
00001100011011
00011110001011
11101111111011
01011010010000
10100011001011
11000011000110
10010000101111
01010011101010
11100111100100
10011011111011
11001010010000
01101000001010
00101010111100
Time = 0.518s
