n = 17, k = 2, l = 7, m = 63
Expect Resample Times = 0.741733
Result:
10001111101010110
10111110001110111
00111100100011101
00011010111101001
01001011101110111
01001011100100101
10001011000101111
11110111100110000
10010100110011011
10011110110011011
00111010111001010
00101110111100011
11000111111110111
00010011111110001
10110001011001101
00100101001001101
10110111010001111
11001101000110011
11000101000101101
00001110000101101
10111011101111101
11110000011001110
01100001001100110
01001010011001101
00011010110010001
10011011001010001
00001101110010110
10001100111101011
10111100001100111
11010111110100101
10010010011111101
10100011111010011
00100010111111000
10001100110010111
00100001011011111
00111110000101011
01011101110001110
11011011100011111
01111010110101010
11001111111110011
10010001010100110
01001100111000010
00000101110111000
11000111100000001
01100100000001111
00110000111110101
11110110111110001
10001111111101010
10111110111101101
01010000011110001
11001111000111110
00101011011011010
01100011111100101
11000110011011010
10001010111111111
01010111101110011
11101110001110010
01111001010011010
00001001101001101
01101010101111101
10001110011010110
00111111010010100
00010101000111010
Time = 0.008s
