n = 15, k = 3, l = 9, m = 396
Expect Resample Times = 0.47789
Result:
000010110111111
101101011010011
001111110111010
101101011100111
010100111010111
111011000110111
101011011110110
110101111100111
011101101011110
001001011101111
011110110110010
110101101110111
111101011011000
010101101011011
001101110100111
100101101101011
001101101011011
111111011001011
111111010011110
110111110110011
111101101111101
100011111110010
111011111100000
111001011111111
011111111100100
011011110111011
110001011010111
100111111100101
101110111010101
110110111101110
101111011110001
011110101100110
011011010101101
010001101111011
111101010101100
001101101111001
011111101001110
111010111100001
010111010101101
111001111111110
111111100011101
110001101111001
101011110001011
001111111100101
101100011101101
111111111010111
101111110001101
011011010010111
100011111011100
001101101110110
110101100101110
001111111110000
111111011111000
101001101111100
011011010111111
010010110111011
111011011110001
111111001100010
111101001110001
000010111110111
010001111010111
010001011101111
101011110000111
101101110011111
001111011100011
111111101100010
001111101010111
010111101111000
100111011110011
110110110001110
111101111001100
100110111101101
110110011111000
011111111110000
000111111110110
001110100111011
101100101011111
011111000101101
111010101010011
100111101110111
010100011111101
111100011111111
000111110111101
111101111000110
101010100111110
001110101111111
111111001000101
100110011110011
111111010110110
110110111010110
010111011011101
001111011010101
111110000011011
100011111010111
001101010110111
111111001100001
101011010110111
101011110001110
001111111001001
010110111111001
011010101100111
011100100111111
111001101111110
101111010101111
101110101111100
111100011001101
010010111001111
110101110111011
111111000011010
101010111010111
111101100111100
111110110101101
001110011101011
111101111111111
111001110001111
100111000111110
111010111111001
011011011101001
111110011101100
110101010110101
110010110001111
101110111001101
101111001101100
010101010111110
010001111111011
011110011110111
101010111001011
100110111110110
110011111001111
111010101010111
001011110101011
010110100101111
011111010101001
111110101001010
101111001111101
111001100110111
010011101110110
010011101011110
011010100111111
111010110101111
100010111110101
011110011010011
010110011011101
110001110011110
001111111101001
111111101101101
101110111011001
111011000110101
101111110001001
111101111001011
101101111110000
011110010011011
111101110110110
110111111111011
101101001111001
101111101100011
111011111100100
011111111001011
101011100101011
101110010101110
100011111001101
100101001111111
111100001111010
010111101100111
011110110011010
110100110101110
111001011011101
000001011111111
010001111111110
011111100101111
011011001111010
111001111011100
011011110001101
110101111111001
100011111111011
000011101110111
010111111111000
010110111110111
110110101111100
111100011000111
111110111110000
100110011010111
110111111110111
010101111110100
110001011100111
111101110111111
111110011101000
110111011010011
111011110000110
111100110111100
110011101001111
111110000001111
011011110001110
011111100110010
111011000100111
101001100111101
010010111101101
011100001111011
110000111111011
110111100010011
001111010111010
101011011011011
111101110011110
011111010100011
111111101001100
110011011101101
110101110011011
000111011100111
011111011111011
111110100011010
111111001110011
101011010011111
110100011011011
101000111111101
011111100010011
001110111100111
111010101110010
010110111101001
101111110110100
111111111110111
100111001111100
111101101100010
100110100111111
110111010110101
011110110111110
110101101011010
111101010011011
111010011111101
000111111011100
010111111101110
111010100101011
110110001001111
110001101101011
011111100010110
110101011110100
011000101111111
011011000111011
111001101111110
111011000110110
111110000010111
111110101011100
111001101110010
010111001011011
010111011101110
111110110111111
111100111110111
011111100111101
111111011011100
101101010110011
111011111011110
011001101111111
011110111011101
011111001101010
011111010111011
010101011111101
000001111110111
110010111010101
100101110111110
111010111010100
110001111110010
011111010010011
111010001111101
110101111011111
110101101110101
011111111011111
111000111111011
101011100010111
101110100101110
011101111001010
110001010101111
111011111000110
111011000011110
100100111110110
110100101111101
110011110111111
010011110011011
001011111010110
111010001100111
111011110110000
111011010110101
110111111100001
001111110001101
111001101100011
101000010111111
100111100011110
110101111011010
001001011011111
100011010111011
111100111101111
110110011100111
101000111111101
011111011001111
111000101110101
010110111100101
101111001110111
101011011111111
111111001010100
100110101111101
101011101011010
101100011101011
011000111111010
010101101110011
101100101011011
110111011011010
001100111010111
001110100111101
110111110011111
101111110110110
100111111000101
111110101101111
101101001101110
011100110101011
110111001100101
011101010010111
101100011101110
110100110100111
011100101111111
010111000111110
101001101111101
010011111111010
101110111110111
111101111100011
100111110110100
100111001011101
110101110011101
111100111101001
111000010111110
000111110001111
011111111001010
101011000111110
110001110011011
101110001111011
001111101001011
110101110100111
111100110011101
101011011101110
111110111011101
111110001110110
101111000010111
110011101111000
110110101110100
100011011110111
101100101111100
110110101101110
101000011111101
001111111010011
110011101101110
111010011011111
011001110110101
011111011011110
110011111010011
101111011111100
010100011101111
011100110100111
100101101111110
101101011110111
110100111111011
000110101101111
111101111111101
100111101110011
111010101010111
111001010100111
110101111100110
101001011001111
110111101111100
101011111001101
111100111110100
010111111011001
111010000011111
101101110110111
011101011001101
111100111111101
101000111101011
101010110111101
101100111100011
011011111000111
001111100011111
111100011100110
111110010011101
111111011111011
110110100100111
110100111001101
110011101111100
011111011011011
000011111110111
011011101101011
110101110011101
111101011011001
011101001011011
101101011101001
110100011110101
101100011010111
100101001111011
111111000111000
110000101011111
000011101111011
Time = 0.053s
