n = 16, k = 6, l = 2, m = 1570
Expect Resample Times = 0.367123
Result:
1101111110011011
0101000000101100
1110110111110010
1011011111110011
1001100110010011
0000110010010110
1101010011100110
1111100000010100
0001010010011101
0111010010000001
0011110010100110
0101101100101100
0110010010001100
1001111000100110
1000001111110011
1001111100100011
1010101110100010
0100001110001000
0100100101010010
1101011101110100
0100010000111110
0100110110001011
1101101001111101
1101010111100001
0000110001101100
0000000101011010
0000001110001100
1000001000001000
0100001110110110
1010110000000010
0100001100111001
1000111010000001
0111110111010110
1001001100010011
0000000111100110
1011110011101100
1111011010100011
0011100100110011
0000110100010011
1101010110000000
1100011111010110
1111010100101000
1100101001000110
1001110011101100
0000010101011010
0000111110001010
0111100000101111
1110100001111000
1101001010011100
1001000101111011
1010111110001010
0101010111100001
0000001111100010
1110101001011100
1100111110000111
0101100011101000
0110101100000110
1110011111011101
1100100101010010
1001100010010011
1001100100001100
0000010000111000
0100111110111101
0100001011111011
0011101101101000
0101110001100010
0011011000100111
0110000100101010
1110110110011111
0010001111010010
1000010100100100
1110001001110100
1000101100010110
1011010011101101
0010010001010111
1011111000101000
0111001000011110
0110100001010100
0100001010000011
1101111101100001
0010000000011111
1001011110001010
1101001011110111
1010100001101101
1001000110010111
1001000000000011
1110000001101001
0010100100001111
0110000110110111
0111000110000000
0110001100001111
0111110111111101
1010000100110000
1111111101101100
1111111101111110
1101011110001111
0110100110110010
0110101111000000
0011111010100000
0010010001010101
0110011110111100
0110110011011110
1111010101101001
1010111101011110
1011001110111001
1110101101101001
1101010111001100
0010111011000101
1011101001010010
1010011000111101
0110000111000101
0111000100100001
1100101000010110
1100010000101010
0001101001011111
0111101011001101
1010100001101110
1111001000000101
0000010110101001
0001011100000010
1000100101100010
0001101100100110
1010101111110010
0010010100101101
0100010011101111
1010011111000111
0011000001101011
1001101010000101
0000010111110000
1000101110101110
1010110001010001
0001100000111000
0001010000100111
1001000011111101
0001101100101011
0101000111010010
1111101010101011
0111001011001000
0100011010110101
1101111001000010
0111101000100011
0010001000001001
1001111010101110
1101111100001101
0110111011011000
0001110110000110
1001011000001111
0110010000011101
1000111101100101
1100110001101010
0011111111010011
0011000000110101
0100000010111001
0101111101000100
1010010011000110
1001010010011110
1100000110111000
0000000101011001
0101000000011101
0010100001011010
0011110001001100
1011101010000010
1101111100000010
0000111000001100
0101110011111111
1111100001101001
0010111111110110
1011011010101110
1011100010001000
0110011010110010
0110010011110001
0000011011001111
1011011011101010
1001100001001011
0100000000001010
0101001001000110
0100011100111000
1101110101000011
0100111010011001
0100101101110010
0011010110000010
0000100001100111
1110000001101110
0010010100001111
0010011111111010
0011110001101011
1111111110110101
0100110010101100
0100010010010001
0100000111000011
1010110000110000
0001101010011001
0100100001111111
1100110011100001
1101000101001011
0000100111110000
0010011010111001
0011010011100011
1010111101010001
1100100000101011
1001100111011011
1100110110000001
0000001110011110
1011101110101010
0111001011011001
1010101011001011
0111101110011011
1011111000111110
0101110011111110
0101101111011011
0010011010010110
1100111000100000
1010001101001000
1010011110010000
0001001010110110
0111110100000000
1010010111011100
1001101101101101
0111110001010100
1011010101001110
0000101110110110
0000000100101111
0001000001100010
0010111110000110
0111011101010011
1110001001001011
1000000110100111
1110111110000001
1001110000100010
0111100110111100
0100100000100011
0110010101101000
1010010000110100
1001100100111001
1100101010001000
1011111101001001
1110000101010000
0000101011100000
1111010111111101
1110011100100110
0000011000111001
1010111110010110
0010000001000000
1110011001000111
1011101111101110
0010000001000000
1010001101111011
0010011001111100
0001010111011001
1000110000111011
1001001100011101
1101110111101101
0000010101100000
0011010100111001
1011000111100101
1101011101111111
1100010110001111
1010000010111001
0000000000001010
0111011011011010
1001101110110010
1011010100100111
0011010101111001
1000101111101101
1000000011010001
1111110000000100
1011100011101010
0110100110101101
1101101100010011
0001000000011111
0000000010110101
1010000101111000
0001010000001100
0100110101101100
1001010011100110
1101110110111110
0111010101001011
1111100100111101
1010101001000111
1011001110001010
1110011100111000
1001100111101110
1001010100111111
0101111101100010
1001101101010110
1011001111011011
0111111000100010
1010000100001000
0011111000110000
0000111100011010
1000011001011001
0001101001000101
0000100101011000
0111010011110010
1001001111010110
0100100001010111
0110110101100010
1100100110111110
0110011110000011
1110000010010001
0110010000111001
1110011111101001
0010000001111001
0110101000010010
0011110111011111
0100100000010010
0001000110110011
1000111010010000
0011001110011010
1000001001110001
0101110000010010
1000011100100101
1110110011110111
1010101001100111
1111101000001011
1011110111010000
0110010001000000
0011101000000101
1010011010110110
1010010011111010
0001110101000011
1000100101010011
0101101010100100
0010110010111011
0001100110110110
0101011010100100
0011011000010111
1001101111111100
0100110110110010
0110001111111110
1011110100000111
1010011111100101
1010100011100110
0010110111101111
1001100100100010
1101100010101100
0111000001100011
0101000110000010
1010010111011000
0111100011000110
0101001111100000
1111110100100010
1110100101010101
0100001100100011
1001111100111000
0010011101100011
0011010011101010
1001011010101110
1100000100001001
0110100010001010
0001001011011000
1100011110100110
0001111111111100
1010010100100111
1111011000000111
1101000111100100
1110000110010101
0010011110000001
1110000001010001
1011011001000100
0010010100100100
0110001111110011
0000011111101010
1010100110111110
1110001000000000
1010011101100010
0100110100101010
0000101010111000
0010000101101000
1101010100111100
0110100010001110
0011110001111000
0011111001011000
1111000011110010
0010101111111110
0111101101010000
1100110111111100
1011011100001010
0001111000000111
1111000110111110
0111000011011001
0110010110100000
1000000001110001
0010100010111110
0100110111000011
0000100000111110
0111101111101001
1111000011011011
0010100010010011
1001000000111001
1101100011110110
1011010111010010
1001111100010111
1110111011001101
1010111001111111
1111100000000010
1011001101000000
1111011001011110
0010010110110001
1000100110101100
0110011110101111
1101010000010001
1111111111100010
0010001111011111
1100011110100001
0100101110111110
0001111000110010
0100101111000110
0000100101110100
1000110000011000
1001000010001011
0100111001011000
0101011000010101
0110111000111110
1010011101101101
0111101101010101
1000011100000101
1101010000001110
0101110011110100
1011011001101110
1000110110001110
1100010111100001
0110110011000011
1011011011000100
0100010011100000
0000101000000111
0010101011000000
1001101111001100
0110010100110100
1001110100111110
1001011011111010
0100010010011000
0111101110001001
1111001100110111
0001100101100110
1010011000011110
1110000010001101
1010011001011011
1001011000000111
1101011100101100
0011111011000101
1101001101011001
0000001011111010
0111011001000010
0001011111011111
0001010111111010
1010101110110110
1010001010111111
1100001011011110
0110110001100101
1000110001000000
0010001100111111
0100000011010010
0010101111110001
1100000001010011
0000100100101001
0111011001001110
1110001001000010
1000101010101101
0001010100000110
0110100000110100
0001000001011010
0100100111010011
1101110100100001
1110110000010000
1111100110001011
0000001110001101
1010111110110011
0110001101000101
1110111111000111
1110101011001111
0110111100110011
1101100111100010
0001111011000111
0110110100010000
1010010011110000
1010111011001100
0001001000100100
0011110001100111
0101101111011000
1000110110101010
1110101100011100
0000101101101010
1110001000000111
1000001101101011
0101010000110100
0111000011000000
1011101011101100
0111110111011001
0000001110010101
0010110011100110
1000110100011101
1001110010100100
0100011101000001
1011100100011010
1110000001011101
1101110101110111
0000000000110101
1011101011101111
1000010011000100
0101100110101111
0011000010101111
1010001010011101
0110110000001011
1000101100111110
0101100110001010
1000011101001001
0111000111010001
0101010111011001
1100111110010011
0110101111111101
1111101000111100
0110010101110110
1000111100110100
1000000101100001
1011111000011001
0000010101000111
1101111011100111
1100100001100110
1100010100110000
0001001100011100
1010000000100101
0010111100101011
1100110100111101
0011010001010011
1010010101111011
1101010001010110
1011000100010011
0100010110001010
1101110000011110
0101100010011100
0000001100010110
0001001101001101
0101000101101110
1011100001111010
0111001100100111
1100000100100100
0011000000011111
1001111011010010
0110001101001110
0100001101011101
0011101100101000
0000101101001110
1011011110001110
0010010110011001
0110000100100100
1010011011011010
1110110110100100
1100001110101001
0010011000101011
0101001000010111
1111101101111111
1100001110110111
1101001101101001
1110100100100000
0000110100000001
0101000000101100
0111111011110101
0001100101111101
0000010000000100
0000110111111110
1110111101111111
1111000100000010
1110100110010010
0000011011100110
1010110001010011
0111111101000101
1111011011011010
1011010111100001
1000011001101001
1110110110111000
1100100101011011
0001110001011011
0101001000100000
0001001011010111
1111001011110110
0001010111010100
1111110110010010
1111001011000001
1100100011101101
0011010011100100
0100111101111001
1101000100100001
1100011011011111
1111101111101000
1001101110111010
1111001111110111
0110010001101000
0011111110100000
1111010001101000
1010101001111001
1101111010111011
1010001001011011
0110000100100100
0001100101100000
1011010010100010
0101100010101100
1110101111100100
1011100010100110
0010110011000001
0111100111100000
0011100111000110
0010010000000001
0010101011111111
0101100100110110
0101010111110100
0010110101111100
1100111000101000
1101101011001011
0010101111011100
1101111101010000
0000011110100101
0100101000100000
0000111100000111
0111110001011111
0100000111110100
1100111010101000
0100010111000011
0111111010100000
0011001001010100
1010010011101010
1010000010011100
1011001111000011
0101101100110001
0011110110111001
1000000000100010
0101101000010001
0010100011110010
0110111011011000
0011111000100101
0010010110110010
1001100101010000
1111001010000110
1001101100111111
0011101111110110
0011001110100011
1000100010101000
0011001100111110
1000010110110111
1010100001001101
0010101000100001
0000000101111001
1001110000000010
1011010101111111
0011000011001000
1011010110110100
1010111001001100
1100100100011011
0001001110110011
1101111101111011
1110101010010000
0101100010001001
0110011010011000
0011110001001110
0101001011001000
0011010111111000
0000101010101011
0111100111101000
0001101001101110
1110000111110010
0011011001100001
0111101100101111
1101001001111100
0000000101100000
0010010001101010
0011001100010000
0101010110100000
1100000101011100
1101010111000011
1011001101111111
0011101011000010
0010010001110101
1011010011111000
0101011110001010
0000111111000001
1101010000111011
0101001111101010
0110111110000011
0111100000000000
1011101000010011
1010100010101110
1110010001101111
1000111010101111
0000001110100001
0000100100001010
1000100111001110
0110100010000101
1010010110100110
1011010011010101
0010110010101111
0100000111001011
1100000110110101
1110110111001001
0101100001001001
0001110001000101
0100111011001000
0001101010111101
0111011011101110
1110110000010011
1000001011111100
0011110100110111
1101111011110011
0010000010000001
0011000011110011
0110011101100000
0101010010100100
1111011101000110
1100101111000101
0101000101010110
1111101000101011
1100100110110110
0100110100100100
1101011010100110
0100000010010001
0110101010111011
1100101111110100
1000111101101100
1110101011110010
0101010110111101
0000001010110011
0111111111100000
0101111111000110
0100111000000100
1101011101001011
1100111010110110
0111010001000010
0111100001101100
0111100011001100
1100110101101011
1100010000011000
0101010011111001
0111000000000111
0011000000010010
0111011101011001
0110010100001111
1001000100101010
1110100010110101
0000101101111101
0111100111110101
0001111011001110
0011000111010000
1001001100000001
1111101010111000
0000010110011000
1110110001010001
1110101000001010
1010001110011100
0001110100010001
1110110010111000
1110001100111110
0111100110101110
1111011000111001
1000001100011110
0100000010100111
1110000011100100
1010000011010001
1100100110001100
1001010111100000
0000001011011001
0000010010110010
0010010011101011
0111000011001000
1110111001111010
0000100101100011
0010111100101111
1101010101010000
1001000011010011
0100000001110100
0101100111110101
0000110111100101
1000101101010100
0101011111010110
0101001000011010
0001101010001010
0011001110000110
1101011000111110
1110101001011101
1010101100111111
1010100100010001
1110100111001000
1100100111001110
1101011000010111
0110111010111001
0010110110001011
1010000000101100
1010111000010100
1101110100001111
1001010001110100
1100110101000001
0011100011110000
0000011000001011
1111110001110101
1000110100110101
0100110100110110
1110101110001001
1101100010101111
1111110001010001
0001010011000000
0100101111001110
1100100100110110
1110111010010000
0111010011001000
1101110011011101
1001100011100110
0001001100000000
1000101100101111
1100101100101010
1101110001100110
0010010010011101
0100001100101010
0011011110100000
1101001010110101
0010001110110111
1010100110111010
0010001011100010
1110100110100011
0000100101101011
0001110101001100
1010100011100010
0111111011000101
0110010000010101
0100110110110101
0111011100000000
0110101011011110
0010101001100110
1100011110000010
0111010011110001
0011100111111110
1111001000101011
0001000000000110
1001011111101011
1011010100001000
0010110001101000
0001000010000010
1000001101111000
0000101010001010
1111101001001110
1000011111111110
1001010010001110
1001010111010000
1000010111000011
1111100011000011
1011111101100100
1110111101110011
1000110101110011
1101000000100001
0101111010010010
0111011001110001
1000110100011011
0000000101101110
0101101010111111
1101101110010111
0110110011101010
0101111010001001
0100100101011010
1101111010110101
1000010111001100
1100010111000001
0110101110010110
0010000011010111
0001000011001101
1101000010010111
0110010010110101
1110100010000110
0101000100011000
1110001000110101
1001100010110011
0001001101000001
1110010100111001
1001010101110001
0011010001110001
1011000110110100
1100011011100100
0001000000011101
1100001001010010
0010001000111101
1111001010111001
1001011110010001
1101000110101001
0111011011011100
1110110010111011
0001100001000101
0000111110100000
1000101011111110
1001100000110001
1000111110110101
1110111000111100
1000101101011110
1000011010111100
0011000101000001
1011001110011101
0111100011000001
1001000000001111
0000111100011010
1100010111001011
0101000100100101
1100111110010010
1011111000110101
1110101011010011
1000001100110011
0101100010011100
0100100101110101
0110110100111000
1010010001111010
0001010101110101
1100111110111101
0111101111000010
0000010111001100
0101101101010100
0100010110110111
0101011111111101
0001101011110001
0111100111101001
1011011110010001
0100001001001101
1101101100001110
1001101001110100
0110000100000010
0111001100010010
1010000100001010
1000011111010110
1100100000011111
1010010101000111
0000000001001001
1000111111101011
1110110101100110
1001001110101010
0111000000000000
1111000111101000
1001111001110000
0101011011001011
1010001010011011
0101010101000111
1001001111111101
1000100101011010
1100111001010100
0110100111110101
1011011000001110
1011010001010011
1110111010010010
0001110010101100
1111100100011110
1110000111111010
1110001110110110
0011000001010011
1000000100100100
1011010000001111
0100010111110010
1000111110110000
0010110010101000
1001101100100000
0100001000101001
0010110111100000
1101011000111110
0101010111001011
0100000000010110
0111101110110011
0001010111110011
0110011101101000
1010011111110000
1111010110001011
1001010100111100
1111100001011100
0010010000001100
0011101110101101
0010001101101110
0000101001101011
0110111111001100
1100111100010010
0101101010101000
0100011100011101
0100011001010110
1100110001001111
1111010111110000
0100111011111110
0000000010101000
0001110000110101
0000100001011000
1100101010100110
1001000000100001
1011010010110001
1100001100000111
0110011100001010
1110110011001010
0101001111101110
0101000000111010
0011100000110101
1010110000100101
0011101110001101
1111010011100010
0101001010110011
1110101001111011
1101000111001110
1001010100101100
0101000100100000
1100110100011110
1001000110011011
0111001001000000
0101011111011000
0011111011010011
1111001111101101
1011001011101010
1100000011000111
1111000100101101
0001011101011000
1010110110000100
1100001011001101
1001110001001100
0000111110011100
1100110100101110
1001110010110001
0001110110111101
0111100000000111
0111100110011011
0001011011011111
0000000110100001
1101011000011101
0010111001011101
1001011011010110
0011100011100000
0101110101000111
1110110110110010
1101001001001010
0010101111001100
1001101011001001
1001000001101110
1011010001001000
0000101000011111
1111010110110001
1000101101000100
1110000101101010
1011000111100101
1001010010010111
1011111010100101
1001000010011011
0010011011001011
1111001110011111
0110001110010000
1010001100101010
0101100000100000
1011100001101010
1111011110110101
1101000000000001
0100010111000011
0111101000111111
1010111100001111
0001101111110001
0001101111101011
1111001011011011
0100100111000011
1011010001101110
0101100101110101
0000000011111100
1100111010111100
0110110101000011
0001100001100101
1010101110010010
1000101100110001
1001001011000100
0001111100100110
0101011011101100
1100110010100101
1101010110100000
1100011101010111
0111110110011111
1100100010011100
1111101011001000
0000011111011101
0010011111111111
0110000100110110
0011001000011111
0110001100001011
1111110111111101
0111001011111001
0110110100110011
0001111100100010
0010100101000010
0001110111000010
0000111001001010
1110100001011101
0100010001100010
1110101011001000
0100000111000011
1111110001010011
0110101101000011
0011000110000101
0011010101101100
0110001010010011
0111110111011000
1001111111101001
1110010100011111
1101101110001100
1110110100110000
0111011110110011
1001100011100010
1011001011001110
0001011110000100
0111101010101101
0000001110000101
1111110010100000
1000100000001011
0111110001010011
1011101101111100
0000010111110010
0011111101010110
0000111100110100
0000110100110111
0001000101100100
1101110100101110
0111101101111010
0101101010111101
0100100001111100
0111101111101100
1011000100010000
1111001010110001
0110000101011111
0100101101000110
1001110011011111
0011110001100101
1011110100101100
1001101001111100
1010111101001100
1101101110101001
0110011101010101
1110100110110110
1010100100001010
1101000000101101
1101110011010101
1101111111110011
0010111000100100
0101000001101111
0100000100110100
1110011100011000
0110100010011100
1110100101111010
0110011100101101
1000011010100011
1111100010100101
0001010011010010
0110011100010011
0101101010001110
0100100110001011
0001101011101001
1101111101011011
1010011110100000
0100110111100111
0110110001000111
1111110110000110
1001010110110101
1100010011111110
0000100100111101
0010101000000011
0000000111100010
1000000010100110
0101111010101101
1110101001111100
1011000110000110
1101011111000000
1111011011000000
1101110001111110
1111000001100100
1011001000100110
1001111011110110
0101010010100001
0100101010110000
0010000101000110
1101110110011110
1001110110110110
0111101001010000
1100000100010000
0101111011110110
1000111011001010
1011100010001011
0010010111100011
1010000101011100
0110001000110000
1100000010011000
1000011110100101
0100100001011101
0101000100111010
0100110111100011
1000111101011100
1111101110111100
0100111001011101
0011000100100100
0010011101011000
0010101111111001
1110011001000011
0110101011001011
1110010001000101
1010110001111111
0011110001011110
0111110101000010
0001101011000010
0000101010111000
1010011101100111
1111110001001000
1111000000101010
0001010110000110
0111010011101110
0111100111110011
1010111111000010
0000111100010000
0001101011110000
1010000100101101
0111001001011110
1011101111010000
1100001011001100
0110100111101001
1101011110010111
1101001100010101
0100110000110101
0000110111100110
0100011010101100
1100100011001101
0110010100000010
0101011111100011
0101010010100010
1011111010000110
1001100011011101
1110000100101000
1110111010100010
0110011010010110
0111111101100111
1101101111000011
0100001001001001
0100101111111011
1110111010011000
0110101001111101
0111001110011000
0011011111001011
1111111110111101
0011010001011010
1100000001100001
0000000101110001
1011000111001110
1111111110010011
1100001010001110
1010101011110100
0000010001100111
1100100110101111
1001100010100100
0110001000100011
0001000101111010
0011100100010101
1000110000000001
1011111110001111
0000011010110011
1101011011011100
0100111000111110
0110111110100001
0100111111010111
1000010101000110
1101000010100101
0000011100111011
1010000100011010
1001111010000110
1111010010110110
0000100001100100
0110111011101010
0110110100011111
0011010000010101
1111011101111101
0101001100010001
0001110111000000
0011011001101110
0011111101011100
1100101001110110
0110101010001010
0000101110010111
1001010011111010
1001100011111001
0011110111011000
1000101110111100
1001011010111000
0110000111001010
1111101001111100
0100010001000001
1111100100001100
1101100101100010
1000110010001000
0101101011101110
1111101001110101
0000100000100000
0000110101000100
1010110110001010
1010101100110001
0011101110001110
0000000010001111
1111111011101011
1010001011110011
0111010111001101
1110100011010000
1101010011001101
1001000111100101
0110000111000010
0011110000101111
0010000011010100
1001111110111100
0111110111100011
1100100101001001
1001110011000001
0000001101011101
0000101101101001
1000110010101000
0000111111001110
0010010011101010
1101010000100000
0011011110001010
1110101110001110
1011011101110001
0010111010110010
0111000001000010
0010100001110000
1100011001000001
0101011111111100
1111110000011101
0010100110111100
0010010000101100
0000011000110100
0110111010011110
0000101101001100
1100110110101101
1010000101101111
0111110100101100
1011000000110011
1111101111010010
1110001000011111
1011000010110110
1110011111101101
0110001101010000
1010111111010101
1000100000100100
1110010101111010
0111010101111100
0010000000101010
1110010111000110
0000010101110101
0011010101101111
1111001011001100
0100011001001111
0110101110000101
0101100110111110
0111100011111010
0111011101110010
1100101010101110
1111011001011010
0110110111000110
1000110101000000
0101011101111011
0000010001101011
0100001110010110
0100101100110000
1110001100100010
1110110001111010
1111100100110000
0001000100100101
1110100110011011
0111100000111011
0000011011001001
1000101101100101
0000001111011110
1010101000000010
1101001010100111
0101110110100001
0001100110010011
1111000101010000
1100001001101011
1011001110110110
0110110110011011
1101000101011100
0100100111101011
0001011111111001
0110000101110000
0100111000001110
0110011100000100
1111010011000010
0011111011100010
0100100001011110
0111110011000101
1010000011000000
1001110100100000
0001011100011010
1111010000010111
0111010110110000
1000001101000000
1010110101000101
1010111001011010
0111111111111110
1111111001010011
0100101000001001
0010000101100010
0011101011010000
1000000010101111
1110000101011111
1101111001111101
0110111110011011
0110111101100111
1010110000110110
0011100110111111
0101001001111111
0110111010111010
1101010100111010
0010111111000100
0111000101111011
1011100111101010
1011100000000000
0110110100100101
0101010100110100
0010010111101101
1100110101011110
1001100100111100
1101111001011100
0000101100011011
0010011101110110
1011101000010010
0011001111000000
0110100100100100
1101111111100010
1111001011110100
1110010111010000
1001010010101100
1001001000100100
0010011000101111
0100100100000001
0111011111100101
0111110000100001
1010101111110111
1101010101000111
1010110011111011
1111110011010100
1100001110000001
1100011011000101
0110010011110011
0111100111101111
0100010000110010
0001000010111110
0010010011110100
1001000000010000
1010110010100111
1101111011010111
1010001110101101
0011001110011101
1011001010001110
1111110101100010
1110111100010011
0110100010100000
0111011010110000
0101010000010010
1000101011010011
1111000001010001
0111100111011010
1110001011000101
0011001000010000
0000010000000101
0101111101011001
0100110110100111
0101011111001101
1111100100110010
1011001011001011
1011101001011000
1111011001100001
1100011100010101
0110101111001011
1110101100110010
0000010100001010
0100110110101100
0110100011010100
1101111011101101
1111101010011100
0000000100101110
1001110011101100
0010011011110010
1111011000110100
1001101110111000
0011011000100111
0011010101001111
0001000111101110
1111100101010101
1000000001010010
1110100100010101
1100101000110000
1010001111011011
1010001010111100
1011010001100101
1100000001100101
0011000010010010
1111100101011110
1010010000000010
0001010101101000
0000001111111011
1111011101100000
1110011001000100
1100011000001010
0111100000100110
0010000010100101
1000110101110000
1000001100111100
0100110000001000
1000101011110000
0111001000010100
1000001101110000
1001011110100011
1010010101001011
0110110001010011
1001101110111011
0000100011000101
0011100111011001
1000110101010101
0000011000111101
0001000011001010
1000010101011101
1011111111100011
0011100001100101
0100111101010001
0101000110011101
1010001010100000
0110011100010111
0100110101010000
1101001110001111
0000010110010000
0011000101010111
1000010010101110
0100001110101001
1001110111000000
0111111101110101
1011011111101000
0111101001111101
0000001010100110
1111100001110101
1010010101001010
0011010100001010
0011110111010101
1010000100110110
0111100101001011
0001110001000010
0110000110111001
0001010010000010
1110100111111000
1111101010110111
0110011111011111
1100110101101100
1001101111110001
0010100110111101
0110001100100100
1001011011101110
1101000000111110
1001111000101111
0101011010000001
1110010101100011
0010101000110111
1111101100100100
1111011011010101
1000101101011101
1001101101010101
0000101010101001
1100000011100111
1110110011010010
1011101001000010
0001010001110000
1011101000101111
0100001110000000
0010100001100111
0101011011111101
1100101010100111
1110010011110111
0100000111111111
0100111100111000
0101111110011010
1000110110111011
Time = 1.643s
