n = 17, k = 3, l = 8, m = 211
Expect Resample Times = 0.504459
Result:
00111001010110011
11010010011110001
01011100000101011
10010110100100011
11110100101110000
11010110110010000
00010111011111110
01110001010011001
00001101111000101
10101011111010111
10111101111000100
00110010110010111
01000110110011100
01011111100100101
11101001001110101
01110010001100011
01001111111110000
10111011100110011
11001100001010011
10010000101010111
00010011000110111
11101001001000011
00110111111000110
11111101001000010
00000101111101100
11100111110001101
11101011010001100
10110101000001110
00100101011110110
01000101101110001
00111010011001001
10111110100011110
10101011111000001
10001101111100010
11111001010100010
11011111010011010
00100011110111011
00101111100100001
11110101110011101
10000101111010100
11010110011110101
10111100110110100
01100011011001010
11101011000001111
10101011011110000
11100101101010011
00011011011111100
11110101011001000
00011000101111010
01100011101100010
01110110010111011
01000111111110000
01111110001000011
10000000111011101
01000001110011101
10011111100101011
11100010111101000
01100111110111100
01110100000110011
01110000110111101
10110010100111011
01000010111111100
00111001111010000
10111001101110000
11100000100111001
01011110101010000
01111010110101111
10011010111010110
10100001001101011
11001001111100001
01110111110100111
01101010111101100
00110011111011001
11100110110001011
01100100010110011
11110111001101111
01110110111110100
10111011010100100
01111010110000101
10101110110011110
11000011011011101
11110100011000011
11011010000111010
10010010001010111
10001101100100111
11000100001110011
10010110111000011
11010110100100101
00111001100101101
10111101100101010
10101010011110010
00101110111111011
10011100101001101
11001111111101000
01001010100111011
11100111111111100
11100101001001110
00101111011001111
11111100010100000
01110101001011101
01100111000010101
01100000000111111
01001111111101001
11110111011001111
01010000101100111
11010100101001100
11001110001001111
00011100111101000
11001101010001011
11001110111000100
10100011111100101
11111000011001001
01110110111101001
00110010110010011
01011001111100011
11010111110001011
11100010001011101
01000111001100011
01111010001110001
11111110011000001
11110110011001100
01101101111000000
10100110000111101
11010111111010101
11010100101101001
01111011111001000
11111001011010101
11110111011111111
01101000010101111
00100110101101110
10111001001110010
00011010001101101
00110111001101110
10110000010011111
00101111000011001
11101000110011110
10100111001011010
00111011101001111
11101101001111110
11100100100101110
10000101101011111
11001101011000101
00110011010111011
11010001111001011
01011011100011101
11001000110011101
00000001011111011
01011101010001110
01111101101100010
01111111110011001
01110000100111110
01111001001010101
10110111101111111
10000111010110101
11101010110101011
01100111100011101
11111101110111010
11110010111001000
01111100010000011
10110000101111011
11001011100010111
01111000001101100
11011101011011011
10100011111110001
10111010100101011
01101100110010101
01111100111101000
01011101011110100
01111001010110000
00111000111001010
10011001111100001
10101101110110111
10100011111000110
00101011100101101
01101111111101001
11101111000111111
10000100101010111
01011111100010011
01010111111110001
01010111001100001
11010111111010010
01101101011001101
00010011001101011
00111110011010011
00001001101111110
01011100111101100
01110001100111000
10011101101111110
11011010010111000
11011010101101100
01001111110001110
10111110101100010
01110010111100110
01111101011000100
11001001011011100
11010100100100011
11010110110011101
10010011001110100
00100100101011111
01100011000111111
11001111000001111
10010111100011010
00100110111000101
11110100011001011
01001101010111100
01101110101011000
10011100111010101
01110111110100000
00011100110001111
11101100010001001
00111111010000111
Time = 0.035s
