n = 15, k = 5, l = 5, m = 906
Expect Resample Times = 0.372661
Result:
010110000001011
100000110010001
001011001011111
111111111000011
111111110011010
111101011101000
101001100110001
111001011111100
101101111100001
110101101011001
001001110101010
001001101111110
100011000011101
000000011010110
111100001010001
010101011101001
011111110011111
110010100100000
001111110010011
111101111110000
101110001110010
000111001100011
101011010111010
101011101100101
111101010111001
101110101110000
111000001011010
010011100100000
111111010111001
100100100111001
100010111011001
010011010000011
010110001110000
001100110001111
110001111001111
000101100101101
111110100111000
000011000101011
111110110110010
000100110001010
111000101011000
100000011111011
010001000100011
011101000011001
110010011100101
100101001011100
110110000101110
000111000110110
101001000010011
110111100100101
101110001001110
001011010100100
111001101011000
010110010101000
001100110100100
010111110111000
100101101110011
101111101100000
010110010010001
111011010011101
110010101100000
101101101100100
101001110000000
100000011111000
110100010001101
110001000111010
111010000011010
011010100001110
001010011101001
001010011111010
100110001100111
001010010101111
001110010010001
110101110101110
100010111100000
111110010110000
010001000111101
010100100010001
011111110111000
001001100101000
000011010010010
000101000111011
010110011010101
010110110110101
101011100111010
100000110011001
011001110000100
101100001000110
010110001110111
101110001000100
011110010100110
010101011000001
100001101011001
011001110011010
110000111000101
011101000100001
111010100110010
111010101111100
000111010001111
111110000000000
101001010111000
100011000110011
001011000110100
100000111001001
110010100010110
101111110001001
101000001001001
001100101011011
010100110000100
110010101100101
110101101000011
100011010100010
011000011111100
101001101001001
011011101000000
000111100110111
111001001110100
100001011010110
011110001110010
001101101011100
000101111101011
100110001110001
111110000001010
110111011011010
111101000110001
011001110111000
100110101100110
100001010010011
001011011001000
110011110000101
011000001010100
010100000000111
100101001011100
110000001110010
110001101010001
011101001101101
010010111100000
100001011000110
011001000001101
000011011100010
100111101001100
110010000001011
101000110010101
000000100010111
001000011110110
111010000101111
101111010001000
110010110101010
000001101101011
000001011101110
000110010011101
001111100110110
101110001101010
001011001111100
000010110010001
010010010001110
000011001010010
111110000110100
100100111101000
011010000100101
111100100001110
000110001011110
111000100101001
111100100100111
010111010111110
011011100111110
010011110011010
111010000101101
111001110000100
001111011011000
001111101101110
111100101000111
011110001101010
010011110011100
011000100100101
100110010110101
110010110011000
100110101111010
110001010110011
000100101010101
101001110111111
100011100101110
011111001111101
101111100001010
101100101100100
000110111000111
111101111100110
001000010111001
010111001101000
110010001100100
001001100111110
011000101101000
110000010101011
101110011010111
011110011000000
100101100100111
000001101001011
110110010001000
010010111111001
110100011101001
010001010100011
000011100100001
010110110011000
101011010000001
101110001111010
011010110110101
101110101100100
111010110001001
101110101010110
011010111000010
011111000000110
001101100001111
100110011100011
111101011100000
001010010010010
011110101111001
010010101101110
011100111110011
001010100100100
111111011010011
100011101101001
001100111000010
011111111001101
001101000011010
110011001000110
001110111000110
101000110101011
000111001111011
111011010001110
000111111010111
110110010010100
111101100000101
001110000011001
110110011101101
011110100111010
011010111001010
000011110011010
000100100101101
111010000011111
001011110001010
001111101001101
010000101000111
010010010010011
010110000001100
011100111011000
111001000000100
111011101101010
101010110100001
110101001010101
001110001111001
001110011010011
100011101110111
101111101010010
001011101110000
110001101111101
110011001101011
100011000111100
010010011101101
101000101001110
000010001000111
000110100000110
011000101100100
011001110011010
110111100001011
011101111000110
101001000001111
101010110101011
010110100000110
010111110001110
100000110110101
110110101000110
010111101001000
011010100101011
101101011010010
000011100110011
100001001110000
100100101001010
010001101111111
010011111000001
011001110010000
011011000001100
111011110001011
011000011001000
010001001001111
100101101100111
111000111101110
000000111011110
110100001010001
111010011110101
001101110110100
101010011011110
101011010000011
111101000011001
011111001101111
110111110111000
100100011010101
001110111000011
110100011011011
000011101111000
001110101010010
010101011011001
010000001011100
001100111100000
100001110011100
110011101000011
001101101111110
001111110000010
001011001101010
010111110111100
001111010010010
000110001000110
010001100010110
110111011111100
001111011111000
010000000101101
000101110110010
111100110100001
010111100010000
110100010010111
001101011000110
100010001000110
111011000000100
001100001011000
110010001101011
010010011000001
000010111111110
101011011110110
101100111110101
001001001110111
000101000010101
100000111001011
001010011001111
101100101111010
111101011010111
110101110001000
111100000110011
110100001011100
111011110101000
011101010001000
001011110100000
111000000100010
001001100111101
011010001001011
110010010001110
101101000100001
010010010101100
110001111110010
011010101011011
100101001101111
001100100100010
101000101001000
111100011100010
101101100000101
101001000100111
110001000101011
110110101100110
010000100101100
101111111101101
111110011110110
010111001010110
000000111000111
101010010110010
000010001101001
111101100101010
100101011010000
111111111101011
011010111100001
110001010100101
111111111011111
001111110110001
100101001011001
100101011101100
110100010011110
010000111011101
011100011100010
110001011110110
101001101111001
111101110111001
001110011011101
011111001001001
001001110011101
000010111101101
000000111110111
100100011011101
011001001011000
111110101111101
111010001111011
010111001011101
110001001101000
111110110001100
101111111100101
001000111101010
010111010000101
101000010000011
011110011011110
001101110001100
101011110110101
100110000101101
101000011101110
000010010101100
010100100111000
011101111111101
101000110011100
100101010100011
001101011011001
010111010010101
000001011001111
000110100010011
101011111111111
110001000101101
010101101001000
101110110101110
011110000001110
101101000101001
100011101101010
000001111001011
110110110000111
011000011100110
000110101000001
011101111101000
111010001101011
010100100110000
101010010100111
101100011101101
010110010001011
011010100000100
001101110100001
001000100100101
011010010011010
100010001001110
001111111111101
111010110101010
010101110110010
010111110100101
011111111011110
110001111101111
011110111101111
010000001011100
000110010011011
010001100100111
001110001101100
001100001110011
111101011111001
100010001110100
100101110011100
110010110010101
101100110110101
110110001011111
100000101100011
011010000111111
010111001110011
110001000111001
001101100001111
110011100100010
101111011010000
101000010111010
010010101001100
011100101110100
110111011101101
010110011000110
111000100100011
000011110101110
000001001101010
000011110000010
100001110010000
101000010010010
111011011101111
100010100111100
011011011010001
011100111101011
010110100001001
100001001011001
011100001011010
100010111011101
011110010001011
010110101100011
111001000010100
110011011010000
010010101000011
001010100001111
101101001100110
110001110000110
110011011010100
001111110010111
111011110001100
010111001111101
101111111100010
000000111111101
110101000101011
000101010011100
100101101111110
110011011111101
100010110100111
110100010101000
101100000010001
100000000110110
111100110110000
011100101111101
110111011000010
001110111000010
101101110110000
111101000101011
010010101101010
011001111000110
011100001100111
101110100010110
011001011100001
010100011011110
010001010011110
010101100000111
000100101110001
100000101010001
111111000011001
100110001100110
001000010011101
000110111001010
010010101111000
001100100110000
101011110001010
111001111110011
101110011010100
011111100011001
110010111100101
101110010011110
011000101101110
000100001111010
001101111100011
000001111101110
100101111000010
010001100001111
001110101011001
101011101110010
110111000110101
000101000100110
100000110000011
100011100000110
011111110001101
100011110001100
000110110101010
101110100000111
011001111010010
111010111000100
010000110100100
101101011111100
001100100100100
110010011000110
110001100101111
101001101001001
101111000100001
010001111101101
100111111100101
011101010000000
001110001011010
010101111110110
111101000010110
100000010001110
011010100110000
111110110111110
010011000001100
010101101100000
000110111100111
111001000010111
010010101111010
010110001101010
001110111111000
000110010010001
000110001111011
011000100010110
101101100100111
011110110001010
111100111010100
111110010101000
011100010100000
111101110101100
101111111000101
010101101110110
100001001001011
001110111001110
101001011110110
011011011100010
101001101010011
101110011111100
110111010101001
011100000111101
000000100011011
001110101010101
010011101011011
011010111000001
001010011001111
110100101000101
110100100101010
100100100001111
100110111010001
110011010000001
010111001000110
100010111110111
111101001010111
100101101001100
100111001110111
001101111000000
010111110010100
100001111000111
111100111010100
000111010010100
011111011000101
100011101110010
111100011001011
001111110101110
011010110111000
001100100011100
000010001101011
110011011000011
000010001011100
100001011101001
011011111101110
111010111000001
101111000010111
100111001001000
101101101011011
101111001101011
111000011100111
001111001010110
010001011111111
010010011011100
111110000101101
010110001100010
010001001110011
101101000100010
100111010001010
010010010110001
010011110101100
011000001110000
000111100011101
010110101001010
011011100111111
111000111100011
110000011100110
010101111001010
011111010100001
001100100101011
111010101010000
010100001001001
011010110000000
111001101011100
110101101101110
010001001101101
110110101011100
010100011100111
110100110010110
110010110100011
111101101001111
000101011100110
111111001111110
000011001111111
110110100011101
010001000100011
110110110000100
011111000010001
000010010010101
001011000010011
010011110000010
000110101101110
100101111001101
010111100001011
010000100001111
010000101110110
110111011001011
111110110111000
001011111001111
011111100011110
010011101010101
100011110110001
000110101010011
101100111001111
110000000011100
101111101011101
011101000110010
111101101001100
110001010000110
100100010100100
001111101111100
111001000100000
100010011110111
010111000010111
110001110001010
100110111001001
001000010101011
100010111000101
101011011000011
011111001111001
010100000100110
010101101101011
101001000100101
101100100101010
010100000100110
001010011100101
110010001011011
100101010101001
011010011100101
111010010000110
111010000101100
001011110111011
110111001101001
100010000110101
001101010101111
101111011101000
110000101000100
001010000010110
111001101001010
001110011100101
111000110001100
011110110001000
011001100110001
000011100101011
101110000010010
010101110101100
000011011010001
001111100001100
111110000111100
011110001011010
011011010100101
010011010000010
100111110010100
101010101101011
100000110100101
110100011011000
110011011000101
101011000001000
100010111110000
010010111001010
001101111010100
001101111001101
010110011111111
110101100000101
101101100111010
011101000010010
011101111011100
111010000010111
010011111010101
111010001000101
101101011011100
110001011110010
010111011000100
101111101011001
010100100001010
000110111001101
011100111101011
100000101111011
101000111010101
011010000001110
001110110100100
010111011111101
111100111010001
011000010111100
100100110001100
011110010111001
111000010110011
001000011001010
100011100001111
100010011110011
000111001100011
011010010100110
011110001111000
111111010101011
100111010000001
100111011011101
101010101101000
001101001001000
010111010110011
100001010001001
110011010101111
110100001110000
000111110001111
011111111001110
010101011111010
001110001011001
010001100110101
111111110001101
011100110100011
111101011101101
011001101000011
100010010101111
010010110100100
000100011111101
101111111110111
111101010100111
110010111010000
111010001101100
011110001111101
010001000110100
001011101100100
101101100011100
110010001111111
001111000111000
000011100101111
011100001111110
011010000100011
110010100110010
010011010011001
011001110100100
101010010000100
001100011110011
101111011101110
011111001010110
000000110111001
111111000110110
010110110111000
000001011101101
011010110110011
001001111101010
001011010110010
101001100011001
100101011010100
100110100001000
111111100011100
110101000101101
001110001011110
100010101100010
011001010101010
110010110100011
110111001101000
011001011000011
101100010100010
000010010100110
101001010101001
011010101110010
010001100011111
001111111100000
000000111001100
000001111111010
101011101111000
010110010110110
101111111101101
011100001110010
111011010001100
110001100100110
110011100010010
101010110111101
010001011110000
011000011001011
000100011111100
001111001010111
001000101001010
101110011000110
110101110010010
010011011010010
110111001101100
101011110011001
100001011111111
111111001001110
000011110111100
100011100100001
011010011001001
011000000011100
011001011011101
000110110001011
100110001110001
110110101100011
010100001001110
010110010100010
011101010101111
011110100101110
011011010101101
001110110010111
010011001001001
101101010011001
111010001100000
110010010000010
100001010010101
011011001010111
000011100011001
110101111111111
100111110101110
111100100010011
011000010111111
100101101011100
000101001010001
100111101111100
010100110010110
010010110100100
010000110011000
100001100000011
100101000100101
010100001011111
001111000101011
100100101110110
100111000111011
000110000001111
110100100000001
011010110001010
000101100011100
110011000011101
110010010011001
100000011110011
011101010110000
100011001110101
101001101001000
101100011101000
010100001100001
001011010010100
100000110110100
100101011110110
101101000011010
111110111011001
101100111101100
001111001000101
Time = 0.576s
