n = 13, k = 3, l = 9, m = 954
Expect Resample Times = 0.444986
Result:
0111001110111
1111111100111
1111001111001
1110111111101
1101111110100
1111110101010
1110111011111
0100111011111
1100011110111
1110110101110
0111101101101
1110111100011
1111101111010
1111100100111
1111110011001
1110011011111
1011000111111
0111101011011
1110101101101
1111101001101
1101101011101
1100011111101
1110011001111
1011110111011
1111001101111
1001111110011
1110101100111
0101001111111
1111011011100
0111011111010
1010011110111
0011110101111
1100101111111
1101011001111
0111111111100
1101110101111
1011101101110
1110111100111
0111101111110
1111001111100
1100111101101
1111000111110
1111011111011
0110110110111
1101011101101
0100111101111
0111011100111
0111011110111
1110101110110
0101111011111
0011111011110
1111010111011
1010111110101
1111101001111
1010011011111
0111001111111
1101011110110
1111011010101
1111100111011
1110011101101
1001011111101
0111111100111
0011111110110
1111101111110
1110101111011
1100001111111
1011011010111
0101101101111
0110111111010
1110101010111
1101011111111
1101110100111
1101001111011
0011111111101
1011110110101
0111110111100
1010011011111
0111101011110
1110110101111
1011011110111
0101111111010
0111110101110
1101111011101
1101010111011
1101110110110
1111001011011
1101011110111
1001110111110
1101101111011
1111101111001
1011101111010
0111111011101
1011011111110
0111100111110
1001011111111
1110010011111
1101101111010
0101011111101
1101111011011
1110101011101
1011011111111
1110110011111
1011111011010
1111100011101
1111100100111
1111011101010
0110111111110
1011100111011
1010011111101
0101101111101
0011101111101
0111111101011
1101111100011
0110111101111
1101101111100
1111011101001
1011111101101
1010011011111
1100011101111
1101100111110
1111010011111
1101100111110
1010110111011
1101111101010
0111100011111
1010011111101
1110101101101
1101111110101
0111010101111
0101100111111
1110001101111
1001111011110
0011111101111
1101010101111
0111101111011
1001001111111
1101110111011
1111111011100
1100111011110
1101101011011
1001111100111
1011110111110
1001101110111
0101111110111
1001001111111
1011011110101
1011111111111
1111001101101
0111011111011
1011111111010
1011110011111
0011111011011
1110001101111
0011111111101
0110111111011
1111011100110
0010111101111
1011001110111
1001011111101
0011111011110
0111111111101
1110011101011
1101010111011
1110110101101
1111101110011
0001111011111
1111111101100
1111010110110
0110101111111
0101011110111
1011111101111
1101111101011
1011010101111
0111111111010
1111011111101
1111011111111
1101110111011
1111101111000
1111011111011
1110111010101
1100111011111
1111000110111
0111011111111
1010011110111
0111111100110
1111111010110
1101101100111
1111100011110
0111010011111
1101111101101
1111110100111
1101111100011
1011101111011
0110111111111
1101010111011
1101110110011
0111101111100
1011011011111
0111001011111
1111111001011
1011111001011
1111111010010
1101111011010
1011001101111
1111011110110
0110101111110
1011110111001
1101011111010
1111100101101
1111101111000
1100111110101
1111101011011
0111101010111
1011111110111
1110111011101
1110111101110
0011111101011
1111111101100
1111001011101
0111110011101
1011111011101
1111011110010
1101111011001
1110000111111
1001011011111
1111010101101
1110111111100
1010111111011
1111101011100
0101101111101
1101011011111
1101001110111
1100111011011
1011100111101
1111101101011
0110111010111
1111001111101
1111110010101
1111100101111
1101111011001
1101111010110
1011111111100
0101111110111
1111100110101
1110111101011
1111111101110
0011111101011
1010111101110
0111111110011
1101111011010
1011011011101
1001111111110
0101010111111
1011011111111
0111010111101
0111011101011
1111001100111
1110101011110
1111110100110
1111101000111
0010111101111
1101101111111
1110110110101
1100010111111
1010111111001
1111101100011
1101111010011
0111001111011
1100111111101
1111011110011
1010011111111
1100111111111
1011101111010
1101101010111
1011110111011
1101111111110
1001010111111
1111011001110
0111111101110
1111110101011
1110111001011
1010110110111
1001101110111
1010110011111
0111110111100
1101011110111
1110111011101
1101011111001
0111110010111
1101001110111
1101111011101
0011111011111
1101111011110
1111001110011
0101111111001
1111101111010
1111011010101
0110101111101
1111001111101
0111111101100
1101110110011
1110011111111
1110110111001
1010011111101
1101110011101
1111100110101
1111111011111
1110010111011
1101011011110
1111101011010
0111110101011
1111011110011
0110111101111
0111110111100
0110101111110
1010111001111
1001011111101
1101111111000
1110110111110
1110111011101
0111110111101
1110101111101
1001111010111
1111110111000
1110110100111
1011011100111
1111011001111
0100011111111
1100111111111
1101101110011
1101111111000
1011101111010
1110111110011
1111110001011
1101111011101
1101110111100
1111111011100
1110111011110
1111111101010
1011110111001
1100101101111
1010111011011
1001101111101
1110110111110
1101011101101
1111100101111
1011001111011
1110111010111
1110011111010
1111001110101
1111011100110
1100110110111
1111101001101
1000110111111
1111100011111
1011110110101
1101011101111
0111011101101
1011001110111
1101010111011
1011110101101
1111111111111
0111010110111
1100111101011
1110010110111
1111011111000
1111011111011
0101001111111
1111011001011
1110110001111
1110110110111
1101101011101
1110110110101
1111101010011
1111010101101
1011111111110
1101111000111
1110011110110
1111101111001
1111100111101
1110000111111
0111011101101
1101111011010
1110011110011
0111011111101
1100111011110
1001111010111
0011111011110
0101111111111
1111111000101
1100101011111
0111011111001
1011110111001
1111101101001
1110100111111
1110111000111
1100100111111
0111111100011
1001111001111
1111110110010
1110111111110
0011111110101
1001110101111
1010101110111
1010110111101
1110111110101
1101111111101
1111001111101
0101111011011
1110010011111
1111111010110
1110011111011
1010111111101
1010111101101
1101111011111
1111001110111
0111101010111
1001101011111
1111010011011
0110111101110
1010110111011
1001111111110
1011101110101
0111101110111
1001111110101
1111011111010
1110100111101
1010111111001
0110101101111
1101111001110
1100101101111
1110000111111
1110101111001
1110011011101
0111111101111
1110011111011
1111101100011
1110100110111
0110111011101
1110111111001
1110111110001
1111101111100
1111110111001
0111111110101
1100011101111
1111010101011
0011110110111
1111110011111
1111111010001
1101011101011
1001111101111
1100101101111
1110011001111
1010011111101
1101101101110
1111011011111
1011111010101
1101101101111
0111110110011
0010111111011
1001011111101
1111011001011
1111000101111
0111111011010
0010111111011
0111011110011
1110111011111
1011111110001
0110111101110
1111110010101
1111001001111
1111100001111
1111111011010
0011001111111
0111011010111
1111110111111
1111111011110
1010111011111
1111111001010
1110110011011
0111101111100
1010111100111
0001111111011
0111100111111
0111111110101
1011011111001
1011011011111
0011111001111
1110111000111
0111011101111
1011011001111
1111110111100
1001111011101
0111001111111
0011111111101
1111011110001
1011111111000
1101101111001
0110100111111
0101110111110
1101111110001
0111111111001
1110110011011
1011111001011
0111010110111
0111101110110
1001110111110
0110101011111
1111111100010
1011111011011
0111011111010
1100111101110
1111101010111
1101000111111
1110111011111
1011011110111
1111111011111
0111101101011
1111101001111
1111101011100
1110111001111
1111110111100
1100011111110
1110111110110
0101110111110
1111110110001
1111010001111
1111101010011
0101110111011
0110011111011
1011110101111
1110110111101
1101111001111
0001111011111
0100111111110
1001111011101
0110111100111
0101110110111
1101111111101
0110001111111
0101111111101
1110011110101
1111110111101
1111011100111
1101011101110
0110011110111
1011111010110
0110111111101
1101110011111
1101011001111
1111111101101
0111011100111
1101110111001
1011110111011
0110111110101
0110101111011
1110111101110
1111110101010
0101111011101
1101100111110
1111110011110
1111101110010
1111011011101
0111001111110
0110011111111
0111110101110
0111011110101
1110101011111
0101111101111
1110011011110
1101001111111
1110111101011
1111000111101
1011001111011
1111011001101
0111101101110
0110111101101
1101011011101
1001111110111
0111110110111
0101111111001
1110111110101
0111101110011
0111111000111
1001110011111
1111111111110
0111101111001
0110101110111
1111011101111
1110111111100
1110111100111
0110110111011
1111001011101
1010011111111
1101011110101
1011111100011
1011111101100
0111011101110
1111111011111
1010101110111
1011101111100
1110101110101
1111110110101
0101111111111
1110110011111
1111110011100
1011110101011
1011111110110
1110011111111
1111001011011
0111110010111
1110111001111
1011110111011
0011111001111
1111111110101
1011101110110
1111010011011
1111100111001
0111011101101
0011111011101
0010111111011
1111101111001
1111100110110
1011101100111
1011010101111
0101100111111
1001111101111
1101111101011
1010101101111
1010110111111
1111110011100
1110011010111
1010111001111
1111111100010
1000111111111
0110101011111
1111011100111
1111011101110
1101111111000
1100011110111
1101010111011
1010111011111
1000110111111
1000110111111
1111001101011
0111111100111
1101110010111
1101111001101
1011111101110
1011111110100
1111101010101
0111110101110
1101101100111
1010101111101
1110111101010
1101110110111
1100111110111
1101111011011
1111101110010
0111011001111
0110110111110
1111101101100
1111101111001
1111110011001
0111111000111
0101111110101
0111001011111
0110111111101
0111110011111
1011111101100
0010101111111
0011111111001
0111101011111
1101010111101
1111111001101
1101110111101
0111010111110
1101011111110
1110111011010
1100111101101
1111001110101
0101101101111
1111100101111
0111101111110
0111111010011
1110110111101
0111110111011
0101011101111
0011011111101
0110111011101
0111110101111
0111011111011
1011101111011
0011011111111
1111100101110
1111101101101
1001111110111
0011110111110
0111111100110
1110110111010
1101011011110
1110111111110
1111011111110
0110111111110
1110101011111
0110101111110
1110111011110
0001111011111
1111111010001
1111101111101
0010111111110
0101111011110
1001110111011
1000111111011
0111110101011
0111001110111
1101011111111
1111011110100
0111110101011
0111110101011
1011111111001
1111110101100
1101111110111
1110001111101
1111110011011
0111100111011
0111110111101
1110100111110
0110101111111
1011100111110
1111010010111
1110011001111
0110111001111
1011110101011
1111001011111
1101110111111
1100011111111
1111001101110
1101011001111
0110101011111
0110101111111
0111010011111
1110011111010
1111111011110
1101010111110
1101100110111
1011110101011
1101111111100
1110011111110
1111010101101
1111010101011
1011111101101
1010111110110
1111101001111
1111111001001
1110110011011
1101011111111
1011111101011
1011111110101
1011011111101
1011111001110
1111100100111
0111101110101
1011110110011
1101011110110
0111011110011
1111111110010
1111110101010
0111111011100
0010111111101
1110110110101
1111001010111
1110010111111
1011110110110
0111101101101
1101010111101
1111111100110
1100011011111
1100111011111
1101111011101
1001111110011
0011111111001
1011111111011
1101101010111
1011110001111
1100110111111
1110100111101
1011110011101
1011011011111
1111111011100
1101010101111
1101101101011
1110101111101
0101111111001
1111101110111
1101111100101
1111111101010
1110111110010
0100111101111
1001110111101
0101011111011
1111110101110
1100111011011
1111110111111
0110011111110
1111111011000
1011101001111
1111001110111
0101111010111
1010111001111
0110110110111
1111101110010
1111111011101
1011101011101
0110110111101
0011001111111
1100110011111
1101101111101
1010111011101
1010111111010
1110011110101
1111011111100
1111011111110
0111011100111
0111001101111
1011111111000
0011101011111
1101011011011
1011110100111
1110111010111
1111010111110
1111001011011
1011111010011
1101111010101
0111100011111
1111001101110
1111101111001
1110001110111
0011110111101
0111111101011
1110111010101
1110011111010
1011011111101
1011101111011
1111010111010
1100011111011
1011010101111
1111110001110
1011111100111
1111101011001
1111011011011
1111111000011
0101011111101
0011110011111
0110011111111
0111111101100
1010111111100
1001111101111
1011001111011
1010111111110
1001110110111
0110001111111
1001111101101
1110111110010
1101111111010
1101111001101
1111011001101
0101111110011
0111110011111
1011011111101
1111001101101
1110001111110
1110011111010
0101111101111
1111101100011
1010111101111
1101111101111
1110110111001
1101110110110
0111111111011
1001111111011
1010101111011
1110010110111
1111011101110
0101110101111
0110111111111
1011111010110
1111111100001
0111110111011
1111110000111
1100101101111
0011110111111
1101110011011
0111111111100
0111001111110
1111010101011
1111011010011
1101110100111
0111011011011
1110101110011
1111010111110
1101111000111
1001011111011
0100111111110
0111001111101
1101111111011
1110010011111
0101111110011
1100100111111
0100011111111
1111110110100
1111101100111
1100011101111
1111111101110
1101111101001
1111111110001
0111110110111
0101111001111
1011001101111
1000111111111
1110111001011
1101001101111
1101011011110
1101110011111
1101101111111
0110111111110
1010011111101
1111110011111
0110111100111
1110100111111
1111010111100
1011010111110
1110111101110
1101111011001
0011101111101
0111111011101
1111001110111
1101101111111
0111110111110
0111110101011
0111111111100
1111101101100
1110011111110
0011101111110
1011110110011
1110101110101
1110111111011
0111010111111
0101111011110
1100111111011
1111101010101
1101110011110
0101101110111
1111011111100
Time = 0.064s
