n = 17, k = 2, l = 5, m = 60
Expect Resample Times = 0.701705
Result:
10011010001111001
00001011111111100
11011111101100011
01111010010100111
11011110000000000
10010110000100000
10100110011101111
11010100111101110
11011111011011110
10111010000100001
11110011011110001
00111001111011011
11111110100010110
11100011001111100
11010110000010100
10011000110110010
10100101110110000
00001011111001101
11000110011011000
00110100011011111
11101111011110000
11010000000000110
01110001100000101
10010000000110001
00100011001110011
01101110010111101
00100001111111100
01100001010010011
01111110110111110
11001111010011011
00111111100111100
11011010000001101
11010100111111110
01000100110001111
11000011010101000
11010110100010111
01011011111111010
11001001011111111
01100101110010101
11000001111011010
10111011110100110
01111100000110101
10110000111001001
01010011010000001
00001000101001010
11101011101000110
01111110101010100
01101000000111100
00001001010011101
11010011101100000
01100011110001111
11100010100110110
01101001000101111
11111111101000001
11001101000110011
01000011000100110
11011100011000111
00111111110011001
00001010010000111
11101111100001111
Time = 0.007s
