n = 13, k = 3, l = 3, m = 137
Expect Resample Times = 0.446466
Result:
0000101100010
1011011001010
0101101100000
1011011101000
1111100111001
0110110011011
0100100101001
1111011011010
1010001100010
1001111100001
1000101010100
0010100011111
0111110000010
0100001001110
0000001111101
1100010111110
1000000101010
1100011010110
1001011111111
0001101110011
0110101110101
1111100110110
1111111100101
1001001110110
0100001111100
1011100100101
1111101110100
1001011011010
0010110000010
0010011000110
1010010100000
1001001101111
1001111000001
1011111011010
1011101010100
1010101001010
1110001001011
0100100001001
0010111000100
1011101011011
0011100010110
1100011101010
0111011110101
1100101001000
0001101110010
1011011010111
0010110011010
0100101000011
0000001010111
1000111010001
1100100011011
1101010010010
0100100010100
0111100010001
1011111110101
0011111101111
1101111001001
1100111101111
0111100001011
0100000000101
1010010001010
1100011101110
1001000110100
0111000001001
1000100010011
1000000010001
1111111111100
1100001011000
1111011111011
1001110101010
1100110001101
0101011000010
1001010110101
1011001001111
1011011111100
1111101000011
0001000110011
0111000011000
0001011010000
1110111100000
1000000101001
1010010101101
1000111000000
1001101111011
0011011101000
0010010100110
1011100011000
0001011000001
1001001001111
1101100111001
1100100011011
1100001111001
0101010010111
1111101101010
1110111011001
1100011001011
1111111001101
1110000011000
1000111010101
0110010101110
0101100101001
1110011001101
0000101100101
1100011100100
0010111011001
0111110000100
0111101011011
0111000001110
0100000010001
1011001000010
1010100110110
0010001111101
1001010001110
0101101111010
1011000000101
1001010101000
0111010000111
0100011010111
1011100101010
1000101010110
0101000101011
1101000011000
0001101111000
1111111001011
1011001010110
0100101111111
1001101001110
0100001000110
1100111000011
1110101111010
0111001100110
1110110100110
0110100011010
1010000100100
0100111101001
0110111000000
0011101010100
Time = 0.012s
