n = 14, k = 4, l = 7, m = 769
Expect Resample Times = 0.388592
Result:
00101110010011
10111010010100
01111110101100
11000111111000
01001110110011
11101000101001
10111101100111
10001010110101
11001010010011
11111100011100
11100111101101
11111011011010
11100111111100
10110100100101
11111001001011
11101011111011
10111100110110
01001110111000
01101100100011
11001101110110
01100110101001
00000111111110
00110000111110
11101011010011
00101100101111
01101101001100
11101001010001
10010101100111
01111001110000
11001101101011
11111010000111
11000011100011
11111111010101
11101000101111
10010011101011
11101110001111
01100101011111
11111100101101
01111110101001
10101010001101
11010001101111
10101010110101
11011111111010
01111010001001
01111111111000
01001011001110
00100111111110
00100111011100
10011111110010
10111100011001
11110001110110
10111011110010
00011100011101
10111010111110
10111100001011
01010011101110
00100100111101
01101010011001
00001011111011
11110011001110
01101011010110
11110001100110
10010101010111
00111011011010
10111111100101
11100111001111
11100000101110
10010010110101
01110100000111
11101011011110
01101110100001
10010111101111
10100110011010
01011001011001
10000111011001
11001110101101
10100101111011
10101100101001
11110101010010
10111011001100
11110110111110
10011101001101
10111110010110
10100110100110
11100110001010
01000111100110
10101011101010
01010111010011
00110110011100
01101111011100
10100111010111
01101111011110
01011111100110
01000111011001
01101111100011
10101010011001
01101111000101
11110011011111
00101011111011
11100101111101
01011110101000
00011011010110
10101111101111
01011100110011
10100110101110
01000111110001
10100100001111
00011011101010
01111110100001
10000111011010
10010010111111
11010110111101
11101011111000
11011001110110
01111011001111
00011011101110
10010010100111
11001010010111
10010110110100
00111011110100
11010100101100
11111011100010
10111010011000
10100101011111
10001101101100
11111001010011
00010101111010
11110111101000
00011110010110
10111001111111
00111100011100
11001111100010
01110001110001
10110010011111
10011001101101
10001011001011
11100101001011
10110100010111
01111010100100
01011100111101
11111111010000
10111110110111
01110001011001
11011100011101
11010010010011
10001000111011
00110110011101
11000011101110
11100111110111
01001010011111
11110001100001
10101100111111
01001101011011
11100111100101
11111000000101
01011001001101
11011001100001
01110101010111
00101101101100
00010111110111
11101100111101
10001011110011
01100110011100
11101101101111
01111001001001
10011010110110
01111001110000
01011100100011
11011100100111
10100000101111
00110011101010
00011101011101
10101111110111
11101110001100
10111100001010
10000010111011
00110010111111
01101001101111
01111011010110
01001101110010
01111101001011
10110100110010
01100100101110
10111111111001
10110010101010
10000111111100
11101010101110
01111110011100
11101000101100
00011111100011
11001101010101
10010111101100
00011110100011
10111001110111
11111110100101
11000110010110
00111000101111
10011110011010
00110111100010
11001100100110
00010101011101
00011000011111
00110000011111
11011111010000
11010101101110
00101000111110
11011010011010
01000110111010
10000011011011
11111100000001
10111110110111
10110101010010
11001101110000
01110110110011
01101110000011
10010001101101
10111010100100
10101101010100
10111100011100
01011100101011
00011111101001
10001011100110
10001111110000
00111111110001
01100001111100
11010111010110
10001100111111
01011100011111
11011101010101
01100000111011
11011000101011
11000010110111
11001111000101
10110110011000
01111110100010
11101011011111
00011010111101
10000110100111
11001011100010
11110100001110
10100111100110
11001001110101
01011001100101
11101111001011
01011111011010
00111101001011
00101011110101
01101111100011
10111010001011
00101101010011
10001011111001
00111010010110
10011101100111
01001110111110
11001001100111
01011011010110
10100100010111
10000110010111
01111111001100
11011110100000
10101011100001
11101110011000
10110001110011
10011111101011
10110100010110
01101100011110
10110001111010
11001101101010
10011110011111
11001011111000
10101011011101
11101110111100
01100010010111
01000111001110
01101111001011
11001101000110
00011111101110
00110111111001
01111111011110
10100111101011
10001110101110
11011110101110
01111111000010
11100011110111
11000111001100
01111000001111
01011010011101
01011001110001
11110000111101
11010011010011
01110011010101
00110000111011
10111111010010
00111111111100
11110110101100
01001010101011
11101011011001
11010001101010
00110100111001
10011110101111
10111011111001
10111110001111
11011000111000
11101111101111
00011011111101
01010101011101
00111100101001
11001110011011
11000100110111
01111011110110
01111010111001
10111100011000
10011100111011
01011001110111
11011011000111
11010010010101
10001110010101
10001110101010
10011101011111
01001110111111
11100011011110
11100011111000
10000111101111
11110001010111
01011111000011
00110111100100
01010001011011
10010100110101
11111000100011
11100101101010
10110100101010
10101111111010
11000111101101
10111101101110
01110010111000
01110111111001
11110101111001
10001100111100
10110110111100
10101110101111
00111011110101
11101001110100
10111101101101
11001110100010
10111010100010
00011111011011
10011111111010
01001011010111
10011011100101
10010010111010
11111010101100
01010001111010
00111101110100
01001111100111
11111101011001
11111100110110
10110100111000
01111111011011
10011010111000
11001011111000
01011111110011
11110110110010
10110011111100
10100100110101
00010101100111
11110100101000
11100010111001
10001010101011
01111011110011
00100111011111
01110101101101
01110001010110
01011101110111
00000101111101
00111001001011
00000111100111
01101011101111
10111100100011
01011111010011
11001111000101
00110101110011
10110111001100
10101101010011
11100001111011
00101001010111
11100000110110
11000100011101
10110110000011
01110011010011
10001111000110
11111001011001
11111011001010
11011011000011
11111101000011
01001110100111
00111011110011
11011110011000
11001000010111
10111010011100
00111000101101
01111011011011
10010110101010
10101011100101
10011100010101
01010101110110
01111110010111
10001011111001
01011001101110
10010101111111
11010001001110
00111111010001
10111110010110
01111001111110
00000101111110
01100111001001
10110011111011
00101011011001
11001011110110
10001110010101
11001110100010
01100110111000
01100111010100
01011111101000
00001000111111
01010100101111
00110101001111
10011011110100
10100010111011
11110011111000
01010011110010
00101110100110
01000111101001
11011110000100
01111110111111
11111000010001
01010111111000
11000111101100
11101010110100
11111111101000
00111110100110
10110111100100
10010101011001
01011100111011
10111111101101
10100101011110
00010011101011
11110000010101
10110011100001
11111101110001
01110101001101
01110011111110
01110011001011
11101000101111
01101010011100
11111100100101
01001111101111
00101111011101
11100101110111
01100010101101
01011001110100
00100111000111
01100111011101
01010001011101
01011111011101
10000001111101
00011000111110
01101010100101
01110111100110
11101101101000
11101101010010
11100010011001
00110111010101
00010110011110
00111110101001
10011111011000
00101011010111
01111100011000
11110100110001
11011101001000
11111111011000
00111101001110
10110111011001
11110110000100
00000111100111
01111111000100
00001011110101
10100101110010
10110011100011
00010100111111
10010101101001
11100100110010
00111010010101
10111011000010
01010011111010
10111101001001
01111001011111
10001011111001
01110111101111
11110110011010
11111110101101
00000111110101
01101100111110
11101011010110
10001110111110
11111011000101
10101101001111
11010111000001
10010110101111
11100010110001
01110111110100
01111000110001
10101011101101
01111111111011
10001011001011
10101110101100
01011010001111
10011010110001
10110000111111
11101101100101
10001111010011
01001111111100
01100111010100
11011010110010
10011011010100
10010111110101
11010100111111
10111100111111
01101001101101
11111101111001
01011000101011
10001011011011
01001000011111
11011001111100
01001010011011
01101010001110
01101101011101
01101111011111
01010101111110
11011001110010
10111001111000
11100101001110
11101000111011
11011001101111
10011110011010
01111001110100
10100101110011
11011000101100
11001111001001
11111111110010
00111001001110
11111010101110
11110011000110
10011101101111
01111100101111
11001010010111
00011111011010
11100001100101
01000011011011
00001011101011
10011111010000
01101001101001
00100101111010
11101011101100
11100011100110
00011001101110
10011111101000
01101001111110
00011001100111
11011011101100
11110011001110
01011101111110
11100111110110
11111111111101
01011010110101
10111110010111
00111100001111
11001110111100
01100101101100
01000011101011
10101011101011
11001001101101
11011000111110
01101100110110
11111111110000
11001011011100
11101000010111
11100111100010
11111001000010
00111111010000
00110110100111
01011000101011
00111110001010
11101110001001
10101011001010
11100111111001
11000111010101
11101000111101
01010001110101
11110101001101
01110100110010
00010011101101
11001110111100
11010011000011
00111011010101
00001011101101
10011001010110
11011110110100
01100110110110
01011011010011
00111010101010
00101101010011
11011010100111
11000100111010
10110001101111
10011100001111
00101110100011
01110101110100
10010100111010
00111111010111
11110000100011
10111101010011
01011111101000
10110101110110
01011001001101
10101110110011
11110100011101
00011111111010
01111011001011
00011011110010
11101110001011
11001011101010
11100100001111
10110001101010
11000111100110
10101010101010
01110101101010
01001010111110
11100110111111
10100010111111
10101011101000
11011110111100
10111101110010
01010101111000
01000011101101
10011011001110
00111101001001
10011110110101
01100011001110
11100111101010
11110011111100
01100100011111
11101011010110
00010101011101
11001011110000
00111100110001
00101110001011
00110100110101
11011010101000
10010010111110
11111100110100
10110001101100
01111011111101
01100101111100
11001011010110
10010011010110
00101110011101
11010011010111
01010111001010
10011011110101
00011010101111
10010100011111
11110011000001
10100000111111
10111110101001
11000111010110
00111110111111
11100111010111
11111000010100
01101111100001
00011010101110
10011101111000
00011010111100
01000110101111
11000111011011
11110110111001
11111000110101
10000011110011
10111110011110
10001111010110
01111100101000
11101100110101
11001011010110
01111000001011
01101100001101
11010001111100
01100111000011
10001011010111
01100011110111
10000110110111
11011011010100
11010111011111
10000111101011
10011001101011
10101111010110
01001010111010
00101011100111
00111111011000
11010010110010
11100001100101
01111100010010
11110010001001
01010001001111
01111101010001
00010001111110
11110011111111
00100011111110
00011011000111
10101011011011
10110101001001
10100111101001
11101010100001
11101000001011
11011111000100
00110011100110
10011110010001
11010011000111
11111001111000
11101001110000
10111101110011
00011110110110
10000111010110
10110010101110
00101011110001
01101110101010
00110011010101
01011011010111
10010110101110
01110110110111
01110111111001
10111100011001
01010101110111
00110011101100
11110110111111
11111110110100
01111000100011
01111100011100
10101001001101
10010111101000
01111000111101
11001011010101
01110111111001
01001010110011
10000111110111
11010101110000
00100111110101
00000111010111
10010011111100
10100111100100
11011011011011
10110010000111
11001010010011
00011001001111
11000011101111
11100110110100
10100110111100
01010001110110
11101101111000
11100011110110
10010101111101
Time = 0.089s
