n = 8, k = 6, l = 1, m = 639
Expect Resample Times = 0.368019
Result:
10001001
01010101
11100010
00001111
11100010
01111011
11111110
10001000
11101100
00111110
01101010
10100100
11110011
11101010
00100110
00011000
01100001
00001111
11110111
10110110
11000000
00101010
11010101
10010000
11001110
00110011
00100110
11000011
10000101
11110000
11101111
01010101
11101011
11111110
01110100
10011110
01101110
01101100
00001101
01000011
00100110
11100111
10110000
01101000
10111100
00110100
11000111
10010110
01100001
01100100
10001010
00101110
00000001
00100110
10010011
11001101
11110010
01011001
01100110
01111110
01101001
01101001
01010101
11111111
00110100
10101001
10001001
10110000
00100111
10101001
11001111
10001100
00111000
10011101
10100101
10111010
00101000
10101100
11000011
00111001
01101011
01011101
00010100
10110111
11011010
01000110
11100001
10110101
01010110
10101010
11010110
00110011
00100111
11000101
11100101
11111011
00110000
01111010
10111010
01111000
11110000
11011001
01111100
01101110
10000111
00110111
11100100
10000101
11100000
00110001
00001111
10110100
11111100
11111111
10001111
11000010
01010011
11000111
00101100
11010011
01001100
10111001
10000100
01000000
10100100
10011111
00001010
10111010
00101110
01100001
11010001
01000110
11110000
11011001
11111100
00001111
01110110
00010100
10000111
11011101
10111101
10010000
11110110
00001101
10110000
01101000
10011000
00000101
00100100
11111110
10000111
10011011
10101101
10111000
01010000
01101101
01000011
01101100
11111101
10100111
10010000
00110101
11110010
10010101
11000100
00000001
10100100
01110111
11001001
01010110
00011001
01110000
00111000
01011111
10111111
01010101
11010000
11111101
01110101
00101101
10101110
01100101
11101100
11010010
01000011
01101010
00011100
10110101
01011101
11000101
00100011
10011110
01100111
10011100
11100100
00110011
10011110
00001000
11111000
00000111
00011111
00000110
01110000
10111011
00000110
11010111
00011111
01001111
11011101
01101101
11000101
10110011
10011000
10100001
01101111
11110111
10110110
11011101
10000001
01101101
11101111
11111000
10110010
01011101
01110100
01111001
00000111
00111001
10010100
01001001
10001100
01101000
10010000
10011110
10100110
11100100
01110111
01101100
11100111
01101010
11010001
01100101
00100000
01001101
01111100
10010011
00111011
11011010
00101111
00010110
11000010
10011010
00000011
10000001
00110101
00110101
00110100
01100100
10011000
11100110
11001010
11111100
11001110
00100101
11010101
01010110
10100111
01100110
01010111
00010111
01111101
10011000
10011000
01100101
01011101
11100001
10100100
00011000
01110011
10110011
11001110
01000011
00111010
01110000
11001100
01110000
11010010
01000111
01001110
01110000
11011101
01101011
00010010
00101101
10011001
11100101
01101110
00010111
00001000
00000111
10011000
01011111
11101110
01111110
01110110
10011000
00100111
10101100
11111101
10111110
10100011
01101000
01110011
10101011
01101100
01010010
11100110
01010000
01111000
11011011
00110011
01000101
00011000
01101110
10001001
11001100
00001001
01001001
11001010
00010100
10010000
00011001
00110010
11011001
10010110
00010111
00000010
11111110
11100011
10001110
01011100
00101011
11001011
11000111
10010101
00011100
01010110
10011100
11000111
01100011
11000000
11110010
10111110
11111001
01100001
10100010
00011101
10001000
10001010
00110110
10000111
10000010
01111101
00110110
00011101
01111101
00010010
10101101
01000000
00111011
00001000
11001100
11100101
10011110
00011000
01110101
11010100
11110111
01110101
10011001
00011100
01011000
10101110
10101101
01001010
01111000
11000101
11010001
01001011
00110101
00010001
10010101
11010011
10111000
01000000
10011110
11110011
11111011
11111000
11110001
10011110
11001011
00111001
01100011
10100011
01111000
01100100
01010001
11111001
11110000
01100101
01110000
11011111
01000110
10001111
00011110
00000110
10001010
10010011
11010111
10010011
10011110
01011100
01010011
11000111
10111001
10010100
11100111
11110111
10001101
01111010
11000000
10110010
00011010
10001101
11100000
10000010
00000010
11011111
00000101
01111011
10100011
00010101
11100110
00010010
11011011
00111101
10110100
00011101
01100010
00101101
01011111
11011001
01011101
11010101
01101111
10110010
00100111
00011001
10111110
01100101
01011100
01001010
00001000
11001100
11100011
00111011
01011001
00110001
00100000
01001101
00001001
01100001
01100010
00010101
11110111
01100101
01110111
11110010
01110010
00110011
10110000
11011010
10001000
11110010
00010001
11000100
11001110
00000100
01010111
00110010
11011000
00000010
11011000
10111100
01000011
01000111
10000001
10001011
10100011
01101111
10111010
11100010
00101010
01001001
00010010
10110100
01111000
10000111
10000100
10010000
10000011
11001001
01000000
00001000
10111001
00101110
11110111
10011001
00100010
00010101
10110101
10000000
01010110
00100011
10110001
00000011
00010111
10100001
01100101
00100010
11111011
11010111
01110111
00000011
11100011
11000010
01111110
00010100
11100110
10110000
01010011
01100110
00100011
11111101
10111001
10000101
00010101
10101100
00011010
11010000
11000001
10110011
00101011
01111001
00101110
01010100
00011001
01011101
01000001
00110011
01111010
01001100
10000000
11011000
10101011
11010100
00011001
10110100
10100001
01110101
11001100
01101001
11001111
00101001
01100011
00110010
00110101
10010011
00001001
10011011
01010000
10010110
00110100
01010011
11010100
00011100
11011011
00001011
10001011
00110001
10110111
00101011
01001011
11100000
00111100
10001010
01001111
00001101
00111111
11010010
11110111
00110001
10101111
01000010
01011111
10101110
01010110
11000111
11111100
00110101
10000001
10111001
01001110
00010100
11000110
10101000
01110011
10010000
00100101
00111110
01000111
01101101
10001100
11101000
11010000
00111101
10011010
11101000
11011111
00111101
00011110
11000101
11001111
01101001
01011010
01010001
00111010
01101101
Time = 0.003s
