n = 16, k = 6, l = 5, m = 2021
Expect Resample Times = 0.368942
Result:
1011000000111000
1101100001100010
0111111001101101
1010111000101011
0010101111100111
1100101100010101
1011001011101111
1101111110011100
0011110011011100
0010000000111100
1110111111001000
0101101011110110
1000111000111100
0011000101100111
1100000000101111
0110101101010011
1111000010101010
0000110100111100
1001111000100100
1100000110000111
1100100001001111
0111111110111011
1101101101110011
1101000101101010
1100010000011111
0010000111010111
0001101111110110
0100101011101010
0101100111010011
0111010010111001
0111111011100101
1110110100111011
1010001111100010
1010100101111011
1001011011101110
0101011111111010
0011100011110110
1100100100100011
1010010110100011
0101000110010001
1111101000010001
1111001100010101
0010010001101011
0101111101101111
0110110011101111
0111011010000000
1111111110111010
1000101100011010
1001111101000101
1101011010010111
0100001101010001
1111110010111111
1001010111101100
1100110101011010
1011001100111111
0111100100011111
0010101010100010
0000100000100111
1110110011101010
1010001100011000
0011111001111001
0010111000100000
1000011010101000
0011010010100010
0111111101100010
1001001010100111
0110000110111101
1100001010000001
1111010101101010
1010000010110110
1111110011100010
0100111100001101
0001010011101001
0010110010001000
0101000010011000
0110010010011111
0011011110011001
0001111011010000
0110000100001001
1101101000100001
1001011010001001
0100111010101101
1010110101001110
1000100110111100
1100001010101101
1111111100000010
1101111110001100
0100001100001110
0011111000100100
1001110000100011
1001000001111011
1010000011100001
1010100000001111
1000011101011011
0010001011100011
1011110001100000
1100101100001010
1010000000110010
1010001011001010
1100011110010011
0110110110101100
0011110011001111
1011101000101101
0101011111100110
1101110100111011
0110010110011000
1011000000111010
1111100010111011
1010011101000011
0001100111111000
0001101111010010
0100011100110100
1100000001011000
0110100110011001
1001101110101111
0000011001101111
0001011001110010
0111111100100010
1100011011111100
1010000101010110
1000001011011001
0111000111110010
1010110011110101
0001101111110100
0010111101111011
1111000011001010
1111000111010010
1001100011110111
1000111010101100
0111100011010110
1100100011000100
0110110001000100
1110011010001100
0010101011100000
0001101010101111
0011110111111110
1101011011010100
1000100101110101
1010100011000001
0011011011000111
0001001100110100
1010100001010011
0010100011010111
1111010101110100
0011010001100001
1001001010000010
0101110101100010
1011001110000111
1000100001100001
0110011000010010
0111010101110100
0111010001110000
0011110111010001
1010010111010111
0010101011111000
1011010000000001
0100100011111101
0111000010100110
0010001100011000
0101000100100110
0111110011110111
1010110001011010
1010000001111011
0111000001111001
1100100100110111
0101001000101100
1001101011011001
1110111101000100
1101011011001001
1100110101011110
0001111100111100
1110110001111001
1000101110001110
1110100011011000
0101111101000001
0111000110110101
1010101110110101
0111011111101110
0111110101011110
0011101110010001
1101000100001001
1100001111000000
1110111000011000
1100100010100000
0100111000100001
1010000010000101
1000000001110101
0101100101110000
0101011001100111
1000111111111011
0010100101011100
1011010101101000
1010100001000101
1001110110110111
1001101011011010
0110111101011011
1011110011101001
0001001111000110
1011001100100001
0010001101011111
0110001011010100
0011111111011001
0010100110000010
1001110001110110
0100010010100111
1101010110001111
1011101101010001
1010101100000100
0101100110110110
0100100011100001
0101110000001000
1101110000001110
0101000010101111
1010011100101011
1111110001011110
1001010110010101
1100101100100010
0011011001010000
1101101011111101
0010101010000100
1101101010001111
0111111010011110
1110100110010111
1001100010000110
0101100001111101
1001101110001110
1001110010010101
0001101001111000
0110100001010011
1101000101011000
0011101100111100
1100000010111110
0101110111100111
1001010000100110
1111100000011000
0010110010110110
1011011111010001
0110110110011111
0101011100000111
0101100111110011
0011000101110011
0010010011100101
1101000110100010
1010110110111001
0000001111011100
0111000110110100
0101110110100111
0001101100100011
1001000001111110
0000001101010111
0000010011010111
1011011110010100
1001101110001010
0100000110110010
1110011111010000
0110010100110001
0110100101110010
1101110110101111
0100000111010010
0111010111000000
1101001111010111
1111100010111110
1100110001001101
1101110010110001
0001000011010111
1101110001101001
0101111100111101
1100110001000101
1110001110011000
0000110010101100
1010000000010111
1111111111111010
1111000001011110
1001011110011110
1100000111101010
1101100010011010
1110000100101110
0001010111100001
1011010010011101
1101011011010010
1110000111111000
0110001011001011
1110001111110100
1111001101010111
0001110111001100
1000101110111011
1111100000100011
0010110100111010
0111111110110010
0100111101110111
1000010110000110
0000110111010011
0101011101100110
0100100101101101
1101000010100111
1111010110111110
1011100000011011
0001000101001110
1011100000000101
0101110001100111
1101110001000101
0111010001111100
1001110110001000
1010001100011010
0111001001000111
0100110110011010
1100001010000010
0110110011101000
1010100100010100
0011110001000101
0011000011110011
0000011011111001
1000010011100001
0110010100101000
1010010101100110
0100000111110000
1100100001100110
1001100100110101
1000011000001101
1011110101100111
0110011000110011
0101101000000100
1110001010001110
0101111011011111
0011010010011001
0010010011010110
0011011110001011
1110011110101011
1001101001110101
0100110101110110
0111001110011001
1000111101011010
0100100110110001
0101010000001110
1111010101100011
0001010111010010
0100111110111000
1011111000000110
1100100110010010
0001011001011011
0101100011101110
0101010011101101
0111110111111010
0111011000011100
1000010101000001
1101111010101011
0001001110111100
1100101001001100
0110011111111001
1000010101000010
0100100001100010
1000100011000010
0000100100100110
0011111010111000
0011000000100110
0100101101101001
0110101110010101
0000100111100111
1001110010010111
0000111001001100
1010101001110110
1101010000011101
1000111111001000
0100110011100010
0101001000011010
0111000001010010
1000100010001100
1000101001110100
0000000011101111
1110001010111000
1100100010111111
1000100001001010
1101101001010111
0100100101011101
0001010100011111
0010111100010000
1000000101100101
0111101111011010
0110000001111010
0000010110100010
1001011101001100
0100000011101110
0001101010100001
0110101010001100
0001110000011001
0001101010100110
1101000101111100
1111011100010001
1000000111000011
1011100010010000
0101111101110011
0001011111001010
0100000111101010
0100011101101101
0101110011000111
1000011110110101
0100100000101001
1001011110001011
0010010000011110
0100110111111001
1111010011100100
0001111000100011
0110000011010111
0110000010100011
1100001110000111
0011011100110001
1010101011100001
0110001111111110
0101011011111101
1010011001110101
1011100010011001
0110001011011000
0011111111100010
1101100110001001
0100010000010111
1110001101010110
1110101111111111
0101100001101111
1111100111010000
0111111110000001
1100110001000101
1011010000101101
1100001001011010
0110010101100011
0101100010000101
1110101110101010
1011100000011100
1111001111011010
0110010100000011
0110001000111100
1001011010100100
1000000100101011
1010011100000110
1011111110111000
1111000001111001
0010001100101100
0110000101111000
1011101100011010
1011100011001100
0000011110010010
0010000100000111
0101011001100110
0101101110101010
0000001010100111
1011001111001100
1111110000010001
0000011000001110
0100111001111000
0100000100110011
0011000010000011
1001010011101100
0010011000111010
1111010010110001
1001110001100110
1000000100100110
0100011100100111
1111101101010100
0010010100100101
1010010011010000
1101011010001001
0001011000001001
1011011100111010
1010000111110101
1100010111111101
0000111101101111
0110100000011000
1101011011000001
0011111011001011
0100111010010100
0000011001000101
0001011111100110
0111111110000010
0000001011110110
1011001110010001
0000100111001110
0110110111100000
1011110001110001
0001110000010011
0011100011100100
0111001010001100
0010101111000110
0000101100010010
0111001101011001
1001011000000111
1100011111110110
1101110111001111
0001001001100001
0111000000011101
0001100100010110
1110011111100001
1011111100010000
1010111111000101
0110100010000101
0111110101111011
0000100110001001
0010111111011100
1110010001010000
1001001010110111
0100110011110100
1000111111010110
1111110110110011
1011001011001011
1100110100000110
1001011111001010
0001110010010111
1110100100101110
1010011000010010
1100000101110001
0111001010101011
1010010111011011
1000100010001110
0110001110101000
0110010010010001
0111000100000111
1111110000100000
0111001000100111
1001011010110111
1011101110111000
1000110010011010
1011100101100001
1100101110101110
0001001101110010
0110100101100111
1000101110000011
0101001101111111
1011000010011001
1100110001011000
0101110000111110
1101101000000010
1010010000100111
0011101000110010
1000100010110001
1011100100001101
1110110011111011
1010110110001101
0011111000010001
1011111001000110
1010011001101010
0010110000101111
0001011011000101
1001100111001001
1101011011000101
0111100011010001
0101000110110001
1011000100011000
0110100110100001
0010101110001010
1011010000101000
1100100010010000
1100010101101010
0101001101000100
0110110000100111
0001010010001101
0100001001101101
1010010010101010
1101110010111010
0101100001000001
1111010001110101
1011111000001101
1010111011101011
0100010101010111
0010010001110001
0001100100111100
1100111011101001
0111001101011011
0100000111000111
0000101111010001
0001011011001110
0100110001010111
1101101010101100
0001110010001100
1011010101100001
0011011000111001
1101010110101101
1010101110101010
1001111111001111
1110110000100110
0000100111000101
1001100010011101
1101110101111100
0100001000111011
1010101000010111
1000011000010110
1101010011100101
0001010101000100
0101111010011101
1101011111010010
0000001110111001
0010101011001011
1010111101010110
1101100011001100
0011010010100001
0101000010110111
0101110111111000
0101101000000110
1100110010111100
0110000011110011
0000000011111001
1110010111101010
0010011110111001
0011100100000110
0001011011011100
1010100001111000
0111111111000001
0101110010101101
1111110110011101
0000010110101001
0111100010011011
0010101010011001
1101101011010101
1011110001001011
1001010001111011
1110010110010010
1100100111111000
0010101101101100
0101000110010110
1100001101010010
1111001111110100
0110111111111001
1010000110100010
0111100100111011
0011010110001001
0110100110111010
0101110011101100
0101110100100000
0110111011011100
0110101000000011
1011110100100001
0010011111010011
1000111011101000
0111010000011001
0011100100110000
0010111101111011
0110001111111100
0011101111101100
0101011010011011
1101010001110111
0001001001110101
0001001010010111
0000111011000010
0010010110101001
0010010000100101
0111110001110000
0001001101111101
1010100000101000
1001001101111001
0111101000100110
0001011001111101
1110110011111010
0111001101101010
1001001110110001
0111100100011000
1101010010000101
0011100011111011
1111111110101001
0110011000000011
0100110110010111
0100001011000011
1110000110000110
1010100010000010
1000001000110011
1111101100100001
1110110000000000
1100011110010000
1011001101011011
0001110011000111
1000111001011100
0111110111100111
1001101000111110
0010001110001110
0011101110011111
1000100101110111
1011011101101101
1000000111010110
1111010100110000
0110100011000011
1100000111000101
0001100010100010
1100000100010101
1110110011001010
1110010110000101
0101001001011100
0011110011110001
1000010101001000
1011001110100011
1011101010110000
1111010110101101
1010100000100101
0010101011110001
0000100010011110
0011011010111101
1111011101011110
1101110000100101
0000000001100111
0101011110111010
0001100001101101
0101111000010001
1111010010110101
0110111111011100
0110010001101111
1100101001101100
1111101011110111
0010001011001010
0010011101101111
0100000011101110
1011110010110000
1101101101100100
1101010000010111
1101101000011100
1111100100101001
1111100001010111
0011010000001100
1101111001110101
1011001010001101
1000001110101101
1100110001000000
1011110101110100
1011010011100101
0100101101110000
0100111001001010
1000111010100000
1110010011001101
0001111101100111
0010100100010101
1101001110000111
1101001110110100
1001110100111010
0111000001111000
1111011000010000
1001110100001010
1111011110111101
0010110111110110
1110101000110000
0111010001111001
1011010001010100
0001101111111100
0100101000010100
0000100010111100
0101010011101110
0111101111110111
0110011111110110
1001011001110101
1000110111110101
0011000010010110
1010101001010110
1110011000111110
0010011100100010
0101010101010001
0111001100011011
1110010000110011
0011110001101010
0001100101100101
1111110110001101
1001011011100000
1110111111000100
1100101000110001
1100110001001010
0110001101010100
1110100010101101
1100000001110010
0001001000111110
1010101010101101
0110101111101010
1000100010100110
0000101111110000
1101100000001101
1110011001011111
0111101111110110
1010000111100001
1111101100011111
0111110110011000
0100001011011010
1010010010001010
1011001011000110
0100011001011110
0101101000101111
0110010010011110
1111101100111000
1001110010110010
0110011011101101
0110100010010101
0100110101011011
0111000111111110
0111000000101011
1101001110111101
0110111000010011
0110111011111101
0111011101010000
1010000000000111
1110100001101101
1000011111011111
1011011100100100
0011000011010001
0101001101001100
0111101011101101
1101111001111100
1101100001100101
1011101010101001
1101110001100001
0111011000111110
1001100001111000
1001111000011101
1010011001001110
1010100001001001
0001000010011101
0010100001110001
0010000001100101
0011010101111110
1111100111110001
0010111000000001
0100001011001000
0001011010011011
1001011111110111
0011001110110110
1110101110000111
0001011110011001
0001100101100100
1101100001111110
0101110010000110
0111000111000000
1010111011001100
0101101000000011
1111111100101010
1010001111100100
1111111010010001
1011010001100101
0001111010111111
0100011010101001
1000011010010101
1100000100110111
0010101110100001
0001011100010000
1001110110011100
0010001001100101
1001010011011100
1000011010100100
1000010110010001
0010110010111100
0000011111011000
1001101011000001
1110001110001010
0101101100111010
1101010001001111
1001001110111010
1110000000111000
1001101100110100
1010010001110010
1010101110000011
0010101111010010
1101100101011010
0100101010101011
0111101110010011
0110101100011100
0001110011011101
1011100101000101
0010101011001001
1001010101110000
0111111100011110
0100101101101001
1110001110101000
1110001011111010
1101000011101110
0111101001110010
0111110001001000
0100110100010011
1001100011111000
1000101010110011
0100110010000101
1100001100001100
1101100100000011
1101010001101101
1001011110100111
1001101010110101
1101011010100001
1100111111011011
1010100110011110
1111010100110011
0000110000101101
0000111010001110
0011000001000111
1000000100101010
1001010000011000
0010011110011001
0010100111110110
0000111100010100
0101111001101001
0101000001011000
1101010101101101
0000011010001100
0111101000000100
1001010011011110
1010101110010101
0011010010010111
1100011100111011
1010100101000010
1011111010110000
1000001001010100
0110001100001010
1111010000011000
1000001001001001
0101101010001111
1101010101000111
0000101101011100
1001101011101110
0100110100100110
0000110001110011
0010001000111010
1011111001000100
1110001101011101
1000100101000010
0110001110101000
0001101011110011
1011100011000001
1010001011101100
0001011000110101
1000011011101110
0000011011100111
0101010110010100
1010100110110000
0011001001111010
1101100011000111
1111011011100010
1100010100100011
0101110100100110
1100100100100010
0010110011010011
1101001000000011
1010101111000011
0100111101111000
1001100110110011
0111110101110100
1101001011111111
1110101101111011
1010111111111101
0000110111100101
1111001100101011
0011101011100011
0011100111000011
1101000011000100
0100010110110100
0010111001000101
0010110111001100
1011100001101111
1111011001011101
0011000111010010
1010100100011001
0010011011011101
1111011110101110
1110011000100111
1100001110111001
1100010011001110
0110011101100001
1010110000011110
1011101101011010
0110100010000011
0001101100110000
0111101001111000
1110000000100111
0010010100111000
0111000010100101
1011000110111011
0011110000000001
1101111001011001
1101000001100100
0011110000110111
1000110111101100
1111011101101010
1101100000011111
1001101010101110
0011111011110110
0101110100000111
1000101100101010
1111110011001101
1000001010100101
0110110110101111
0101111110111000
1010100000110111
1010110011010000
1001111001001110
0010101011011011
0101111110011111
1101100110110101
0011110100101110
0110100101110100
0010011001000101
1010010110100000
1001010101110100
1011101000001101
0010011010111101
1100010100000101
1001011011001110
0110000000110110
1011000100110110
0001101101000000
0011001011010001
1000000101110111
0111010010100001
0101010110010010
1100111011001001
0100101100011101
1101101110111111
0001000011101100
1100011101001011
1010001000110010
1111101101010011
0110001010100010
0110010001001111
1100110101011001
0100001111001101
0000011011001010
1000110101000101
0111000111000010
0010100110101110
0101011111111111
1100001010111101
1010111001001011
1100110010101111
0001010101000101
1001101011110111
1011100111110011
0110011000100100
1001010111110000
1110011011000011
1010000101100110
0110001111111101
1010111001100101
0001011101000001
1101101101010100
1100111100011101
1111001010110000
0011101011101011
1010010000100010
1110110100000110
1100100111010010
1000111000101111
0110010010101010
0011101000100001
1101101001110101
1101010011000000
1110110101011101
0000010001110010
1011000001101011
0011101010000101
0001001101110110
1100010001111000
0110101010110110
0011010110111100
0101110111111111
1000001010100111
0101110010011010
1010000111110101
0001110101000100
1011001010000001
0011001111110011
1111111010100000
1000011001010010
1010000011100100
0110001010000101
1001111001101000
1011110111101101
1000001011110010
1010011001110010
1110101010111111
0111101100111111
1011000101110101
0000010100001110
1000010011100101
1110110111110011
1010101011000011
0000111110100100
0110001111111110
1111110100000100
0011111100101010
1001001101000101
1001101010001000
0000100010001011
0101000001001110
0111010111101101
0101100101001000
0100110001100001
1100011000101000
0001110011101011
1011110000100001
0111010010110110
0110101101011011
0010010000111000
1101001010111000
1110110011110100
0110000011001110
0101011011001000
0110111010001111
0101110011010110
1110011000101011
0010110010000111
0011000010011001
1111110110000000
1011001010110000
0101110011011011
1110110100100101
0101011000011100
1101010100000001
0011011010100111
0011111010101101
0011000000110001
1010110011001101
1010001000110100
1011001101011110
1010111100100000
1011100111111111
0110100001111110
1010001000110100
0010000011110000
0111011011111110
1100010101001000
1101011100011111
1001100101100000
1110111110111111
1111100010111010
1000101111011010
0111010111001001
0101110010010100
0100111000111110
1001001101100111
1011100111100010
1100010000010100
1011100101001101
1100011001011111
1100100001001001
0001011100101001
0010111110000001
0110111101011010
0100001101111100
1101101110011001
0001000011111101
1000011010001100
0011100110010110
0100110000010011
0010111100100100
1011000010110010
0100011000100011
0101100110111100
1011010011011010
0101001110100101
0100011110001110
0101001111001010
0110101000000001
1101101000010101
1000100101110001
0000001001110001
0101011101011111
0001101010100101
1111101010000010
1100011001000110
0100010010110111
0010010100010010
0011001010011010
0100010100110101
0000101011110110
1011111100001101
0101110001101111
1010100011011000
0101001011001011
1001001011011011
0110001110101001
0100001001011110
1110101010011100
0010110110110001
1011100001000011
0101100001000010
0101111001011010
1111011011100100
1000001111010111
1000010101010110
1101110000001000
0110001100100000
1010100011101001
0100111010110010
0011011111100011
1100011011010101
1000010001010010
1110001001110100
0100111011001000
0111101100010110
0010100111001110
0011001110000101
0010110010100111
0101010011011011
0101011001010011
0001101001000110
0100010010010001
1000000111001110
1010111001110110
0101010111010011
0000011001100011
0110001000001010
1001111110110110
0110110110111111
0101101101111011
0000110101010100
1011001100011110
1001000001101100
0000101011011011
0010100001001111
1010001100011011
0101011010000110
0101110111111101
1111011001011000
1111001011100111
1010011110011000
1000110101111111
0111111111101001
1110010001101000
0001001100011000
0100111000010100
0101110010000100
0011100001100101
0101101000100100
1000101010100001
1001110111000110
0101000101100000
0000110101111101
1101010111001001
1011001001001100
0110000010010011
1011011101111100
1101111000011100
1000010001101101
0000010001011101
1100000010110100
1011011101101100
0100111010001100
1110000101111101
0010011110011001
1111110010110100
0110101010100111
0101011101010011
0001000101100110
1111000110011111
0100101011100001
1001110011011111
1001101110101110
1010001110011010
0110001100011010
1110001110001010
1010001010001011
1001111110101011
0100111110101010
1001100011000101
0110000101001000
0111011111001101
1111001110010101
0110000011001011
0100101001101001
1011001110101010
0000001010101100
0111111111000110
1001101111100000
1110111001100111
1111100101100101
0111001100001011
1011010111010010
0101110011011011
1110111011011100
0001110100111100
0101111101000110
1100001110010100
1110101110111010
1001100010001010
0010010110110100
1110100110111100
0000011111111011
0001111111000000
1100110110110010
0010000000111001
1000110111111000
0001011001001100
0101010010110001
1100010100100001
0000111110110000
1100111000100111
0010101111001010
1100001001010100
0011000011101001
0110100001001111
0000001001010110
0101111001101010
0011101100011101
1101001010010001
1000110110110111
1111001001101001
1010101100100001
0110110110111011
1100000011010000
1101101110000101
1010001011001000
0100001000011010
1010100001000110
1101001001111111
0010011100110000
1110111110100110
1100000001110000
1010100011101100
0100111001011110
1100000011010001
0011011110100111
1010010010010011
0101001110111111
1000011010010010
0101001111110011
0010010010111101
1101011011101011
1011000000100100
1100101110011011
1010110011001001
1100100001010111
0111101010101100
0100011101110011
1100110101111010
0000101100110011
1100011011011001
0001011111110110
0000011010111000
0101000100000111
1000101100000001
1000111000100100
0110000001001101
0010010110011100
0100101000000011
1000010111001010
1111001000001000
0100010010001010
1001011111011101
1110101000101000
1011001101010010
0111011011110100
1101111001101010
1010010010001000
0110011101010100
1110101101000110
1000010101111110
1011111100010000
0101100110010010
1101110001011100
1100101111111101
0110111000101011
0010100000101001
0100110011010111
1001100001100110
1011011111101111
0101011000100111
1110111101001111
1111001111111100
0111110111010110
0100010101101110
0010101111100010
0001110100010000
1100010101010010
0100110011000001
0111001011111110
0110001001101110
0000101101110110
1011100111011010
1001111000101111
1001100111101010
1010111001011001
0101000110101100
1010011110100101
1101000000110000
0111010001101110
0001100101011011
1101111001111011
1101111110011000
1010100011111011
1111100100100001
0110100001001010
0110000001110001
0110110011001010
1111011010000011
1000011000101100
1110000110110011
0101110001101110
1101001000000100
1000111110110101
1101110101001111
0110010101000001
1000100110010100
1100000011110101
0111111100101111
1011101010011011
0101010101000010
1101101000110101
0011100110000110
0000011100101100
1111001000000011
1000000011001100
0011111101000001
0010011110110001
1010101100010010
0101100010010100
0000100101111011
1011111000101110
1010010101001111
0100100100110011
1101110100101101
0101101011000010
1100101110011001
1000101100000101
0111000111110110
0100011011111110
1101111110000011
1101101101000101
0110011000011000
1100011111100000
1110000010010010
1100000001011000
0110011000001000
1010010001110101
1001010001111010
0011010111000010
0111000001010111
0110111000101010
0000011001111000
1101110110011011
1001001111110110
0011101001000001
0000101101010100
1110011010001001
0110111100101001
1110010101101100
1101010101011111
1000001110011111
1001100011001111
0011000101011100
0010101010010111
0111011101011100
1111111000110101
0000100111011101
0101110000010110
0010111110111001
0011110011001101
1101001111100100
0010101000011110
1111011010000011
0110110001011011
0100001111111111
1001101010001100
0101101001001000
1011011101101000
0101110110101010
1001000100100110
1101111100111101
0111010001010000
1010000101111110
0111001010110110
0001101100110010
0101101110100100
1110000011100111
0100001110101000
0101011110100110
1111110111010111
1101010011111110
0111111010110011
1111001110101011
0011000101100000
0011100011101101
1101010101111100
1110100010111011
1110011100001000
0011111110010101
1101110000100101
0110000100110001
0101111010110111
0001010111000111
1000000010011001
0110000100100011
1101010000110110
0101011101111011
0110011011001110
1110001010100100
1101011111100011
1011111101011011
1100000101011110
0101110010010011
0000011110001000
1000010111111000
1110001110101101
0010110111110111
0100111000110011
0011101011001101
1111100111010001
1001000111100011
1010101011100101
1101111100011101
1111000000001111
1010101110001100
1011110010011110
1010001011110000
0100001011001111
1100111001001110
1011101000111011
1000000101100110
0111000101011111
0001111011010000
1111100110101010
1100000001011111
0011111100011111
0011101011100110
0001000011011110
1100001110001001
1000001001010100
1100110101100110
0001011110101100
1001010001010000
1000010000111111
1101010101000111
0000010000110101
0101010011001011
1110011101111100
1100110111100001
1011001000111010
1100111011100111
1100010010010011
0111001110001010
1111101011001110
1011001101110101
1111100111000100
1110110101110011
1000001001010111
0100111111011101
0101111110100100
1110100011101111
1010100100000101
1010110011111010
1101101010011011
1011011000000011
0001111010000110
1000101101011011
1110100001011111
1001011001000011
1110100111010110
1111100010110011
0111100100010010
0110001111101110
0100011111000010
1111001111110100
1010101101001000
0101111011011111
1001101100010010
0000001000111011
1100000111010010
1011001011001110
1101100110111110
1010100010111101
1101101011000000
1110011101010011
1000001000110011
1111101001010101
1001101001000111
0001010110010101
1010010010111110
1001100001111001
0101110010001101
0000101001101001
1111000011110111
1101011111010010
0011101101001110
1001010010001010
0111100011101100
1001011111001111
0111110011100100
0000001110001110
0111111101001111
1100100100101010
0010101011001100
1111110111101000
1010011001011100
0101001001110001
1010010110100110
0100110101000111
0101010110001011
1110000100011010
0010111001111110
1011111010001101
1100010001101001
1100100011100111
1010101000000110
0101100000011001
1000101111000111
1001110011111001
1000011110011110
1101100000000110
0100011101011110
1000001100110010
0010110101110111
0001011111111000
0111110111110110
1100010110011110
1100000101110001
1000100000101011
1010010000011010
0100110110100011
1101001110010011
0010100010001111
1110110000010010
1111010000101010
1011100010101010
0101011010000011
0100101101011000
0011100101000010
0011110111001111
0110011011100110
0100011000100100
0011100011010101
1110001001110001
0001110101011101
1000101100110000
1110111111110111
0110000101101100
0110110110100000
0000010110110010
1100101010010001
1000111010101011
1001101000001101
0100101110101011
1111101101010000
1110110110011111
0101100011111000
1111000001111010
0100110100010100
0000001011111110
0010010011011011
1000010011001000
1011010000101000
0100010101010010
0100101010101000
0101001010100110
1111100100001010
0001000001010101
1101000110100100
0000110000110010
0011010111100001
0100010111101101
0101100110010100
0111100011011101
0011101011101101
1101111110110010
1111011000110110
1100011010000010
1100010101110110
0011101110100111
1001111001001110
1101110110100100
0010011011001111
1000110111111011
1100101011101100
0111110010100011
1100011110110100
0000011000010111
1101001011010001
0010101100011100
1110000101100011
0100111000010111
0101000000001011
0101100110100101
1001000010101010
1101011111011011
1011000000011101
0010100000110010
0000111001110100
0101100000010111
1001010101100011
1010011100110111
0001101101000011
0101001111110100
0000010111100101
0111110011110110
1011110110101111
0111111100011001
0011100000011100
1100101000110000
0100111100111110
0011010001110001
1011100001010001
1010100100010000
1011010100101100
1011111010111010
0101111000111110
0001100011000110
1100000001101011
0001010111010010
0100110010110110
1010010010100011
0111101101101010
1001111101011110
1111011010000001
0010000111001111
1001100110001111
0010000111001000
0111000111100100
1110011001101000
0000001011111100
0100101011100101
0101110010010011
0100001011111000
1111011101000101
0111011101000001
0111011111001111
0100011011010100
1111100111111110
0110110110111000
1001111101111111
1111110100000100
0010100000011100
0110111010011000
0101001000011111
0000001101110111
0100101010111110
1101001110001100
1111111101010111
1100100011111000
1001011000011010
1001101100111001
1011011011011111
1111000001101101
0100001010101110
1100011110100011
0001010000101001
1111101111100111
0100110110010101
1110000010111001
1100110011110111
0110111100101001
0000001011010110
0100000000101101
0011010001111110
0010010000000111
0000110100001111
0111101110010010
1100001100110111
0100000101101000
1101001110111001
1011000000000011
1000100111001000
0101111100010011
1001101011111001
0111111010100010
0111010101101000
1011000110001001
0011100101111001
1100011101010001
0110101000101011
0111001111111100
1100001101000001
1000001001000101
1110100011110111
0111111111010001
0101010011010100
0010110001010010
0111011010100111
1011011000100111
1111111101001110
1110001101011100
1111001101110000
0110110101101110
1100111001100100
1011001001010001
0010110001010011
1011110000111001
1100110001110110
1101101001001101
1001101011110101
1101101111001101
0111011001000110
1110000011001001
0110010000101110
0101111111010111
1001001101110000
1000010001000101
1101000010100101
0100110111001000
0110110000001110
0100111101001010
0101000010101110
0010000101111001
1110101010011110
0111010110000011
0010000010011101
0110111111100101
1011100001001100
1110001101110001
1001001101110101
1010101110111010
1110001000111111
1010110000101010
1111011101101101
0010101010001001
1100101010001000
1111001011101000
1000110011111101
1011100001001011
1010101100100100
0100110111010001
1110010010100110
0111000000100100
1001011101001101
1001100010000010
1111001010000111
0000111100100010
1111110111001110
1110111000100100
0011101011001110
0000001011011110
1111110010110100
1001100111110010
0100011000101111
1111101011110000
0000011101001111
0100101001000111
0100010010001100
1000110101000110
0100101010010110
0100001000110010
0001001101000100
1101010100001011
1111100000000111
1001100111000101
1111000011101110
1001101110100000
0101110110001000
1101111111110011
0010101101100100
0101110100000101
0110001001110110
0110111100100111
0101101001101110
0000100110101011
0110010001010110
1011001001010111
1000010100010011
1001000101110010
1010010110000010
0101100110001001
1100001110000000
0100110011010001
0000101110110111
1110010001111100
1101110011100101
0000011100110100
0111010010111100
1000111011011111
1000011010011101
0111110101111001
1011001010010100
0101001010100100
1010110001011100
1011110110000000
1011000000000111
0111100010100011
0100010001110110
1000111010001100
1100100001001100
0010001101001000
0011100101001000
0010000010011110
0010001001100100
1111000111110110
0010011001000110
1011101010111111
0101001100010001
0100010001001111
0101000001001110
1000100001010010
1110101011101011
1000010100011011
1100011111100011
1110111010110011
0101110010110010
0001001110010011
0000000011010110
0011011100011010
0001010110010100
1011001110011110
1011111111111011
1000010110001100
1100101010110110
1111110100100100
1000110110001010
0101000110111111
1001111011010110
0100010100111000
1111010011100111
1001000100110101
1000011000110000
1100011101010000
1111000100000011
0110110010010101
1011110011011110
0110001010111110
0100111110010000
1101001000010010
1100000100111100
1110111101111001
1001100101100110
1010010110000110
1001011100000110
0110101001001100
1011010001100011
1010110100001110
0100011111000011
0100010011000101
1110101001100110
0010001001011010
1010111100001001
1101011111001101
1110000000000111
1000111100001011
0111011101101100
0001001110111111
0111011011000001
0101100101100111
1010101011101100
1111001010110100
1100010100010010
1101010001011111
1011100101100000
0001010101101100
0101001011001111
1010100000110001
1100111010010110
1111110010001110
1010100010001011
1000010100110000
0011011000110000
1010001111010110
0110100011000010
1010111000111001
1100011110011000
1111001001010110
0101100011101111
0011001011011010
1101001111100111
0101000111000010
1100011100100001
0110011111100110
0100111010010001
0111101011010001
1000011101111101
1111100101000110
0001000111101110
1110101110100001
1011110111101000
1011110100001111
0001101111100111
0100011101110000
0110110010101010
0001011101111010
0010011110110011
1010001001100100
1000001010000110
0101001101010000
1001011111010111
0001100110101000
0110000010110001
1101110010100100
0000101011010110
0110110011010110
0111001001000100
0101110010110101
1000100100011111
0101010011001001
0010111010101010
0111110011001000
1101101101011000
1001110110010011
1001101011100111
1000011011100101
0011010100111000
0000101111100100
0111001101011110
0011100111001100
1000011000001010
0100110100000001
1110001110011001
1110000001111001
1101101000100111
1010010101001110
0110100111100011
0011011110010001
0011001110111001
0010000100010101
1110100101111010
1100010010101101
0011100101001000
0010000001011011
0000110011000101
0001010100100100
0011001100100000
0001010111110011
1100010000011011
1101011011100100
0000001011101011
0101101001011011
1000100111101111
0011000011101101
0100010001111100
0000101101011111
1100101011111101
1010000101111101
1101010110100110
1110110111010000
0110101101000001
0001001111110110
0101100001000001
1110010110101000
0110110100101001
1001110010000111
0011100101001011
1001010001100110
1110001000010001
1111111001000110
0010010111101111
Time = 2.008s
