n = 14, k = 3, l = 9, m = 558
Expect Resample Times = 0.46044
Result:
01111111111100
11110011001101
01111110011110
10000111111111
01010110101111
11111100011110
11010100101111
01111111001011
11111101110010
10001101111111
01111011100111
01101111111010
11001100111111
11111011010101
01101110011110
10111010101111
01011111011111
01110011011110
10111001011111
11010111010011
01101111100011
00111111011100
11110111001111
11110010101011
01011110111100
01011101011011
10100110101111
10101011101110
01001111111101
11001100110111
01101011111101
00111111100111
11111111000011
10011011011101
10101110111011
11111101110111
11010101101111
11011011111100
01110111111100
10111110111101
11101001001111
10110111111101
10011011101111
00100111111110
00110011011111
11111101110001
11010111101111
01001101111110
10111011101101
11110110010110
11010101010111
01110011011110
00101100111111
01101010011111
10111000011111
01100110111011
10001100111111
11001100111111
10111011100011
01011011111010
11000110101111
01011101011111
11111001010011
10110111101110
10110011111111
11100110111101
11110111110110
11111001010011
11010001011111
01101111001101
11110100110101
01001111111101
10010101111011
11110001101111
01111011010101
10101011101101
11111101100110
01111101011110
11010110101101
10101111111111
11100011110011
10111010011011
11111010111000
10011101110110
11111000011011
10111111011100
00111011101110
11010111010011
11011101101010
01110011110110
01101111011001
11111001011110
01100111100111
01011110111111
11011110101101
01111100111001
10010111011111
01100111011101
01110110111101
00111101111010
11111111110110
01101010101111
10111111011110
11111101011001
11011010001111
11010100110111
11111000011101
00101110111110
01110010011111
11111001110001
11001111110010
11001111111110
01111100111100
01011011111111
01101011111100
10101100111110
11111011111011
11111001101101
10100101110111
01011011110101
11011111000101
11111101001111
11110100110111
11010101010111
11111000111100
01110101111101
01111111001011
00011110110111
00111111101111
11111101010001
10111010011101
11111111011000
11101010101111
01111101011100
11011110000111
11111110111100
11000111110110
10110111100110
11110001111111
11111010110100
11001101101101
11011001011111
01111011010110
10111101001110
01111011101010
10110111011011
11100101110011
10001111011111
10110111011111
10111110100110
11010011101101
11110101110100
10101111101111
11011110100101
11111011001011
11110110010111
10010111111111
00110111111101
10001110111101
10111101111111
11101011011111
10110111001011
11100111111101
10111101001011
11101101111111
11111001111111
11100011001111
11111101111010
10010011101111
11000110111101
11111101101111
01001110111101
11101100110011
11111010101101
01011110010111
10100111011101
11111100011101
11101110010011
01111101100110
11101110011110
10101110100111
01011111011010
11101101111111
01111111110001
11011101011010
11111111001011
10110111100011
11100011010111
11011101110101
11111110110111
00101100111111
11110001110111
10111011111111
01011111101111
11011110110101
01101001111011
01011100101111
11111100011100
11110000111011
01101101111100
10100101110111
01111101111111
10110111011100
10111011010110
11101010101110
01000111110111
10101110100111
11100111010110
01011010111111
11110101011111
11101010100111
01111001001111
11010111101101
00111101101111
11100101110111
11100011111001
11111101011100
00110111011011
01100101011111
00101101111011
01110001011111
11100111010111
11011100010111
00011011111101
11110111101101
01111101101100
11111110101001
00111111000111
11111100111000
01110011110110
00111101111100
11011010011111
11011110010011
11111101111000
11101111111000
11111111010001
01111101100111
01111110100101
11111111001101
10001011101111
00001111011111
11110110101110
10011111011001
10111110111011
10100101111011
11101011110111
11100001111110
10111111010110
11000111110101
11011011001110
01111110111100
10001111101111
11110010011011
11001111010011
11101011001011
11010111111111
01111101010111
01111101010101
11000110101111
11110111111011
11111010111001
10110110001111
11101011100110
00010111101111
01010011111011
11101111101110
10100111100111
10111101111111
11110101010011
11010101110110
11100011111010
10101011111101
01111001101111
11110111001011
11010111111100
11011101111111
10001101101111
00110101101111
01100111111110
11101101001111
11110101011111
11101111101000
01111111010011
10111101101101
11011111011011
11011111111001
11010111101011
01111111011010
01111011101110
11110111100010
10101100101111
01011110111100
01111000110111
10111001110111
11011111111010
11101100001111
01101001111111
01101011110011
01101110101111
11101110010011
10110110111110
10011111111100
11111100110101
11001011101011
11100110101111
11110010110011
11111111010010
00100111011111
11011110100011
11111111010000
11011110011100
11011101110100
01110111111000
11111110111010
11111111111111
11100101111100
10110111111010
11100101100111
10111100101011
10111111011000
01011101001111
11010110111011
01111111001010
11011111111001
01011010111101
10011110101011
11101100111111
11111111011100
00110101111011
11110100010111
10011110111100
01111110111101
11111111110011
11000111101111
11110001011110
10101111110011
11110111100111
11011111101010
00011110111011
11101110111101
11101011011011
01101111110101
11101111011101
10100110110111
11011011101010
01101110110110
10111000111110
11111010010011
10000110111111
01100110110111
11101111111000
10110011010111
11111100101111
10011111101100
01011110110011
01010111111110
10101001111011
10111010111010
11111011100110
11011000110111
11101111001110
10010111111011
00011111111001
10011011010111
01011110101110
11111011101100
11110111111110
10111101111001
10011001110111
01111101001011
10111011001101
00011111110011
01110010110111
00111110111110
01011110111010
01011101111001
11011101111011
11011111101001
10001011110111
01110000111111
01110110110011
01110111111100
11101101101010
11100010101111
01001111111101
11101010110101
11011000111110
11101100110110
11110001001111
01101100111110
11011101001110
10110111001111
10101101111110
10110111100011
11010010111011
10111101001101
11111111100000
11111100111001
11100101111010
10111111111101
11111111000100
10111011101010
11011110000111
11011110111101
11111101110011
11101100110110
11111001011001
11110010101011
00111011110101
11111010010011
10111110010111
11101010110111
11111010101001
10010101111101
01111101010110
11010011011101
11111111111100
01010111101111
11010111101110
11111110010011
10011101011011
10110100111101
11011110110110
11110011001101
10101101011111
10111010111110
01111110011110
11101111101100
11111110010110
10010010111111
11011011110101
01101010111111
01111101011010
00101111011011
11001101111010
11111111010011
00011111011011
10111011110010
10011001111101
01110111010101
00111001011111
01110110011110
10110011110111
11001010111110
01110110011110
10101001110111
00111111000111
10111010111100
10001111111101
11101101101001
10011111001110
01110101111111
01111000111111
10011011101101
01001111101110
11101110010011
10011110111001
11001111110110
00101111111011
10100110111110
01101101011111
10111100111101
11111001111100
01100111111111
11011000011111
10101100011111
11010101111001
10011110111101
11000011011111
00111001101111
11011111001110
10101111011011
01110110111110
00110101111111
01101111101111
10111110111110
00111111111100
00111111110010
10111011010011
00111101111011
11101110111111
01111101110011
11011101111010
01110111110110
11011100011101
11011001011110
10000111111110
11110100101011
11011001100111
01110101011011
10101111101100
01110010111101
10101011100111
11000101011111
00101111111011
10110111111111
11101100111011
01110110111110
11000111100111
10111110110001
01111001110111
11011111100101
00111101011110
11101011111111
01101101111100
11101101111011
00010101111111
10111111110001
10111101010011
11011101111000
10111110010101
10111010111100
10010110111101
11111001101100
11011110111010
11101011110111
10111101110101
01101111101111
11111111010101
11110000111101
11111101100101
11000111001111
11101111111001
10101111010011
10110111010110
01010111111110
10111010111111
10111110001011
11010101111010
11101101101110
11110100100111
11111111000100
11110011011010
11110111001100
01001111110011
10011111110001
11011011011011
11010110110101
11111111000011
11001111100101
11111111000001
10010011110111
10111010111110
11100010111110
10011011111111
01001011111101
01011111101110
00101010111111
01110011101011
11001110011110
11000011110111
10101110111001
01111111101001
11011111101000
10011110110011
11001111111100
11111101011010
11111100011011
Time = 0.035s
