n = 15, k = 5, l = 2, m = 719
Expect Resample Times = 0.369214
Result:
010001100000001
100110111010000
101011001101001
101001010011011
000010110110010
111101001100000
111110001101110
010000111111011
111010000010111
000000111110111
010111111011101
001001100100001
011111101100111
011101110110100
001100010000010
101010111000110
110111111000100
010110111110111
111100110111011
010011001000001
011110100001100
010110111100100
000001101011110
101010111011001
111110010110011
010101110110101
011000100111110
000011001001011
110101001011111
011010001010110
000000111001100
010000011000000
110111110000011
000001011110010
011011011110110
100010100110011
011011010001110
011001101100110
000000101001001
000100111000011
101110011110110
011110010110100
011000010001110
010001000011010
000001100101000
000101110110110
101111111010100
001111111000010
001101010001011
111010010011111
101000011001011
010111000110011
111110000110100
010011000000110
100010000110110
011100101100100
101001011110110
100101011100000
101011010100001
101001000011100
110011110001100
100000011001101
000111111011011
111101111100011
111101001100001
101101100011000
110000010001001
000001110000111
111010101000000
101110011011010
001001001010000
000011101110111
110100111111001
000110010110101
011000110001010
100001110101111
010010011100100
001111010101111
010000000111011
010001010001010
110010011110101
000110100101000
101111110010110
011001100111011
110110110111011
101101110110000
100100011100000
011111100001110
101010010001111
111000010011100
001000111100100
101100100000100
001011011011111
101000110101111
001011110001001
000000110011100
101000101110001
000001101000110
000100110010100
111000011010001
010001011001111
000001111101110
000010011000101
010011000101101
000010110100101
010100011011100
100001000010010
001101011100011
010001111011101
000101011000101
001000011101101
101001101101000
001100010010000
010011000010100
001000000011000
010010010000111
000001110001111
011110001100011
100000000110110
111010011101110
010100101011001
100000111001110
111100111001011
101101001001010
111011010101101
111010111101110
011000000010011
011110000000011
110000110100011
101011011001001
011001000101000
001001000000000
010011110001010
101011011011100
011101100001111
111000100011110
000110000100110
110110010000010
100001100010101
100110001001010
111100000010100
111000001001111
100011111011001
110010000001001
101010011001110
001011000100110
110100001101110
110000001001100
000110001100001
011001000000111
101111111001110
110111011100001
001110001101010
000110000101001
110110000011111
001001000100001
000011011101111
101010111001011
000000100001011
000000011111100
001001111110100
011101100100110
010011010111100
100001101111010
100110111111000
000111001010110
111111111110110
011101101111101
001111001111011
000011011110110
110001110111110
101100111110101
010100010000111
101111101011010
011001011100110
100100111010000
111100101101100
101111100110011
111111111111000
111001001000001
101101010110101
011110101100111
001101010111000
000001110111101
111001110001000
000110101000011
000110010001111
101100100110101
001110110010011
110001110101011
100010110111100
110001011011010
101001111001101
010000000001101
001011011010111
011001001110001
101100001000110
101011000110011
000111011110111
111111011111110
001100111110100
010001111000101
000000010111100
101100111111011
011010010100101
000110110100110
001100111101111
001100100010001
101100000101011
101100011101101
100110001011001
100001011101010
101011001011010
100001000101100
001001110010100
101001001011101
101000001111001
100001000101100
011100011100011
000111011111001
101101001110111
110011000111000
001110001010011
110110000111111
101101110010011
100010100101110
110100010001011
100111010110010
100110010000101
101010010001001
111010110000101
101010111000111
110110101111100
100010010000101
110110000000101
000000000010011
010100111011111
100010010101100
011101000011101
111010100000111
111011110111110
010001000111110
001101011011000
011011110010110
111011011110011
000111110010100
111010100000001
001111011010001
100111111011111
010010000101110
110110011001110
001101000100100
111110100000111
010101010001000
110001000101001
010111100101001
010010100010111
010000100111001
110100001100001
100000101011011
110011000110010
000011001101101
101010100000001
000000001001111
001100011000010
001111101010101
001100010110111
101101111001101
001101111100011
101110011110011
101101011011110
010001111111111
111110001100000
110011111001111
100011110111001
011000101111010
001011011010000
100100111100000
111001001101100
101010111001010
101000110101001
101001111101101
000100110001001
110010111111010
111000100111001
001011111000110
001001001101110
000001111100111
110101010001110
000010100111111
110101101111011
101011000111111
011001100101000
001111011110001
110111010010100
010100000110111
001001100000011
100010101111100
011100110001010
100001001101010
010001110010101
010101101001000
010110110101001
100011111100011
100100000110010
001100110000011
100010010011000
001001010000010
011110101100111
111101001100001
110001010111111
010011101010111
010111100001100
011100010100010
100110011100100
001101011001100
101011100010111
111100110010101
101010111101000
000001000110001
000100011111010
111000011000100
000000001000101
000111010110111
010011011110010
011001110111000
110000010111100
110110011110000
001000100010011
001110100001111
011101110111100
011111111101011
100100010111001
100011010101010
001110101100111
111110001010111
110100100011000
010100011101011
011011001011111
110010100001000
101111001111000
101011101110010
100010111110011
001001101110001
001110110010000
111110000110101
110011010100011
001100111110001
111111101100001
100001000010001
110000000010011
010111000100001
101000111101110
001000000000111
010111111100110
001010111010000
010010111111011
010000001101101
010111000111111
010100010110110
101011010100101
100101111000100
111010101000011
001111101011001
110010110111101
001100000010100
010010111101010
111101011100000
001000100010011
100001110111101
011000010111000
100101000101011
100111010010011
110101110011000
011100011101110
101111001101001
001101110001110
100100001010110
100001001000101
110000101000000
110010011100001
010011110010110
100111110101111
110111010100001
001100100000000
011111111101101
110001011000000
111011100011000
101100110100000
011100011000010
000101010001100
101010011000111
001110110000001
010000111010111
011000000000110
110000011000011
001001110111010
100110000011011
110110110010100
001010111110000
011110100101011
110100000100000
101101111100010
100111110011110
110111111101111
100101001110101
111101101111101
001101110101010
011101010110110
000100000100111
111101111011010
101001001110100
111111100001100
010011000010011
001100010101000
111101100100111
011000010000100
010111110101011
110011000100010
000001101011110
010111010100000
001011010100000
000100001011100
100100000111010
110101110101101
001101101010110
011111110111111
100011010001011
110001100001100
111010011011000
010001110101111
110011011010000
001101110010110
100010100111110
001011100000100
011110010000100
000001110111100
000011011010100
111011100110010
111000101111110
111000101110110
001100001100010
000101000111010
000011011111001
111110011001101
111101001001111
100011101010010
101100010111111
111100000111001
001100000010100
111000000001111
001011010101110
000100111011100
000000110000001
101101000111100
000001110010110
110000011110111
101101110010001
011001110000110
111010101000111
010100110000011
011101110101001
011100000010100
000011010100011
111001010010011
000011110110011
111010111111011
100000001010010
111101101010100
111100000111001
000110110001111
000101001010000
111011101111000
000010101001001
111001001110001
111001101111100
010100011100110
101111101001100
100011101110010
111111011001000
101011100100110
110001101111000
011111110001011
101011001111000
010001011111000
110010001010001
111110010000110
001001111110110
001100110000010
111101000010100
100111101101001
111001100111001
010010000000101
100001110001100
000100001011010
010111010010001
000011111111101
001111110100111
001000001101101
011111001011110
101111010010010
111100110101101
000001011000111
111101101100000
111010000100111
101011000101010
000100011000000
110011010000100
010000010011011
100111001011000
011000010000100
100101010010111
101100000011001
011101110100001
011010011101110
101100010011001
110110110000101
011001010100110
100010010111100
000011000110001
011101110001101
111010011110110
010000110011101
010010110111111
101010101111110
110011011000010
011110011000010
001000011101001
011111110001001
100010100100011
110011110010000
011011010110011
110100000111111
101011101100110
100011011110111
010100110111001
010111101101000
011010011001101
000110100101001
000000100100111
000110101001001
111000011111010
010111000101001
100111101111111
011000101010011
011100000110100
111100010011001
110111100111000
100001000101011
100001101101101
000000001111000
111101010110001
100101011110011
111110101010100
011101110101001
001110010001001
110011100111100
000111011010010
110001101010000
000100101110001
111101001111001
010100110000011
110100000001110
001111100000110
101100001110010
100001001011101
011001111101001
000101011100001
111011101010100
111000110100101
110001001110101
010101011110001
000110111000111
010011101001011
010011001011000
011011001001100
011010000001010
101001110111010
111111001011011
110001001000010
010011000111010
101101010100011
001110011111011
111110010011100
110110011110101
001110011110011
000000110111111
000011011101000
100001111010110
010100000100101
000110110100010
001000010100001
100011101100101
100000001111000
101100001110010
100011010100011
000110001111110
110001101000010
111000110011000
010011111111100
000100111011110
111101110010001
000111100000011
011101001000010
010100111110110
001100010000000
100001100010000
111000101001111
100000001100100
010100111111000
001111000010011
110110011100001
001111001101100
110101101010101
100100010100010
000111010010000
111010111011000
111110100101011
111000111111011
100000010000001
101101101011100
100010100100100
001100101100101
000101011111110
110100101100100
001100100110111
110001001100000
000011010011110
000000000110001
001000110010001
011110000011001
111001010100001
010100110100111
011100111101010
111110111110010
100011111001000
011010111011111
111010001100000
010011100010001
001000100101101
100000101000100
000011100001101
110110000001110
101110101100110
010110110010001
101110100000110
010101011011101
000000100100011
000110001100100
011000010100010
000011111100011
100010110010110
111000000011100
110011101001111
100010111100111
000010001100100
001000000010100
101100000101000
100000000000010
000110011010001
111000101001011
110010100001101
110000011001001
000000010101101
110000010011010
000001011111000
010011010100111
011110111110111
010000100100010
110011010110001
110110010000011
101011111100100
011000010011001
100110001010011
001001110000101
001001001111111
000110000110000
011011001100111
110100001011000
111000101111100
011110110001011
110110010110010
011000011101110
110001110000101
000011001100010
010001111000110
010110111010000
001111001100101
100110011101000
110101111011111
111101100110000
011100010110001
111101100011001
100101001010010
101011011011110
111110101100011
010011101010011
011110001101000
111011010000101
000011000010100
000101110111111
001010001110110
001111001000000
101101101000110
001001000111011
101010111011011
010101001011011
001010101011001
000110110110111
010000000000010
001000000101001
100110100101110
001110101011100
110001000111100
111100011110110
000000110110001
001000000101011
101100010111000
100011111001011
Time = 0.403s
