n = 13, k = 4, l = 5, m = 419
Expect Resample Times = 0.381649
Result:
1101111001111
1000001111011
0110101101001
1101011111111
1101101101001
0100111111011
0110001110101
0000111101011
0111000011011
0001001111101
1010111100000
0011011100110
1101010011111
1010011101111
0001111100111
0110110101011
0111110101100
0001111011011
0010110101011
1100011110111
1110101100111
1011101111101
0101011101001
1110110100000
0011101111011
0001111011011
0011110011100
1111111100101
1100101111110
1000110001010
0001101110100
1011111011010
0101001011100
1110000001111
1011111011100
0110110111100
0011110001100
1110111111101
1001001111110
1100111011101
1110001111111
0110011001010
1010110001011
1110101101011
1100001111000
0011000110010
0001011001010
1111001000110
0111110010110
1101011011001
0001011100111
1101101000000
1111011100111
0011110111111
0100011100110
0001100001111
1100000101111
1100100101110
1010001111010
0111011010111
0000000101111
0000101111100
0101111011101
1011011111100
0101001100110
0000110101011
1011101011011
0011110111001
1010101100100
1111010001011
1010111010000
1011000000011
0011010101100
1001111011011
1101111000101
0110101000001
0100101101101
0101110001011
1111001100101
0111111110110
1100111100111
0000011001101
1001111001010
0011000010110
1011100011101
1010000111010
1010111000010
0110101100100
0000111001100
1101101101010
1011000001100
1100100011100
0100110100101
1101100011100
1001011001010
1110001010001
0001010100110
1111011010111
0011001101101
0011001000011
1000001111001
1011010011111
0100010010011
0111000111001
0000010110101
0001110101011
1101111111110
0101010010001
0010101010010
1010110011111
1010111000101
1001110000101
0101100111010
0010111000110
1001011011011
0001110101110
0011000001101
1001010011011
0100100111011
0110010110110
0101001111100
1101110010110
1011010111011
0110010101000
1111110011101
0110000111001
1101011011111
1000110111000
1001101010011
1001111010101
1011101011111
0000000111111
1011011111111
0011110101000
1011100100010
1001100001101
1001001100010
0000110101100
1111011001110
1001100100101
1001110011001
1010001000110
1111101001010
0000110110100
1110000011001
1101101100101
0110010101011
1110111101101
1101001100110
1100110101000
0110110101101
1111000010100
1110001000001
1001101111010
1010011000010
1011100001101
1101000001010
1100111000011
1111111100111
0110101001100
1001000111110
1011010111111
1111110001101
1010000010111
1001110110101
1101001000111
1110111111001
1111001110000
1010000011001
1100110100100
1100000001111
0110101001001
0001111011111
0011011100101
1000110101111
0010101010111
1010010100010
0001001111011
1001000011111
0011111011110
1111000101100
0100110101000
0001011111011
0010101110010
1111110101110
1010000000111
0010100001110
0101010000011
1101011010110
1001100101111
0100011111010
0110001010011
0101111110000
0000001111100
0010111110001
1001110111000
0111100100010
0110001011010
1010100011110
0100011100010
1100011010001
1100100100101
0110100101000
0110110001011
1100010101111
0110101000010
1101011110010
1111001000110
0011110100000
0011011001011
1011001000111
1011011010111
0100111001010
1011011011010
0001110100110
0101100001010
0001011101110
0001100111101
0111110011010
1100001110001
1101100100111
1000110110010
0100110011101
0001111000111
1000011100111
1111101000110
0001111111000
0011001111010
0010010111010
0011111000111
1100000010111
1010010010110
0000101100111
0010011100010
0010110101100
1100010011001
1110111100000
0011100010101
1110111011000
0111010101000
0001101101001
0101110011101
0111101001111
0010111010100
0111111100101
0000011101011
0111111100100
1000011011011
0011100100011
1010011101100
0100110111011
1001110111001
0110001111000
1111111001010
1010011011110
1101010000110
0010100011011
1001001110000
0010011110011
1010100100001
1100110001100
0101001010011
0011010001110
1010000111011
0111111111101
1100011100100
1010001011100
1010100001001
0111000101101
1110001101100
1000000101111
1011011100111
0101000000111
0000110110110
0011110010011
1110111011011
0110001011000
1111111011110
0110101111010
1110011001101
0000011011011
0110110111010
0011111010111
1110001101011
1100010110101
1100100110001
1101011100101
0110110000110
1111000011101
0101100100011
0001111010100
1000011110000
1101111001000
0111100000100
1001001110010
1001001101110
1010101101101
0111011101100
0011010000110
1010100011011
0110110011011
0011010001011
1000010011111
0110100111110
0011111101111
1000110001111
0011001101101
0111100111100
1011001100111
1110110111100
0110001000011
1001100100011
1010101010100
1100101010010
1011101010100
1011011111100
1110100011101
1011100111001
1100111101011
0001111000011
1110010011100
0011010010001
1011001110111
1000010111100
1110000110000
0111110111100
0110000101110
0010101011011
0111011100111
1010101000010
1111011110100
1101001010111
0011000101001
0111001001110
1110011000001
1101010111100
0111110011011
0100111101110
0000111100011
1111101000010
1011011011001
0011111110011
0101100011010
1110100000111
0111010100000
1101000100100
1001010110000
0100011010001
1010110101100
1000101111100
0010001101110
0111011110100
0001111001011
1101001111100
1011100100111
0111101101111
1110011011011
1011010011010
1001101011011
0110010011100
0110001011100
0010100001101
0101010111111
1101010100111
0101011000101
1000101010111
1110101100101
0101011101111
1101011110110
1100111110001
0001110001111
1010111001110
0010011111111
0100011010110
1001111101011
0101101100110
0001001010101
0001110111100
0111101001001
0110011111011
1110101001001
0111110000011
1011111110110
1010000011001
1001101100000
0001100111101
1010100000111
0100001001011
0110110110100
0101010100100
1111010111101
0111100110000
0011000111011
1011100110110
0111010011101
0010111001000
1001000011010
0011001011110
0010111110010
0011001110100
0000001111111
1111010010111
0010011110010
1110110011000
1010110101100
1111010111000
1000001110110
0101011100001
1100110010001
1001101001000
1100010111000
1100011110111
1101011110000
1001101110100
0011101101111
1111000010100
0011110010010
1011010111011
1110000110101
Time = 0.053s
