n = 7, k = 2, l = 4, m = 69
Expect Resample Times = 0.384723
Result:
1011101
1011111
0011110
1101111
0010111
1011010
0110111
0101011
0111101
1110001
1100111
1101110
1101011
0111001
0100111
1110010
0110111
1111001
1011111
0011110
1001110
1001101
1001101
0110111
1110100
1101010
1110110
1101100
0101011
1010011
1111000
0110110
0101110
0110101
1111110
1101110
0011101
1011111
0110111
1100011
1101001
0101101
1100101
0011111
1000111
1101110
1101111
0011101
1011110
1011011
0110110
0101110
1111010
1111001
1100110
0101111
1110011
0110101
1011100
0101110
0110011
0110111
1011001
0100111
0111111
1011010
1010110
1001110
0111101
Time = 0s
