n = 17, k = 4, l = 2, m = 353
Expect Resample Times = 0.420523
Result:
00101110001100111
11101111110000011
10011000001000011
00011111100011111
01100100000001100
00001111001100001
11011111010111011
10100000011111111
11010101000101100
01110110000000111
01101111011001010
00111111100101101
00110101011011100
11101100110000010
11001110010100100
11101100111110001
11011011001011001
00010100010110101
11100101101110100
10000101010001100
01011111011100011
00110010101001001
10100100010110111
01001011001000100
01000011001101100
01110101110101011
10110001011110010
01011100011000001
00111101111010100
00110000100011101
01101000111011000
01010101000001111
00110011110000110
01110111100001101
11001100110110101
10000100011010111
00110000010011101
00011111001000011
11001101110000010
10000111111011111
11011010100000010
00010100111101101
00100010010010010
00011011110000010
00011011011001000
11101010110100000
10000000101110100
10111000010011101
01000010100001000
11100110111010101
00000100100111001
10101010010100100
11100111010011101
11011000011010110
11110000110101101
11101001000010001
11110001110101001
00101111001110100
11001111100000010
01000101111001101
00010110111111011
00000110100110010
11100101010001110
00100000111100100
10100001011010111
00011100011110110
01100010000111101
10100001010101010
10010010001011010
11111100111010000
10010100001100010
10000101111000101
10000111001010010
10110010110101000
00111011110000101
00101001011001111
01101101111110001
10001010111011011
00011010101100011
01101000110011100
10100000000111110
01000100001010111
11001110000110001
10001100100100000
01000111010011010
10000000101110010
10011111010110011
11110101011111000
10010001011110100
01110100100000001
01110001010000110
01100001000001001
10101111101100100
10001101011110100
10100100110010010
11110000101000011
10010110101100101
01110010010000101
11000111001101001
10010101101111001
00011111111111111
01111110010000100
10011001010000010
10111100010001100
10110000011001110
00001101101100100
00101111110001010
11110011001100001
10101011110110101
01010100010110010
00100011010011001
00000011011011000
11000000010110110
00010010001010010
11111101101010011
10110111100100011
11000100000010110
10110101110110110
00011001101101001
11101011111011011
01110000100001010
01001101011011111
10000101001101000
10010111000001111
01011011010110101
10010100011100001
10000110010101011
00111100111101011
11100010111110101
00111000001001011
01110001011001001
11100100110101000
11110111100000011
01111001111111010
01010110111110110
01100000000100010
01101000001110101
01110111011110101
01000001111101001
00011001010100101
11101010011001101
01011000100100101
01001110110000100
11110010001110100
10011101100101111
00111110001010010
01110011110111001
10110001010010111
00001000100001110
11011000000001011
11100011010110111
11001001100010011
01010100000010100
11011110111111000
10000001010011111
10001001111110000
01100010010110011
11000000100011111
11001100111011000
01001000111011110
10101011100000111
11111111011110010
11011111001011110
10100110011101110
01110100100111111
10110011101000110
00010000100110000
01010001100011100
01011110000001100
00111110100111010
11000001001000101
10100101111010001
00101001100000100
01100100100100111
01110011110010011
11100011010100101
10110100011010000
11011101110101111
00101100101111100
10001001010111011
01101100000101111
11000111101000001
01001011101100011
01111110110111011
00011001101011110
11000000011010110
00100000100111110
10010010101010010
11110010111011001
10101000010111011
00101001000111010
10001101010010100
01111000000010111
11110101010101101
11001010001010111
00001010011101101
01111111110001111
00000001011011100
00001111111011100
11110011010110000
00100110011000110
11001101010100000
11110110101100011
00010101110001010
01001011011001000
01110000100000100
11000111101010100
00101110111110101
00011000001010010
00111110110101000
01101000101010010
11101110011000101
01011011011001110
10101000101100011
00111100011110001
11101100010111101
01000110101111001
10101101001000110
10010100001111110
01111111011001000
10001111101000110
00111101111010101
11100111011111110
10100000101101001
10001101110010010
01101101011001000
11000111011000110
11001011111110000
01001100101101000
10101100111001001
11011000011011111
11100101011110011
01111100110110111
10101011110000110
10100010110011011
10000001111111110
10111001000001110
01010010100000110
10001110110101011
11011100111101100
00111101100010101
10001111101000100
01010110010011100
11011001110010001
00110010011100010
11101011010111101
01001010100010001
01001111110100011
11001010000001001
10101100101011010
00110110101110010
00010110000010001
01110111101011000
00010111111101100
10110011011110000
11111110011100100
00101000101110010
00110111010101101
11010010001010101
00001010001010010
00010011001010100
01111111101111000
11000110111100000
01001111010000100
10001000100101010
10110111111110010
11001011001101010
00010100010011111
11110111001110000
00010011011000100
11111011000101010
00000010101100111
00111110111100011
00010100011011100
00111101001110011
11000011111010110
01101111010111001
01101111001111101
11101000010101000
01001100000010100
11011001101011011
01011100001101000
00011011111101110
00010010101100000
10001001001101101
01110100011100000
00000101100100111
00000000100101100
00000011110010110
01010011010000001
11100011010000010
01000001010000001
11100111111010110
10001100000010101
00011011111100001
01000011111000100
11001001111111100
11010001100100101
01010010101001001
00000010001100011
00010001110001011
10111001011101110
10001011001001000
11110011111001101
10010101100111101
10110111110010110
10000110100110101
00001101111011010
01001000010010010
00001001110111101
11111000010000000
00011001100000001
10011110110000101
11011100011010110
01110100101110011
11010110111100010
11011010000101010
00010001001110001
10011011000111100
11010111000111110
10000010011110111
00101000101000001
00010010111111001
10101100000011010
11110110111000100
01000101000011001
10010000110111011
00000110010011100
11001110010100000
11110100100011100
11001101011111000
01111101011001010
01101111000100011
11100101101110111
01101001111101101
00111110100010100
10101010011010110
01110011111101100
11101101000010100
11011010000000001
10000110011000000
11101101111011001
11001001010111001
10010010011100011
11110011011010010
00001101000010000
11100001101001000
01110011011111100
00101111110000100
10001100010111010
01110111011110100
01111110100001011
01111000110100011
Time = 12.668s
