n = 6, k = 3, l = 3, m = 212
Expect Resample Times = 0.364848
Result:
111111
010101
111001
100101
101111
110001
100101
010011
110011
111010
100011
111100
001111
110011
111111
111100
101001
010111
110100
100101
100101
101100
011101
110010
010110
110101
001011
110111
010011
011011
101100
101110
011110
011100
001110
100011
010111
011101
110011
101110
000111
011010
100110
010111
101101
010101
110110
111110
001110
011100
101011
011110
010111
000111
101011
101101
001011
011110
101111
111111
110100
110101
110011
101101
111100
100111
001111
101111
001101
111110
011111
110011
011101
011111
011101
110001
100101
111011
110010
111101
101010
110101
010111
100011
101100
111000
011010
001011
101110
011100
110111
011100
101101
010101
011111
101001
001111
111110
101001
111100
111010
101110
110111
010101
011100
100101
111000
010011
110101
100101
010111
101101
001011
010110
010011
111010
100110
101101
101010
111011
011111
010101
101011
110010
101100
110111
011010
001111
010110
100101
100011
101101
011111
111100
111010
111010
011101
101101
001011
001111
011101
011101
111100
111100
000111
110001
101100
110100
011100
100111
100110
101110
000111
011111
111110
110101
100101
101001
100111
101001
111101
010110
110001
010110
010101
011100
101101
011110
101110
011010
011111
111000
001110
101010
111110
011001
100111
110111
111111
001110
110001
111000
011010
101111
011111
110111
010101
110011
010101
111110
101010
101001
100110
010101
110111
111011
101101
011010
100011
111110
010101
100111
000111
100101
111010
100101
001101
100111
111010
011100
111010
010111
Time = 0.002s
