n = 14, k = 2, l = 9, m = 107
Expect Resample Times = 0.669473
Result:
01110101011111
10110111100101
11100111101111
11001100011111
11100111111000
01110110111100
01111101001101
11010011101111
11101100110101
01101111111000
00111110111101
00101111111110
10111111101111
01011011111010
10011111101011
10110110111111
11111100010110
00001011111111
11101101110010
11111010011111
10111110111010
01101101111101
11011110100101
11011001111111
11101110101100
00101011111101
01111101011111
01011000111111
11101111010011
01110111110100
11111010011100
11100110101011
11011110001110
11111011101110
11010100111011
11111010100111
11001011110110
11011011110011
01110111101100
00111110011101
11100101111010
01111111111000
10111101010111
01011111111111
11011110100110
11110001011101
11011111011010
11110000111011
10110101100111
11111001100111
11110101101010
01111010110111
11101101110110
11010110010111
11011011101100
11010110111010
00111011100111
11011111010001
11010110011011
10110101011101
11010111010011
01101111010011
01111101011011
11011111011100
11011111111110
10101111011100
01111101011010
11110100101101
01011011111100
11110011011101
11101011111011
11111100101011
11110100001111
10011001111110
01010111001111
11111110001011
11011101011110
00111111101110
01101110111101
00110110110111
01010011111011
00101111111101
10111111101110
10111011111000
11010010011111
11011110111011
10001110110111
01100100111111
10101010111011
11100101111010
10111111001110
11110010010111
10011100011111
11010101101101
11110111010010
01010011111011
11011111110010
11111010011100
10110110011011
11100100111101
10011111110010
11010111101101
01101001011111
11010110011110
10110011111011
01110011001111
01010011111111
Time = 0.005s
