n = 8, k = 4, l = 3, m = 360
Expect Resample Times = 0.367868
Result:
00100110
10100100
00100011
11001111
11001110
10110101
01110011
01011101
01011010
00000111
00111011
10100101
11110100
00011110
10010101
10000101
10011010
10110100
11011101
10000011
11011101
11110110
10010010
01110110
10111100
10011111
10011010
00111011
11101010
01100011
01100111
01001101
01001010
01101011
10101110
11001101
01101100
01001101
11100011
01100101
01010010
10110011
11100000
11101010
11111111
11111001
11111100
10111010
00111000
01010111
01111100
01110111
01011011
01011001
10000111
00111011
11011001
01100101
11101101
10111000
00111101
10101110
10001010
01101010
00011010
01001010
10000110
10010111
01011100
00010111
11010100
01101001
01110111
10110000
10101110
01001111
00010011
01110110
00101111
11101111
11010100
01001001
01100111
00101101
11100011
11011000
10111101
01100101
01110111
00101010
00111100
11011100
01110000
11111100
10001111
01100101
00100110
01111101
10110011
10001001
11111110
10110101
11010010
10000111
00110100
11110010
01110011
01010001
01001101
01110101
10110011
11110000
01100101
00011001
00111110
01001110
11101111
01010010
10001010
00110111
11010010
00110110
11010100
00000111
11000111
10101001
01000011
11001010
10001010
11011100
01111110
01100100
10111100
00011011
01010010
11000010
10100111
00101001
11000101
01000110
10011011
10101010
11111000
01001010
11111101
10001011
10110100
01100001
01110101
11000001
00101011
01010001
10111000
01111101
00100111
10101100
10001010
10111110
01010110
00101100
10110000
10011011
10110101
11100100
01001110
01010101
01100111
01010001
11100001
01000110
00101010
01111110
01010011
11111101
11100101
11101100
11111011
01110000
10100011
01010001
11000111
01010101
01001100
10010011
11001101
01001100
11111001
00101111
10010100
11111010
01000011
01100101
00100011
11101110
11100001
11001010
01001011
01001010
11011001
11101011
10100011
10101001
01111010
10001110
11000111
10110010
01110011
11010100
10000101
01100001
01010001
10001011
10010001
11110011
01011110
01101101
10100101
10101000
01110100
10111100
10111110
11000101
00001110
11001101
00100111
11100000
01101011
10000011
11101000
00100111
00010101
11001001
11010011
11011010
11110110
11011100
11100101
11011011
11111111
11101111
01011011
11100101
11010010
10011011
01001101
01100101
11001011
01110100
11111110
10110110
10011110
00100011
11011111
00010111
00011101
00111110
01001011
11001011
11000111
01111110
10101111
01001001
01001100
11101000
10011111
10000111
11101101
11010000
11100001
11010000
00010110
10010001
01011010
11011101
01111111
10010010
11100110
01000011
10101100
11010000
01101110
00111100
11010111
00100110
01110001
11001111
00010110
00101001
00100110
10100011
11001100
10001111
10110001
01101111
11000101
10000101
11110000
01101100
11101000
11011110
10001101
10100011
11011110
01001110
10011110
00111001
10101110
00010101
10111101
01000111
11000011
11001000
01110011
00001011
01100111
11110110
11100010
10111101
10111111
10110101
11100111
01001001
10011101
11000001
10111111
01001010
11001100
00011101
10100011
11000101
10001111
11010010
10011001
10110011
11001101
10101001
00111001
01100011
00111111
11011110
01001110
10010001
10001001
10101000
10100101
00010011
10000011
11110011
00001101
01111011
10100111
10010101
00101010
11111010
10110011
00010111
01010010
11110100
01111011
10011000
Time = 0.003s
