n = 12, k = 4, l = 8, m = 7346
Expect Resample Times = 0.377711
Result:
100111110011
001100111111
111100111110
001110101111
111010011011
110001111111
110111100111
111101110001
101111001111
111111010110
101110111110
111111011111
001111011101
111100100111
111110101110
110111101101
110010111011
011111011101
100110011111
111110011111
101101111111
011111101011
101101111010
100111111010
110111101001
011010101111
111011101011
001111001111
110101110110
011111111101
111110101011
111001111010
111011101101
110101011111
010111111011
110011101011
111101100111
011011111001
101001101111
101110101011
111110111011
111010111010
011101110111
111011010101
111101110111
110011111111
001111111011
110111101011
101111111001
111111000110
111111010110
011001111101
101011011110
011111110011
111011011010
111010010111
100111110101
000111101111
101101111010
111111001111
001111111100
111011101011
110111010011
111101111010
111011111011
111000101111
100110011111
011110101101
101110101110
111101011001
101111100110
101110110101
001110110111
011111010111
110001111111
010011111101
000111111011
101110101111
111110010011
110010111101
011101110101
011100111111
010110111011
111011100110
110111010110
111101010011
101110111001
111101100110
111100011101
111011001110
111101101101
110110111011
111100110101
001111111110
110111011101
110100110111
000111111011
111110001111
101110001111
111001101111
011011010111
101111001110
110111010110
010111110110
011101101011
111110010011
110101001111
110111011010
111011101010
111110001110
111011011010
100010111111
111001110111
111110101001
111001111111
001111011110
111111011010
111111101111
001111111001
011111011001
111011110010
111011001110
010111111010
011110011011
101001111011
101111111110
111101001101
111011011110
111000110111
101111011001
110010111101
111001111100
011111111101
100010111111
111111110011
111010110110
110111101111
110100111111
110010011111
110110110011
111101101111
101001111111
111110101111
001110110111
011011011011
111111101000
011111010011
111110001111
110111010011
110111111101
111110111101
110111001101
101110110111
011101101011
111011101111
001111101011
110000111111
111111010101
111100110110
011101111101
110111111000
101101101110
111011001101
110111000111
101010110111
001010111111
010011011111
011110011110
111101011001
110011011011
001011111101
011010101111
111101110100
010111111010
111000110111
001111111010
011111100110
110101110011
101011111011
111100111100
111111110001
011111010101
111111100110
101010011111
100111111001
111110111111
101010101111
101110100111
110011011111
101011101110
111110011101
101011101110
011011101101
111011111111
010111111010
111110100011
111110101011
100110111011
100110110111
111010110111
001111001111
000111011111
100111011110
111110010011
110110110101
111011110011
001110110111
001111011111
111111100110
111011011111
001011101111
111101110011
111001101111
011110010111
101111101010
011110001111
111111100011
111111010111
111011100111
110110110111
111100011101
001110111110
110101111001
100011101111
101001111111
101011110101
010010111111
101111101111
111111101011
011010111111
001011111101
101010111110
100100111111
111010011111
111001110101
001110101111
111101111110
111100101011
010111111011
111110011101
111011101011
011110101110
111101101100
111010011011
110101110111
011101111100
010111011011
001110111101
101010111011
110110110101
111101111101
000111110111
110101110011
100101111110
111111111010
011011011101
001101101111
011101001111
011110011101
111101100110
101111100101
101110111101
110101111100
111101101010
011110011011
110101110110
111101010111
100111101110
100111111101
001101011111
010111011101
111111001101
111100111110
111001011011
110011011011
011011110110
101111110100
101011110111
110111111110
101111100111
111101010101
011110110110
101101111101
011101110101
111010110101
011011010111
111010101101
010111111101
110011010111
011111010110
100111111110
110011111111
111110101010
111101001101
011110111101
111111011111
111101010101
111011110111
001111111110
010011110111
110111011011
101101110111
111101100101
011101110011
110101111101
101101011111
101011111110
101100011111
110011101011
010011111011
101111001011
110110110101
110100011111
101111111011
110011001111
111101110110
111001110101
011011110110
111111100111
011111111010
110011100111
001111111110
110110001111
101101111001
101101001111
111101001101
011101101011
100111101101
011100111101
011011011111
110101101011
111111011110
011100111011
010111101101
111111101010
000101111111
101110111100
111011110010
111010111111
111111111001
110110111101
110011011011
111011111111
011101010111
110111110001
001110111011
110001111101
111111111011
100110111111
100111101011
111111111001
011101011111
101111010110
111100111011
001110111111
111011010011
111011001101
101011110101
011101001111
111011011111
110111111000
111101001011
111101010111
100111101011
101111110011
111011000111
101111011110
101111111010
000111111110
111111110100
111111011011
101111110101
111011110011
001011110111
101101110110
100101011111
101110011110
101101111010
100010111111
101110011011
110010111110
010011110111
110110111010
111010111001
010011111101
011101111101
111110101110
000111111111
110110011011
110110111111
001111011110
010111110110
101110111001
011001101111
111110111010
101011111001
110111101110
010011111111
001101110111
011111110001
101111111011
011101100111
101111100101
111111111110
011100111111
111011100110
011111111011
011111111010
111011001110
111110010111
111100111001
111010101101
110111010101
011011011110
100111111011
111111101111
101010111011
011001111011
010111011110
111100101111
111111111110
000111110111
110011101011
101101101110
100101111101
011110011101
100111111111
011110110111
101101111011
011010110111
101101011110
101011001111
011111011101
111110111001
111110110110
011011011011
001111100111
001111110011
110111111100
011011101101
111101111001
111111011001
110101101011
000111101111
101101101111
111110100111
000111111101
001111010111
101101011101
101110110011
011100011111
100011011111
111110010101
111111000110
110110111100
101111110010
101111111101
111101111111
101111111101
101101110011
110111001101
110111001110
110111010011
111010111111
101111110110
111101010111
011101110111
010111101101
011111101110
110111101001
110110011110
111101110100
111111000101
111011011010
011110101111
011001110111
111101101101
011110011110
001110110111
101010110111
011111111110
110110101101
111010011011
101110111110
110110011110
011110100111
110011111010
110111011101
111011010101
011111111110
010111101011
001111111100
111110100111
101111011110
011001101111
111110101010
101111001011
100011111101
110111010011
011111110111
010111101011
011001101111
110100111011
001110110111
001110011111
010110111111
110111011101
011001111110
111101110011
111101001111
110011111010
111111110111
101111011001
110101011101
111110011101
101111011110
001110011111
111010111111
101011110110
111110011001
101101111110
110010111110
111110101100
001111111100
101111100110
001110011111
111101010011
110001011111
011011111100
101001101111
111111111101
100111010111
101100111110
110111110100
101111110111
001111111100
011101011110
111111111100
111100011110
011110011011
011101110111
101101101101
100111110101
101111101111
101000111111
110101101110
111110011011
101111011100
110101101101
110110111100
101010111111
101101011101
011111111010
001111111011
101111111100
111110101001
111001111111
101011101110
101101111100
000111111110
110111011101
111111100010
110110010111
111111011110
010111110011
111101100110
010111110111
111100101110
111100110111
011110110111
011111110010
010011011111
111101101100
111001001111
011110111011
010011101111
000111110111
101101111101
111111100110
010111101110
101111110010
110111001101
111101101101
011101011110
100011111011
001011111011
110101111111
111011101110
110011010111
110011111001
111111101111
111111001001
011101001111
101101011110
111110111100
101110101111
111110100011
111111010110
110111010101
110010111101
111110011111
110110111100
100111101111
110100111011
111100110110
101011001111
011111000111
001110111101
011001111101
111101111010
010111100111
111000101111
111110001110
010111111010
110111101100
011110010111
011010111101
111111100110
011101011101
100111011111
111011010111
111111000101
101011101101
000110111111
011011111101
011111101001
100111010111
101011111110
101011101110
011110111101
100111101111
111111001010
100101111110
010010111111
110110101110
011111101110
101000111111
111001110110
101110101111
011111001111
101111001011
011001111110
011111010011
110001110111
010111100111
101001110111
101011111111
111101101010
101111001110
011111111001
111100111111
010010111111
101100111111
110011110111
111111010001
111001101111
101011010111
110110011111
111111100111
101111110010
011011010111
100010111111
100011011111
110110111100
100111100111
100111110111
011111010101
101111100101
111110110101
100111111010
101110111001
110111110010
111001101011
111111110111
101111111110
110111111101
111101011010
101101100111
011101011111
111001111110
110011111011
111101011101
010111011111
110011111011
011111100011
111111100111
101101011110
111101101111
111001011110
101111010111
100101101111
111100110110
111001111111
011110011011
101011011111
101110101110
101111011111
110111010011
111011111111
011101110101
111011001101
101110101101
110011011110
110111100101
010111111001
010011110111
110110010111
011100110111
011110101111
111001011011
001101111110
111111010100
110111101110
111110000111
001111111111
001111011011
110101111101
010111011111
010110101111
110101111110
110100110111
101110101101
111000111111
011011011011
111110111110
011111110010
010111111010
011110011101
101110101101
010110101111
101111011001
111101110100
110110111101
001001111111
110100111011
100111111111
101111001111
111011011001
110111110001
111001101011
011011111110
101101100111
100011111101
111110111101
110111011001
000111101111
101101101110
111111100011
101111001111
110111001101
111101111101
011101011011
101011100111
111101101100
100100111111
101111111111
011111011101
101111110010
011111011010
100011011111
101111111001
100111111111
001101111110
111100111111
110111101101
110111011111
111110111000
110101001111
011101010111
111110001101
111101110001
110110001111
101001011111
011101011110
111111111100
011111111100
011110011101
111010111110
110100111111
111110010101
011011110011
111011011011
101011111101
111100111101
111101111101
011111010011
011110101111
111100101101
010011011111
010101111101
111111100001
111101010011
100110011111
011110110110
101111111110
110111110010
101110011101
111111101001
111110101110
111111001100
100111101110
011101110110
011111111010
010110011111
101011111011
100110111111
111110011110
001111111001
101110111010
111111111101
001110111101
101111010110
111011100110
110001011111
110111101001
001111111101
011101110111
111101011101
111111011110
001101101111
100111011111
110101111001
110110110110
101111011110
011111110010
110111101011
111110111001
111110101110
111111011001
111100111100
111110101011
101111110010
111010011111
101110011011
111111010011
001011101111
101011100111
111110101011
001111101110
101011110111
011111101110
101101010111
100011111011
111001011111
111101111010
111001011101
110101001111
011011011110
001111101111
110100111011
101111011110
011111011110
111010101110
111110010111
101001111110
001101101111
111111001111
110111001110
111001011101
100111111111
011101110101
111101111001
011011011110
110110010111
100001111111
011111001101
111100111110
100101110111
111011110101
011101111001
110111111110
111111110000
111011110101
011101011111
111101101011
011110111110
010111101101
100101111101
011010110111
101101011101
111011100111
010111111101
101100111110
011111011110
111110101011
111001111101
111111101101
001111110011
010111111110
001101101111
110111111010
111001011011
111011011001
101111011100
010101111111
111100011111
111110001111
110101100111
110011111101
110101111001
110011111100
101101101111
000111011111
011011110011
101111101100
101111011010
101111100110
111110011111
111110110100
011011011101
111101000111
101101111111
011111001110
010110111111
110110101110
111011111110
011111100011
111110110110
011101111101
101101101011
011111110110
111110110011
011111101101
110111110011
110001111110
011101001111
110101111110
011011100111
111010010111
111111100111
011111101110
111011011100
011101111001
010110110111
111010111111
111101110101
111011001110
110111001011
011111011010
101101111111
111110111100
111011100111
000111110111
101111010101
011011110011
111100111010
101101011101
111101001011
001111010111
010101110111
111101101011
011100111111
110111101110
111100011101
111001101011
110011010111
011111100110
011100111111
100111111010
101110011110
010111111110
111000110111
101101101011
001111001111
011111011101
011111110101
011111011111
101111001110
001111111110
111011101101
111110110100
100111110110
111011011001
010111110101
101001111110
111110110100
000111111110
011111100111
011101011011
011110101101
110011101111
001110111011
110011111101
111111010111
111110010111
111111010100
111110010110
011000111111
100111111100
010110111011
110001110111
010111011101
111110001011
111111001111
111010111101
101111011110
101100111011
011101101110
111110110110
110010101111
001111011101
011111010101
111111100010
111101001111
111111111101
111111010101
101010101111
000111110111
110111010011
011101111001
010111101101
111100001111
111110100110
111101110011
001101111110
110110110011
100011111101
101100011111
100110111011
101111110100
011011111011
111001111011
101100101111
111100001111
101111101111
011011010111
101101101101
111101100111
111100011111
111111110111
011011101110
001111101011
110011111110
111011010011
110111110100
011101101110
111110011001
101110101011
010110111011
011101111110
001111101011
101011111101
111110101110
011010111011
011010011111
101111101011
111101101110
100011111111
111111001010
111101101111
011001111110
111011010101
101111110110
101011110011
111110101010
100111111111
111100010111
010100111111
011111101010
101010111101
111111110010
011101111111
110011111110
011101001111
111111101100
011110101101
111110011011
111111010111
011111110011
101111111011
110101011111
111101011011
111011011110
111110100101
010111111111
011111011101
101010101111
100111101011
011001111011
111010110111
110001111101
011110111111
001111011101
111010101011
110001111111
010111101101
111011111110
011110101110
111110100110
010111101111
111111010011
110111011100
110110010111
111111110010
111010011111
101010111110
010111110111
011110110011
001111101101
111101111011
110011011101
111111000011
111111011010
101111110100
110001111111
101101111001
011110001111
110001111011
111110011100
001111101101
000111111111
110011101111
011101011011
101100111011
101110101111
111101100011
111101010101
111110111100
111110110101
101111111110
110110010111
110101101111
111111001110
101001111101
101010111110
011001111111
100010111111
110101011111
110111110001
110111111001
111101011100
011111101111
110111110101
111101001101
101100101111
110010111111
100111111111
111110011001
110111011110
111011110001
111100101101
010011111011
110101110101
110011111111
010110011111
111111011100
110101111101
111110011001
111111000101
100111111110
110110011101
011101111110
110110101111
100111111100
111010011101
111110101010
011111110001
011101111010
010101011111
100111111001
110110110111
001101011111
101011101110
110111110100
001101111111
111110111100
111111111111
110100111110
011111110111
001110111101
110011111111
101111001101
111011111111
111110011011
100111001111
011101010111
110011111100
000111111101
111010111001
111001101101
101101110111
110101111101
101011011110
110111001011
111011100110
111101110100
111111110111
111111101011
110010111111
011101011011
101111100101
111111110000
011111101111
000111111101
111010110111
110011110011
110111111100
110110011011
111001011011
011101110011
111011101110
110001111011
111100011011
111111110101
101110110110
110111011010
101101111101
011010111110
110111100111
011011111011
111011101010
011110111100
111111011101
110101100111
011111010101
111110111111
101010111110
001111001111
101110101011
101110110111
101101011101
011011011101
101101011011
011011111100
011111111110
011011110111
111111000111
111010111010
110101111101
001110111101
111011110100
111110111111
011111111001
111000110111
001111101110
011000111111
110011111011
100111101110
111110111101
010011111011
111111101100
011001111111
111100101110
100110101111
001011111101
100111110111
111111110010
111110011100
110101110111
101111011100
111101001111
100111110011
010011110111
110100111101
100101111011
011111111010
111010111010
011110101110
010110111110
111011110001
011011110110
101101111100
001111111001
000110111111
110011110111
111111010011
011111110110
111010101111
101110111010
010111110110
110101110111
110111001110
111111110111
111011011111
101110111110
010101111011
011101101110
101101110011
111110111100
110011110101
111110110010
011110111011
001110111111
111111010110
111101101010
101111001111
110110110111
110011111010
100111110111
101100011111
111110111111
100110011111
110011111001
101110101101
111111110110
011110110111
101111111101
111111111101
011011111010
111100011011
101111011100
111101011111
111111111010
111110110101
111111010101
111111111000
011110011101
111001001111
110101100111
110110011011
101111111101
111011111000
101110001111
111100110110
011011011101
110110111101
100111110111
111011111001
011011111100
011111110111
111101001011
110010111101
010111110110
011011101111
101111011011
001110110111
110000111111
010110111011
111111010101
000111110111
011111001101
111100011110
011011111001
110111111101
010111110111
111010111111
001001111111
011111101100
111100001111
111001111110
110110011011
111110110001
101101110111
011101100111
101011101110
100111001111
111001101111
101111101001
101010111110
101111110111
011110110011
101011001111
111100110111
011011110101
001111011111
111011100110
100110110111
010111110111
011011111111
110110110110
000101111111
111011001101
101011110111
110101110011
111100111111
110011001111
011011110101
101011101101
010111101011
011111001011
110101111101
111110111100
111010110110
111001110011
111011011001
011100110111
101001111110
111011011111
100111111011
010100111111
110100110111
101101111001
111100111010
110001110111
110011011110
000111111110
111101100110
111101011111
111011001011
101101101110
100111101111
111001111100
011111100101
111111100110
111011011001
101110100111
110111111001
011101011011
110110110110
110100111011
111111011000
111011110100
111011110111
001111011111
111111110011
111110011100
110111111011
110111110101
111001011101
111111111000
111110100011
101100101111
111111111001
111101110010
111010111111
101111100101
110011101111
111011111100
111101100011
011110100111
001101110111
011111110110
011111111100
111010011011
011101100111
100111111100
011110110111
101111001101
111101011101
110111001110
110111110101
111011101111
011111111101
011110011101
010110110111
010111100111
100111101111
110011011111
111011111000
111010110101
111010101110
100111111100
011111111011
110110111111
110011001111
010110111110
010111111010
001111011111
011111111000
110010111011
110011111001
011001111111
011111001101
111110110011
011011010111
010010111111
111111111010
111101001110
110101011110
111111011000
110100101111
101111101111
110101011011
011111110111
001111011110
011111100110
101111001101
110011011110
011100110111
111010110111
101100011111
111111010101
101111101011
000111111110
111100111111
110111001101
100111111001
111000111011
111001111101
101111111000
100011111011
111100011110
111111011101
111110011011
101111110111
111101010011
101011010111
111111000011
101111011001
001011111111
111110111010
101110110111
110110110101
010111100111
101111111110
001110110111
111101111100
010111001111
111111100110
111111011001
111101111110
110111010011
110011111011
101001011111
101111100111
110110111011
111011110011
011111011011
110001111110
111111010011
101111011101
111111100011
111110001011
101110111101
100011011111
110011011110
110110101011
111010101110
100110110111
101101110111
011110011111
011101011110
010011011111
110001111110
111010011110
010111011111
110111101010
011111010101
111011110101
100110111101
110111101010
111110100101
001111111101
011111011111
111110110001
011111111110
110101101110
111000111111
101101111110
110111111010
111111100111
110101111101
111101100111
111101100101
111101011111
111010110101
010111011111
111011011100
001111110011
111110100101
010101111011
011111011010
111111011001
010111111011
111111110100
001111101110
110111110001
111010101011
110101011101
111001001111
110111100110
110110010111
101101111010
101111111101
100011111011
111011101101
111111101101
010111010111
110110111010
001111111010
110111011011
101101001111
111011010011
110111111110
111000111110
001011111110
100110101111
011101101111
111010100111
111111010110
110011101111
001111111010
111101100011
101111111011
111101011001
101011011110
101011101110
011100101111
111111110001
111011001111
010111011111
111010101011
001011110111
111111001110
000111101111
110001111111
101111111100
110101110101
111111111001
111101010011
101011010111
111111001111
111011110101
110110011111
110110101110
100111101011
001111101110
101110010111
111111100110
111110111011
011111010111
111111101100
111100110111
100111111011
111100110101
111001111110
110001111101
011101101111
011111110001
101111100111
111111001001
111101111111
011111100011
111011100110
001011111110
101110101011
111111001011
111010011111
011101101011
110011001111
111110100111
010111110101
111000110111
110001101111
110100110111
101111100011
100111111001
011101111011
111000111110
111010111111
011011110101
101101101011
110110011111
101111101110
111101111110
110111010011
111111011001
101111010110
010101011111
101100011111
111000110111
101000111111
101100111011
101011110101
010111111001
101111011111
110111110101
110011011110
001111110011
110111101101
110111011010
100011011111
111101010111
100111111101
111101010011
011110111001
111110100110
011111001101
101101101011
111001011101
001110111011
101100110111
011010111101
101110110101
111111000101
010111011011
111110110001
111111000111
111111001100
111111100101
111111001001
111101010111
110101110101
111110000111
110101011101
001111101110
111011111001
111000110111
110011101011
111001110111
111011110010
101010111101
011011111010
011110100111
001111010111
111111101101
011110001111
111011111011
101110111101
101001011111
111011110001
110111010111
010111111010
101111011001
011101011101
011110101101
111111011011
010101111101
011111110111
111011011001
101001011111
111011011100
111111101011
010111101110
101011101110
101101111001
111110011001
110111100111
011111111000
111111010110
111011111001
011111110110
101111001110
111110001101
011011110011
111110100111
111001110101
110111110100
111101111001
000110111111
011011101110
011110101011
101101111100
111011110011
001011011111
010111111011
001111110111
101111001101
110110111010
110110111110
101101110011
011011111111
110111100110
011101110110
010110111101
010111111101
001111010111
101110010111
101101111110
111110100101
101010110111
111110100111
110101100111
011001110111
111111101110
011101101011
101011010111
011111111011
111111110100
111101101100
101010111110
100111101101
011001111110
011111111110
011101011011
111101011011
111100111001
111111100011
101101111111
111100111010
110111001111
001110101111
111011110001
110110110011
110110110110
111111011000
110101111110
101010101111
110001111110
101111011110
101110110101
101110111111
110111101111
101011111001
101011011110
011011110011
011101010111
111110100111
111101100110
011111110101
010101111111
100111100111
111101100011
111110011010
101011100111
111110111011
110110111100
111011001101
100010111111
111111101100
100111111010
110111111000
111110101100
000111110111
110011110111
011000111111
110100101111
101111110110
111110100111
011010111111
111111001001
101001011111
101100111101
111100111111
101101111101
011111010101
010101110111
110111111001
111010111010
111101001111
011111011101
111110101011
111000111011
011011101111
101111100111
110111111011
110111110001
101101111111
101111011111
110101101111
111111011000
111111110001
010101011111
111101101110
001111001111
111001111101
111111010100
011111110001
101101101111
110000111111
111110100101
101000111111
111010111111
111011100101
111101111100
011011100111
001100111111
111011010011
101011101111
101100111110
011110010111
011101110111
110101010111
101110011110
111111101011
101100111110
111011001101
111001111101
111010111101
111101100111
110110011110
101111111011
011011111010
001111110101
001111011110
011110111010
111011100111
011111011111
101111111000
111100011111
111010011101
010111111011
110101011111
110110110110
011110111100
011101110101
110101110111
101100111110
110101101101
111011010101
001100111111
010111011111
100111011101
110011111010
011011111011
101111101101
110111110001
000111111111
011111101101
100011011111
101001111111
011011111111
111110111111
101011100111
101111101011
111110110101
101011101110
100101111011
101011010111
101111111101
111011000111
111001111010
111101111111
110001111101
011001110111
100111111001
111111100011
011101011111
111111010110
111011110111
111010101111
111111011001
111101010110
011001011111
110011110101
111110010111
111111111101
011111111100
101111011100
110110011011
111011011011
101101011110
010011111111
111110111110
011100011111
101011101101
111011111010
011110101101
111001010111
111100101110
011011111001
001110111011
111111010110
110101011011
111011110110
111101111011
111001111010
010111101101
110101110101
111111001001
010111111110
111000101111
100110111101
011111000111
111110011110
110100111011
111111000110
001111111010
110110010111
111110001111
000111111011
111111001110
010011011111
101010111011
111100011011
101111101101
011101010111
111110101001
110111111101
111011111100
110111011101
110011111100
111111100011
011011111111
111001110110
011010111011
111011010101
011011011111
101111100011
101011111101
101111101011
011111011100
111111110001
010010111111
011111011111
111011111011
111110101011
011101111100
110111110110
100111101011
101011101101
110110011110
110001111011
111110100110
010111011101
101111010011
111111111010
011101110110
111100011111
110111110101
110101001111
111111001101
010110101111
101101010111
101101110011
111110011011
111000111101
111111001101
011100111011
111111001110
110101110110
000111111011
111111110111
110111011111
011011011111
011110100111
011110111110
111011110110
101111101111
111111111001
111010011101
011111001101
110111111001
111010101011
101111111001
111101010011
111110101111
010111101110
110111011001
001011111101
111010111110
110011101101
101110111111
110011101111
111111001001
101111111100
011011110101
111111110011
011101011111
111101011010
101110101011
110110111010
101010011111
111110000111
110110111011
110011111100
110011010111
001101111011
110111001110
111110110011
100101110111
111110110111
110111100110
011111110010
101110110011
011101110110
111100011101
100111111111
111010101101
110111110110
100100111111
010010111111
111111001001
101011111001
110010011111
111101110001
111101011100
110110110110
110111100101
111010011101
001011111110
111111000101
001111111101
111101111000
110110011110
110110111111
011111101011
111000011111
110110110110
011111100101
110101110111
010111101110
101101001111
100101111101
111101101001
111011011110
111000111110
110111111111
100101101111
110110010111
111010011011
111111101100
011110110110
110011111100
100111011101
111101011101
011001111011
111110001110
111110010110
111011011100
111111111001
111010011101
100011111110
101010101111
111111101000
011111011101
111001101101
011111001110
101111010101
100101101111
101010111011
010111010111
100101110111
111110111001
000101111111
111110101100
011101111111
010101101111
111000101111
110101100111
011101011101
110111000111
011100111111
111111011001
111010101101
011111101100
000110111111
110111010111
011011111110
011111111110
110101110011
111111011111
001101111110
110111011111
001111100111
000011111111
110111101001
001111011110
111100110011
111011101001
011011110111
111110111100
111110010111
001111111110
101111011100
101011110110
001111101011
111111100011
110111111011
010110111011
101100111110
011010111111
101110011011
011101111010
110101111101
100111101110
011101111111
111110011111
101100111011
111111001011
101111010101
101111010111
111110111101
101101110011
101001110111
011010111101
110011111110
001111011110
111100110111
110101010111
111111110000
111001011111
111101111011
001101111011
011111101001
110111111101
101101111101
111010111001
111111000111
111011110110
111000111110
111100101101
111100111100
111111110100
011010111101
111011010011
111110011100
111101100110
001111110111
011110110111
110110111010
111101101110
110001111111
101010111011
100110111110
011011101110
010111110011
111110111010
111111110111
111010111100
110111010011
011110011110
010110111111
111011111101
100111101011
111011111011
110101011110
100111011110
010111101110
011011110111
111010011101
110011110011
010111111001
110000111111
110110110111
110101111010
011011101101
111001011110
101101010111
110111101010
111011010111
010111111110
010101011111
101111111000
111100110011
101111101110
111010001111
111111111000
101101101110
110001111111
110101111100
110001111110
111111010100
110000111111
111111110101
010111001111
010111110011
011101111010
111010111010
111111110111
101111101101
011110011110
111111010011
110011110111
001011111111
100111101101
110111011111
001111001111
011110110110
100111011111
101110101111
110111001101
011110010111
111101110011
101111001011
101111011110
111110101011
111101010011
011111111000
001111001111
101101110111
110101110111
111100011101
111001011110
100111111010
011111111010
011110111100
011010111111
011111100101
101100101111
111101001011
011011111001
110111010101
110111001110
111101110111
111111000011
010111101101
111111011000
111101010101
101101111011
110111101010
111011101100
110111001111
101111111110
011100011111
110100111110
101111111100
111111111110
111100011011
110111110010
011011101101
111111100011
111101001110
100111101101
111101110111
101101111111
111011011100
101110101011
101100111110
011111111101
011111111100
011111000111
011011101101
101010111110
110111100110
011011111010
011111100111
010110111011
011100111011
101010110111
111011100011
110011111011
110111110011
011110110110
111101001111
100011011111
111110001110
011111011100
111101110100
111010001111
111010010111
010111110101
111011111111
101011110011
110011001111
111001100111
111010111011
111101110011
110111000111
111110111000
101110011111
111110010110
111111000110
110101110101
101111100101
111011011111
010101111110
011101101111
010011111110
101101111011
110101111010
111111101100
111111110001
101010101111
101001111111
110110011111
011110111101
100111011110
110011011011
110001111111
111011100011
101111110101
010001111111
101111101100
101011001111
101101111110
011100111101
011101111111
011110011011
110101110011
111010101011
111101111011
110111001011
111110100111
111011010101
111110011011
100101111110
110111111110
100111111110
011110011110
011110111111
111101110110
011111101101
101011101101
001110101111
010011111011
011110100111
111111000111
111010110111
110011110101
101101111110
111101101011
100011111111
001111111001
111110010110
011011111011
100110101111
010111101111
101110111011
010110111111
110001111110
011100111111
010111011011
101010011111
011111101100
101111011110
101101011111
101001111011
111011101111
110111100101
111101000111
101111100111
110100011111
110101111101
001011101111
000101111111
011011100111
001110111101
111001101111
111111001110
111101111001
101111101111
011110100111
101010111111
100101111011
001111111110
111010101110
011011100111
011111100110
111111001110
101111011100
111111011110
101110010111
011111000111
001111111100
011111110111
011111001111
001111011110
010011111110
110011111111
101111101100
101011110011
110011110111
110110111010
111101110101
011010011111
011101110101
111011111011
111111101111
111101111100
101011101011
011101111111
111011011101
110111101101
000101111111
101101100111
011101101111
101110011101
100111110110
111101010011
111101110010
111101101101
110111110010
100111101011
110111111000
101010101111
100011111110
011011001111
001011011111
110111110111
001110011111
010101011111
101111101111
011110111111
111100110011
101111111000
111101001110
100111111010
110111110011
101111011011
110011111010
100111101011
011111001111
110001011111
111011001111
111001100111
011101011110
000111111111
010001111111
010111011011
111100110110
111111111111
011110110011
100101011111
100110101111
110100111101
111111100111
111100101110
111111101001
001110111110
010011111110
111011111000
101101101111
110111111011
011111010101
110111101111
111111011010
101100111101
111011101010
101110110110
111001111101
100111110011
111110101100
111011010011
111111111000
110011011101
101111100111
101011111101
111011101110
011111010011
111011011011
111111101001
101001110111
111111100100
011110011011
111111110101
111101101001
111011110111
111011100101
001111011011
001111101111
111010011111
101001111011
010101111110
111111001100
011111111101
010110111011
111011110110
110111100110
111110101001
011111111101
101101111001
110011110101
111110111100
101001111110
001110111011
110111101111
111011011010
110001111110
100100111111
110111101100
111010001111
101110101101
111010011101
111101101101
000111110111
110111001101
110110111111
111100101011
011110111100
000011111111
101111100110
001111100111
011001111110
001110111110
010111101011
111111111011
101111110001
111111011010
111011000111
111010101101
110011111111
011100111110
000101111111
100110110111
010010111111
111111111011
111111100001
101111001011
101111111111
111011100110
101111110111
001111111110
101011110111
111111100110
001111011011
001011111111
101111001101
101101111001
010110110111
110111110101
111001011101
111101100111
111110011001
110101110101
011011001111
011001111011
111101111100
111110000111
101110110101
100110111101
111101011101
111111000111
011011111110
110111101001
111111100110
011011011011
011110111111
001111100111
010111111111
111101101110
101011011011
011111110001
111010110111
111111101111
100010111111
110110110011
101111101010
111110101010
110010111101
111101011110
101011011011
110011110111
111110010101
001110101111
111111001100
011101110111
110111101100
011101011101
111100111001
110011110111
111101000111
110101111100
111011011111
011011111111
111100110110
110001111101
111110011100
110011011011
110011011110
011110100111
111110010101
101101111101
110101101111
111011010011
111111111000
010111010111
101011111101
011011101110
011101010111
001011110111
101101111001
111101101010
111001011111
110001111011
101010111110
011101011101
101111101100
011111011100
101011011011
110110101110
111111110110
001111111010
110110101111
001111001111
100110111111
111011110101
110101101110
110111010111
101001111011
010101011111
110011011011
011111101111
100111100111
101110111100
011011011110
100110111101
111110110101
111110111011
101001101111
101011111110
001101110111
001111111101
111011001101
011010101111
110001110111
011101111101
000011111111
110010111111
101101011101
011111110110
111111111111
110010111101
101111100011
110110100111
011111010110
111110111011
111111101011
011111101010
101101001111
101001110111
011110011101
011011110011
011001110111
111100011111
011001111110
101101101011
111010111011
111111100100
110011010111
111110100011
011111010011
101111101010
010111111110
010001111111
011111010101
110011111110
011111111110
101111011110
110011011110
001011111110
111101110101
111011111111
110111010011
011111101100
011110111110
011001111011
011111010110
011101110111
100101111110
010111111001
110001111111
010110110111
111011001101
110111110100
100111100111
011101111101
101111011101
100111101101
111110100011
110011111010
110110011011
101111101100
100111011011
001110111101
111101101111
011011111101
101110101110
011010110111
111010010111
101000111111
111111011100
111100111010
111111001010
111111100010
011010111111
111111111111
111111000101
111001111010
011101011111
111111001111
001010111111
111101110001
101111110111
110111100110
110001011111
101001111111
101110110101
110110101111
111111100001
011110111011
101111110100
010111101011
111001101111
011011101110
001111111010
111001110110
111101111010
011111010110
110110101101
111011110010
011110110110
100111111100
100111010111
011101111111
110101010111
100011111110
101111111011
101001101111
010101101111
110111101001
111111100111
011010101111
011111100111
011101111110
101011001111
100100111111
001101111101
100101011111
001101111110
111001101101
111010111110
101111011101
011010111110
111111101001
010011111101
100111110101
011111111000
101110111111
100101011111
111110111101
100110101111
101111001011
101111110010
101101001111
111101011111
111011101110
111101011101
111001110011
011110110110
010110111110
101010110111
001011111111
110011110110
100110011111
010111111111
111111110001
101111011111
110110010111
011010111110
010011111110
011101100111
011111110110
110111111011
110010111111
101111101110
111110010111
100111111110
001011111110
001111011110
011110111110
001010111111
011010111110
101110111101
110101111111
111101101100
110110101011
111100110011
110111101101
010011110111
110111101101
000111111111
110100101111
110100111101
111110011010
001101011111
110001101111
111110111110
110111011110
010001111111
111001100111
101110011111
011110111001
110011111011
011111111011
111011110111
011111110111
101110111100
101111011101
111011110101
111101110100
101011111111
000110111111
011110101110
110110110011
011100110111
110111011010
101011101110
111111001010
100111111111
111101011101
100011011111
110111101001
110110101110
111110011011
110111101010
011011101011
111010111100
111111101001
101111110101
110111111000
111100011011
111011111011
110101111111
101111111011
011111110010
111011111010
011111111101
011101111001
110110111011
010111101110
011101111001
100011110111
110011111001
110011110011
111110001011
010011011111
100101111110
001110110111
111110101100
100101011111
111110111010
101111001111
011110110111
110101011101
111011111000
111001110011
010101111111
110101111100
101101001111
011111111100
111101010011
100111110110
101111011001
110110111100
000111110111
110111011111
101001011111
111011010011
011101111111
011011111110
001111011101
100100111111
011111011110
011110011110
101110111101
101011101101
101110111001
111011100101
111101000111
101001110111
011110011011
111001101111
101111100101
000111111011
110101011011
111111111101
101111101011
101101011101
101110111111
110111100101
110101101111
111001011111
101101111001
111100001111
111110001011
011011111011
001110111111
011111110011
010111011110
111001010111
011011100111
111011101010
110111101100
111111101001
111011110110
101011111001
001101101111
111011110111
111111011110
100111111011
101111110011
101101011101
110100110111
111111110001
111010111010
111110100111
111100011111
011011100111
111011001101
101111011100
110001110111
011111111011
011101101110
111011101010
011011111100
101110011110
101111101010
011011011101
101111010110
101101101101
011101100111
110101011101
110101110011
011011011110
110111101110
110111011110
011111100011
111011010111
011101110110
101010011111
111100101110
111110111011
110011111011
111001100111
011111110011
111110101100
111100110111
110111010101
111110011111
011011101110
111011011001
011011110110
111011101101
111111011011
101011111011
110111011011
011100101111
111111001111
111100001111
011110111101
111001111010
111101011011
110101101111
110101011110
110001110111
111011111011
101000111111
011001011111
001011101111
111110110010
111101111000
010110111101
101110101011
100101111110
100101011111
011111101001
111010010111
101111001101
100110101111
111101110101
110111100110
110101111001
110100011111
111110011001
111101010011
110100110111
001110111111
110011011101
101001110111
011101111110
100111111111
111011111000
110011001111
110100111110
110010101111
111110111110
101101010111
000111101111
101111000111
111100011011
110011010111
111001111110
111010110011
101111100111
110011110110
110011001111
110011011111
011111101010
101011111101
101110010111
111010110111
101011011101
100111101111
001111011101
110110111111
101101101110
101111101100
111111110110
111110111010
101001101111
111110101010
011011101101
111110011111
101101110011
011101101101
011111110010
101111001011
001011111111
111100011011
101111111101
010110110111
011011111101
011111011110
111011101010
110110111010
011111011111
110010110111
001011111111
110110111100
110101111010
110011101101
110110110101
011111001110
111110101101
111110111110
111101111001
111111010011
101011111110
011101011101
110111111011
111101011011
011111111000
011011111011
011010111110
101101101110
100111110110
101110110011
011101010111
111010001111
001101011111
110111111111
110111011101
111011100110
110111011011
110111011010
110101010111
111010011101
010011011111
011111100110
001100111111
110111111100
000111111011
101100111101
110110111111
110110101011
111100111100
101111111100
001101101111
101111101100
101110110011
101001111110
011010110111
101110111110
110110011110
111110001011
111111100010
110111011010
101111000111
111101111011
101110011111
011101100111
111011010011
110001111110
111010101011
101010111101
011011111011
111101111101
111111011100
100011111111
111010101111
111111100101
111111010011
010100111111
001111110111
000101111111
011001111101
110101001111
111111111000
110110101011
101100011111
110000111111
101111101010
011101111001
111100111010
101111111000
111101111101
100111101101
111111100100
101111110111
110011101101
111110111001
011111110110
100111111110
011011111010
111110110111
011100111011
101101001111
111110110111
111101001011
110101100111
111111100111
011111001101
011110100111
000110111111
011011111001
111010101110
111110111001
011111101110
011110111001
111101001011
111111011011
110100111101
100111101110
100110111110
111001111111
110011010111
100011111011
100011111110
111101110110
110010011111
111101111010
111011100111
111010101110
101011011111
111011101001
011101111011
011111010110
111011101111
001111111010
100111010111
111010101110
110111010111
111100011110
101111010110
100110110111
100111001111
111101011111
101011101011
110101101110
011011011101
011110110101
000110111111
101101001111
111111011010
111001111011
101111001110
101110111001
111110011001
011100110111
111110111000
111110101011
101111001011
001111001111
110111101001
111111010101
111011110010
101101101111
010110011111
111110011100
111010101111
110111111110
001111111011
110011110110
111011110111
111000011111
111000110111
110100101111
111101011110
001011101111
111111100100
111111110000
101111110001
010011011111
111010101011
111111001111
010111111011
111111101101
110001110111
111100011101
111000111101
101111101101
110101101011
010011101111
101001111110
101111010101
011110011101
111011001110
110110111100
011101110011
101011110111
110110111111
110111110011
101011111111
111101011010
111101011010
111111100101
111101110111
110011110111
110111111110
111001101101
011111101001
100011111110
111011010011
101011011011
101011011011
101111110101
001111110101
011111101101
111101011100
111101111101
111111010110
101000111111
000111111110
011110011011
011001111110
111101010111
110111100110
111111010111
010111101110
001011011111
100011111101
111101011010
111101100110
011001111111
011010011111
111110010111
101011110111
110001011111
111011011110
100100111111
110001111110
111111110010
111110100110
010111111011
011101111010
101111011001
100100111111
101110111100
111111101110
110101111011
111100111010
111101011011
101000111111
111110101100
011111100111
111100111011
110011011101
011100111101
111101111001
111011111101
011011110101
011111111100
101011001111
011110110111
111011101100
011111111011
101010111101
111011011001
100101110111
101000111111
001110111110
100101111110
111101010011
111100001111
111110100011
010011111110
110011011011
111100011110
001110111111
101111011101
110001101111
111100101111
011101101111
100100111111
111101011010
111001110111
101110110011
101111111001
111111101110
000111111011
110001110111
101011011011
001111111101
101101110110
011111001101
100111100111
011101011111
111111010111
111110001011
100101101111
111011011101
011110101101
110111101110
111110100110
111010011111
100111001111
101100101111
101100111110
011110111001
110101111110
101110111001
101111101100
111110101101
110111110100
011110101111
110101110111
110011011101
100001111111
101111000111
011111111001
011001011111
110111111011
011111011111
110001111111
010111011011
111110101011
001011111011
111100111010
001111101111
100111100111
011111010011
111010111110
111010110011
101011110110
011111111010
011001110111
111011110001
101011110101
101011101111
101111000111
110111000111
001011111111
011010110111
111011110010
110101111111
011101111011
111101001110
110011111111
111110011110
001111011111
010111111101
111111000101
011111000111
111011011010
001011111011
011100111101
011101110110
110011101101
111100111010
001110110111
100101111101
111111111101
011011111110
111101111101
111011111011
111011111111
011011110111
101011101110
110010110111
111100101110
101101001111
110111111100
111110110111
110111110010
100101111011
111111111100
011101011011
111100011111
010011111110
111101001011
011111110111
101111110010
111011011111
100011111111
111010011101
111010111001
011111011111
101101011111
111110011100
001110111101
101010111101
011011111101
001010111111
101100111101
110111110101
110011101101
010101110111
011111001110
011111110011
011110011110
011100101111
111011011100
111010110011
101100111101
011111110010
110111111111
111011101011
111111111101
101111110100
010101111011
011101011011
111100111100
010110111111
101001111110
111110101100
111101100011
111011101100
110011011101
111101101111
000111011111
101110111010
111111011000
110111111110
010011101111
110111001011
111101100111
000111110111
110111001011
111001011111
110011101101
100111101111
111011111111
101101110101
111111010111
101111111011
111111111110
110110110111
110111111001
111101111011
001110111101
011100011111
110111111100
110010110111
011110101111
010110110111
111000111011
110010101111
100111001111
011001111111
011011110111
100111101011
100111111111
100011111110
110100011111
001011111101
111011111110
011101111011
101111011110
101111100011
111010111111
110101101111
101010110111
101101110101
100101110111
101111011101
010111101101
010110111110
100111100111
001111010111
011110101111
010111111100
110101111010
101001111011
110101101111
100101110111
110100111111
001100111111
101001111111
001111100111
111111000111
101011011110
111111100101
110110110111
100011110111
011111100101
001111101011
111001001111
110111111010
101111111010
111111001101
011101111100
110001111011
101110011101
101111110111
111100011111
110101101110
011101111001
101011101111
110010101111
101010111101
001110110111
101110111111
011110110111
101101111110
111111110000
111011001111
001111011110
001111111010
111101011001
110101011101
110110111111
001111011011
011101001111
111011011101
101110101110
101101011110
101100111111
100010111111
111100111111
111011010110
100111100111
100111101101
100101111101
100111100111
111101101101
100110111101
101111110101
111110001111
111101011101
110011111001
111101011010
111101111001
110000111111
011011110101
110110011111
111011001101
010100111111
111110101101
101101011011
110110111011
111110010101
111111011011
111110110100
001111111100
011111111010
001011110111
011110110011
110011011110
011101101110
110001111101
011001011111
101111010101
111010101011
111110111111
111110011010
110011101111
101110011110
111110101100
001111110111
111010011101
110111101010
111110101011
000101111111
111000111111
110111011111
111111011010
111101101110
011111110010
111101111001
011111110001
011011011011
011011011101
111101110111
111101010101
110011011011
011001101111
011011011101
111101110101
011111001101
111111100010
101111010101
110011111111
001110111111
110101110111
011111011001
011111111001
110101110011
100011111110
110101001111
101010111111
011111111110
011111110110
011011111010
011101101110
111101011001
111110111001
011000111111
111111001110
011110110011
111101100011
111001101101
110110111111
010110111011
111110101111
111111000111
011010111110
111100110110
010111010111
100111111111
111110101100
110111010011
011111110110
101101110011
101110100111
111110110001
111100011111
011111101001
110111001110
111111001001
101111011001
111010011101
101110100111
110011111101
111011010011
101110001111
101001111011
111111101000
110111101100
110011110111
110000111111
011100110111
010110111111
111001111010
101011111011
111001011111
111111110101
110111111000
110000111111
111101110001
111110011011
111010111100
110111101011
001111011111
001111110101
101101101110
101101111010
110111111000
111110101101
111111110100
111110100101
111100111110
011111111000
111001111010
111111010010
110110111110
101110010111
101100101111
100110011111
011110001111
110100011111
001111010111
110101011011
001110111011
111100110011
111100100111
111111011001
100111111100
110111111101
011111111010
110111111111
111110010011
110011101111
101101111001
110111111010
111111111011
001101111110
100111101110
010111111010
111100011101
010101111101
100110111111
111111001110
101111100011
110111110111
011100110111
110101111101
000111011111
111010001111
101111100110
110011111011
100111101101
101110110110
111111101001
100111011110
111010110101
010011011111
101111011010
101111101001
101101111010
111011101101
010111110110
101101111110
101101100111
010111101111
111011111110
011011011101
101110110101
111101011111
110111101100
111101101111
101111011011
001111111001
001011111011
111111000111
110011110111
011110110011
101100011111
011100111111
100101101111
101110111100
011011101111
011100101111
100111101110
011010111110
001101011111
111101111111
101110111110
111001010111
011011011111
001111100111
111011001101
111111111011
011001101111
101010111101
110101101110
111101110010
111001111111
111110100101
100011011111
111101110110
101110011111
111100111111
000011111111
011111111100
011111011100
111101010111
101010111011
011011110111
101001101111
111101000111
110111100110
011111101110
001111101101
001111110110
111110100111
101101011111
010111111011
101001111110
011111011001
010010111111
101110101110
011011101110
001011111111
111011110110
101001110111
111001001111
110110111001
100111001111
111111100111
011101111110
010011101111
101111001011
001111110011
011011111011
101101101111
101101101110
010111110111
111101001101
011111111101
011011011110
110111011011
101010110111
110110111111
101111110010
111101011100
111111011101
111111111100
110101011011
111111101100
110101101110
110111001110
011111110101
111101110111
101111111001
011110011101
011101111100
110111111010
111110110010
110110011011
111100011111
111110001101
110010111111
101111010101
001011111111
111111010110
110101101101
110101001111
110011101101
110100111011
110111010101
110111110111
101011111110
111101111100
010110110111
111001111111
011111110110
110101011011
111111001110
101111010101
111111010010
111110101011
010111011101
101101011101
111111101111
011100111110
111110011011
101111101010
100111101011
101110011101
100101111101
111011001111
111100101111
101111101101
110101111010
111001111110
101101011101
110011011101
100111111111
110110100111
111110101001
101111110010
111011110101
011010111101
110111110100
111011010111
111001110111
011111101111
011010111011
001111111011
101101111010
011001011111
111111100011
010111001111
100101011111
110111100101
110110110101
101101111111
011011101111
010101111110
111010111111
111111111000
010011011111
011111110111
111100110101
100111110110
111011111100
111110101111
111110011001
001001111111
101110011101
111111001010
101101101110
010111101011
111111111000
011111011001
111101010111
101101010111
110111100101
010111011011
111010001111
011111010011
110111101101
111110011100
100011011111
111001111110
011010011111
001011111011
001100111111
111110001011
101011001111
101011111110
111010111110
001110111011
010110101111
001011111110
111010111110
100111110011
101111110100
111110001101
111010101111
110110101111
111011011011
111111101100
110101111100
111101010011
111110111010
111110110110
110101110111
110111001011
100111111110
111111101010
011100110111
001110111011
100111110110
010101111101
001111110101
011110101111
101110111110
011001111011
110011110110
101111000111
101010111011
111110111100
111001111101
100111010111
111110010111
010111101011
010111111001
011011111010
111101101111
110001111011
111001110111
011101111111
011100101111
111001101011
100011111110
111100110101
101110110011
111010110111
101111101001
011100110111
110101011110
111100111010
011111110011
100101111110
111011001011
011011111001
111111010101
101111010111
001110111111
111001111110
111011011010
010101111011
111111010111
111011010101
010110110111
101111100011
110010111011
101111110111
100110111011
001111011011
101111101111
000111111110
111011110001
110111110001
111011101101
100110111011
111111010010
111111001111
101100110111
010111100111
110011111110
011100110111
111100111111
101110111010
111001110110
001101101111
101110011011
101111101010
100111011101
110111011001
110101111010
111111000110
110101111100
100111110011
000111111101
010001111111
101111001111
001101111011
111110111110
100111111001
010101111111
111110010110
101011101110
111110110111
011011111101
111011110110
101011111101
110111011011
110011011111
110101111110
111111010001
111011111101
111110010110
111110110110
011101111101
101010110111
011100111111
110111101100
011101111100
101110011011
110111011101
011111110110
101110101110
011010101111
111101011010
111011101001
110011100111
101011111100
111111000101
011101111010
011011110111
101110010111
101001111111
111111001101
010110101111
110110011101
010111101101
100101111011
011011111010
011001111110
111011100111
111110111010
101100110111
101100111111
010111111100
111011001101
110011101101
010011111101
110111011011
011110111110
111111100111
010011101111
110111101111
111111011011
101111101111
100111010111
111000011111
010111111111
111111101000
111100101011
111000111011
101101001111
101010111011
110111110110
111010001111
111011010111
011010111011
010111101011
001111111010
101111011010
111001010111
111110110111
111010110111
011110011111
110111111110
011111111001
111111000111
111111010001
011110101111
111101111111
111111111100
111001011101
111101110110
111111011000
011110101011
111101110101
110100111011
011111100011
010110110111
111011001111
110101110101
010111101011
011011100111
111100101111
001010111111
110011011101
101001111111
011010111011
110011101110
011010101111
111001111101
001011101111
110001111110
011111101011
101101110111
101011011011
111010011011
111001110101
010111111111
111001100111
011110111001
110111011101
110011011101
110111101011
110101111101
111001110101
011110101111
011101110011
100110101111
001110111101
111111010010
101110101101
111100101101
000111101111
100111111010
010111101111
111111010001
100111111100
011111011101
010101101111
111111000101
011001011111
101011011111
110101011110
100010111111
011101111111
011111111000
111011001110
101101110101
111010111111
011011110011
101011100111
011011010111
011011010111
000111111011
011011101101
111111100110
011011101011
001101111110
100111011111
110101010111
111011101111
110100101111
110110100111
011110101110
011111110111
000111111011
010111101011
011110100111
101011111001
111110101001
100011011111
110011111011
101111111101
111111101001
110111111111
111111101000
110111110110
110001101111
101101100111
100101111111
111111010011
110111110101
010101111011
011101011011
011010101111
011101100111
100111010111
011100111101
110111101010
111001111110
111101101111
011001011111
111101111110
111100011101
111110111100
111010111100
111111110111
110011101110
111100111111
001111111101
011010111110
100111011101
111111010100
101110111100
110001101111
110111110111
111011001110
111110001110
011110111111
110011110101
111011011110
111001111010
111101011011
110111111111
110011111110
011011111011
111100111011
110110111001
110101110011
011011011101
110110011110
011111100011
101100111111
100111100111
111101011001
111000101111
111111000011
110101111101
011110110101
110001110111
010111011110
110110100111
111110101001
011101101110
101011101110
101011110110
011110101111
101111001011
111111111000
111100111111
100011111110
101101101110
101110110011
111101100011
011111010111
111010101101
111011110110
110111110011
110111101001
101110001111
111101011010
010101011111
101011111100
110011111011
111000111110
101101111010
101011111111
110101110101
110011110101
001111011011
100110111110
010011111011
101111111011
101111001110
011110111001
111110011110
011011101101
011101110011
110010101111
111101010011
111111011001
111010101110
111010101111
101101011101
111000111101
011101101011
101011011110
010101110111
111010101110
011101111100
001111110111
010010111111
011110101111
111011011110
111110110111
011111110010
000101111111
111110101001
011011101110
111111101000
101111111001
100101111111
100101111110
110001101111
110011101101
010110111101
111111110011
101001111101
110111101011
111111010011
111011111011
111011010101
111110000111
111011011101
110111111000
101111111000
110111111100
101111010101
111111100011
111101011111
111011101111
110110111111
111100111011
111110010111
101110011111
010111110111
101101111101
100111010111
001111101110
100110110111
110111001110
111101011100
110111111000
111010110011
101110111011
011010011111
111101001111
111101111100
100101101111
110011011110
010100111111
011011101111
101111111101
001111111010
110100111101
111010111100
111011101101
011101011111
101111001110
111010101111
111111111010
101111110111
101110101011
011111100110
110111110110
100111111001
110010111110
110011011011
101011100111
110011011011
111100011111
110011111111
111101011101
111001101110
110001111011
111010101111
110111011010
101111110011
101110111100
011110011011
011011101110
111101001110
110010111111
110011101101
011111100111
011111001101
101101100111
111101011100
101011001111
011110101110
111101111000
110001111110
001101111011
101111110111
011111001011
010010111111
111100111111
100110111101
011111101101
011100101111
100111001111
011001111101
111100001111
111010011110
101011011111
111111010100
110111011111
011100011111
110111000111
111101011111
110101111111
011010111110
010101111101
110001011111
101101110011
111111010011
111111110011
111010111001
000110111111
111101101100
111111100101
001001111111
010111110111
011101101110
111011111010
011101110110
101111101100
010011110111
110101111010
111011101110
001101011111
101001011111
101111110001
110101111111
101011011101
011111111000
111111100011
101110101111
111110110100
101111111010
100001111111
100110111111
111010110101
011100011111
111011101110
101001111011
111011010110
011101111110
110010111110
001111111010
010110011111
010011110111
010011101111
111001110011
001101111011
111101001101
011011111011
111001010111
100100111111
010110011111
110100101111
111101010101
100101110111
101110111101
100111011111
101110111110
101000111111
011111110001
111110011010
011111111100
001101110111
011011010111
111011101011
111011001111
000111111111
111111100111
010111011111
011101101011
111100111011
011101110111
010111011011
011111011110
111101100110
111100101110
001111011110
111101011010
011111100011
101110011011
011110011111
101001110111
111101110110
011100111111
100101011111
110111100101
001011011111
111101111011
001101111111
111110010011
111110010011
110001111101
011110111111
000011111111
100011111110
111011011110
110111101011
011110011110
001101111110
111110000111
101100111101
110111001101
011101010111
110111010110
110111111011
100101111101
110100101111
111011001011
110110010111
101010101111
110100111111
101011111111
110110111111
110110010111
011110011101
111010111001
110111111111
011111111111
010111110011
110111110011
001111110110
011101111110
101001110111
111101011111
011111101100
011101111111
011111111011
100110111110
010111111111
111101111010
011011011011
001111110101
010011111110
100111111101
011111110100
011110011111
110001111110
111111111101
100101111011
011101101110
001111111110
011101110111
100111111110
111101001101
101010111101
111011110111
101010111101
111110010110
111011100110
001101110111
111110110010
001111011011
100011101111
111100001111
010111110111
111000101111
111101010111
101101111101
110111110110
111110011101
101001101111
110011111010
111001111001
001111111001
111011101101
111110101110
110110001111
011101100111
100110111101
110101111001
111111100010
011111101111
011111001110
111111111110
110101111100
010011111110
110001110111
101010111101
001111110111
101011111110
101110101110
111111000110
011111111000
101111011011
101111100101
101111110001
010111101101
111111011010
111111000101
101011011110
011001111101
101110111011
100111101111
011111001011
111011010110
111010110111
111110111001
110111110100
101101111010
101110111111
101011111111
110000111111
111100101101
101110101111
011011010111
111110001110
010111001111
011111110011
100111010111
110011001111
110001111111
110111010101
111011010011
101111111011
010101111110
111101111101
111010111101
111011010111
101011011111
111001111110
011111011011
101110110101
111100111111
101101111010
111110110011
001111111110
101111011111
111101111100
110011111101
101100101111
111011101110
101111110010
111011010011
110111111001
111111100111
000011111111
010111101110
101110111101
111101101101
111000101111
101110110111
101001111110
111111010010
011101100111
010111110110
111001101011
111110111110
011011011011
111110011111
100101111011
011100111110
011001111110
110111001011
111001110011
101011001111
101110111011
111011111010
011010110111
011111100011
010111110111
111011110011
110011011111
110111100110
001111100111
011110111001
011011111101
100100111111
111101110110
101011111101
010110111110
010101101111
111110011101
111010101110
111100101111
110101110011
100101111101
011110110101
011100110111
111101100011
110101011101
011011101111
110001011111
111010100111
010111111111
011111001011
101100011111
110101111110
111110110111
011101111111
111010101110
111001111100
110110111110
101111010111
111001111100
011111110010
110100110111
110101110111
110101011011
001101101111
110110011110
111110110010
110111011110
110111101011
001001111111
111101101010
101111011100
110110011110
011111010101
011011010111
110101111111
010111011011
110111111111
011111011100
111100111001
011111110111
111111000011
110111101010
111011111000
011101111110
001111101011
101110011101
101111110100
101001111110
011111111000
001110111111
111011011001
011110111101
101111100011
100101101111
101101111111
111111010110
111010101101
111010011111
101111001110
011111100111
110111011100
011101111100
001111101101
111101100011
111001101111
001111110101
011111010101
110111000111
111011110111
110111101010
111001101011
011010111111
101110111010
100111111001
001011111101
111011100110
011110011011
011111011101
101011101111
111111110110
101001111101
111101000111
011011010111
110111001111
100111111010
011111001011
110110101110
100111011110
010111110101
010100111111
111110110001
101110011111
111110101111
001110101111
110011101110
110011111011
100011110111
110011110011
011010110111
011111011110
111110001011
101110111110
111110000111
111010011111
111111110111
111001011011
101101101111
111000111101
011000111111
110101110011
011101111010
111101111111
011101111101
110110111100
110111111010
111110011010
110101101111
001011110111
111110011100
010011111111
010111110101
110011111110
111111001110
001111110110
011111101001
101011111010
001011111101
111001011101
110111110011
101110011111
100110111011
110101111101
110101011111
011111010011
111010111011
111111100001
011101011011
111001011110
000101111111
110111100011
111101011010
101101011110
010011111101
101100110111
100111011011
100101111101
001111011110
011111100011
101011110011
011111011010
101101111100
011001111110
100011111110
111110101011
111110111100
111011100011
111011010111
101010111011
111100101111
011100011111
101011010111
111110001011
110101011110
101110101110
111010110110
110110011101
010111001111
110101111100
011110110101
011101001111
110110110110
100011111101
111111101111
011110110110
011011010111
110111011010
110001011111
010010111111
111110101110
100010111111
010111011110
011000111111
111110101100
001111101101
000111111011
010111011111
111101011011
100111111100
000101111111
111011100110
011111111010
111000111111
011101011111
111111100001
011110110110
011111010111
111111111010
101110110101
111101101001
111111001100
001011011111
111011000111
111011011101
111000111011
111011010110
110011101011
101110111010
010111011011
110011111100
111111100110
111010110101
111111011010
100011011111
010101111110
011011101101
111100111100
111011100111
011111110101
010011011111
010011111111
110111100011
110111101010
010101101111
101110110011
110111001101
110101111101
111110011010
011010111011
111011111100
111011001101
100111111010
110001110111
111010101011
011011010111
010001111111
110111011011
011111101011
111111101010
110010111011
111110111001
111001111111
111110110111
100011111011
011111101001
111010011011
101111111011
100001111111
110101101011
100101111110
011110111100
111101111011
110111010011
111100111011
101110111010
010011111101
011101111101
100111010111
101111111100
110011011101
110011111100
101010111011
100110111011
111011101110
111110110010
011101101110
111111101110
111100101101
110111110100
001111011101
101101011011
011110111001
110101011110
110111011011
011101110101
111111001011
010111101110
111101011110
111111100100
011011111001
011010101111
110111011001
110110110111
111110111111
111111010001
110101101011
111101010110
111110010101
110110100111
111010010111
011111101010
110101001111
111100010111
111110111100
101111111011
001011111011
011111100011
110110010111
011111011010
100111110110
010111011111
101101101011
111011100110
101000111111
100101111011
110001111011
110111101001
100111110111
111000111011
111101011010
111110011010
110111100011
110011110110
011010111110
001110111111
110101111110
111101100111
101011110110
101100101111
111101101001
011111101001
001111111101
101011101101
011100111110
110111001101
010101111110
111101101101
111000111101
011111011011
111111101101
111110111000
110101111110
001011111110
111111000111
101111111100
111111110000
111110101010
110001101111
111000111110
110111011101
010101101111
101110101110
100111101110
101110110110
111011000111
111110111001
001110111110
110100111011
110111001101
011011100111
011110101101
101111001101
101111011011
010111011011
110110011111
101011011011
110111110110
001011111110
110011111111
110111101111
110001111110
011010111110
111010111110
010111001111
111101111000
111110101001
010010111111
111101110010
100110101111
101101011111
100111101111
111111001101
110101101111
111110011111
110011111001
001111100111
110011111011
001011011111
110001101111
101111011110
110111100110
101011111110
010111111111
111010101110
001011101111
110111101001
011111111011
111101111100
001110111011
100101101111
011101111100
101001101111
110111101110
110011011110
111010101111
100111111001
011100111110
111100101101
011100111101
101101011101
011101011110
111100101101
101101101111
010111110101
011111111101
101110011111
011101111100
111011100101
011111011111
111011010110
111001110111
111101011111
100110110111
101011111100
110111111111
110111101111
000101111111
110110101101
100111011110
111011101111
101011110011
111011100101
101011110111
010110111011
111111110110
101011101101
001101111011
110101111101
100111111001
100111010111
101011111101
101111011011
111101111010
111101110001
100110110111
010111101110
101011111110
110011111111
011110011111
111111011110
101111111100
111111001011
101111110111
011111001011
011110111100
100111111101
101011101110
101111011011
011110111001
010101111110
101011101111
110101011011
101101101101
110111010110
011110110101
110111110001
101110111001
101011011011
111010101110
011011011011
100110111101
111111000011
100011111110
101101111110
101110111001
010111011101
101111110001
001111111110
110101110101
100111111001
111111111000
101111111011
101101101110
111101111101
111001011011
101011101110
101110111001
111101011100
111001101101
111111101100
100110111101
110101011011
101111011100
101101111100
011110101101
100110011111
111001111010
111111100101
011111011001
111000111011
101101010111
110010111101
001111101011
111110101001
111111011010
110111111110
111111010100
111001110111
101110111011
010101011111
111100111001
001010111111
100011110111
101110111011
111101110010
110101001111
111001110110
111011011111
111101100111
111100111001
111101010101
111111001100
011111101100
101010101111
100111111101
111011110111
111100110111
011101101111
111110111010
111011110011
011101110101
110111011010
000111101111
110111001011
110110100111
111101011100
110111101011
011110111011
011111100110
101111110010
100111011101
011001011111
111010110101
111100001111
101101010111
111111011000
111000110111
011011101011
110011011111
110100111111
111111110001
101011101101
101000111111
101110010111
110101111110
011111011111
101110110011
111111001011
100010111111
100101110111
111010101111
101100111011
011111101100
110111101110
101111010101
111110110001
110101100111
111111100010
110101001111
111101010101
111011101001
110111111111
100010111111
011111110101
010110011111
111001110011
101011101101
111011100101
011011111111
110101011011
101101110111
011010011111
110110001111
010110111110
011110111011
111100011011
011111101001
011101101110
011101110101
110111010111
011011011101
001111111001
111011000111
111001011011
010011111101
111110011100
011110001111
110111101110
110110101011
001111110101
111011011101
111101110111
001111001111
110110101101
010100111111
111111001101
101011011111
111111011001
011101110011
000111111011
111111001011
101111110101
111101011101
011111011100
110101101111
111101011100
111100111110
111011111011
011101111011
111011101001
110001101111
100101111011
110110100111
110111010110
111011011111
110101101101
010101111011
110010111111
110011111100
110101111011
011101101111
101101011101
110111101111
101101011110
010111100111
101101110011
111110101110
110110011101
111111010110
101111000111
110101011011
111011010110
011111001111
001101111101
010111111001
011010111101
111000111101
101111111000
101100101111
110111110101
110101110011
011110010111
111011011101
000111111110
101111101100
000111111101
101111001111
110111000111
111111010011
111011100101
001111101101
111110100110
111010101101
101001111101
111001111010
111110101101
111101110101
111111111010
001111101011
011111110010
101011011101
110101001111
011011101111
111111101110
101011011110
100110111101
111111011001
111101001110
110111100110
111101100110
101101011110
111111010001
111101110010
111111110111
010111101011
011101110101
111001011111
101111010111
111100111101
110011111111
011111011110
010111011110
001101111111
010110111101
101011011111
111111011100
011101111101
011111101101
100110111011
101110111110
111110111001
111111010011
111100111010
111101110011
011111011101
111111001101
111110110011
100111101011
110011011011
111111101000
110001101111
011111011010
110011101011
101110011110
111111110110
011101111001
011011011110
101111111100
101111010110
100111011011
100010111111
111011101001
011110111101
111101111010
011101001111
011011101011
111111101001
000111111110
010101111011
010111111011
110111111100
010111111010
011111010111
111111110011
111111011110
011101110110
101011101101
110100111101
111011011101
011110011110
010101011111
111100111100
110010111110
110100111011
110001011111
101111100110
101101011011
011110011011
111100110101
011001111101
011001111011
111110010111
011111011010
110101111111
111110011100
101101010111
011111011100
011011110111
111100101101
111101011100
101110111100
101111000111
001111111110
110111111110
110101011111
101110101101
011111100111
111110011100
111101011111
011011101110
010110111110
101110111100
011110101110
110110111011
110111010011
110011110110
110110001111
010101101111
101101111001
011011111100
110110110011
110111101100
101011110011
110011010111
111010111011
011111010111
111011011111
011101110101
100111101110
111100110011
111101011001
110010011111
110001111110
010111111011
011001101111
111101001101
111111101111
111111010110
011111110101
110110101101
111111110010
111111101010
110101111111
101101101101
101110111100
101011110101
101011010111
101111001011
111101011111
111111011110
101100111011
011111111100
110111100011
111111000011
111100111101
101011001111
011110010111
111001111010
111101110010
011111110100
000111011111
011010111110
110010110111
111101010110
111111011111
011111110111
111001011011
011010011111
110011101110
011101110011
111010111111
111000111110
111011010101
111101111111
110100011111
111001111110
111110111000
111010110011
110110011110
001001111111
001101101111
110000111111
010011111011
111001011110
111010011111
110011011011
110011011101
011111100011
111101111011
010011111111
101111100110
100111010111
111000110111
110101111110
111110111101
010010111111
111110001011
111011001111
001011111110
111101001110
011111010111
111101110111
000111011111
110111110100
011010111110
110011111001
001011111101
111111100101
111101101110
001111111001
110111110010
010110011111
011111000111
001100111111
011011101110
111100111111
111101010111
111011001011
011110011111
111001011110
111111101101
111101100011
100111111110
111111001011
111001100111
110111001101
001100111111
111111000110
011110111110
011101110011
010101111110
011011111101
111011110100
111111001101
010111011110
110101110111
110100111011
110111000111
111110111101
100101111111
110011110111
001110111101
101011001111
001011101111
101100111111
010110111111
101111011010
101111110010
100011110111
111110011001
111111010010
010101111110
000111111101
010110111110
011101011101
000101111111
101110111011
111010010111
001011111110
001111011111
001111111011
011011111010
111011010111
101100111011
100110111110
100011110111
100011011111
100111101101
011111011011
011101011110
101011011111
101111111100
011010111111
110101101011
100101111111
110101011011
010110101111
010010111111
100111101111
110111110010
101011011101
001111101101
111111010101
101111110011
111001111110
110110101101
111010111001
111101101010
100101111111
110101011110
111110011110
111101001110
011111101011
100011101111
111101100011
001111110011
011111100111
011100111111
110111101011
011111101101
011111110011
111111111101
001110111011
111111101101
111010111001
011111111000
101101101110
111111001011
011111111010
100111001111
001111100111
001111111001
011100111101
111111110100
001110011111
111110111011
101101011111
111101110100
010111111011
111011101100
111110101011
111101100101
111110011010
101110111100
001010111111
011111101001
011111101001
100011110111
111110110101
010101111110
111110011101
101111110011
110100011111
100001111111
111111101101
101111110001
001100111111
111010111101
111010010111
101001101111
101111001110
100111110111
111110011001
111111100001
101001111101
011111101110
111101110010
111101100110
110111101110
011111111000
101100101111
101101111100
111011011101
001110110111
110100111111
111011011111
001111001111
111111110011
101111001101
110101001111
110101111110
101001101111
011001101111
101111101111
111100111101
110110111001
110011110111
111111000101
110111111000
101100111110
011101111101
111101110010
001011101111
111111010010
011110101011
001110111011
101100011111
011111111001
010111111001
111111010100
111001110111
111011111111
110011100111
001111110011
110011110011
111101110011
111100110101
111011101101
101001111110
111101001011
111101100110
011101011101
111111011000
011111111001
111111110111
101111001101
111110110111
011101001111
011111111101
111010011110
000110111111
111101001111
011011110110
110100101111
110011111110
111111011000
111110011100
110111111000
111100110101
011101101101
110111110110
110001111111
111011001111
111000111110
010111011110
110110101111
101101101111
111011101100
110111111110
111101011001
000011111111
111011101100
010111101011
111010111101
011111010011
110111010110
110101110110
111111000011
111110101111
110011011011
111001110101
110111001111
110111010110
110001111110
110110011110
110101111101
111000111111
101011111101
010101110111
111100111010
111001101101
110000111111
111101010011
100101111111
111100101110
011011011110
101111101101
110101111011
111100011110
010111011101
110111110001
010111011110
111101111001
101111011110
110111010111
110011011111
011111110101
001110111110
010110011111
011101011110
101101110111
110111010101
010110111101
100010111111
011111011110
101111011101
101111101011
011001111011
101111011001
001111011110
101011110101
110110010111
001101111011
001110011111
111010111011
111101010101
111001111100
110100011111
110111001110
011110101011
111100100111
011001111110
110100101111
101101110101
110100111111
010111101111
100111110011
101011110111
010111111001
100111101110
101101101011
011100101111
111111111100
101011011110
010011111110
001101111111
101110111100
101101011101
011000111111
011100111110
111011111010
111110101001
001111101011
001110011111
011011111100
011111001110
010111110101
111011110010
110111101010
111011101101
111111001001
101111111000
111110111001
101101110110
111110011010
010111110011
110111101111
101101100111
111010001111
010111110111
111111000011
110100011111
001101101111
111111011101
010111111111
101111001110
011011110110
111111111110
011111110110
011111101111
110101111001
111011110010
100111110011
011111111111
110101111011
011110101111
011111101011
101101111100
111101010110
111100101011
101101110101
011110111110
111010111111
101010111011
110111101100
011111011110
001111111010
001010111111
010110110111
101011011101
110111111000
011100011111
111111111010
001111010111
111101100111
111101011011
111001111001
001011111011
101010111110
110011111101
000011111111
111110010110
001101110111
101101101110
111001111101
101111001110
110011110111
101110101011
111001011011
110111111010
110110011011
100100111111
111110111001
010111001111
101111111000
101111101001
101110101111
011111011001
110111101011
101011011011
100110111110
011011011111
110111101010
110111010111
111101110001
101001011111
111000111011
111101011110
111111011000
101101111110
001011111110
110111101101
000111111110
010111111100
001111101011
100111110101
101101101111
111110001111
110011111110
100111011101
101110100111
111101001111
100111110101
011011101111
101010101111
111100011011
101111011101
111011111001
100101111110
110101110111
101111001111
001010111111
010010111111
001110110111
010101111011
011011110110
100111111010
110111111000
110101111011
111101010110
011111101111
111100111100
111011101100
111110110100
111100100111
111110101011
011111111001
010101111011
111111110110
110111110110
011101111001
010111101011
011110101011
101110110111
011101110101
011110110110
011111101011
101010111111
011111110001
111100101101
100001111111
110110101011
101001011111
111111001011
110011001111
111101011110
101011101101
111111100001
110111010110
110110001111
010011111111
110100011111
011100111111
111011000111
011110101110
111110110010
110101111011
111100111010
101111111111
110111101100
111100101011
111100011101
011111011101
011101010111
111110110100
111010110111
010101111101
110111011101
110001111101
101110011101
011110111100
100111110110
111111101011
001110111011
000111111111
111000011111
110001111101
011111010011
010110111111
111001111100
111111101001
101101110011
111111110010
011001110111
101101111100
101011011111
010111011110
011001110111
110101111001
110111010101
010111011101
000111111011
111100111100
011101101101
011110101111
111110101010
111111010111
111000111011
111010111010
100110111110
101101111101
011101110110
101111010110
101010111111
011101111110
010111101111
101110101101
101111000111
001111110110
101110111110
101101011011
000111110111
111100110101
101100101111
110001101111
011101110101
101010111101
111110111010
010110111101
011110010111
011101111001
101011111101
101111001111
111111011111
111111000011
101011110101
101011110101
110101101011
011010101111
001100111111
011111101101
101110011011
011010111111
111011111111
111101110001
011111111011
101111111110
111101101010
110101111101
011011001111
111011101110
101110110011
110101101111
111111010001
001100111111
111111001001
101110011011
111110111010
110111111100
100011101111
011101100111
110111001111
101111101100
110011101110
101111011101
110111111001
011111010110
111111001010
001101011111
111111010110
010111101011
010111111110
011111010111
111001100111
111111110010
011111110001
010111101111
110101111001
110110101101
101011101111
110101010111
111001111101
001111010111
111100100111
011100110111
101111111000
101011101110
100110111011
001101111110
111110011010
110011101110
111110111000
011110001111
110001101111
011011100111
101111111110
111000011111
101111011101
101101011011
001100111111
111001111011
101111011100
110111011001
011001111011
010111111001
110101101101
011011111100
011110111011
101111101100
101001111101
110111111001
100011111011
111011010111
010110111110
111101101010
011110111111
011101110111
110010111101
101101110101
010110110111
110010111011
111001111110
110011011101
101101111101
000111111110
110100111011
101111011010
111111011111
111001101011
111100110011
011101111001
111111001101
111011010101
111010110110
111011010011
101011110011
111110110011
011111101110
011110111101
110111111011
111101011111
001101111101
100110111110
100111110101
101110111110
110111001110
110111110011
100111001111
111101101101
001010111111
001110011111
110001111110
101111101111
001110110111
011111100110
101110011011
101111001101
010011111111
001111011111
110111100011
001111111001
010111111111
110100111110
101101111100
011011101011
011110101111
011011110011
011001011111
100110011111
110111010011
100111111011
111100111001
101101010111
011111110100
111101001011
111011010111
111110101111
011110011111
101010111011
110000111111
111111111101
100111101111
101101001111
110010111011
110100110111
010111011101
101011111111
101011110111
011101110011
110010111110
101111101100
101110100111
111010010111
110001101111
111000111110
101010111101
011010111011
101011101111
111101010110
110110001111
111001110101
010011111101
111011101011
101010110111
101011111111
111011010111
011111101100
111110101001
010111110110
101111101110
001011110111
111111101000
111001111111
111111101110
111000111110
110111001111
111011110010
101101100111
110101111011
101111100011
001110101111
111110011100
011110101111
110111011001
111101011001
111011000111
001011111101
001100111111
111011011010
110100111110
101110101111
110111110011
101101101111
011110111011
110101101011
010111111001
110111010111
111111111000
011011101110
111100101111
111010110111
110001110111
111111101001
110110111100
100101011111
110101111001
100111111011
011111011101
000111111011
011111011100
111001110110
010111110110
110111011001
110011101110
110111110111
111101101001
001111011110
010111101011
011111101011
111010110011
111011011100
100110111111
010100111111
011011110110
111101111000
100111110011
011011010111
010011110111
011011111011
100111111011
110111010111
011111100011
111100111101
111111110110
011001111101
001111110101
011111100101
111011101111
111111100101
010101011111
011110111110
000110111111
111010111010
111100110011
111101111100
111110001110
010111011110
011111111000
101101011011
010110111101
111110011110
011011011011
111111101000
111101001111
010111001111
111110111001
011110111111
110111111001
101111011111
100111101011
111010011011
110001110111
111001111011
101110111110
111100111111
100110110111
111101110011
111110111000
101101111110
111011111111
111110011011
111111001011
011111100011
110101010111
011110110111
111111110110
101110111011
111111101001
111111111000
011010111111
101110111111
011011111001
100111011111
101011111001
111100111100
101110110111
011101110110
101011100111
101011111011
101110111100
101010111111
001011111011
111001101110
010011111011
100111011101
111100110101
111101010110
110111100011
110110011011
011111100101
111011001011
011100111111
010011011111
110011111010
101101101110
000110111111
111101111010
101010110111
001111011111
111111111111
110111100111
011011011011
111101101101
111111010011
111111111101
010111111011
111111011000
111101101111
001011111011
110111110011
111011001101
010111111100
111011100011
101010101111
110110110101
111101111001
101011100111
110011001111
101111110010
011110011101
100111110111
111010111010
010111101101
101111101100
101110111001
111111010100
010011110111
110111110100
011111011010
101001111011
011111010111
111001011111
011111011110
110111100101
011011111111
010101101111
101101110011
111101110001
100111101101
110111011111
101001110111
111111101001
001111010111
011101111100
111101110001
101001011111
011101011101
110100110111
111100111011
111111111011
110111101111
000101111111
111010111101
101110110101
111111110010
100111111010
011011110111
111111110101
011101110011
001111110011
100111111110
101100101111
011011010111
111101101100
101110011111
111011011011
110011011101
101101011110
110101111011
101101011101
010111111110
011110111111
111111111000
111011001111
111101110110
111011000111
101111011011
101101111010
111100011111
101001111101
110111111111
101110011111
111110100111
110011110101
111111001011
110111010110
100111111001
110110100111
110100111101
110011111010
011110110110
110101111110
111011001101
010111111100
111001011110
011100110111
101100111101
111011011111
100011111101
100011111011
011101111100
010111001111
101110111001
101111101011
010110111110
101111101001
001101011111
011111011111
111110111011
101111111110
010101101111
010111111100
111010011110
101011110101
110100111011
111010110011
110101110111
101110011110
101010111111
101100011111
100101111101
001111011110
111010110111
111111011101
111010011110
101001111101
010111011101
111001100111
111100011111
111011110011
011110100111
110111011001
011001111110
011011101101
001011011111
101011111111
100101110111
011110101101
011011101111
001100111111
011101111010
110111111000
011011010111
101111110011
111111011010
100111100111
011110100111
011111101011
111011100011
101101111111
001111110101
100101111110
101011111011
111101110100
111110100110
111111011101
110111011011
111010110111
101010111011
111111010011
101110111100
110010111011
111101011100
111110101011
011111101010
110101101011
010111101011
111111101101
001111111011
011110111011
011010111011
111111010100
010011111101
101111110010
110111101110
110111110101
110111101111
111100111110
111110101010
000111111011
111100111001
101100101111
111000111110
111101001111
101011011111
011100110111
101010110111
001111111111
111111000101
110110101101
111100001111
011101101110
100111101110
111011011011
111010011110
010111111111
110110101111
110111111111
010111111111
111101111011
111101011101
111001101111
111101110111
010011111011
110101111010
101111110111
011110110011
111011001101
001111001111
101111101111
111101111000
011110001111
011111101101
111111110011
011111011010
010111110110
000111101111
111011011011
110101111100
001101111101
111110101110
111011111000
011011110110
011011111001
011110111101
110111101001
100101111011
111011001101
111110110100
011101101101
001101011111
001101111110
110110110011
101111101011
010011111101
101111110001
101111011011
001111110011
111101111111
011111100110
011110111101
101110111111
101011110111
110111001011
111111111011
101111110011
111011111010
011111100110
011001101111
111100111010
111101011110
100110011111
111100111011
010111011011
011101101111
101101110111
001100111111
111111111000
101010111101
011101101111
011111110111
111001111101
110011110110
110111111100
110100110111
111001111010
001111101110
110110111100
110111110101
110011101011
110000111111
110111100011
011110011111
101110110110
111110100110
111110001110
111001111010
111111110101
010111110110
111111110111
110101111110
101111011111
111110001011
011111110001
110110111011
111011001111
111101001111
010111111100
011011101101
110101011111
111101011110
111010011111
111110010110
111011100111
110101001111
100111101011
011011011011
011101001111
110111000111
010100111111
111011010101
110100110111
100111100111
110110110110
101111111011
110101011110
101011111011
000111011111
111101011001
001111011011
011101111111
011110110101
111010111110
011111111001
101110110011
110111100110
111111011001
111110011100
110001111011
110011111110
110111100110
111001101011
101111011010
110110101011
101110101101
010111110101
111010101101
111101100011
110011111100
110011010111
111100011111
111011101111
011111111101
101111111110
011010110111
111100111011
101111011100
011111111010
011111111011
111111111100
111011111101
111110101001
001100111111
111001101011
011110001111
101010011111
111111011100
101100011111
101011100111
011111101100
011010011111
110110110011
110010110111
110111111110
111110001101
111001011111
111011110001
100101101111
111010101101
101110111011
100011111110
010101111101
011110011101
101101101110
010111101101
111110111001
011100101111
111100101110
110101101110
101011111010
010101110111
101110111001
011101111110
110111010111
011110111010
011111101011
011100111011
011111111011
011101111010
111110010011
011001111110
111010101101
111101111000
100111011110
011110111011
011110001111
101111011111
111101010110
011011111011
111111011100
101101011101
110010111101
111110100111
010101111101
111111001010
010011111111
011011011111
111111110001
111101110001
101101110011
110110111111
010111110101
111101001101
111001011111
101011111101
011110101111
101111111001
111001111011
111111111101
100111111010
101101111110
101111010101
111010111010
100111110011
001101110111
101111101011
110111000111
011101101111
110101101011
110011111011
011111111011
110110110101
111011101101
101010110111
111110110010
100110101111
101101101110
111111100001
100111101011
111100011011
100101011111
101111111110
010111110101
011111011010
111110010101
100101111110
101101100111
111011110111
100011111111
101111110110
111101101011
011111001111
101011110110
111110111101
110101011110
100111111110
111001110011
010011011111
011000111111
110111101101
011111101011
110110111010
111010101101
101011111111
001111011110
111111011111
111010001111
101111110100
101110001111
101110111101
000111110111
111101101010
111111101101
111101101111
111010010111
111010111010
011111011111
011010111110
011111011010
011110111011
100101101111
111011010111
111100110110
001100111111
111111001010
011111100101
111111001011
101111111010
101110110101
111010101110
110110110111
001111111100
011001111111
111110111111
111100110101
101011101011
111111111011
101101111111
010111111101
011011111101
110100101111
101110111101
110110010111
111101110001
011101011110
111101101110
101111011110
101111011101
111001110110
110111010011
111011111101
101011001111
011101101111
011110111111
011111111011
011111100011
100101111101
110111010110
111001111111
101101101101
111110101001
011011111111
111101011101
101100111011
011010101111
111011111101
101011011110
111111101100
101110011101
110111100111
110110011110
011100111101
110111000111
011101111110
110111100011
100011111011
100110111111
001101110111
110010110111
011110010111
111100101011
111010111001
011010110111
110110111010
111111011100
100011111110
111001011011
011110111111
111101110011
011011001111
101111110100
011101111001
111010001111
011111010110
111110101001
010011110111
011011111100
101111011011
111100111111
101111111111
111001110111
011111110101
110111111101
111100101101
000011111111
111100100111
010111111010
101111010111
111011111010
111100101011
111110110101
110101011011
111101111001
110001111110
111001111100
100011110111
001111111111
101010110111
011110011111
010111011111
011111110001
010011110111
111001101011
101110101101
111011111000
101001111011
111011001110
001110111111
110111100101
011111110011
111100111101
111111011110
110110111001
011110110101
111111110000
111110011111
010111111101
110111110001
111010111100
111110110100
011011110011
111110111110
110111110100
111111110001
100110101111
100101101111
101111011001
110011110101
111010110011
101001110111
011011011011
101101101111
100111101110
111101100110
010111011101
101001111111
011110101011
111101010111
111101101101
111011010111
111011100101
111111011001
001101011111
111111000110
111110101110
110111101100
111110000111
111011011011
101111000111
011010101111
110001111101
011101111011
111010101101
101110111111
111111101000
110101111110
110111001011
010011101111
111101111011
100101111011
100111010111
111110110001
101010011111
011110011101
011101100111
111101111001
101100101111
111110011010
011110101101
101011101011
101110111100
111000111110
000111111111
011001011111
111111000101
111110101111
101011100111
110101101111
010011011111
111011011001
101111011001
111001011110
001111110110
110101111110
101001111111
001111011101
111111001111
101111001011
011111011001
011111111111
111001111111
110101110111
110111011010
111110101101
010011011111
101011111100
111110101101
101000111111
111011011011
110011011011
011100111011
111010110111
110110011111
111010111101
110110110111
110111010011
101101110110
111110011100
101111111100
100101101111
110101110110
100100111111
110110001111
111010111010
100101111101
111011011001
011011111010
010111101111
101111110010
011101111101
100111110011
001111100111
101011110101
001101110111
110111010011
111100101101
111101111110
111101011100
111111110101
011111101001
111011110100
111011111110
110111101100
110011101111
101111110111
101110111100
110111110101
110111111110
101111011111
001111010111
100111110011
111011101010
101111100101
111111100011
101111110011
111100110011
010111110111
111111110111
110011110111
111110111000
111011001101
111000101111
111010110111
111100110101
000111111111
001011101111
111011101010
111011011101
011110110111
011101110011
001101111011
110111010011
010111011011
111011011010
001111111110
111000111101
110111011110
111110111101
111011011110
111100111001
101101101101
111011000111
011011111001
111101111000
101101110110
101111101011
001110111101
001101111101
110111101011
101110101011
111110110111
111101110101
110110110011
110110010111
111101111001
111111001011
111101000111
010111111110
111011111010
110111100111
011111111001
110101111011
011011011011
011101101101
010011111101
010101110111
111011011101
111110101001
011101111110
111101111111
110111110111
111111110010
011110101111
010100111111
110110001111
010101101111
011111011010
010100111111
111100110111
111001111101
110111111110
001101011111
111100110101
101111101011
001011111110
110110101101
010111010111
100011101111
101111111011
111000111011
100101111111
011011110110
111100111001
001111111011
111010110011
111110101110
110101011011
111101011100
110010111011
110111101010
010111111001
101010101111
111010111100
011110001111
001011101111
101011111001
011101110111
110101001111
111111000011
110100111110
100101111011
110101011110
101110101110
111011110101
110100111101
001110111011
110011010111
100101111011
010101101111
011101111001
011111110011
110011101110
101111111100
011111001111
101011101111
110111101010
111111010100
010110011111
111110111011
101010111011
001111111101
001111111111
011111111100
101001110111
011010111110
111110000111
111011111110
011111111100
101111101110
111101100111
111011111110
001111010111
111100100111
011011111110
111001111010
011111001011
001111111010
111111111111
011111110001
110001110111
101101101011
110100111101
110110011111
111011111011
101010111110
011100110111
111101110100
010110111101
011110111110
110011111101
011101010111
001101111110
101101001111
011001111011
010111101101
011011101011
101111001011
111001110110
111011001110
110111011110
101111110110
110001111011
111111010001
001111110110
111111000101
011111111010
110101111110
111110011110
111001011011
111101010011
101111010101
110111100011
111111011001
011110110101
111111101111
011101011111
011110111110
110110101101
111001011101
111100101111
110111011101
000111111011
001011110111
111011110101
101011010111
011111010111
111011111011
001111011110
101111100110
111101001011
111110101110
111110110010
011111100110
101010101111
110011011011
011110111110
111110110110
111111111001
000011111111
101111111110
111111011110
111001101101
011110111110
111101101001
111011111110
111011011001
010101101111
001100111111
101111110110
111101001101
001111110011
100110111011
101101111011
001011111011
111001111100
111011011011
001111110011
011010101111
101110011101
111000111111
111010111010
101111000111
011101111101
111011011111
010111100111
101111011011
011011011111
111110011101
001111111110
111001110110
111101111100
111111100001
101111101111
011111111011
010110011111
001111111111
111100011110
101100111011
101111100111
111110011011
001111110110
Time = 0.302s
