n = 12, k = 2, l = 6, m = 66
Expect Resample Times = 0.544998
Result:
001101111011
111010010100
000111001111
001101010011
110010001111
011111001011
111110000100
011011100010
011001000111
000011110011
001111010111
100110001111
100011101010
010111011010
011011010110
101101011011
111101001111
011011011001
101100110111
101110010001
100111111110
100110101011
101010110101
100110110011
001101110100
111010111110
011111000010
010010111010
101101101111
110010010101
111000111101
100100111010
101100011101
001101111101
101010001101
101110011100
110110100111
101010100011
001010010111
111101010100
001001110111
011100101011
101011110100
101101100101
111011010110
111110111010
010110110010
100111111101
110001010011
101110011100
101010110011
010100011111
101010011010
111010010111
010110111111
111011000101
101110100011
101110010111
110100100111
101010010011
111011010000
010001111001
110010101100
011011111101
111011001001
111101000011
Time = 0.002s
