n = 17, k = 4, l = 3, m = 354
Expect Resample Times = 0.416292
Result:
11111110111011100
01001001011000101
11011111100010010
10101000100001110
01111010011010011
10100111010101100
00100111010001110
10001000101101100
11101000001100111
11000000110011111
00011001100011110
10000000011000001
01101001001101100
10001110111001001
10111111111101011
11100000101110010
11100001111101100
10000101111110111
00000111000100111
01000111101011100
01010001110001010
01110010010110101
01110010001001000
00110110001111110
01001000101111001
00100010010111100
00101000111011100
11011100110110111
10001101010011100
00100101011110101
01000111000000000
00110100011010010
11011111100111100
10101011010011001
00000000100101101
01000001100010001
10111001011101001
00001011100001100
00100010110010111
01000010000100101
11111111111110001
11101000111100011
01111000101100011
01011000100101010
10100010011100111
10000110000000000
01101000110101101
10100011110001110
10010011100010000
10011010001111010
11101101101010001
00111101010111100
01111100011011000
11100000110001000
10111010010000011
00000111011001000
01111101000100001
01010100110100111
10100101001101100
10111101001000100
00111101110111111
00011101111111001
11011001000101101
10100100100011011
00000001000101111
01011101110111110
00110110011100111
10000011100010100
11011101001000001
00100100101100000
01110000010010010
11011001001111000
10111001010101011
01111010100101010
11010010011011001
11110001100110010
01000001000111010
11011010001010111
11111110110001111
00110110101101001
01001001001010100
10000001100100110
00000111111101000
00010011101000010
01001111110111100
01010000100001001
11011001101010101
10001101101101011
11010110100110111
00001101001111110
11000011100011011
11100110010000011
11011010101001110
10111000011101111
11011011011001001
11011011001000010
01001101001000011
01100000000101011
01111011011010010
11000000011001010
10110011110011011
01100010000001100
01010010010010111
00100000011101100
00000000101000100
11101100111110101
01001100000100011
11011100111110011
10011010011011110
01010101100100101
11100101001111011
00011000001010001
00100111110000011
00100001011110010
00111001111100010
00101111110100001
01100011100001001
10101111010110101
00101000000101101
10000110111110011
10011101000101010
01011011111101101
11010010111100010
10010001011010000
10000111110000110
10000110100011010
00100001111101100
11011111010101100
01010100100111000
11000011101010111
10101000111001100
00100110101001101
01101001000000111
01010101111111001
00101000000001000
11000010010111010
00100010111110000
00101111011000111
00101111110101001
11101101001010011
11011011000001101
01011110010111101
10111110101000001
01011101101000101
11110110010100001
00010111001010101
11000001000111100
01111100011000011
10101001001111101
10001101001100011
01111101111010110
11000100111010011
10010111000110101
10011001011100000
00101000010111010
10110100000100010
10111111010011011
11110100011100000
11010000000111000
00111000110001110
01110000000001001
10101001110000111
00101001001000010
00110001001101101
10110111110000001
11000011100011000
00011100001011000
11010001111001000
11111001110110001
00000101010101010
11010000010101101
10101101111001111
11000101111100101
10100111000101000
00111110100111101
11110000001100111
10100101001001111
10100100110011110
00011011001110001
11110100100100100
10011111000010011
10101111110011001
00010110100111011
11111110010101011
10111000111111100
01001100011000011
10100011110000111
01011110010010110
01101001011101101
10110111101010011
10011111110111000
11010100001100100
10011000010100111
11000111110001000
00100111001010110
01001101011111000
00001000101011100
11001000100000110
11110111001001000
10110000100000100
01101011001111011
11001100111110110
11101101111011101
11110011000110110
00001001111111000
01011111000010110
00100111011011001
01011010000010110
00010000110001101
00000111110001101
01101011101111011
11110010100111010
10101101001110100
11100110010111110
11010001100100110
01011111111100011
00000010000100101
11101011011000001
10100110001011100
01010101011111011
00011100011010110
10101001001010000
01110001100100000
11001011011010101
11001110011100110
00001000011111010
01111000010111000
10001011000101111
00000011111000011
00111011010011001
11000111101101100
11100001111010001
11010011110000111
00100000000100001
11110011100000001
00011011111000011
11100110001100010
01011110001111010
10011101111111000
00010000001100010
11101010010110100
11011100100111110
00010000101101110
00000000101111110
11100100011110000
00010110001010000
00100001100001011
11011101100001011
00000001011110010
00001011100000000
11011011111010010
01110000111110011
11011100011010101
11111001010100001
01111000011110111
11101011000000001
10101001011000101
00011000110110110
11011010010010011
11101101000101000
11000100011100011
01111111011010001
00101110001010100
10111111100100110
11101111001010010
00011101011101010
10000100111000011
11110101110001011
11100001011110000
00100000011111001
01101010111011111
11011010001011000
01010001111110111
01000011010111000
01101101011101111
01001110001101111
01011111110001111
01011100001011101
10100010000100100
00001111101001111
00001001000111010
01011001010010110
10010011110100000
10101100110110101
11001110001000111
10010101000010111
00100111011010101
10000011010100100
01001100001101111
01101100100100011
11001001001010011
10110001010010010
11001000001100101
11101000111111110
11100100110010110
00111110000011001
10000101010101110
00101011000101001
10111101001011011
11101111110001110
01110001010000010
11111111001010110
00101010011100011
10111101110001010
01100110111111000
11011011010110101
11011111110100101
01100000110000110
00011011101001110
11100110111010011
00000101001000001
10001001110110011
10111010101110000
10100101111110100
01011111111010001
01000110000111101
11100001111101000
00100001000010110
00000111111111011
11001111110010000
10110100000000010
11101011000011011
00001111011011110
10111111011000010
10100011100100110
10000011101011101
00001000000110111
01010101011011001
10010111001110111
01111010110000110
00010001011100011
10100100001000000
01001101011000101
10000001100000110
11100001100101000
10000100001101000
01111010100000010
11100000011100011
10011101111010011
00001000110001111
00101111100110100
11110100001001010
01110101011111111
11001101000010110
11001011101000010
00011010111100110
11011000110011010
11001011111010111
10001100011110101
01001111110010001
00111100011010110
00010101110001011
11000110010001100
01001101000000001
Time = 0.15s
