n = 14, k = 5, l = 6, m = 1493
Expect Resample Times = 0.37006
Result:
01010110110011
11010111111111
00100010010111
10011010110101
00011101001100
11011100100001
10101101001100
00100110111001
00110111100010
11000010111101
01101000100011
01011000101110
11101000001100
00110000110110
00110111000001
11100100011011
01111101101110
01011010101010
01111000011100
10010110000101
11100000111010
01001011011001
11011000110110
10111100001110
01110101111000
01011100100101
11000001010101
10011100111110
01101101101000
01110010111110
10000111000011
00010101010101
10101000110011
11010110100101
01111101111001
00111010100011
00111111000001
10011110000101
00011101100101
10111011101101
00110110110101
01101110001000
01101001101110
11011011101110
11111111101110
10111011000100
11011001111010
10011001011100
00110000101011
10101001111101
01101100010011
11000010001110
00011101111010
01111010111101
11100010000111
01101010110100
10010100001011
00000011001111
00110111110101
11010101001010
01111011101100
01110101101101
10101101001011
11100111111101
01011011111111
01111101000111
00101110010100
10110111101101
10000010110110
00100000111110
01111101000010
10101101101111
11001101011100
01110010001110
11110011001100
10100100011101
11010011101001
00000110100111
11101011000010
10110100100010
11111110011110
11110111100110
01110000110100
01101101100111
11011100001111
01110010111110
01101001110000
11000111010000
00110110001100
11010111001001
10010010101001
10001100011010
01110101001010
00111101110010
01110011010101
00111001100100
11001001011011
00111001010001
11101100011101
00110111011001
01011000110011
11010101010101
10101011001101
00101100011001
10011010110001
11101100011100
01110010011100
01100001100110
00110011111100
11101100000001
01101110000100
10001011001011
00110100110111
11011001101000
01011110011100
11001101011101
00001101101111
01110011101100
10101100100100
01001110110001
00100010011110
01011000111111
10101101101100
00111010010001
10101010110110
11011010010000
10100111000110
00101011011001
01011010001100
11011011101001
11010010011100
10001011000011
00101100111110
01111010011011
10000101101010
00100111101000
01110001010011
00100001110111
10001110010111
00001111110110
00000010011111
11100001011000
10000110001011
01000110101101
10010001101111
10110100101001
11100001010110
11000111110101
01001111011100
11011000000101
10011011001110
00100110010011
10111101010101
00101011011000
10101011010110
01100110000110
00011111010010
00110001001101
01101110110011
10110101110100
00110111101001
01011011011011
01001100110101
11101010100101
00010001100111
01011001001001
00101111010100
10111000110011
01011010000011
11010110100110
01011011110010
01110000110010
01011001100010
01100110000011
10001101110100
00110001111100
11110110010111
10001111100000
11111111010100
11001011110110
00011001110011
01100111100011
00000110110011
10101011101010
11110011110111
01111101110001
01101100101101
11010011110100
01000110001111
10111110010110
11011101100111
00101111010101
00111001110111
10111100101000
00110011111001
01101100100010
00101111110011
11010001101011
11010000010011
00100101011100
11111100101010
00011111011001
10100111110000
01000011011001
10110011111000
10000011101110
00110100011010
01000101101011
00011101001001
11111110101101
10111111100011
01111001110000
10001110000110
00011011111111
01001101111001
11110101101000
10101000110011
01110111000011
11000101100111
11001111111100
01101100101101
10111011011111
10010011110100
10011101100011
11011000011111
00110010110101
11111101101110
10100011010110
11100100010001
10000010101011
10011010110111
00101001001111
11011000100110
00101100110111
11010101010001
11001110000101
11101010100110
01100101001110
00110010101111
00101111101010
00100110011111
11100110110111
00010000111111
10111111100111
10111101011001
00010110100110
00110111000111
10110010100100
00010101111111
00111000111011
10111101110001
11111011011010
11001010000111
00100001011110
11110111010000
01011111111001
10001001110011
10011000001011
10111011100111
10011001101111
11001001001010
01110100010110
10011101110110
11010001101111
11110100100001
00011100110011
10101000011111
11001010111100
01000101001011
10110100110010
10011011111011
10110101001010
01101000111011
01110111011011
10001000111100
10011101010011
00101111110111
01100010101011
01111111011001
10110010101010
11110000100100
00100101101111
01010000111100
11100001001101
11111000010011
11011110000110
11010000011110
00011111000001
00110111111011
11001101010000
00110110101111
11111110110000
10110001000110
00011000110111
01110110011011
01101111101010
00011011101101
01101110100101
00000111101001
01110111101111
11101010010010
01111011100101
01111111100000
10011101100111
10110000111100
11111110001101
01100110011000
11110000001001
01100010111110
01110110100111
10010101001001
11010101010000
00011001110100
11001110111110
11101011100100
10110000011110
10011111101010
11000000011011
10100000110110
10111010110001
10001011111010
01001010101001
11110101100011
00010111110111
01000010011101
10011001100001
01010001111100
01001011110101
11110101001000
10111100111111
10010110000101
00011001111101
01011010101110
01111111010010
10011101100100
11111110010111
11001010111010
00010010010111
01011001001100
10101011001110
11001101001111
01011111101000
11100000011111
00100110011010
01111011111011
10010100101111
10100110010111
11011101100111
10011011110111
11001001011011
01000010011111
00110011011101
11110100011100
01000110010110
11010101110010
00100011101111
11001101110010
01111111010001
01011010011100
00100011110110
00110110101001
10111110110101
10101111101110
01101111001011
11011001000111
10111011010100
10011011100011
00110010010110
01101101011000
11101011000100
01110100101011
10010101011001
11001110110000
11100010101100
00100101110110
01101011101010
00001110111011
01100101011001
11110000011001
00010011001101
10001011110101
10001111010110
01110001001101
10001101101011
01011011101110
01011101101110
01001100011100
00010100100111
10111011111100
01010110100100
01001101011100
01110010001111
10110111110101
01011111110101
11011110001000
10000111101111
00000111101010
01010110001110
10110100010011
10011011100011
11010111101101
11001011011110
01110010001011
10000101110100
00101101111000
11101110000101
01011000001111
01110101101110
01110000001110
00101111011110
10110110101010
01110101110011
10000101010110
00001001110110
01101100001111
10100100001101
01010100011100
11011110111011
10001011100101
11011010010111
11110001101111
01001100001101
11111101110000
10101000011111
10101110101011
11110000100011
11000101001100
01111011001111
10110110111111
11011101011110
10100011101010
10101011000110
01000011111001
11001010111111
11111001010101
11110011000000
01111111000101
10011000110001
01111001011001
00110110101101
11111110011110
11001001010110
01001101100011
00111100101000
11001100110110
10110001100101
11111110101011
00101000111101
01010010001101
01100100010101
00110001101110
00100001110011
01111010101011
10101110111110
10111001100101
10001000010111
11111010111101
11011001000100
00100010110011
11010101000010
10011100110010
00011110010110
00111101001110
00110011110000
00010011011100
00011100001111
01111100010100
00010010010111
11100000010011
01101111110101
11111110100001
01000110101011
11110101110100
11010101011001
01001110110111
11010111011100
11111011100000
01101100000110
11011001101011
11100011111011
10111101010110
10011110110110
11000011110111
00100100011111
11000110010010
10000001111011
01011110011100
01111010111110
10101000110010
01100111110010
01000111010001
11011111000011
00111111101010
11010000101100
01101000111011
10010011011111
01100010111100
01110101001010
10000111100011
01011001111001
11011010001110
10000111110000
00011110111001
00110110101110
01001011110101
11010011000001
10001101001001
01111010011101
01011110111011
10100110010110
11000100100111
10110010101001
10001101010111
01101100000011
11101101110010
10001111001110
10111110000010
01110110011001
00101101010111
11010101101110
10010110110000
01111110011001
01011011111011
11100001010111
10110010111010
00000111110011
11000000110101
11000111011011
00101010001011
11101111001111
10110110010000
01101110101010
10011011110010
10100010111001
10101011111111
10111100101001
11101101110001
01111101010101
11111000110011
11000111001100
10110010001010
11100011001000
11101011010100
01110111100001
11010010010110
10011100011101
11001110011000
10111001000111
01110000111000
00110110011010
01111000001110
11001001001101
11100101011010
11000010111100
10101001101101
10010001111011
11101010000100
10101010101011
11110100101101
01101001001010
10000100101110
01100001101001
01000111110101
11001011000101
11001000100111
11100101100011
01111111010011
11011110000001
11001000100111
11110011110110
01100110010001
01010001111101
01111001111100
11110110110111
01100111000110
01001001011111
01010011010001
10111111100011
01110011100101
01011100000101
11001011100010
10110101011111
01011011100110
10110111110000
01010001110100
10000111010101
00110100010110
10001110010010
00001101100111
11101010011100
11101011011010
11000001011101
10010100100101
11010100110101
11110011001101
00111111010101
10100011101001
10000001110111
01010111111111
00110010101110
01101001101100
10011100111001
10011101011011
11111101000110
00010100010111
01011011010000
00101011011100
10100101000101
11010001111011
00000010111110
00010101101100
01100111001110
01101010011000
01111010101011
10101111100011
11010010100100
10011110110110
01010000111100
10010010011011
00010011011011
00101110001001
10011000100011
00011100010111
01111000011001
11001110100101
10100001011110
11110101110001
10011000111111
01110100110111
01111000011110
10111011111100
01110000100110
00100111010011
11110010011000
11011010100101
11101100111001
00101011001100
01111110000100
00011011101110
00000101110011
10011111100111
00111111100000
00110000111111
01001101101011
10110000111000
10101110111011
10000010110110
00101010110111
00110111011011
00011101000011
01001011000111
11001110010110
01000110001011
10101110011000
01110011001110
01111010101000
00011101010001
01100010111101
10101111101100
01101110000101
10000010111111
00110101110110
11101000110011
11111010001100
00101000111100
00111011000110
10100010101011
01010100111011
10110010111111
11001110001101
11011111011011
00110111010100
10101010101001
01111101110100
00110111110111
01101111000000
11010110001010
11011100000111
11010001010100
10111111011010
11110000100001
01110110101101
11011001000011
00111000001110
10010011001011
11000001001011
11001100111010
10100100001111
10010010100101
11000100101111
11111111101111
10011010010001
00001100111001
11110000100111
01010101101000
11111101101111
11000110101110
00011111001011
11011110101011
01111011001010
11111010111010
00000100111011
11010101011010
01110111110001
00110111001010
10111111000100
11010110011000
10011110011100
11011010011001
00101101000111
11100011111101
01000100111001
00010100011111
00001110110110
11100111001010
00101011011001
10111111101001
01001110101001
11111011111001
01110101110111
10011111111100
01001011101010
01110010011100
10110100101111
01110010001011
11010011111101
00010001111111
11011100110101
11101100001001
01011001111010
11110100011000
11011111010100
01010011110000
00101011100111
11010010100101
01000111111001
10100111101110
00111010010110
11001100111010
10000010110110
10010001101101
00110000111011
10011011000110
01101110100100
00111111010000
11001101110010
11011110100000
11111011000011
11001010111111
11010100000110
00111010010100
00110101101001
11101111110001
10011101011111
11100110111010
10001110001101
10001110100100
11001001110111
10100011000111
10101100011101
11111001101110
00011000011110
00010101101010
11011001111111
10010111101001
00010110101100
00101000111011
00011110011001
10001111010010
11011011001111
01101100101011
00101111001111
10100100001111
10100011110001
00000101011111
11100101110001
11001111101001
10011101100100
01101111010000
01100011110000
01011100111001
01101000010110
10101110010100
10001011100111
10110001011011
01001110100001
10100011110011
00110100101001
11000001011001
01100101101001
11100010110111
00110010011110
01111001000101
11111010000001
11001111010101
10110101101011
11001000111100
00101111000001
11100011110110
10001000111001
11010110001001
10011011010001
11110010101111
01100111100000
01010101110100
10001111110011
01001011100111
11111011100100
01010011001110
10100010111011
10011010110110
11100111001101
01100110111111
10111010101010
00111100101100
10100000111010
01111001001000
01111100110011
11111100101100
00011100101001
01110100110001
01111100101111
11111001110000
00010101011111
11101110001101
01010101101011
10111011001110
11001011101011
01111001000001
01010110111111
11001101111001
00011110100001
01110010010011
01110101110110
11101110100010
01001110011111
00111111100100
10110101011101
01110001010111
11100111110011
10100110010001
01111001110001
00100111001010
10110000010011
00010111010011
11110001110101
01111010111110
01001110111000
00011001100101
00001010111011
00111100010010
10001111101000
01101001001010
01100001001011
11011001101110
10100101001100
10110001100001
11010110110011
10001001011101
11100110010001
10111001100001
11001000011101
11101000100010
11010010001110
11111100111011
00101110010001
01111001001111
10110000110110
11001100011000
00110100010110
11101010010011
01111111111101
10100100101110
00011001010101
10100011100011
01001100111011
10110110011001
00101110010010
11101001101100
01011111111111
10110111111010
01100110110010
10101111111010
11010011101110
11100101101011
00000011111110
01011111011111
00111011110011
11000000011110
11111111000000
11111010010101
11001100100011
10101001110111
00110100001011
10010000111110
10010110000101
00111110010111
10110010101010
10110101000100
11000111000111
10010101111110
01100101100110
00000110111111
00101101001101
11001010001101
01110111111111
10111011110111
01001111000011
11111111100110
01000001001111
00010011111000
10001010100111
11001000110010
10001100100110
10101100110100
01101110010100
01000110111111
11000101110100
01100101011000
01011111000110
11110010001111
11101000101111
10011000111011
11111001111111
10011110111010
01100101110011
10000100011101
10100011100101
11011001010101
10011001101011
01110111000111
11011010100110
10000101101011
10000111001010
00101111111110
11101100000111
01010111000010
01011110101101
00001100101101
01011011110111
11110111101000
11010010001111
11111001100101
00101001101011
01111011101110
01111010101001
11010001101101
10110101101100
01101011011111
11010011010010
00100001111100
11010110011100
11101111100100
11101001100010
11100011001111
11010000101101
00100011110101
01100000101110
01011111111010
11010110000011
01100011101100
10010100011111
01101000001101
00011011001100
01110100010110
10101000111110
00100011111100
11110111100101
10110010101000
10110101111101
11100011110000
11011100100010
00011101001001
00111010001011
11011001000111
10110100100101
10101001111111
00111000101111
00111100101100
01001000111110
11100001000011
11010111000101
10001100101101
01110100011100
00010110011001
00111000111011
01101100100111
10011110011001
01110010111111
11010110110011
01001001100011
00111011101001
01101110000101
11100101011111
00010101110010
00111110110110
01010101011001
01110111101100
10001111101111
01100101110011
01110001101001
00010100111101
00001110111010
01101001011001
11101101111011
01011000011110
01001101111100
10001101110110
11100010101000
01111010000001
10001010110111
01011111101010
01011011100110
11010001100110
01010111010010
00101000110110
10000000111111
01001110001101
10010000110110
10001101100101
11101101110001
01110101001001
01100111001101
11010001010110
10011111001000
11111000011000
00001001110101
01111101100001
10011001000101
00001110010111
00111001010100
11100010011101
01010101010001
01001111100111
10101110100000
11010111001010
01010010110101
10110110001001
11110011101001
10000011011111
11110111000001
11100111001110
11011000001010
11100100011100
11101001000011
00010001011101
01010000111101
10110101111111
10010001101010
11001101101000
10101111010000
01111101110100
01010110100001
10100101001010
11001001101110
01111000111011
00111101111100
00110110001010
10010011001110
10111111011110
10101010110011
00010101010110
00000110111100
11110000000011
00010111100100
00110011111000
10001111110001
01111000001111
01010101010110
10010110111010
11000010000111
11100010011011
11011000111101
00011101110100
01011000110111
10101010100101
11101110110000
00110011001111
11011001111000
10111010001001
01110001001110
10101010111011
11001100100111
11011111100111
01000001111101
11110111001100
11001010100100
00111101010010
01111011001001
10010010011111
00010111011111
01111101100111
01011101010111
11011010000110
11111010110101
10110110101001
11101110011011
01111001110001
11110110010010
01100111000011
11010110011010
11111100101011
00010110010011
11010000111010
11101001110101
11010110101010
00110010111010
01110010011110
11100011111011
10100011100110
01111100000110
11000101101000
10010011101010
00111110110100
01110110010111
01110010001101
10110100100111
11011001011011
11011001011111
01101101100110
01001110101110
01101101110101
11001011010111
10011011000110
10010111001100
11101100000001
10111101110100
11000011000110
11001011010010
11100011100110
10010111110110
01111100001001
00001011100101
10100010100111
10011110001011
00100101011110
10101010001011
11010100110110
00101100010110
01001011100100
11101010010010
11111011111110
00000111111100
00111110011011
10000111011111
11000010010110
00111001010011
10100010110010
00110010111101
11110001110010
00011111111010
11100101111001
10011100101000
01101000100111
10010110100011
10000101001110
01110110010010
11010011001110
10110010111100
11010001001111
01110100111100
11110110110101
10011100010011
01110111000011
00110001010111
01101101101101
10111110100110
00101011100110
01001101110011
11001011000101
00101101100110
01110100101100
01111011110000
01101100010011
01011000011011
11111001000000
10110101110001
01001111010100
10001101011000
11100111010101
01011100100100
01100110011001
10000011011110
00010010110110
10101010110011
10111100010010
10111001010100
01011101100110
00111011010011
11101000101101
11010010101000
11011111010001
01111011000011
11011111110100
01101011110010
10110010110111
10001101010110
01010011111011
11110011100001
01011101111111
10101110001111
11011101101010
11011001001001
00010110111001
00010111001110
11111110011111
11001111111001
10100001111001
11001111110011
11111101000110
00101000100111
10010111110111
01110100010111
01100110010110
01110010110011
00011100111111
11100101010111
00001111001001
01011111001011
10011101111000
00110101010001
00110100111001
00011100101111
00010111110111
11010100001011
10010011011100
01110100101110
00110011010011
11011100111000
11110100001110
11001010000011
01011100001111
10001110111001
00101001100101
11110110110111
11110111110011
10000110001101
10010111110001
10101110010100
11110111110110
00100011010101
10110001100011
00111000110010
10110101111010
01101010111101
11000111001100
10101110011011
11001011011000
11101111111100
00111011111110
10110010011101
01001001110111
00011010011010
01011111001010
00111101010001
10110101110000
10110001100100
01000011101001
10101011010100
00110001111111
01001110001111
01111001111101
01111000101101
11010101111111
11110101110001
11111111111010
10000100110110
10100110011101
00100101110111
00100010101011
10011101001000
01110011111101
00101010111111
01111011100110
01001111101001
00111100001010
00111011101011
10111100010101
10110000110111
10010100111110
00110011010010
00010111010010
11001110101111
00011110110101
10110110000011
11000100101101
10011111001011
01111110010000
00000010011111
01111000111111
01011000111001
10101111101111
11101111010100
00000011111110
10001011000101
00011011011010
11110001010101
01111111011100
01111110101011
11000100100011
11111101000100
10010010100011
10010111100111
00010111011111
10010111000100
10001101100010
01110000111100
10111011001001
10001110100101
01111110111010
10001100111010
00010011101011
11011000111010
00000101111101
11100100010111
11100100101000
11011010001001
10101001101111
11110010011011
01011010110001
01011001101110
10111000111010
10101001100110
01111110100111
00011110001011
10101001111111
01110111000111
01101111100110
00110011001100
10111011101111
11010111101101
01111100100011
10011101110000
01100010010011
11001100001011
00110100111001
01000010010111
11101010111000
01100000111100
00010010110011
01011001111001
01000101110010
11010101100010
10101001111111
00011110100110
10010100101100
10011111110011
11000101110011
11101001101110
10011001111110
11010101100001
10101000011010
01001101011101
11101010101011
00100110101100
01111110011101
10101101000111
11001101111111
11110001110100
11110010001011
01110111111110
11011110110011
00100101101001
00010011001110
01111011110111
11100010001010
10110110000001
00110011011010
10001001000111
11110010001111
10011100011110
01001110001010
10110101011101
01111011010110
11111000011001
11001001010001
00101110011110
11111100111011
00000111011111
01111010110110
10100100111101
10001011001010
01010111111111
00010111001011
01011001111101
10000111100001
11101110000100
01100011110011
11111001011001
11110100010100
10111001011011
11011001011001
01111000010001
11001001010011
10111001100011
10110001100101
00010111010010
10010101101001
11111110010111
11100100110000
01101101001000
10100010100011
11001111111001
01111011010101
00110001001011
00001111000110
01101001110110
11001101001011
11011110100101
10011001010001
11111000010010
00010000111101
01110011001000
00101010111111
00001011001101
01110011011111
00100110010110
00101000111111
10100101011010
10111101111001
11101000110100
10111111111100
01001111110101
01000110111011
01010110111101
00101101010001
10100000111001
01101010101000
10100111101000
11100101011001
11100101001110
11010101000011
10010001010111
00111010101010
11101110010000
01011110100000
00110001111011
00010111011110
11010111100101
10101010001101
11011000001011
10100011111001
11011010100011
10100110010010
11101000010011
10000111110100
00111000110101
11111001010001
11001001101101
01011111111100
01101001000101
10001101001100
01100101101001
10101010101110
10110000101100
11000111101001
00010000111011
10111000111010
00111000010110
00101101110111
11111000000100
11001000011011
10011010111110
10101110010000
10110000111000
01000110111010
10010101011010
10100001011011
00001001110101
01111010011110
10101110010101
00100110100110
11110110010001
11010111011011
01000011011011
10001001110110
10000010111001
01011100010010
01100001111011
10001001110001
00110011111100
11111010001000
00100101110011
01101101011111
11011001101010
01100111110001
01110011101010
01011010000111
10101001110010
11100110110110
10111100110111
10111110100101
00111011101001
Time = 4.63s
