n = 15, k = 2, l = 12, m = 332
Expect Resample Times = 0.698035
Result:
111011110011111
110110111111101
011111111001111
011111111011101
101101101111111
011011111111111
110011111111011
111111111010011
111111110101111
011111011111011
011011111111110
111101111011110
011110111111101
110011111101111
111111111011011
111101110110111
101111110110111
111011111111100
101111101111110
111110110111011
111110100111111
111111110110101
111011111101011
101111111111110
111111110111101
111110111110101
111111100110111
110011101111111
101111111111011
011101111111110
111110111100111
111111111101010
111111011110111
110111011111111
111101111100111
111011111011111
111110111110101
001111110111111
011110111111101
101110111111011
111111111111010
100111101111111
110111101011111
110111011101111
111110110111110
111111111001101
111010111011111
111111010111110
111111011011011
101011111111110
111011011111110
110111001111111
101101111111111
110111011110111
111110011111101
111111100111111
111111001110111
101111111001111
111101111011101
111111011001111
011110111110111
111110011111110
101011111111101
111110101111110
111001111111111
111101110111110
111101100111111
111111100101111
111011111100111
111111010111101
111011101111110
110111011111011
111111100011111
111010111111111
101111111101111
111111011011110
111101111111011
111011010111111
111101111011101
111011111101111
101101110111111
111111101011101
111001111111111
111001111111110
101101111111101
100111110111111
101111111101111
011111111111001
010111111110111
111100111111101
110101111111110
101111101111101
011011111111101
101101101111111
110001111111111
111101110111110
111101110111110
111010011111111
110111111011111
111101111101011
101011111111110
110111011111111
111010101111111
111011110110111
111111111001111
011111110111110
110111011111111
011111101011111
111110001111111
011110110111111
111111010111101
111010111111111
010101111111111
111111111011010
011101111101111
011111101101111
111110111111010
101111111011101
010111111111011
110111111110011
111111111011011
101110110111111
101101111011111
011111101110111
111110011011111
111110011111111
100111111111110
111111111010101
111010110111111
111010111111101
011011101111111
111111101011011
111110101110111
111011111101101
011111111101110
011111011101111
011110111110111
111110110111110
111001111110111
111110111111111
010111011111111
111101110101111
101111111111010
110011111111111
111001011111111
110111111111111
101101110111111
011111110111111
111011111111101
101111111011110
111111110101110
011011111111110
111011111111100
111111110111100
111111110110101
010111011111111
111111111110011
111110111110111
111110101111101
110111111111011
111110011111110
101110111111111
111011100111111
011101111011111
111011101101111
111011111110110
111001011111111
111111110111001
011110101111111
111100011111111
110111111110111
101111110101111
111100111111101
111101111011011
111111011001111
011111011111011
110111011111111
111111101011111
111111111111101
011111111111010
111011111111100
011110111111101
011111111111110
111111110111110
110101111111110
111011110101111
111011110011111
011110111111101
011010111111111
111101101101111
010111111011111
110011111111111
111111111110111
011111111010111
111111010101111
111111111100101
111111111111111
011011111111111
111101101101111
011111110111110
101110110111111
011111011111111
111110111111111
110101111101111
110111011111110
111110111111101
110110111111101
111111111101100
111111111011010
111111100111110
111111101101111
110011111111101
011011111111101
101111101111110
111110101101111
100101111111111
101111100111111
111111110101111
101110111111101
111011111101110
111110011110111
111111001110111
011101111111101
101110110111111
111111101001111
011101101111111
111011111110111
111111101101110
111011111110111
111100011111111
111111111011111
110111011111011
011111110101111
010111111111110
101111110111110
001101111111111
111111101110111
110101111111110
111111011010111
011111011011111
110011111101111
011111111111111
110111101011111
111101101101111
111111010011111
111011110111011
111101111111010
011011111111011
111110111110101
111110110111101
011111101101111
110111111101110
011111011111011
101111011101111
111111101100111
111111011011101
111111111001011
111101111111101
010111111011111
111001111011111
011111111111110
111110101011111
101111111011111
111111010111111
111111110101011
111110111101111
101111110101111
011111011111101
111011111011101
011101111011111
111101011111101
111101111111111
101111011111011
001111111011111
110111111101110
101001111111111
111111110011111
111101011011111
110111101111011
111100111101111
001111110111111
101101011111111
110111111101110
111111101011111
111111100111111
011111111011110
111010101111111
111101111111001
111111111001111
111111011111011
111011101111011
101111100111111
101111011111110
011101111111110
111110111011110
110111010111111
110111100111111
101111011111101
111111001111101
111101111001111
101110101111111
111001111110111
111011111101111
111011111110011
111101111111011
111110110111101
101111111101110
111100101111111
111001111111101
011111111111101
110111111111100
110100111111111
111110111011101
111111011110111
001111111111110
101101111111111
111101011110111
111111010011111
101111111001111
101111011111110
111111101110110
010111111101111
101111110110111
110011111110111
111011011011111
111110100111111
111111011110101
101111111110011
011110111110111
111110111111010
110101111101111
111011111111111
Time = 0.017s
