n = 13, k = 3, l = 4, m = 143
Expect Resample Times = 0.434233
Result:
1001101001101
0110010010111
1111001000110
0010101101000
1101100000110
0111011011011
0110000110101
1011000111100
0110100010001
1000001001110
0010011111000
0001001111111
0101010101001
1001100011001
1010101101000
1111111110010
0100001001001
0010100111100
1000010011011
0011110001110
0011000010001
1110100000110
1101111111001
1011101011000
1011111010110
1011110110001
1001101101000
0101010011101
0001100100111
1000101010111
0101000100010
1010000010001
1000111011111
0101111111111
0110011110001
0111110001011
1001101010001
0111011000110
0000100101011
1010100111111
1001011001100
0111111100110
0111011010011
0111111001011
0011100000101
1010110011000
1101001011111
1110100110001
0011101011100
1101011011000
1000101111011
1001000000110
0011100000001
1000110110000
1101100011100
0001010111101
1011011011000
1000110100001
1010010011110
0000100011010
0101000100111
1101010111111
0001001101101
1100010110010
0010111001000
0000111010101
1010011001001
0011100111101
1111100110011
1010011000101
0101010110000
1111000101010
0011100011000
1110000001111
0101101010111
1100001100011
1111010100111
0100111100011
1000010011001
1000101001001
1101110001010
0111101011010
1100000011111
1001100000101
1001110011100
0010011010111
1111010000000
0011100010010
0110100001101
1000100111111
0001010110110
1110101001111
0001101101000
1110010101000
1111110000011
1010101011000
1000110001011
0011011010011
1101001001100
1011100011001
0111011110000
0100111011000
1100001100000
0010011000010
1110101011010
1111010110110
0101011011001
1011010101110
0100000001111
0101011010010
1001101000101
1000001000110
0111111000101
0011100101111
0111000100100
0001111010111
1110111111110
0011110011011
0111110001001
0100110010100
1110101010101
1100010000110
0111001110111
1000011110001
1001001100001
0111000100101
1111011110011
0111011010000
0111100111010
0010010101111
1111011010010
0110100101010
0111011110101
0011001100100
0010010110000
1101100000010
0101011000010
1101100011110
1110011000100
1111111001111
1110111001100
1010100111101
0000110101011
Time = 0.009s
