n = 9, k = 3, l = 4, m = 168
Expect Resample Times = 0.38101
Result:
001101110
001011010
100111010
111011010
101010100
001111111
010101100
101111100
110100100
101101011
101001011
111110001
000011101
010001110
110101010
100111000
010011001
011101101
101010100
011100001
111110110
100011101
011001100
111010110
110010111
110110001
111111011
110011010
101101000
110111111
111011010
111001111
110111000
010011001
100101001
101010101
011010111
001001011
100100101
111110000
100011010
101100001
110101001
110000101
001011101
011101110
010111010
100110111
011010100
001111101
100110110
110011111
011100111
010011010
110000011
011110110
110001101
011111010
110100011
011010010
100001111
001101001
010100111
110100001
110101111
010101001
111100100
101101111
101100100
100010011
110101001
110001100
011011110
111100001
100110001
110110010
100001110
111100010
100001101
110100001
110100001
101100001
100110100
100011111
011111011
111010110
001011011
001110101
100011001
011000101
110100001
010110110
100100101
011110000
110111111
010001110
100101100
111001001
100011010
111100001
011010101
000110101
010011001
010101111
100101011
100011100
101010010
100100101
001010101
100011101
111010011
000101101
110111111
101111001
110100001
101101011
011010110
011101001
001111101
010101100
110101010
000011101
101110001
101010001
001111110
101110011
011101001
110011111
101101011
011001010
001101001
111110101
010100101
111011000
111010000
100011110
001111110
011000111
111010111
001001110
001001110
110111010
101111111
100100011
100100110
001011101
100111011
101101111
011110101
101000111
000011110
011101000
011010011
110101010
011011101
011010110
111111000
011000101
001111010
111111000
101100101
000111010
011011110
101111111
111110000
101001111
101100011
000110111
Time = 0.004s
