n = 15, k = 5, l = 7, m = 1977
Expect Resample Times = 0.373356
Result:
100011001100011
111110011010011
011000101110011
111111111101101
100100001110111
000001100111011
110011010011010
010111110010110
100110000110011
001101001111110
010011011101100
111011011001100
001101011110011
100111010110110
110110110010001
011100101100111
011100110111101
001001111110010
011111011000001
001010011100011
011100001101111
011111101000101
110001011101001
001001100101011
011001110101000
110111111111101
000111100001110
001101111011101
011010100111111
111010101000111
001111100001111
111111000011110
001100111110101
101110111001000
100011111101010
011111110010111
001101101000110
111111111000111
101110100001011
111100110011001
000001011011011
100111110010000
010101111100011
011110011000110
001100110101100
011010011010100
101000110100110
011011010011001
111010000111111
111010101000110
011011001110000
111010010010010
010011110111001
111010011110100
101110111100000
010111001001100
010001011100011
111110010110100
110100100101010
011110010100011
111010011010101
111110000001100
110011001001011
011110101000101
110110010010100
100101001010011
110101010111110
011001011010001
110111001111110
011101100110101
001100000111110
011101101001001
011000110110111
101111010010000
100111100111010
100100011111011
111000110000011
100101100111010
001101011110110
100111010001111
101110100111010
111000111001010
001001100111001
011100011011110
111111100100000
110010111011110
111100110110001
001100110010111
111010100100100
100100110101011
001110010111110
001010111010001
100101011100111
101010101111010
000010111010101
010001100011101
101000110100101
010100011100110
000101111011100
001001001011110
110000011001011
011101011110110
000111001101100
101100000111001
010010100111100
110111110111011
101100010101101
111100111011011
111011100111110
011001001011011
100110011011111
100001110101100
111111100000100
100101110110101
101110011011001
011000111100100
101101010001111
101001100100110
011110100011010
011010111100110
101100111000010
110111110000000
000001001011111
011110100010110
010011110011011
111101011101000
111101000000111
110001001001101
010101101010101
100111111111000
010000011010111
111010110100111
111110101101110
111011001110011
101110101101110
111101010010111
110011011110000
011110101101100
001111110011111
110000011010110
101000111001011
001111111001000
001111110110101
111011111100010
111110100000011
111111100001000
110000100111100
000110111010010
000111011001110
010111111010100
011011100001011
000110101111110
010000111101001
111000111100011
110100100101110
111100011110001
001111010100111
110000001111010
110101111010001
111010110100001
011100011010010
001011011010001
101000100111001
100010111101110
111011101100000
011111100001111
101111100110101
110101010111110
100010110110001
010111010111011
010010011110001
010101000111001
100011110001010
001100101110110
111100100101011
110110001001100
001001011100011
011001111001101
001111111011001
111010001101010
101100001001101
111001101101111
101011010101001
011000100111100
101000011001101
101111011011011
111100101010000
001101101011101
110001010111001
000111100101001
110001100111101
010011110011100
111111010100100
101110110110011
001101010011001
011111001100100
010111001001110
011100010110011
100111010111000
100111111111110
100111100000011
000010010111111
010111011010100
110111010110101
000101001101111
100110110011001
001001111111001
011110110011101
010111011101100
101101100110000
011101110111001
100101111110111
111111111100011
111010110111100
111011100011101
001110100001110
101111111011110
101001110100010
000111100101100
010110010111100
011011101100101
011000010110011
010100010101101
110110000001110
111100111101000
010111010111110
100100101101110
101011100000101
100011111111011
111111001011001
000111010110001
010101010110110
101110010100011
001001010111111
111000010011010
110111011100101
001101101110000
110010101111110
010010100110111
001111001001011
100110110100011
100111100010110
100011011111100
011001111010011
001110101101111
011001111101010
110111101101110
111111111101010
110010001001111
100110110100011
010010110111001
111001000101011
110011010100111
101001001100101
110111111101001
111101011000111
011100101010001
110101001111011
001011011010100
110110101101100
011010010110110
011001001010011
000100110011110
111100101001001
010001110011110
011110000100011
111100011010011
101000110011101
101100011011001
011101001110011
111111101000111
010010010111111
110101010000101
101101110111011
001100011110100
111001000101010
111100110010101
011101111010011
100111110111011
011001011101100
111110110010000
001010111101011
101001101111001
101111101000111
011010010101010
100000100011111
100010101111101
001010111001110
111011001010000
100000111101011
010110101100001
011101110000100
111110110001000
100101010100110
100010100010111
111001100001111
111110010101100
100100011110011
010110010010101
101000111101110
101010110101001
101010010101101
111101111000000
110000110101100
111011111001000
000111011011101
100111001110010
100010101101101
100110110001101
111011000011011
110010100110011
010011110000101
010100001111010
010100111001101
111110000111111
101101001110110
010110100111101
110110101011100
101111011011010
101010001111000
111001101101100
101101100001101
001110011100100
000010100011111
001001111110010
001110101110110
110101011010100
000111001100111
010100001101011
001111110111011
110010010111111
000101011111001
101110111010000
101101011100011
111111001000010
100101111010000
110010001111011
011001001000111
100101101010100
111001001011110
111000011100101
011110111001101
011110111101101
111000101010111
001011100101011
110111101111101
111000100111000
101011011111010
001100111111111
111100001111100
010110110001001
111001110000011
110011010101100
111001100011101
001100111110111
011110110000101
101111111111111
101001101101101
100100010111011
110100100111000
001111000101001
110000010111100
110000000111101
101101101101110
110011100110001
111110110110101
111111111111001
000111101100010
101011101010010
001011110101111
111110011100000
010110110010101
110111100010011
100100101110011
100111100011011
011100110000011
110100001101101
101001010101100
010011101100100
100111001011000
101011001010100
011101100110111
010100011101100
001110101010101
100111111110110
001011110011100
100011101011010
011110110100101
100010111000111
111111100100101
101111100010100
011100111000100
010001011111010
010000101101101
101111010011101
010110111010000
111111100011100
110111001110100
001110110100011
111111000111011
001111100101111
110010101010100
001111100001010
101101010101011
110111010100010
100111001011101
100001011101100
001110111000101
100011101111001
110101010000110
001001111011001
110001000101101
100101001001111
111111001110000
111100011010010
110110010010101
001011001111101
101111000110101
100101100111110
010111001110000
111001000010110
000110000111111
011101100111010
110011100100111
101100100010011
100011111110000
100010001011101
110110110101100
110101101010011
110100010111100
011110110010111
110011011011111
001101100011011
011010001100111
101111101100111
110110101101100
110110101000010
111100011100011
001100111111101
110110110100001
111110100100100
101011100010100
001011101101110
101010011011011
000110010001111
101100011110100
011000101001101
100010101111010
010110100001101
010000010111011
001000111110010
001011101010101
011010111001100
111101100011000
101110101110110
010000110001111
110110001011010
010010111000101
001001011111100
011010101111011
010110100101101
010011110110011
100101111000100
110011101010011
111110010111010
011111010101010
010000011111001
101010001101110
011100001110010
001100101011110
011101000101110
111111000101100
001001111110110
111011001110101
100110101110101
101010010101101
001100100100111
111011111000001
000011101110100
110100101011110
001010100011110
010111110101100
001111000101010
011111010111101
111111110010000
101111110110011
111110011001011
000101011101111
111111000001000
000011110110010
111101000011111
010001101010111
011110010011111
011010011001111
101001110011010
011101101001011
001001111110111
101010101100111
110010101011011
111000110100110
111111011001010
100100110100011
100001100110101
110101010111100
111100101011111
010011111110111
111000111001101
110010011010010
101000100110101
000011110001111
001111000001110
111011100001001
110011011010101
000101111111010
101101101010110
000010101101110
101111101100100
111000010011101
001110100111000
101010011001101
001001101011001
110100011001110
011011001100010
110100011010101
111010111111111
100001110101110
100010111111101
111100010010001
111111001110110
110011110010011
011010010010101
000111001100110
001100111011111
111101011110110
010011111111011
110001100110011
101001000111010
010110010111101
011110111110110
000110010111010
010111110010110
010011011010100
111110000110000
100001101100110
011111001011010
001011010001110
111010000111010
111110011000101
100000110110110
100001110011111
011000011100101
111000110001111
100011100101110
101111010011100
001011110101010
011001010010101
001010101111111
110101101101111
010111000001111
110101111111110
111000110011101
000110101100101
101001101110000
010000011111011
111010011010101
001011000110101
000001011001111
010111110101110
000111110111100
000110010011110
110010000101101
011111101000110
111010110101000
100101111111110
101010101011011
010011100111110
010001110111100
011011100100111
100111101101100
101111011111000
110100000101101
000110101010101
010100100010111
010101011111110
100011110111011
100110110100101
101001111010101
001001111100011
101110001001011
001001111101001
110011101000110
101010110101101
101101110100010
110000101011010
101000011110111
001111101001100
011001010100101
101100100110100
010010100011110
111000111010111
001111101110110
111000111000011
101010011001001
111111011010000
111100111100101
011110101010111
100001011111101
001101111111110
011011000101100
010111111011100
101110100111111
011101110110000
111101000110001
001110101111100
111110001110111
011000111110010
010001101110010
111110000101101
011110100100111
100011101101110
011010110111000
101100101100111
111111010011011
100010011001110
011111000101011
101101100010111
001100111100010
000110111010111
100110110001100
110011101100000
001100100010111
011011001110111
101010100111001
011011100101000
110101110100111
101010010111011
010111101000100
100101001100110
111101000000101
100110011000011
011111110011111
000001111011010
010101011101010
101010001110110
001111100001001
010110101111001
011100011100011
000001111010101
101000011010101
110111111001100
100111000110111
111000110110000
110001010010110
101101100110011
111011001111100
110110110011001
111001110111010
010011111111101
011110001010010
101100100010101
010111011111000
101111110010101
111000111101100
011000101110011
100011010010011
010100011111100
110101100010111
001111101001000
100000100111011
011110011000011
011000011100110
010001000110111
000101111101000
110111101111110
111010000001110
110010010011010
110100101000101
110011100001100
101111100110100
111000011001100
110101101000001
111000001010101
110011001100001
111100110010011
001010111001100
011010111110111
110010111101000
110001111100111
100001101011110
110111011000010
110101110100011
011111101110111
111101110111000
111100101000001
100101111101000
111000011011100
010111011010000
011010111011110
101101101001010
100101101100001
100101101000011
110000101100101
111100001101110
010100011111110
100011110101011
111100100001100
100101101100010
111001101110110
101011001101111
110000110100011
010001001011011
101001101111011
111000010111011
101100101001110
000000111101011
001100001111111
110010011111110
101000001011110
001010110101111
111010110110111
001011110101010
011110000110100
001101100011101
110010101100011
011111111001011
110100001011111
000010101011110
010011011100110
101111010111010
110110101011011
111110111011010
011001010110101
000111001110101
101001101100011
110100001111011
111000111000100
100111010001001
111101001010101
110100011100010
110100011111001
000010111111110
101110111100110
000101111001001
100010111011001
101111011110010
011111100100010
100011101111001
110100100100101
100111010110100
010101000110111
011001100011101
001111010110100
111000110011100
010111000111111
111011101100000
110111111000000
010110010110010
100001101010101
011010101101010
110011001110101
111110110110011
110011111100011
001100111001111
011100010101101
100110111010001
001010001011011
000111000111001
010010001011111
111111001111010
010110111001111
011101100111110
001010011110010
001010011111111
011010010110001
101011001011010
010100101011110
110111111111001
110011101001110
010110110110011
110000011011011
101000111001010
100011110011111
110101001001110
111111010010100
111010001111100
001111110001111
010011000101011
110001100111111
101001101100010
100101001110011
011111011001110
110101100100001
000111101111000
110100011110110
000111110111010
011101011100011
110111001110100
110011100111011
011000110110001
111010111100111
110000101101010
011111100010110
100011110101010
110001010101011
110111011011001
000011011110001
111010001010110
011101111011000
101111111000010
110100011000111
110001111010000
011001011111000
111110001011110
101111111001000
010000110111101
111001111111111
011111011101100
010101111010111
110101000101010
101110110111011
110110110110001
000001011011101
100010101101111
110001111110001
010110111000100
000011111100110
011100100111100
000111011110011
001010011001101
111010101011110
101010011100111
011111010000110
110010101101001
111100110010101
011111101010010
011011101010110
101100100001101
101011001011000
010110111111101
111000101110010
010011100110010
010111000111000
011001110011011
101110101101011
000011101101011
101001100110100
110111100001010
011011001011110
100101110000101
010010111110101
000011010011011
001000011100111
001110001100101
000110100111111
101100100101011
101011101010001
111000111101111
010001011001101
111000100101011
110101111110011
100100011100111
111001100111010
110110001010111
011101100010011
000111011111000
001011011111011
001111110111000
100111010110111
011010110010001
111010000011100
011000111111011
110001011110100
010001110111101
001100110001101
000011110110011
010101010110010
110001110111001
010111111001101
010011111100100
111011000111010
100100011100101
000110100111100
101001101101010
100101110100100
101011111111001
100110110111001
100111001001101
111000011100110
010100011110100
000111010001110
011101110000110
010110011100011
111100100001111
010110010011011
111100110110100
110011111011101
001001111011100
001111000011001
011101101101010
100010000110111
000010101011101
010011100011001
000011011011010
111110000010101
101110011001000
101111011111010
111110000110000
000100001101111
111011110110010
111101011101001
101100011011111
001011011111101
100111000100110
000011111011110
111101011100101
011100011010100
011111010100100
010001001101110
101110111100111
011010010110010
010111010011110
010011011100001
101100101011101
010101100100110
110111010101101
111000110000011
111110011110001
111001110011001
111100011100111
110001011101101
111110101110101
111111101100001
100011111010001
000101011111100
111101111100000
110100110001101
100111100110110
110111001111100
000101100100111
111100101011000
000111111101101
011001001001111
000001011111101
101111111010101
000111101111001
111101001111000
000101100011111
111011100011000
010010111100101
011010111101101
111111001100110
011101001010110
101111110111000
101101000100101
111110001011001
111101001010111
101001001110110
010101000001111
010111010000101
010011010001101
111011000100111
011101011100111
001110000110111
011010111011111
111011001111111
101111001100110
110010101111001
110101110010101
111110000100101
010101101010010
111110101011011
101010101000111
110111000101011
011011101000101
110011000001011
110001001100110
011100111010101
011111000010110
010100101011011
011110110011000
110010111001101
111111101000001
110101100000110
111101111000011
101010001111011
000110111001111
110111010111110
000111110111110
011011010110011
110100010011100
101101010011010
011100011101000
100011100011110
110001010111001
010111001111110
010011111000100
010111101011111
101101011100001
110011011110001
101001110001010
001110111110111
011100100111011
010111100010100
001111010110101
010010010110110
011111100010000
111101110011100
100101011101111
110011011100110
001101100101101
111000010110010
001010110001111
001001111100100
100111001111010
101110011100101
111000001100110
111110011011011
110100001100011
110011010100010
111000111111110
001111101010100
010011101011100
000011101011010
100101010010110
011000100101111
111101010010111
101000011110100
011110001011010
111101001111011
100100101111011
001001100111010
101000010101101
110011101000011
110010101001111
011011110010101
110110001011110
011010110001101
010111100110010
011110100100111
110100010101001
011001010111010
011001100101001
100110011111001
111001100101111
000011101010111
010101110001101
001001111111000
011110110111100
010001111010001
101110010111011
010100100011110
001110001001110
111000110010111
001101000101101
011100110110101
001001001111100
110010001011100
011111000110011
011101010101000
111011100001001
011011010001111
010110011011101
111001011001110
111110001001011
010001111110100
101101011101001
010110011011100
110000110001111
101100111111000
101001011110011
000011011111101
011010001111001
011011100101111
011100100100011
111111000111011
010110010100111
101101101101110
110101000000111
101010001101011
010111101111111
101110110101101
101011100001011
011010010110011
110111111100011
000000111101011
111110111000000
000011110110101
011110010100100
110110000111101
001011100101100
011101110010010
100100110011001
101010010101010
100011011000011
101110111000001
011110001011100
001101011010110
010111011110001
110011010001101
100110101110111
000101110100101
100001111011011
011110101001000
010111001110110
100110111000011
011010010110101
010111110000011
101101001110111
110011000000111
111111011011000
011101100011001
000111111111001
100110010111100
110110000011110
110110011111011
100101001111000
111001111100011
001110100111011
111111101101101
101000101001111
010100101001110
110100110111011
101011011001001
101101001111110
101100100111011
101001111000010
111111000100001
101100001110100
011110011111110
001111100011011
010001101111000
110001110001011
110011010100111
001011101111000
001111010001111
101001111010000
001110110111010
011100011110111
101101100101000
110001111000001
111001011011110
110101110000111
101100001100011
000111110111000
011000001101101
101111010011011
101111010111100
110010011100101
011001100001111
000111101100110
010111010010001
000011111100010
110100101010011
101011111110101
100100010111010
100100011110011
000100111101001
001101011100011
100001111100110
110110001011111
010001111110110
100101001111001
100011011010100
111001111011011
011110110001110
111110100000110
101011101111001
010110000001111
101000011101101
101010010100110
100010111111011
110010011000011
001011011101010
111000110000111
110101010100011
010010111101000
100011011110011
100101010100011
000011110100011
110010010001110
111011100011001
110101101010101
110101111101111
110100010010111
011011101100111
001010110111100
101010110101011
011001100011111
101110100001011
011001101011000
011101100001100
010011100000111
101100011000110
010110101100010
101101011100010
001101000011011
111100110011101
110110011110100
010000110110110
011000101011111
010000001111111
110110011100001
011011100000110
011010101101101
100101111111001
111001110100001
111001111111000
110000111000110
101000101100110
111001011000100
101100011001111
001111100010111
111100101011111
000111001011101
101111111010111
110101010100010
000111011100011
100010001110110
000010111011100
110100101010110
110001101011101
100101010110001
000100011011110
100101010011110
111011000101000
000011110101101
011101010101011
101110110100110
000000110111011
101100100101011
111000100101100
100111110110111
001011101100111
101101000100110
100101110011000
001110111100010
010011100101011
100001101011111
011100001010110
000100101011110
010100100011111
010011011001001
110011011001010
101000011100011
110001011111010
110010111000111
101101100101110
101011100000011
110101100110001
000001110101111
101010010111011
011001111010011
101001100001101
001001110000111
001111100010010
010010010101111
111000010001111
011111001011001
110100001101010
011011010101011
011111011000000
001110110100100
010111011011101
101010111110011
001101101110011
111010101010000
111001001100111
101001110101011
111100110000111
110101011001011
111111000101001
111101111000100
011111111110010
100010111001101
001010000111101
001111010001110
001101111011110
010010110011110
101111100101011
110110100010100
011011010000011
101111101010110
100110101100100
010110011111000
110001011111110
100100011011111
101110011100101
100101101010001
001001011011100
010101011101000
011111011010100
110101000100011
000110110111001
111000001101100
011101000110100
001001101110101
011110100010101
101001110011111
101011110010111
111001110110001
110011011001001
100100100110011
011000111001101
100011100100101
011110001000101
000111100001011
101111011011101
110011010001100
000110110001011
111111111111111
101010011111111
110111100111011
010010010111011
101111000110001
110101010111111
010010111101000
000010010101111
110101110100110
110000110111111
101010101010010
110100111011101
001111000011001
001100111000101
111001010111101
010110100111110
100100010110111
100010100111010
100110011001111
010110100110011
101100111100101
011001001010110
000111111001110
011100110100010
001010000111011
111111100010011
101110000110110
110111110100110
111000001000111
111101000000110
111010011111000
110001101101111
001100011001110
101011110111101
010111100010011
101100001011101
111000110111110
111101111111101
001111110100001
011001011101111
101001110100101
011010010100101
101001000011011
100110001111010
111011111000000
010010111011100
001111111010101
010111101111111
111001101010011
101010110101001
100110011111010
110000111110010
111110011110101
011010001111110
001111101000001
000110000111011
010011000111100
101100000101111
000110111110111
111011011010001
110100110110010
001100001101101
110011010100001
010011101011110
011000111100110
110100111011101
100101000101111
111100001101101
100100001111011
111000100111110
010001101010011
111111011111111
111000001110101
010111110101001
001011001101010
001010001100111
100011001111111
101000011110110
100101110111000
010011100111000
110011011001110
011111010100100
100101111100001
000011010111011
100000111011101
110101110000011
100011111011111
110100001000111
000101111001001
111111010111011
101010010001110
001111100011100
111000110010111
100101111111001
000010110111010
100111011111000
000111111110101
110100111110100
001101011100111
110000110001110
110010100110110
100010011010111
010010110111011
000110101000111
111101110110011
111001101100111
010011011001101
110100011011100
111010001101011
010111110110111
000100101011110
110010111010001
101101101000010
111010111000110
100010101010110
100010110011011
001001100111100
100001011000111
010000101101011
101100100110101
010111000111111
111110101100100
101010110001010
100000111011110
111011111010001
001110111001001
111000100111100
011101011011111
101100110011001
110011000111001
101101110111011
001111111100110
101111110010100
111010010100011
000110001010111
010110110001010
100110000100111
110100111010001
101110011110101
110000011110010
001101101111000
101111010010110
100011111011000
110111011101101
100011110011000
100101011001010
110101000001101
101110100110110
111010111100110
011001111000100
010000110001111
100110001100111
000110100011101
000010111110011
101010100101010
101100100100111
111110111000000
011101000101101
100111011100111
010100110111000
101101110011110
011001011011001
001001101011110
010110110100010
100001011010101
100101101110100
111111001110001
101110101001110
111110100110011
100101101111100
111011100011001
111000110100110
111111011100000
001010100111101
110010100101110
011100011011001
010011101100010
110011101000111
111010010011100
110001110111001
001010111011010
011001011110100
111101100101111
011011001000011
110000100111110
011011100110000
111110010011010
010110110011110
001110110100100
111010111011110
001010011111110
001011101100001
111101010001101
001111110110101
001111111100000
011110001101010
100010101111001
101110011011000
100110110100010
110001010110101
000100111011100
110100111100011
010011111011000
100011110001101
001101100011110
110101010001011
011010001101100
110001011011000
001110011111110
101111110001111
000110011001111
111001110110000
110001111110010
000111111111000
101000100011011
100100000111111
101010010111111
101010000101110
110010001110101
110001001101011
110000011001011
011011010100101
101101001010100
000011100111001
110010010111110
101100110101100
011100001111110
110010011100011
110111111001000
100100011100110
101001100111011
100000101111001
000111111100110
011000101111111
001000111011110
001011110111011
101100100111110
100111010100101
001001100101101
001111011001001
010110001111100
110010001011110
101111010111111
010001111011011
110011011101010
010100010001111
010101001000111
110100110001101
111001001101110
011000101101001
000001100111110
110001001110011
010110100010110
000111100111001
111001010011000
110010101110111
001110101001010
101101011010001
110011010011110
011010100111010
111101110001001
110010110011100
111001101001011
100001011111001
110111111100011
010110000010111
010000110101011
101011100100110
001110111111100
000111101001101
110110110011000
001110011110100
110010101110000
001011011011111
110111001110011
011100100111101
010101011111111
110001011100010
011111111001000
101010100110010
011000010101110
001010101111001
101001100100110
000001111001011
110111000000111
111011001111011
110110111001001
000111100111010
111000001101001
111110110101101
010011000101011
000011001111101
110001010001111
111001100101010
010011101011101
111010111100010
011111011010000
001010100011101
100011110101000
100011001111101
010010110111001
100010001111010
000101011111010
110100101111011
010110001011100
101010100011011
000001110101011
101000101111000
010100000101111
010001001110101
000011101110100
010010100111101
100111011010000
111011010101110
001111100101010
011011111001101
001011110001110
001001101100101
001011010110010
000000111110110
110100011010101
100011001110101
011011110101010
001110011110101
100111101010110
101000101001110
110110111001000
010111100110111
111111001011011
100011010011011
110101110100011
011110010011111
111100110110100
010011110101000
101010110010101
100010000101111
111111011001100
000100111100110
001010110111101
011001000110111
001010010111001
000100010011111
100010001110101
100101111000100
010001111010101
010001010101011
110011000001111
111110011100111
010011011011000
110101011110111
100100110011111
001111000110101
110100111101010
101001010100101
111011110011010
010010111010101
101000101101101
110000011110001
111110001110000
011100111110101
010011101100111
101110110011111
111111000010000
011100001101010
001110010100101
111001110111110
110011001111010
110110110000001
000111001010101
110010010001110
110101100111010
000111110100010
110111011000011
100100101110100
101101000100101
100111100101110
100010000011111
001101001101111
110011111011000
011100000110101
111011111111011
111100101010100
111100100101011
010111000010111
011110010111001
001010100111100
101110000100111
011101010010001
110001001011001
001100001110110
110001100111000
010111100100111
110010010011101
100101101011110
011101000011100
100001110110110
101110111101000
000110101100110
011011001010100
101101110000011
010111010011110
011111011001101
010001111011010
100000101011111
110100101100110
111110110111111
111101011101110
111110100100000
101011101001001
001111101011111
000110111001011
011010101001001
001101000011101
010111101011011
101110111011001
010101110010010
000111100011111
010110110010110
011111100010000
110100110000111
100001001011111
100100011111010
111111111101100
101111101101101
100101111101111
011101110001000
011100011101011
010111011101000
100011000101101
111011111101100
110100100011001
100100101001111
111100110100010
100010110100011
001100111110000
110111110111001
111110111111011
001111000100011
111110100111100
110100100010110
011110110100001
101110010110001
110111100101010
001100011110110
011001110011110
111101100111001
011101001101001
110001010111000
110011110110110
111011010101011
101101011101100
001010111111101
100110111000111
000101010101011
110000111101001
011011001010110
101011101110001
100010110111101
111100111010001
111101011101010
010110111101110
101000100111111
110010011000101
010001110101110
111010111110011
011110101001000
110100010101101
101111010010011
011110010010001
100010010110101
011010101111110
001101110010011
100001010111011
110011100001110
111111011001100
100100110110100
001001101101101
011110001110100
110010010110111
011010101001111
011011101100010
010101101101001
110100110001010
101111000000101
011101011011011
111111000110111
110011110110111
001011111100000
110011100001001
001111111011110
011101000011101
010111010111110
001111000101011
001100101110100
111010010100001
111010110011000
100001001111110
111110010101001
111100001011101
110011100011000
000111000110011
111111011101001
111001110101100
010110110011000
110010110110010
010010010111100
001011010100101
111101000000101
001111111010100
010110110011010
101001111110000
110001010110010
001010010110110
011011011000011
111010011001000
101111111100101
000111001010101
000111100001101
010111001110101
100100011101010
111100111100101
010110111111001
001111010000101
100011010001011
101101010110111
010110111110010
001100101101110
101110111011000
110111100110010
011011110001011
010111101111110
101111110110111
001100111011000
001001111001100
110110110111101
001111011111001
100011000001111
010101100111101
100001011100101
010001011010011
101001010101110
111001010011101
111100101110100
010110110010001
101111001110100
011011111100100
101100001101001
001010111111000
001001100011011
010011001111101
111111010010011
010001010110111
110000101000111
111111101110100
101110101101101
110010110101011
111010000110100
011111011110010
111011110001000
010111011110011
111011110100111
010110000011111
100011100101111
010001111001110
101111110010101
110001011100101
100110100110101
011101100000110
001111110000101
111011101010100
100101110101000
111100100111010
000101111100111
110110111001100
110100110111111
101000101110100
001100100101101
000101101111011
011011101011011
011010011001101
110000111001101
100011011101101
011111111011110
001000001111101
010010110001011
010110101001100
110110110100000
100001010111100
101101001011011
010111010101010
110101000001101
111001001101101
010101100110011
100010111110101
111111011110011
011011110000100
111101010000100
011111000010010
101100110000101
110011011010101
011010010110101
001101000101011
111101111100001
111000011011000
001111000101101
111110011011100
101000100110011
101111100111011
101000011101101
011001101111101
011111100001100
010001111101010
000110110110110
010111011111011
111110101101000
010100110111111
101100111011110
000001011110110
110101110010101
111100111011110
011011010011110
111111111001100
011010110001010
010011111101011
000010101110011
011101110001100
011110011000111
100110101011100
101101100101011
000100111011111
010110001101100
010110011010010
101011110111101
000001011101011
111100101011001
011010101000101
011010101010100
011011111111111
111100101100111
011000011011111
001000111101100
101100001111111
010101011010001
000101111011110
011011101010010
111111100111110
001110101100011
110001010111110
001100111000011
110111011110110
110100101111111
111101011000000
010100100101101
111111000010101
011000010101110
100111011110000
101110101100100
101000010110110
011101001100101
110101010000101
011110101001111
111110111011101
011110001110101
101100110001100
111111100000100
100100111011000
000111100010110
110110011010100
Time = 1.308s
