n = 5, k = 3, l = 2, m = 102
Expect Resample Times = 0.372952
Result:
10110
00101
11111
00111
01011
01111
11110
01100
10001
11111
11111
10111
00011
01110
10111
01011
00110
00011
11001
11111
10100
00101
00011
10010
11001
01010
00011
10110
10101
10101
11001
10001
01011
11011
10001
10001
11001
11110
10010
00110
00110
11110
11101
01111
01001
01110
10010
01100
01001
10111
01011
00110
11011
00111
11011
10010
10101
10001
11100
11111
01101
00111
10111
01001
10111
11101
01101
10110
00101
01001
00111
01110
01110
01101
11100
01001
11011
11010
11000
00101
11001
01001
01010
10011
10011
11001
01110
01001
10110
10111
11001
01110
10010
00110
11101
01010
01001
01110
01001
01100
10010
01010
Time = 0.001s
