n = 16, k = 3, l = 3, m = 149
Expect Resample Times = 0.490415
Result:
1110110011111010
0101010100001000
1001011101000011
1010101001101011
0010001101011011
1101010111111110
0010001000110010
1110111000000110
1010100010101101
1000010011100011
1111000100000010
1110000100001011
0100010101100101
0101100011101111
0001001000111101
1001011000011001
0111010100010010
1000110100010011
0001011000111000
0010111111000101
0111110110111101
1000110101111111
0000111010111101
1101010001100000
1000100100011001
0100100011101010
0111000001111100
0111101010111011
1100101100010111
0101010110001000
1100001101010000
1000001110010001
0001010111111110
1011101000110011
1000011011000001
1110000000110001
1110101101111000
0010100110000000
1000111001101110
0011001011010110
0100011001000110
0000111110011111
0100010110110010
0010001011010111
0011001011111110
1010010000011110
0001111001111101
0110100100001110
0001100111011110
0110001100001111
0011010111010110
0001100000110001
0000000100000111
0110001110111100
1101110000111010
0000010001000101
1111010001011111
0101010111001110
0010110010100110
0011000110111001
0010110001111011
0101100100100100
1001000000011110
0010011001111100
0011110000100100
1110110110000011
1011110111010000
0011100110000111
0110100010000000
0010001110000111
0110101001110101
1100000110100010
0111100011101100
1010001001101100
1000111110110111
1011000011111101
0100001001010001
1111110111100101
1010110111011011
0001011000101010
1100011111110101
1110011000111010
0010110001011011
1101111011011001
1010000101011101
0110001101111110
0101111001011111
0101111011111100
1111011000001101
0010101101101000
1100010000010101
1001000000111010
1010001000000111
0111010111010011
1111001110111000
1001011100001101
1001000000011001
1101000111101111
0101001010101000
0001100010101110
1011110010111001
1100010111011000
0000100111111000
0111000111011100
0100100000101110
0010100001101001
0101100101000010
1000100111100111
1111001011011011
0100101110000010
0110111001100100
1110001100101111
0001010111000110
0011011011111110
0110110000011110
0011110001101101
1111111110111011
1011101011111010
0111100110111110
0110010101110000
0000101110011101
0110111101001010
0000100100011111
0011100011010101
0101101001100001
1111100110010111
1100101010010001
1001101011111101
1111011100111000
0001001000010001
0110000001101110
0011101111011011
1111011111011001
1000011010001000
1110000101110101
1111010010101101
0101001001110000
1101001100000000
0101011101011111
1011011111101001
1100101001100101
0000100010110000
1001100010101001
0100010111110011
1100001101010001
1111001110110011
0111000010101101
1001000001010011
1100100100011010
Time = 2.541s
