n = 15, k = 5, l = 6, m = 1222
Expect Resample Times = 0.373319
Result:
000101001111001
110100111010010
011110111011010
100011101000111
101111100001001
001001111000001
110111000100000
000001100111111
001001111000111
110000010010011
110011001110100
111010010110011
011100111110101
101101111001111
110110000011010
000011101111010
101001110011011
111010010101001
010000110100111
011111001101001
011001101110011
101001100011101
010100110111110
111000110011010
101001001011000
011000100011011
101010011101001
101010101011100
110100110011001
111100111111101
101011010011111
110011111010001
010010011100001
000101000111101
011001101001100
101101110111111
111100010001100
100110101101100
011001010010010
100011110001011
001011010001111
101001110011101
110111100100010
011100001110110
011101101011011
110101010110101
011010011100001
101000011001111
101001110001110
100110110010111
011101101010100
101011110000111
101110110001010
110011111011101
000011111100110
001111101011001
001001110111010
101000011111000
010101010100110
110011011011010
101010010100010
001000111111101
011100001000110
110010101100001
010111011100000
110111100111100
011101100001111
111010100011001
111011110001110
110110001000010
110110111101100
100101110001010
110011011011110
101111011000011
111101111100100
010011100010101
011011010001000
011110110110011
100110110100110
001110100110100
110001011101001
000101010110110
110010011000110
100110011100111
111111011010101
000001011110111
000101001110101
100110101100110
000011110010101
110110000000101
101011101000000
101111101000100
000100011101101
111111010001000
101101110101001
111001000100011
001101011110111
001101111000001
110001000111011
101101101010101
110011100010000
011100001100010
101111011111000
001000111110100
001000001101110
010101001111001
000010101011010
011001101100111
000100101011110
011101001010011
010101100110001
100100110101001
010010010010111
001010001011110
011110000100011
100011111011100
110110110001000
010101111011100
010100110011001
010011011111010
100011110001110
111100101100011
111000010001101
101010101001110
111010101000010
111110111001100
111011000000010
111110100010111
100010110011010
101011101001011
010101010110101
111001011000111
001010110100001
001011010101100
101110111101100
111001110000000
001111100000101
010000100111110
110101110110011
111111010101101
110000100011011
010001111010100
100100111000001
100111111101001
000101101101101
010000011101001
110010000101011
010111111101111
101110000100110
110001100010100
110101110000111
101001011111001
011110111000111
011001001101011
110010110111010
110010111011000
110010111110000
001010011011101
111010101001010
000011011010111
101010101111010
111100011001110
010110001001110
111100100010110
111100111011011
011111110011100
101110110000011
111100010010100
100000111011111
101001101100101
010100110001001
101001010101111
111100111001111
010110110001101
101100111001111
111110011111100
100001110011100
100111001111110
111101110111001
101110100011100
001000110111111
110101000100101
100011101111110
000110010110110
110111011101110
010101101001001
010110111111101
011100010001011
010011011001111
110000001111101
110010000111111
111000001100110
000111000001011
000101110001110
100011101010000
101100011111110
010111111011001
101001110001101
111111010011000
110001110111111
010110001001100
111101001010001
010000011101101
110011110100011
000001101111111
011011101001101
000011001110001
101101011011001
101100100111000
001001100011001
000111010111110
010001001001111
001001011101000
001110111011001
010100101100111
000010111010010
100110010111001
110001101000011
001111111010100
110111011000101
010110001011111
101111001010011
100011110010111
000110100001111
011110111011000
011001000001111
101001010101100
111100100111000
111101100101100
110101000010011
110111001110000
000111100101011
101010100111011
001110011001010
010100011011101
110101000011010
011010011010001
000100110010011
110001001101100
001000010110111
011111010001010
000001011001101
011011101001111
111100011000011
011000010111011
010010100111110
001111001110000
011010101101001
000101011000011
011100101101101
110000111011110
010110011110100
010000111100100
010000101110001
000101010011101
000010110110010
110011110101001
101110010000001
110000011011100
001101101100110
001101100100101
010010101011110
110000100111110
001100111101000
010110010110111
001110011100111
001000110101111
000001011110101
111010010111000
011001100100101
010111010010000
001001001100011
110101001010100
110101001000111
010100111011101
101001110100001
000010100110101
100100110111101
111101010111100
001101000011001
111101110000100
011111110100111
000011010111011
111100001001010
100111101111010
100001000111001
010111011001000
100110101111111
110110110011110
100011010010001
100000011110110
111101100111010
001001111110101
101011001011011
011100111110001
010101100111111
000010101100101
111101000011000
100110011010100
011001100101011
001010101111101
111001111000010
100010100001011
101101011010111
001101101110111
111000000001111
001110101011100
110100111001011
001011101111100
000111111110000
010001101001001
001011001110010
110000110111000
111001011011110
111100010100111
110001100111001
110010100011001
011100011000101
110011101100001
100001100100101
101111111111111
111010100011001
001011101010110
101101010001000
110001001100110
010011110101101
011110111100111
101010100000111
001011101010111
011111010111011
110100101111000
001111100111011
011100001000011
000000101110111
111011001100110
111000100010001
110111010110001
011011101011111
001110110111100
101110110000100
001001010100011
001101111011101
001110011100001
100011000011110
001111011111101
010010110100101
010010111001100
001101000010111
100010011110001
101110110001001
100101000110111
011001010111010
011010011100100
111100001100000
111111010011001
111111100001100
110000100101100
101011101111010
001101010101000
010010010001111
111100101100110
111100110110010
111101010110101
011001001011010
101010111101010
011110000111000
101111001101001
100010011001010
110001011110101
101111000111110
011101010111001
100001110000110
100001100010110
000110100010011
011001010110000
100101010110100
101101111001001
000110010110110
000101100101101
110101011110000
101000111110101
101101011011100
000110110001010
110101011100101
101001010000011
010100010101100
001011100100111
101001101011111
001110100011001
101011010111010
010100001011111
100010111101110
110101111011111
100001110011001
111010101011111
111100011111100
000100011111101
010111001001010
000111111101111
100101101000101
010101100001011
110110110001000
101000111100010
010100100101010
101000111101011
100101101110010
001010111011000
010101111011101
011111100001010
010101010011011
010110110110000
111101001111001
001110011010100
000110001101011
001101010011100
011001111100011
111110000110101
101111111100010
110010001011000
000010010101011
110000110100011
010000110010101
110101001101011
111101111011010
111111001011011
101001000111011
111110100001101
000110011001110
010111000101011
110110001100111
101100001001111
011111000110100
110000010011011
000101000011111
100101001011101
100100111110000
101101001011101
101110111110001
110010110001110
010111101000111
100000100011110
010011110110111
110110010011001
110110110011001
011010110100110
011011100010010
010100101001001
101000111011110
011010011110110
100111000111011
111101100010100
101000100110110
011010111101010
010101100100111
100001110010110
111110000001001
110100101011110
011110100101101
100101001011111
110110110101100
101111000010000
110011101011001
011000111100010
110111110100010
010110110001000
101100010101110
011110110011000
110110010101100
011010010101010
111110111110110
001111110000100
101110111101100
001011001110011
101001000101011
110010000101011
010011110110101
001000011111101
110011101010001
110001101100011
110001010010110
101010010001101
101011110101000
011110100011011
111010111111010
100010000111100
101011111110011
010111010011111
000111111101011
001001001110001
000111001010111
000100011101001
101010101101001
111011001100001
101010011100010
001011100010100
111101101100110
011011001010110
111111001110000
010010110101101
010101010100010
101010111110100
110010111111011
011001001100110
100110010101001
110000001011101
111100010110100
100111101000110
110110101011111
111000111110001
110011001010111
100110101011101
110100100111000
100011001110111
000001110011110
101110110000110
011001001001010
000010011110001
101001110111000
100001110111010
110011001010101
111111010101011
000111101010110
111000100011101
101110001001011
011001111000001
100100101001100
101110111110100
110111010111011
100110001011011
000011001011011
011011110111000
100011001011000
101011000110010
111100110110010
000010101010111
100011110111001
101100110101000
110110001100011
011101100110110
101110011001110
011010011110101
000111001111101
110111110110111
001110101001111
001000111010011
010010110100011
110111111111111
010110011101100
011100011110101
000010001111101
101011111111010
110011100001100
101000001010110
110011010101001
110000111001000
011010111001010
101001110110010
101110001000110
110010010100110
111101110101100
111000000101110
111110011001101
000110110111111
101001010010110
101111101111100
110111000111011
111001011110010
101101011101011
101111100000001
101101000001110
110001000110110
100111011011000
100001011101111
101100011000001
100101110011101
111010101010110
010101001010011
011001010111110
111011010001110
111100000001001
110001010000110
001110011000101
100010111010110
110101010111101
000011010111001
111100010010110
011010100111001
101100101111110
100111111100111
111011111001010
011100100011101
111000100100101
001001110110101
101001001111111
000101011011101
101001000110111
000010111011011
000001001101110
010110101010111
101100110001000
100011000010101
110001011001110
111000010101110
000111110111010
100011011001001
010101111001000
100101010101100
011100000000111
111111111010010
100100001100011
101010110101111
011111000000010
000100010101110
010110111110111
110101101010100
001000111100101
001010100100111
101001111001010
101110001110110
011110110001001
101111101010010
100011100110111
100111111111111
110001001001011
011101010100000
110100011001100
001011110010000
010110001000011
011001000010111
111011001111011
010011010000011
100101001011101
011000011010001
000111111010111
100111111010011
110100001000111
100000011010101
011010100100111
111101100101000
111001100001100
111000101011111
010100101111001
110110101010111
111110010111010
001111010011011
100000010111110
110101010101010
000111001100111
110110111100110
110111010011111
011100111111101
100111011011100
000110110001110
001100100011011
000011011110011
010111010110011
000110001111011
100001110101100
111111010100111
011001011101110
110111100111011
110111100111111
110000000110110
111011101000110
010001100110101
001011000101010
001101001111001
001000011111001
000011001100110
000010101110100
001110111000001
100011111010001
110010010010011
111010100011001
110101000111100
101010100000111
010000100111100
010111111000111
100111110101111
111011111011000
110111101010011
001000100111010
010010000111100
100011011101110
111111110100100
000001111100011
010011011000101
001111100100101
101101101100011
101001111000101
110001010011100
000001111110001
011111100010010
000110111001011
101000101101001
110010100001100
101110100110101
100000111101110
001011000010111
011011010000101
111001000000101
110111101000010
000001100001111
110110111100111
110110011110001
001010000001111
111110110001011
011001111000111
111001011111011
110000110010101
111111111101110
011100111110111
001110010101100
000111111001010
100011001001101
010011101001110
110110100011100
111100000100100
110100001010111
101011000100101
000011111100110
110100011000001
010100110101011
011000001101110
111111110001111
101001101011011
100110101101110
000011111100010
001111110000100
101111000011110
110010110001100
111111010000001
001110111011110
100010111110010
111101111100001
101110010011110
011101111110110
100111010010101
001011010011001
111010001001010
100110010111000
101001110011111
010111000110100
101101110100100
010100011111100
100010101101000
110000100001011
100011111011011
001001010111111
101111100010001
100111000010111
101011111001101
000011101101101
010111101000011
010100010110111
001010111110000
111011001100100
010001010110110
111101011100010
011001111101101
001100110110111
011100111101011
101010110011100
010011001111100
010011010110001
011100100010100
111111100110111
000111100011101
111101000001100
001101100110111
111000010101000
110000110011001
101101100110010
001101110100100
100000011011101
010101110001000
011011000111100
100011000101010
101100000110111
101001110101000
110011110011101
010111101010101
111101111100101
001100001110010
101010100010010
011100011100100
010111100110011
110111000001000
001001101010111
011000110110011
000110110011101
111100001001011
110010110001111
100010011011001
110001100111100
111101011001001
100011001100010
000110001111011
000011111101001
110100001010101
101000100011110
011010110100001
100101011010110
101011000100010
110110101001011
101110000001101
101111000011000
011010101011010
011011010000001
100111100110011
110100111100110
110000010001110
001001110011101
101110000111010
010110100100101
001110101100001
110011001000101
101001110111110
100111010011101
101110100101100
011001110001001
010111110100111
010101011111011
100011010101011
101001101101101
101110111000001
000110001101001
110010001110110
111000110001010
110110111000000
110100100010100
100001111010100
111010100110111
110001011100111
110010011111000
011010101111111
110100010010100
011110100000111
100010010110111
011010100101001
101110110111110
010111100011101
101011010100111
001100100001101
001001001011101
111010001111001
011110001111011
111100011100010
110010111001100
101111001100010
101110101110100
010101101010011
101000111010011
110101010100100
111000110001100
111101101101000
000110111011011
011101110010100
101100110001011
101101111001100
111011011011101
100000011111101
110010001110110
111100000100101
101101111001101
011100001010110
011111001100100
110100111101011
011011001100111
101100111100011
101101100000011
101010101010001
000111111111010
111001111110010
101110111101110
001010010101110
111111111110010
110100011110011
100111111110011
100101010100100
101000000111001
011101110001001
001111011001110
000011101001110
000111001110000
000111100001101
101011010100100
011011101110111
110011101110010
001001110100100
010011101111011
010011101010011
111011111101010
001000101011011
111000110101110
111011001101110
101110010001010
011101010110001
101010110111010
100110101110011
010101000001101
101010001001110
110101101111000
000011100111010
001110011111101
100101101101110
010010001100101
011100110011111
011111011100100
111101010001011
000100111110011
100110010110110
100001101010101
101100100100100
101000101010001
111010111001011
001111001011011
111011001110001
111101100001110
110110110010001
011000101111001
111011100111110
101111001011101
101100011101000
101110111110111
011111001001011
011101110101101
001010111001100
010001111010111
001011101100111
110010000110110
010000111110011
011110111101011
110101010110111
011001110111100
100100011001111
100001110101010
111110011000111
010011011011110
100001100101010
010111101110010
011101011011011
011001100011111
011101001011110
011110010101111
110111001101000
110010111111111
001111001111010
001001101010101
101111001110010
101011101010101
001110001101110
000010011100101
100010011011101
010110000011101
011010111001100
100111011000001
111010011111011
101000010110011
010110100010011
111101110101001
001010001101001
011010100010010
110110101010010
110111101010100
001110000111000
111000011010110
011010111010110
001110100011001
000100011111100
010000111111001
010101000011111
110111011100101
000111101101001
111011100110001
100100011110000
110010110111101
110100011000111
101011010001001
011100111011101
110010000011011
111101010111001
001100011101110
010010010101100
001010101110101
101000011100100
110001111111001
011110011110101
010110110001101
101110010011111
011011011101110
100110100001111
110100011100010
000011100110011
011111000110110
101010111110010
100111110001001
100111010001001
010100101110100
111001111000100
100101110001110
100110001011101
100111010001100
001111000000110
001010011010100
100110001101110
101010011110010
111111001000110
110001000110100
001001110110011
001000010100111
001000110100101
010001100111011
100001000111010
101000000011111
011111101001000
110111101100101
111010101111110
001000011111110
000001111111001
010101011110001
010101110011110
110110101010010
111101001010001
011011111000001
101110011110111
100010100011110
111100110010101
011111000100001
010011110111001
000000110011110
100101010110101
111110100101101
001001101001001
101001110000110
011011101010100
010000011100110
100111101100011
101100101000111
111101011101101
001011110111110
011111110110001
110000110110011
101000100110110
110001111111110
001111101000010
011000111010100
001001010011101
110001010110011
000001111101101
001000100110110
101110110001000
111111101000001
110000000101101
000010011101110
111110010101010
001101001001010
000001011011110
011101111111010
110010100100010
010111010101011
001101110000001
011111011001011
101011010010001
101110001101111
111101111100000
000101110010010
010110010010010
011100111111000
000000101011110
101100110110000
101111110100100
110011011101101
110011110110100
011101100010011
011011110100101
101111011010011
110001001100001
101011000111110
100101111001110
101010011001100
010011100010010
011001101110100
100101100100110
011110101000101
000111110001100
110011101111100
110000111011100
100011100110000
100100100111100
111001100010000
111000001110001
100011001100010
001110110011110
101010101011010
010111101011010
111111011110011
100111001101100
000101011011110
010110111010101
111000101001001
001110110001000
111101011100100
110101001111110
101001101011001
111011111011111
011000110011111
000010100111010
010010010111110
011001000010101
111110101010100
001111010111001
100110001100011
010101010111001
100000101110001
110000000111011
101101010010110
010101111100011
000110101110101
000100111011001
100101011010111
000101101001100
111100000111101
111110011111100
100010100101100
000111110010100
110101000111110
110100111010110
010000011011010
010100110111001
111010110101000
110011110011100
101011111111000
110111010100010
111000011110100
101010000011111
011111000001011
111111100111111
010011010100001
000001110111011
011101101110100
110010110010100
100100001010101
000110110010101
000011111001010
010111000101010
100100101011100
001000111000111
101011111011110
100110101100111
010010011011010
000011101110000
001011101010000
011001110010110
100101010011001
001010011011000
101111100011110
111101110111010
011101111111110
111010110010111
101000111010001
101110000100111
001011111111101
000101110010011
001011110011010
010110011100111
110110110010001
000111011101000
001011001010100
111101100011000
110111001011101
110011101101110
110100011001101
010001101101111
010011001111110
100001010100110
110000100101100
100001010011011
101100101110001
001110110110111
100101011110001
101001111001101
001010101011001
111000111001100
000101110100011
100100110100110
111001101111101
000110111110111
101010000001011
000011011111111
111110101101001
110010010000110
101000100101010
110101110011011
011101100011111
000111100101111
011010011101100
101001010100001
011110000111000
110000000101011
100110001110110
111000101111101
101000110010011
110001101000011
000011001011100
010011110100100
011111101101111
001010110001100
100111101101011
011010101110001
110101001100000
111011000111101
101110111101010
101010111101101
100100111001001
101110110001100
001001000111011
101100011100100
010100101010001
100001011000011
011100001111011
111000010011000
Time = 0.645s
