n = 11, k = 3, l = 5, m = 184
Expect Resample Times = 0.400655
Result:
10111110100
01010101010
11000100110
01001100101
11100111000
00110111101
11011010001
11001100100
10101010101
00110100101
11011100011
01001101011
11011101111
00001011111
11100001111
11101001110
11100000111
11111110001
01000110101
11110001100
11000111110
11110011010
00110111111
10001011100
00001111111
10110100100
11010000011
00111111110
00100011110
01110100101
00111110101
00110011100
11101011000
01101011001
11010111101
01111011010
00101010110
10110110100
10010110010
11000101010
11111100010
00111001011
00101001111
10011100110
10101101100
00111111001
00010101111
01001110100
10000110111
10001111001
11110001011
10011100110
11100011010
10011010111
10101101011
01110001111
10000110101
10001110100
01011100101
01110010110
01001110110
10111001101
01110111001
11011000001
11111011110
10100001101
11110101010
10111000011
11010011100
01000111110
11111010110
01110010110
11110010001
01100100110
11111101110
00100111111
11011101111
10100111111
01011001001
11000111101
10110010011
00000110111
01111010011
10101110000
01011101100
11100111001
00011011101
11010100010
11111011010
01111111000
11001110010
11100001100
01110000101
01101110000
00010011111
01001111111
11110001000
01101110000
01111111001
01011100001
11011011101
11110011011
11111011000
01011100100
10110101111
10010110110
10111101100
10100011001
11001110011
11010111111
10100010111
00011100110
01111100011
10111111010
11011000111
10011010010
01010110010
11010100010
01110010011
01010010110
11101101010
11001110011
10110101010
10011010110
10101101001
01010011010
10011011100
10001111111
01101010111
10011111111
10110111110
01010011010
11110100110
11101010111
10101110100
00011101010
01111100000
10101010011
10010011010
01010001111
00111011011
01010010101
10100010110
01111110100
10011110111
01111110011
11110110101
00111010101
01110111010
11100001111
10111101101
01011001100
10111100000
11011010100
00110111101
01001011001
11010111100
11010111001
01011001100
01110100001
11111101001
01010111001
11110010110
01001111011
01111000101
01110100011
00100011110
00011000111
01001001011
11011100010
11111010000
11101101010
01111110010
01101100101
00010101110
11010100010
11010111111
01101100010
11010101110
00111100101
11101001000
00111100001
11000101110
00011100011
Time = 0.006s
