n = 7, k = 5, l = 1, m = 299
Expect Resample Times = 0.367976
Result:
0001100
0100111
0010100
0011101
1111111
1110110
0101001
1111111
1100110
0100001
0110110
1011100
1111010
1000000
0010110
1100100
0011110
0111110
1100110
0000010
0010001
1101010
0101001
1010100
1100000
0110000
1010101
0111101
1011010
1001001
1101101
1101011
0001101
0000101
1110101
0010010
0100010
1011001
0100110
1111100
1010000
1101101
1001110
0000100
0101111
1001000
1010010
1101011
0110011
0110111
1111111
1010011
0101001
0010001
1110110
0000110
1110001
1011001
1010101
1010001
0110110
0101110
1110010
0111000
1101001
0000101
0001011
0101001
1001011
1100101
0111010
1001111
1000001
0001110
1001001
1000110
0000011
1010000
1011110
0101011
0111010
0100110
0100011
0111100
1110011
0101011
1000111
1111111
1000010
1011100
1110001
0100010
0001101
0000101
0010101
0010010
1110100
0110111
0010111
0110100
0111111
0101100
1100010
1111011
0100011
1001011
1000110
0010111
0100100
1000010
1000111
1101011
1100111
1111011
1001010
0100101
1110001
1000011
0110000
1011011
1100101
0100011
1010000
0111011
1111110
0111001
1010101
1001111
0110000
1000011
1010001
1001001
0101001
0011101
1001011
1110100
1101011
1101000
1101101
1000001
1100100
1001111
0111010
0111001
0100001
1111010
1010011
1110000
0010110
1000010
1000011
0100110
1100101
0111100
0001101
0101111
1100010
0100100
0000011
0110000
1111011
1110101
1011001
0111000
1011110
1101111
1000011
0101111
0001000
1011010
0001010
1101101
0110110
1110110
0101001
1011100
0100011
0010010
0010011
1100000
1010111
1101100
0100110
1000010
0000111
1101001
0000010
0010101
0110001
0100001
1000001
1111110
1111010
1010111
0000010
0001001
1000110
0010100
1001010
0101101
0110011
1011001
0110111
0010100
0000011
1111100
0000101
1011101
1000000
0000111
0010111
0011110
0101000
0010000
1101010
0011011
0101001
0001110
0000100
0111100
0100010
0011110
0110111
0110001
1100000
0010111
0100101
0111101
0111111
0111011
0101111
0000001
0101100
0111110
1100000
0001110
0010110
0010000
1101000
0011100
0010001
0001010
0111010
1110111
1000110
0001111
1001111
0111010
1110111
0100110
0000001
0100101
0000011
1101111
0000001
1010010
1110000
0100101
0111011
0101101
0101110
0101110
1010101
1010100
1000011
1001000
0001001
0110001
1010111
1110011
1111010
0101101
0000111
1101111
1001001
1001000
1110001
1000100
0110100
0001110
0101100
1111010
0011110
1101110
1000011
1001101
1110011
0100001
0010110
0101011
0110101
0100011
0010000
0011110
1110111
0011011
0111111
1110010
1110001
Time = 0.002s
