n = 16, k = 2, l = 6, m = 60
Expect Resample Times = 0.730641
Result:
0110101110100100
1111010001000111
1011000010101101
1111001111000111
1110011010100001
1011111111100110
1010011001010101
0100101111001110
0010100101101101
0010010100101011
1101110110001011
1001000011001001
1110000110100100
1000011000110100
0011000110000110
1011011110110100
1110000111100101
1010110011011001
0111111001010100
0110100110111010
0110001001101111
1011111101000111
1101111101001100
0011101110010010
0111101011010111
0011011110001011
1101100001100000
0111001111010011
1111100011001010
0101010010101010
1001000100011100
1101110000110101
0110001111001100
1000000101010110
1110001110110110
1100000010011110
0100001010111010
1001010011001110
0011011100000111
1110010111110011
0110001110001101
1110111000111010
0011011110101101
1111100011111011
1010000111001001
0111010100101001
0101110001000001
1011100110111001
0100011010011010
0110110011000110
1101001010110110
0100010110110110
0101010010101110
0111110011010101
1011011011001100
0101001011001001
1110101000100000
0000010001010111
1001100010011100
1110101101100110
Time = 0.006s
