n = 14, k = 3, l = 5, m = 155
Expect Resample Times = 0.458802
Result:
00111001111111
00000111001001
01110011111101
10011111101010
01111111101001
10100011111010
10100101000101
10011000111111
00001010101011
10000011010011
01100000011100
01000010100110
10000100010110
10001011000010
00100011011110
11111110101001
01010111011100
01101010111011
11001101111110
11001010101000
00100100010111
11011101010000
01110101110010
01111011010010
00101100111011
01011010111110
01011000111101
11000110000100
10111100001111
10100100110101
01100011110101
01011000011111
11110001111100
00111101010110
00011110011111
01100100001110
10111100000010
10110101110100
10010110101000
01001110001001
10001011011001
11001010110111
11110111001100
11110101000011
11111110110111
11001001010110
01110110110110
10101001101110
10001101001010
01000110110110
10111111101011
01001010111110
10101010000001
11111110101110
00110100101110
01010011001110
00001101000111
01101110100101
11010100111001
01011011100100
01110001110010
10101110100001
11111010001101
00011101110101
00110100001001
00001100111011
01011100010101
11001100010011
10010101011100
01011000010110
01011010111101
00100110011001
11110000011000
11000111100010
01111101011111
11110001111100
11110010011111
10111011110010
11011100101001
11011110101100
10000111000111
10100001000111
01100100110110
01011111010011
01111010111000
00101111100100
01001010011110
00001011010101
11010010101011
00010011011100
11000100010110
01000111011110
11100101001001
10110010001110
01010011100101
11111000011111
00110010010011
00110110110000
10011110110101
11001100111111
01010101010111
10110011010100
00101000011100
00100011001010
11011100001001
01010010111000
11010111001001
10001001111101
00001010011111
11011011000011
00001110110010
00110101100011
11001011000011
01000011110100
00000110100111
01011101001011
10001110001111
11001010111011
00101001101001
00111100101111
00110110100001
01001110000001
00111000111000
11001100000110
01001100100101
10011101000100
11011111010001
00100100111000
11011111101010
01100111010100
01001011111011
01110001101111
11110010011010
01010001101101
01110100001111
00010111111011
11110000000110
11111011110110
11011001110011
10011011000111
11010001111111
11011101100010
10011001001101
01110001101111
01011111000100
01111110100010
10011011111101
01101000011111
11001111100000
10000111000010
01111010100001
00010011000111
00011010000011
01001110001101
10110110111111
Time = 0.017s
