n = 8, k = 3, l = 3, m = 129
Expect Resample Times = 0.363581
Result:
01011101
00101110
00110001
01010100
11000010
01101111
01001110
10010001
01111110
11000101
11010101
01001110
01110101
10010101
11010110
10111110
00101100
00011110
01101111
11101001
11010000
11110110
10101111
01100100
00010110
11110001
10100110
01110000
11111101
10010101
01101100
10001111
11101101
10011000
10111001
10101101
01110101
11010100
01110010
10011000
11101001
10111010
11111110
10110011
11110000
00101100
11001011
00001101
10100100
11100000
11110000
11101011
01001010
10111010
10110000
00011010
11011101
10111110
11111011
00111100
11001010
00100101
11100010
11010011
01101001
01001010
00100101
01000101
00010110
10110010
00001011
11011100
11011100
00001101
00010011
00110010
11000111
11111110
10001100
01111111
00000111
10010001
00110011
11110000
01101110
11010000
10011001
01001001
10010111
10010101
00110001
10010011
00110010
01111110
00111000
01011001
11111101
11011000
11111010
01011100
11110000
10010001
00110100
00001110
10010001
11010001
00101101
00010111
11101011
11001110
10000011
11010100
01001111
00111100
10110010
00111111
10011100
01101100
11000100
11011100
10101110
01110001
00100011
10100100
10001100
00010110
11101011
01011000
11000010
Time = 0.001s
