n = 13, k = 3, l = 7, m = 272
Expect Resample Times = 0.443062
Result:
0111101111111
1000111010110
0110111111100
1110101110101
1110110100100
1100111111100
1111000111000
0100111111101
0101011011001
1101111101111
1101010011111
0010011111100
0101111010001
1111110111010
1001000011111
1100001111011
1110110111111
0001001111111
1110111011101
0001111111110
1010111101111
1000111110110
1011011100011
0010001111111
1001010111111
0111101110010
0110010110110
1101010101101
0110011101011
1000110011011
0011101100011
1111101101100
1001000111110
1110001101110
1110100111011
1011010110110
0101101011110
1000111110010
1111101100010
1110111100101
1111001110100
1001011111010
0101100101101
0101001110111
0010011111001
1101110001110
1101010001111
0110111011010
0100011110111
1111000011111
0111100100101
1111001011001
1110101010111
1100011011011
0001101011011
0110110011001
0001111110111
1010010110101
1100111001101
0011111011101
1111111010101
1101011111110
1100001111011
0110011111001
1101101011110
1000111111011
0001001101111
1000011011110
1110111011010
0111001011010
0011101000111
1101110111100
1001101011100
1110010101001
1101001110011
1111110100100
0111011110111
1111001100011
0100011110111
1010111100001
0101111000101
1010001101111
1101011010101
1111011100111
1100011001011
1011000110011
0001110101110
1001110011001
1111010101101
1001111110101
0001111100011
1100111000111
1100000101111
1101001111111
1100111011000
0110100101101
0111101011110
0010111110110
1110100110110
0111100000111
1101010011010
1110110010111
1001011111011
1100111001110
0011101111010
1010011111011
1101111101011
0111100101111
0010110101101
0101110001110
1110111100010
1001010011101
0110100111100
1110110111100
0101011100011
1101010010110
1110101000011
0101101100011
1011001110010
0110111101001
1110001101101
1010000110111
0010110111100
1101100100011
1000110110111
1100101101110
1111010110010
1010111110001
0111110000101
0110111111100
1010101010101
0011111010111
1111000001101
1011100001101
0111001111101
1100101110001
1011111011101
1100000101111
0110111011101
1010111100110
0100100111011
0011100111001
1100111010010
1111010010100
0111010011010
1110110011100
0110110110101
0110010110110
1110110110000
0110011101101
1111011100101
1001101010101
0100011110110
0011001011101
1110110000110
0111010110110
0011111010110
1100010101011
1101110001101
1100001111001
1111001001110
1010110011010
0101110100111
0000111011101
1111111011001
0111100111011
1011110110000
0101100110111
1101010010111
0111011101100
1110011101100
0011111110111
1100001111101
0110101111100
0111000111011
1111111111010
1101110111010
1000111010101
1111000011010
1111110111000
1100011110110
1111110110011
1001111101111
1001011101111
1001010111001
1101110011001
1011101101101
1001001101011
1111111101010
0101101000111
1010101011010
1100111100111
0100111011001
0101001011111
0111010100011
1101111101101
1001110111010
1001101111001
1010001111011
1101110111110
1110111000110
1001001101011
1111111100001
1001101001110
0110100110110
0011110100011
1101001101111
1101100010011
1111010000101
1010101011010
1011111001110
0110001011110
0001111000111
1101100011111
1001010011110
1100111101101
1110010101001
0001111110011
0001001111101
0010111011010
1111100100010
1100011101001
1101000111011
0101100011110
0101011101010
1011101011000
1011111100100
0001100101111
1101000101110
1111101101111
1101100001101
1010110011110
1000011011110
0111101010111
1111101010000
0100101111111
1101001111001
1010011100110
1110101011000
1011001001110
1010001001111
0110001110110
0111101100010
0111111010001
1011101110001
0111011101000
1001111101000
1111111110101
1100011111010
1001110100111
0110110110101
1111110111000
1111110011010
0111011011110
0101111011011
0010101010111
0100110111111
1111001110010
1110111000110
1000101110110
1001111111110
0011111111010
1101111000011
1111000101111
1110111001110
1101101000110
0111100101110
1100011110110
1010010111001
0010111111001
0000110110111
1100111101100
Time = 0.017s
