n = 13, k = 2, l = 3, m = 54
Expect Resample Times = 0.631811
Result:
1111111101111
1111101111110
1111110110111
0111101100000
1000100010001
0010101110100
1011001100101
1001110001111
0100000001101
1000110100110
0010000101011
0100011101010
0011000010000
0111010111100
0011000010100
0101010100111
0110101100110
1010100010111
0101011111101
1010110100001
1101001110111
0011111001101
0100100100010
0100101100111
1000101111100
0111011101110
1111100010001
0001111100101
1001111100110
0000111000110
0111100000111
1100010100010
1000000101111
1001100100011
0010001010010
0001100101101
0011101000000
1001011101101
0111010101011
0001001101010
1110000001011
1001110010011
0100001001110
0001101100010
1111001101001
1101101101001
0000001011110
0010010000111
1111100011011
1010010011111
0100111100100
0111000110100
0100101001110
1110000001010
Time = 0.01s
