n = 17, k = 2, l = 12, m = 154
Expect Resample Times = 0.758535
Result:
11111111110000111
01100111110111110
11111111110001011
11111100011101110
01101111110101110
10111111101101111
10010011111111111
10011111101101101
11110111010100111
11011111111111100
11011011110110101
11110011101110011
11011011011111010
01010011111111110
00111101011111101
11111011111011000
00111111101100111
11001111100111110
01111011101111011
01001011111111011
11011111001010111
11111111110010010
10111101011111111
11111011110101010
01011111111111100
10111101011111110
11111110100110110
01110111001111111
10011001111111101
11110111011001011
01011101110011111
01111010111111010
11011011100111111
10011101111110110
01111111011111000
10010101111111111
11101111111111111
11111011001111100
11101111110010011
01111101011011011
10110111101111001
11011111110111000
01101111110101110
11111101011111100
11001011111111110
11110111111010111
11110111011100111
10111110101001111
10101111111011011
10100111101111011
01001101111111101
01010111101111111
10110111111011011
11010011101111011
00111110111011111
00111010101111111
11111111110000110
11101111111111111
01011111010101111
01001011111111011
11111001111011111
11011100010111111
00111111011110101
11101011110110111
11001101001111111
01111111110101111
01011010111110111
11011110010111101
10101011101111111
11111111110110110
11101101100111011
00011111111110101
01111101011010111
11100011101110111
01111100011111110
10101101011111110
10111101111110101
01011101111101011
11111111110011001
11101001111111110
10001101011111111
11011110111110010
11111010101010111
11111111101110110
11100111100111110
11011111010111101
11110111100111111
10111001111101101
01111101110001111
01101110101111101
01110011011101111
11111010111100111
11101111001011110
11110101001111110
11100000111111111
11010111111010101
01101100101111111
11010111000111111
10011110101111111
11111010111101011
11011011110100111
10111111110110011
10111111101101010
11111110111100010
11010101111011101
10110101111010111
11011101010101111
01011111011110011
11100111111101111
01110111011010111
11110111011011110
11110011010111011
10010101111111110
10101111011110101
01110011011111110
11110011011111011
11110100110101111
11101111111011100
01111111100001111
10111111001001111
11110110011100111
01110101110110111
01100011111101111
10110111101101101
10101111111111111
01101101111111110
11010101111111111
11110011010101111
11110110001101111
11011111011111001
10111111111000110
11101011110101101
10011110101101111
10111011110111111
10111010100111111
11111111010111010
10011110110110111
11011101001111101
11111100011110111
10111101111001110
10110111111010110
10101101111111011
01101000111111111
11110010011111110
11111101110111110
11011101110101110
00111111011101011
11100110001111111
01111110101100111
11111001101011111
10111111101111011
11011110111010011
10111111001011011
01111101100111011
Time = 0.008s
