n = 13, k = 3, l = 10, m = 3309
Expect Resample Times = 0.446268
Result:
0011011111111
1110111110101
1100111111011
1111111010111
1111100011111
1110011111011
1101110011111
0001111111111
1110011110111
1001111111101
1101011110111
1011111101101
1111011111110
0111101111011
1011101111111
1111111111011
1011101111110
1111011011011
1111101100111
1110111111110
1011111101110
1111010111111
1110001111111
0111111101101
1111011101110
1111101111110
0111111001111
0111101111110
1011011111111
1010111111101
0111111111010
1011111101111
1111100111111
1011111111010
1111101011101
1100011111111
0111001111111
1111011010111
1111011111010
1111110011011
1011101111011
1111101100111
1111111010111
0111101111111
1011100111111
1101110111110
1111100111111
1011111111101
1100101111111
1110101011111
1011111011011
1111011110011
1110110111101
1111110111011
1111101001111
1111011001111
1111111011001
1110011011111
1011011111110
0011111111011
1111111100111
0111011110111
1111101011110
1011111110111
1101111110011
1011111111011
1110110111111
1101101111011
1111101111010
1111100110111
1111011011111
1111110010111
0110111110111
1011111111001
1101110111011
1111101101011
1101111011101
1111111111101
1011111100111
0111111101101
1101111011110
1101101111101
0111011111011
1011011111011
0111110111011
0111110111110
1101101111110
1110011101111
0111110111101
1111111011100
1111011100111
0111101111111
1111010101111
1001111111110
1110101111111
1101111110011
1111111110101
1110110011111
1111001111011
1011111110111
1011111010111
0111111111010
1110110111101
1001111111110
1111111001111
1111110101011
1110111111010
1011100111111
1100101111111
1111011110101
1001111110111
0111111011110
1011011011111
1111110010111
0111111110111
1011111101101
1111111010101
0011101111111
1111101111111
1110011111011
1011111101011
1111111111101
1011110111111
1111110001111
1011011110111
0101111111011
0110111110111
1111110101101
1111010111101
1110111110111
1111001101111
1111101111001
1110111100111
1101110110111
1101101111110
0101111111101
0101110111111
1101101011111
1110101111111
0111011110111
1111011111101
1111111010101
1111111101001
1001111101111
1001111011111
1111100101111
0111011111101
1110111101111
1111101011101
1011101110111
1001111101111
1110011110111
1110100111111
0111111011111
1111111100111
1111110111010
0111111111101
1110111011111
1101111101011
1110101101111
1101101111101
0111111101101
1101011101111
0111111111110
1110111011111
1111111100101
1110110111111
1111111100011
1111101111011
1111010111110
1110111011011
0111110111011
1101111101110
1101101101111
1111111100111
1111111011011
1010111111011
1111110011110
0101111111111
0101011111111
0001111111111
0111110111011
1100110111111
1111100111111
1111101101110
0111111110110
1110111011111
1111101111011
1110110111110
1101110111101
1111011011110
1011011011111
1101010111111
1001111111111
1111011111110
1011110111110
1011011101111
1110110111011
1111011011111
1111010111101
0111110101111
1111011101101
1111101101011
1111110111001
0110110111111
1111111100111
1110111110111
0111110110111
0111111001111
1111110001111
1101011101111
1111110111100
0110111111111
1101111110111
0111101101111
1111111110001
1011111001111
1111101111110
1011110111101
1111110111010
1001111111011
1101011101111
1111100111101
1011111101111
0101011111111
1111110101111
0111011111111
0101101111111
1101111101111
1110101111011
1110111001111
1111110111110
0111110111110
1111011100111
1110110110111
1101110111101
0110111111110
1111111100101
1111110011110
1110111111101
0111111111010
1111111010111
1001101111111
1111110010111
1011111101011
1111111111010
0011110111111
0111101101111
1111110111111
1111101110110
1111111010011
1010111111111
1111111110100
1111101110111
1110011111111
0110111110111
1111111110010
1111010111111
1101111111011
1111110110110
1111101110101
1111111110111
0111110111011
0101111111101
1110011111011
1111011111111
0111001111111
1100111011111
1111011101110
1111011011101
1111101101011
1101101110111
1111110111111
1111011110101
0111111011111
1111111001111
0111111110011
0110111110111
0111110011111
1111011111001
1111101111111
0111011111110
1011101110111
1011111111110
1111111100011
1111111100101
1111110011111
1101011110111
0111111111101
1100111011111
1111111100111
0111111110111
1111011111011
1111011101111
1011011111011
1111100011111
1111111110111
0111111101101
1010011111111
1111110110011
0111111111010
1111100101111
1111111101111
1101011101111
1111100110111
0111111011011
1111110111100
0101111011111
1010111101111
1110111101111
1101111111110
1010111101111
0111100111111
0011111111011
1111011110111
1111111011010
0011111110111
1110101110111
1111011011110
1010111111011
1101111011101
1101101111011
1111101011011
1111100101111
1000111111111
1101011110111
1101111001111
1111111101111
1111111011110
1111101110110
1111111110010
0111111111110
1111101111011
1111111011111
1101101111011
1111111101100
0111111101101
1000111111111
1111010111011
1111010111111
1111101111010
1101110011111
1111111011011
1111110010111
0011111110111
0111110111110
0111011111111
1100111111110
1110110111101
1010111111101
0101111111111
0111011111011
1111111100011
1111101111110
1011111011011
0111011111110
0111111101111
1111111011101
0011111111101
1111100011111
1111110111100
1111100111111
1011110111110
1101111011101
0111011101111
1111111110110
1111110111100
1111111010011
0101101111111
1111011110011
1111101111110
0011011111111
1010111011111
1111010111111
1111101110011
1010111111101
1101101011111
1111110101011
1101111101101
1111111111001
0011111101111
1101111010111
1101111110110
1111110111101
1110111011111
1011111011101
0011111111110
1011111100111
1111011110011
1011111001111
0011111111101
1111111100111
1011010111111
1101011111110
1011111111010
1111111010101
0111111011011
0111110111101
1101111110011
0111100111111
1111011001111
1100111111111
1110111101110
1100111111011
1111111100110
1111111100011
1101111110111
1111010011111
1110101101111
0110111110111
1110101101111
1011110110111
1101111100111
1111111111010
1110110111101
1011111111111
1111101111111
1111001110111
1011111111111
1111011100111
1101111111001
1110111111101
1111011110101
0111110111011
1011111001111
1111011011110
1011111101101
1110111101011
1111011111110
1111111001110
1111111110101
1110101111110
1001111111101
1111011011101
1111111011100
1011101101111
1011111111100
0111110111110
1110101011111
1110111111110
1111011111110
1111101011111
1010111101111
1011011111011
1011111111101
1011110011111
1111001101111
0011111111011
1111110111001
0111101111111
1111010011111
1010111111110
1111111110010
1101111111111
0110111111110
1011110111111
1111101101101
1011111111101
1011101011111
1101111111001
1011111101011
1111111011101
1011110110111
1111100111101
0111111111001
0011111101111
0111111110110
1111110110101
0111111001111
0111111011011
0111111111001
1001111111101
1011111111011
0111011011111
1111101110101
1110111110011
1001111011111
1101111101011
1111011011011
1111111110111
1100111011111
1011101111110
1011110111110
1111101010111
0111110111111
1110111111111
1101101110111
0101111111011
1011110101111
1011111011101
1101111001111
0101011111111
1011111111100
1101111010111
1011011101111
1011101011111
0101111111011
1111101111010
0111111111001
1110111010111
0111111111010
1100111111011
1101011111110
0111111110111
0111111111001
1110011011111
1100101111111
1110011111101
0111011111101
1101100111111
1110101111111
1001101111111
1010111101111
1110111011111
1101111110110
1001111111011
0111101111011
1101111111110
1111011111101
1111111000111
0111111100111
1111110111011
1110011111110
1010111011111
0011101111111
1011111001111
1011101111110
0111110111110
1011101110111
1101111010111
1110111111011
1111101111110
1111111010111
1010011111111
1111001111101
1110101110111
1111111111011
1111001101111
1101110101111
1110110111110
1001011111111
1111011111001
1011110101111
0110111111111
1010111011111
1010111101111
1100111111110
1101111110110
1111110010111
1101011110111
1101111111110
0111111110111
0111011111110
0111111100111
1110111111101
1111100110111
1101111011110
1111111111111
0111111011111
1110011011111
1100110111111
1101010111111
1101111111001
0110101111111
0101111110111
1110110111110
1011111100111
1011111111001
1111110101111
1011011011111
0101101111111
1011101111111
1111110110110
1101111111011
0110111111101
1111101001111
1011111111110
1101110111101
1111100111101
0110111111101
0101111101111
1111011100111
0111111011101
0011111111110
0011111111101
1100110111111
0111011110111
1111011110011
1011111111010
1111111111010
0101111011111
1100011111111
1111110111011
1111011101111
1111111101100
1111111110011
1111111011011
1011111011011
1011101111101
1111101110101
0110101111111
1111001111110
1110110101111
1110010111111
1011111111111
1111110101101
1101111111111
1110111110110
1111011111100
1011111111111
0111010111111
1111101111110
0111111111011
1110111110111
0111100111111
1111101111011
0101111110111
1111111101010
1101111011111
0110111111101
1111111011111
1111110010111
1111111110010
1111111110111
1110111010111
1011111011110
1011111111011
0011111011111
1111111010011
1110111011101
1110110111111
1111110111100
1110011111110
1100111101111
1111011011111
1001110111111
1011011111111
1111111001111
1111100011111
0111111110111
1111001111110
1100111111111
0101111111011
0111011111110
1101111011101
1111111011001
1111011100111
0111111101111
0111111111001
1101111101101
1011101011111
0111101101111
1111101011011
0111111101101
0111011011111
1110001111111
1001111011111
1111011010111
0111001111111
0111111011101
1011101011111
1111111100101
0111111010111
1111011111111
1111110111100
1101101110111
1011111011011
1111111110100
1111111101101
1111110101101
1111111110001
1110111111110
1110110101111
1111010110111
1111100111101
1101111101110
1011101111101
1111101001111
1011011111101
1111111001110
1101011111101
1001011111111
1111110001111
1101110111011
1101110101111
1001011111111
1111111011111
0111111101011
1010111111110
0011111111011
1111101011101
1110111011110
1111011111110
1111111010101
1111111001101
0111111111110
1011001111111
1111101110111
1110111010111
1110111010111
1011101110111
1111100110111
1111110100111
1011111111100
0111011111111
0111101111111
1111011001111
1110101110111
1101110111111
1111111011100
1101011110111
0110111111011
0111111111111
0111111101110
1111101110110
1110011111101
1011101111011
0101101111111
1100111011111
1010111111111
1011111011101
0101111110111
1111100111011
0101111111111
0101011111111
0111111011011
1111110100111
1111011101111
1011111011110
0111011111101
1101110111111
1111011111101
0111011110111
1110110111110
1001111110111
1111101101101
0110111101111
1101111111110
1111110111111
1111111101011
0111111111001
1111111011011
1011001111111
1110111110110
1110111011011
1110111110101
1101111111011
1010111011111
1111011111001
1111101101101
1101011110111
1100111111101
1101111101011
1101101101111
1111111111100
1111011111001
1111011110111
1010111111111
0111111110101
1111110101111
1011111111001
1011011011111
1111101111010
0110111111011
1011011011111
1011111011110
1101110110111
1111101110110
0011111011111
1011111101111
1101110111011
0111111101110
0101111111111
1010111111111
0101111111101
1001111111110
1010011111111
0010111111111
1110111011101
1111011101011
0111101111110
1111010011111
1110101110111
1011010111111
1111110011111
0110111111111
1111110110110
1110110111011
1110111111100
1111111110111
0111111111001
1101111111101
1110111111011
1111110111001
1110111110111
1111011010111
1111000111111
1111010011111
1111111110110
0110111101111
1011110111101
1101111111110
1100111111111
0111111111010
1101011111011
0111110011111
0110111111110
1111101111010
1111110010111
1110001111111
0101111111111
1111111001110
0111111001111
1111111101101
1111111011001
1110010111111
1111111001011
1011011101111
1110111111001
1110101101111
1100111111110
1111111011101
1011111111100
1011011101111
1011011101111
1111111110101
1101110111110
1111100011111
0111111101111
1111101101011
1100011111111
0110111111101
1001110111111
1111111110011
1011101111101
1101111011111
1111111111110
1111110001111
1101111100111
1110111111101
1101111100111
1110111110011
1111110110110
1100011111111
1101101111101
1011110111011
1110100111111
1110111110011
1111001111011
1011111101011
0111111100111
1111101101111
1111010111011
0111101011111
1110100111111
1011001111111
1101110110111
1110110111110
0110110111111
1111111010111
1111111011111
1111101110011
0110111110111
1110111111100
1011110111111
1111101100111
0111111010111
0011111111101
1011111111011
1011110110111
1111100111101
1110111110101
1111111110001
0111111100111
0111111101011
0111001111111
1111111111000
1111100111011
1101111110111
0011101111111
1110110110111
1101111101011
1111011001111
1111111100101
1111101011110
1011111110011
1110110111110
1100111011111
1011101101111
1111110101110
1110101111110
1001111111111
0111111110101
1100111101111
1111111011011
1011111111101
1101111111011
0011111111101
1111100101111
0111110111111
1111111110100
1111001111110
1111110111001
1101010111111
1010101111111
0111111110011
1111110101110
0111111111001
1101111011110
1110111111010
1101111111011
1111101110101
1101110111111
1101111110011
0111110111110
1111101101101
1110111111110
1011011011111
0111011111110
1111111010101
0111111011111
1001111101111
1111111111010
0011111101111
1111111110110
1100111111111
1111111001101
0111101111110
1101111110011
1111110001111
1110110011111
0111101101111
1101111111001
0011111111011
1101111111001
1111011101011
0111111110101
0101111111111
0111110111101
0111111111100
0111011111111
1001111111110
0111001111111
1101011111101
1010111011111
1111011010111
1111001111011
1011111110111
1101111111010
0111111111110
1111111110100
1110011111111
1110111001111
1011111011011
1111101101111
0111011111110
0111111111110
1111011110111
1110111111110
1111111000111
1101011011111
1111011111010
1110011111111
1101111101011
1011111110111
1111111010110
1110011011111
0111111111111
1011110111110
1101111011110
1011110111110
1011111111100
1101110110111
0110011111111
0011011111111
1111100011111
1111111110110
1111111010110
0101111111101
1111010101111
1111101011011
1011111110111
1111111110001
1101011111110
0111011110111
0111111101110
1011111111111
1101111111111
1111010110111
1101111101101
1011110101111
1110110111111
1011111010111
1101011011111
1101011111011
1111101011101
1011011011111
1111111001110
1011001111111
1100111111110
1101001111111
0111111111111
0111111101111
1100111111011
0111001111111
1111101011110
0111110111011
1110111010111
0111111111001
1111011011111
1101111010111
1111111010101
1110111011110
1111100011111
1110111110011
1110101101111
0010111111111
1110101111011
1011101111101
0110011111111
0011111111011
1110110111110
0011111101111
1111110011011
1011101110111
1110111011011
1111011111111
1111011111111
0111111111010
0111011111110
1111111101110
1111111100101
1101111110011
1110011111110
1110110110111
1111100111111
1111100111101
0111111111010
0111111111111
1111110101110
1111111111010
1110111101011
1111110011011
1110011101111
1100111111011
1011111011111
0110111011111
0111010111111
1001111111011
1101111101110
1100011111111
1110110101111
1111111111111
1011111110110
1111000111111
0101111111011
1101101011111
0111101011111
1111110011101
0111001111111
1101001111111
0111101111111
0111111111001
1101111111011
0111011111111
0011111111111
1111111010110
1011111111101
1111111011100
1101111110011
0101011111111
1111111011011
1111111101001
1011111110011
1110111011110
1111111001111
1011111111101
1111011010111
1001111101111
1111001101111
1011101111111
0111110111011
0110111111110
0111001111111
1011111110110
1001111101111
1111111111111
0111111101110
0111101011111
0111100111111
1011111110110
1011111110110
1111111010110
1011100111111
1101111101111
1011111011111
1111101110101
1111100111011
1111101110011
1111010110111
1110111101110
1011111011111
1011101101111
1011111010111
1110111110110
1101111111101
1110101111111
1111011101110
1011111111100
1111111101101
1111100111101
1100111110111
1010111101111
1111111100111
1101111110110
1001011111111
1111111111111
0100111111111
1011111101101
1111111111101
1111110111101
1010111111011
1100011111111
0011110111111
1110101111011
1110111111110
1111010110111
0111011111101
1111101110111
1111010011111
1111011011101
1110110111011
0110111111111
1101111101011
1101011111111
1111110100111
1111010111011
0111111101101
1110110111101
1101111111100
1011110011111
0111101111111
1101110110111
1111101110110
1111001111110
1100111111110
1111111011101
1111101101111
1101111111011
0110110111111
1111111011110
1101101111110
1110110110111
1111110011101
1100111101111
1011111011011
1111001110111
1111111010110
1111101101110
1111011011011
1110011111111
1111111100011
1100110111111
0111110101111
0101111101111
1001111110111
1111011111100
1111011111100
1110110111111
0111111010111
1111111111101
1111101011101
1100110111111
1101111110011
1010111111011
1111101011110
1111111101111
1001111110111
1111111111101
1110101011111
1111110110110
1111011111010
1111101011011
1111101111111
0111011111011
1100111011111
0111101111011
0111110111111
0101111111110
1101110011111
1111101100111
1110111111011
0011110111111
1111011110111
0111111111001
0011111111101
0111111011011
1111101110111
1100101111111
0110101111111
1111111110110
0111100111111
1111111011001
1111100111101
1011001111111
1111101110111
1010111110111
1111110111010
1011111110011
1111110010111
0011111111101
0001111111111
1111101101101
1111100111111
1110111111011
1011110110111
0111111101101
0010111111111
1111011101101
1111101111011
1101101111011
1111101100111
0101011111111
1110110101111
0111111111101
0011111011111
0110111111111
1111001110111
1110111111011
1101011111110
1101111101111
1100111111011
1101011110111
1110011111101
1111011101111
1010111111110
1111110110101
1111110111011
0110111111111
1111111001110
1111001111101
1101110110111
1111001111101
1011111111010
1111111010011
1111101101110
1101101101111
1010111111011
1111011111010
0111111110011
0011111111011
1111111101111
0011101111111
1101110011111
1001111111011
1011011111011
1111110111111
1011111101110
1111011111111
1110110111101
0111111111010
1111010111110
0111110110111
0011101111111
1111110100111
1110110011111
1001111111110
0111001111111
1111111001101
1111011111011
1111101100111
0111111011110
1101100111111
1011111110101
1110111010111
1111110001111
1011110111110
1011110111011
1111101111001
1111110101101
1111111101101
1111010011111
1111011111101
1011111110011
1110110110111
1110110101111
1101111011011
0111110101111
1110111001111
0110011111111
1111101101111
1101110101111
0011011111111
1101111101101
1011111101111
1111111100110
1110111011110
1111001111101
0111101110111
1110111010111
1100101111111
0110101111111
1101110111101
1011011011111
1101111101111
1011111110110
0111101111101
1111100011111
1011101011111
0111011011111
0111101111011
1101111010111
1111101110110
1101110111101
1101111111101
1101101111101
1101111011101
0111101011111
1111111111011
1111011111100
0111111011101
1111010111110
1111111111100
1111011011111
1111101101101
1111110111111
1110111011111
1110111100111
1110011111101
1111111001110
1111110101101
1011111101111
0110111111110
0111111101110
1101011110111
1011100111111
1111101101011
1101111110110
1101111101111
0111011111011
1110011111111
0111111110111
1011110111101
1000111111111
1011110011111
0110111111110
1110101111011
1011101101111
1110111011111
0111110111110
1101100111111
1111100111011
1111110110111
1111101111011
1001111111101
1111110011011
0101111101111
0101111011111
1111111111110
0111011111101
1101011110111
0111111011111
1111010011111
1111111010101
1110111110110
0111101111110
1111111001101
1011111110110
1001111011111
1011100111111
1011111111110
1111001111111
1110110110111
0111111101111
1111111101101
1110101101111
0111111110110
1101111110101
1010110111111
1010111011111
1101101101111
1111101111010
1111010111011
1111101100111
1111111001011
1101111110111
1101110111011
1111010111111
1111110111010
1011101011111
1111011011110
1011111101101
1101011110111
1011111111100
1101101111101
1101111010111
1111111111100
1111010011111
0111110111110
1111001111101
1111111101101
1111111011011
1011110111101
1101011110111
1111101111001
0111110111111
1111101101111
1111011011101
1111101100111
0111111111010
1001111111110
1001110111111
0101111111111
1111011011011
1011111100111
0111111111111
1111111111110
1110110111110
1010111101111
1011111111111
1111110111101
0111011111110
1111111111000
1110111010111
1101110110111
0111101011111
1100110111111
1111010111101
1101011110111
1111110101111
1101111001111
1111111111100
1111011011011
1011111101011
1111101111101
1010111101111
0101111111101
1011110011111
1110111101011
0100111111111
0111111111101
1111011101011
1110011011111
0011111101111
0111111101101
1110111111101
1101110111011
0110101111111
1101111011110
1101111101110
1110111100111
1101011110111
1110111111011
1111100111110
1011011101111
1111011111101
1111011110011
1101110110111
1101111101011
1101111111011
1111101111111
0111110111111
1110110111110
0111111100111
1110111111100
0011111011111
0011111110111
1111101110110
1111010111110
1110011101111
1101011110111
1111101111010
1011101111011
1101111110011
1110111001111
1111011011101
1110011110111
1111011110101
0111111011111
0011111111111
1001111111110
1111100111111
0101111111110
1101110111011
0111111011111
0011111101111
1111010101111
1110111110101
1111111111000
1011110111011
1111011111101
1011011011111
0111010111111
0111011111111
0101111110111
1101110101111
1010111111111
1011111011111
1111101111010
1110111011111
1111110111101
0111111110101
1011111111011
1101111101101
1111110011111
0110110111111
1111001111011
1111110011110
1001111101111
0111101111011
1111111011010
1111111111111
1010111111110
1101110111011
1011110111101
1011111110011
1101100111111
1101111011101
1101101111111
0001111111111
1001111011111
1111101010111
0111111110111
0111111101110
1001110111111
1011111111101
0101111111101
1101111111100
1111111111010
0111010111111
0111011111111
0101011111111
0111101101111
1111111010011
1111110011101
0111110111011
1110111011110
1111011110110
1111110110110
1110111101111
1101111011111
1111111011110
1111111011100
1110111011011
1111111001101
1111110101111
0110111111110
1101111111110
0111111111100
1111110110101
1101101111111
1111110111011
1111101100111
0111100111111
1110111110011
1001111111011
1101101111011
1101111111011
1101101111101
1011111110111
0111111011110
1100011111111
1100111111110
1011101101111
1111101111110
1011111110101
0111001111111
1101011101111
1111101100111
0111110110111
1011111101111
1111011110101
1111111011001
1110110110111
1101101111101
1111111101111
1111101110111
1111110111011
1011111101111
1110111111111
1110111011110
1101110111011
1101111001111
1101011111110
1101110111111
1110111101011
1100111111011
1111100110111
1110010111111
1110111110011
1110011011111
1111100101111
1100111111101
1111111110110
1011111110011
1110110111110
1101111101110
1111011110110
1111000111111
0101111011111
1111001111011
1111111010011
1111101101011
1000111111111
1111011011011
1110110111011
1111011111100
1111011001111
1111110111101
1111101101011
1011110101111
1101111111001
1010111011111
0011111110111
0011111111110
1111101101101
1011101011111
0111011111101
1111101110111
0111101110111
1111110001111
0111011011111
1110111101110
1010111111111
1101101011111
1010011111111
1011111101101
1011111100111
1111101111011
1111100111011
1011011101111
1111111101110
1111111101011
1101011111011
1110111110110
0011111101111
1011111011111
1111001110111
1101111011101
1101111111011
0111111111100
1111101001111
1111111010101
1111001110111
1101011110111
1011101101111
1011010111111
1111011011011
1111011111110
1110111110011
1110011011111
1011101111011
0111111111100
1111111100101
1011110110111
1111010111110
1100111111111
1110111011111
0011111110111
1010011111111
1101111001111
1011101111111
0101011111111
1101110111101
1110110111101
1100011111111
1110111111110
1010111011111
1111111110110
1010111110111
1011111011111
0111111101101
1110110111111
1011111100111
1011110111111
1111010111011
1110111101011
1110110111101
1111101101101
1111001111011
1110101011111
0111001111111
1011111110011
0111111100111
1011110111011
1011111111111
1111111101101
1111111101001
1111111111001
1111111001011
1101101111110
1111111111010
1011110101111
1111110101111
1101111111011
1101111101011
1111111111101
0111111011011
1111011101101
1110110111101
1110101111111
1010111111110
1111011110111
1110110111011
1110011011111
1110101011111
1111111111111
1011111101101
0100111111111
1001011111111
1111111011100
1101101101111
1111100111111
0011111110111
1101001111111
0111111111101
1111101111101
1110101111101
1111100111111
1110011111110
0111111011111
0011111111111
1111111011011
1111001110111
1111111110110
0111100111111
1111111001011
1111011111011
1111111101110
1011011110111
1111101111100
0110111111011
1111111011110
1101111111101
0111110110111
1010110111111
1101111101011
1101101111101
1111011111100
1111110110110
0111101111110
1110111111101
1110100111111
1001011111111
1011111011101
1011110111101
0111101101111
1111111010011
1111001101111
0110111111110
1110111111001
1011111110111
1111111110111
1010111110111
1100101111111
1110111101111
1111111001111
1101011111111
0101111111101
1101111110111
1111101011111
1110111110110
0011111111101
1110111101101
1111111101001
1001111111110
1111110111100
1111100101111
1011001111111
1111111110101
1111011011011
0111111110011
1111101111101
1101111111110
0111110111111
1111111111010
1111111001111
1110101111101
1111111110011
1101011011111
1101101111110
1011110111011
0100111111111
1111111001011
1110111111100
1111110110111
1110101110111
1111001111011
1111101110101
0101111111111
1011101111110
1010011111111
0111110111101
1111101111101
0111111011110
0111110101111
0111011111101
1111110001111
1110101110111
0011111111110
1101011111110
1111000111111
1011101011111
0111111011101
1110111101111
0111111111110
1110111110110
1011111011110
1111101011011
0111011111011
1101011111011
1101011011111
0110101111111
1111001111110
0111110111111
1111101110011
1111001111011
1111100111101
1111011111001
1110111110101
0011101111111
1111011101101
0111101110111
1011110111110
1111110111101
1111111110100
1111011111010
1011011111011
1101111111111
1111110101101
1111011111111
1101101111110
1111110100111
1001111111011
1011110111111
1110111011110
1010111111101
1111010011111
0111111101111
1010101111111
0111111110101
1111011011110
0111110111110
1111100011111
1001111110111
0011111111101
1111110101101
1111011111010
0111011111111
1100101111111
1111101001111
1111111011111
1101011111110
1111110101011
1011011111111
1011111110101
1111111110001
0101111111110
1111010111110
1111111100011
1111111010110
1001111111101
1011101011111
1001111111111
0110111110111
0111101111111
1011110111111
1101110111111
1111111111111
1101110111110
1011111101101
1111100011111
1101101111011
1110100111111
1110111110111
1111110011111
0111111111101
0111101111011
1111101110110
1011011111011
1111011001111
1111101101110
0111110101111
1011111011101
1111011001111
1011111111100
1110111101011
1100111111110
1111010110111
0011111110111
1111111000111
0011111111111
0111111001111
1110101101111
1011111101110
0110011111111
1011101101111
1110111011011
1101011110111
1111111101111
1000111111111
1011111110111
0101110111111
1111101101111
1110101111101
1111111101011
1011111111100
1111111011101
1111111100111
1011111011111
1111111011011
1110111011110
1111110111100
1110011111101
1101101110111
1111101110011
0111111100111
0111111110011
1011011111111
1111100111111
1111011110101
1110101111110
1011110011111
0110111111101
0111111111101
0101111111110
1111010111111
1110111110101
1001111011111
1011110111011
1111111110011
0110111111110
0011111110111
1110011111011
1111100101111
0111111111110
1110111111101
1001110111111
0111111110101
1111111010101
1110101111111
1111111100111
1111110111001
0111101111011
1111011110011
1111111100111
1110111111001
1011011111110
1111011101111
1110110101111
1110111111110
1110111110011
1111111101110
1111111001110
1111111101100
1110011111110
1110110101111
0111111010111
1001111110111
1011111110111
0111110110111
1111111100111
1111110010111
1111010101111
1111110111011
1111111100111
1101011111101
1011111111011
1101111001111
1101110111011
1111111011101
0001111111111
1111001111110
0110111101111
1111111110111
1111110111110
0111110111110
1101110110111
1111110100111
1111110110111
1101011111110
1111011111001
1111111001101
1011111011111
1101111101110
1001111111110
1010110111111
0011111111011
1010011111111
1110100111111
1111110111111
1111101111101
1110111110110
1111111101001
1101111100111
1110111011101
1110111110111
1100111110111
1100111111101
1011101101111
1110011111111
1001111111011
1010111111011
0111101111101
1100111101111
1101101111011
1111101111110
1011111010111
1011111111001
1111011110111
1011110011111
1111111011001
1111101111011
1001111011111
1100101111111
1110110111011
1111101111111
1001111011111
0101101111111
1110111011101
1100111111111
1111100111011
1011111110011
1110010111111
0111111110110
1011110111011
1111101101110
1111011011110
1011011101111
1111101111100
1111111111010
1011111111101
1101010111111
1111011110111
1110111110101
1011111110111
1110110110111
1110011111110
1111011001111
1111011011011
1011101111101
1101111011110
1110111100111
1111110110011
1111010111101
1111110101101
1011110101111
1110100111111
0100111111111
1111101111111
1111001111011
1111011111011
0111101111110
0111111011111
0011111111101
0110011111111
0111110111111
1011111101110
0110111111111
1111111011011
1111011110011
1011110110111
1101111110011
1111111110101
1101101111101
1111011011110
0111111001111
1010111111110
0111111111001
1110111011101
0111111010111
1010101111111
1111010111110
0111110011111
1111101110101
1001111110111
1001111101111
0110111011111
1111111010110
1001111110111
1011110011111
1011111111010
1011011110111
1101111111011
1011001111111
1111101110111
0111111011101
1011101101111
1101101110111
0011111111101
1111101111100
1111110011110
1111111111000
1001111110111
1011111111110
1111101101111
0110111110111
1011111101110
1011011110111
1111111101100
1111110111010
1011111001111
1010011111111
0111101111101
1011111110110
1101011110111
1011110111101
1110011101111
0111101111101
1010110111111
0111010111111
1111111111101
1111100111011
1111101111010
0101111111101
1010111111101
1111101111101
1111111100111
1011111001111
1110011111101
1110101110111
1101111110101
1011110011111
1111011111010
1101101111011
1111100111110
1111010111111
1001111111011
0101111111110
1111111111010
1110001111111
1111110011111
1111111110101
0101111111111
1110111101101
1111110100111
1011101111111
1111011101101
1110001111111
1011101111110
0111101110111
1111101011101
1111111011001
1111011101111
1111011111010
0111111011011
1101100111111
0011111111110
1001111110111
1111110110110
1110111011110
0111110110111
1011101011111
1011111111100
1011111010111
1111111101100
1111111010101
0111101011111
1111001111111
1011111101110
1111111010110
1011011111111
1110111111110
1110101111101
1011111111011
1110011111101
0101111111111
1111011110011
0111111111011
1111111001101
0110111111111
1101011111011
1111111001111
1111011011110
1111011011101
1011101011111
1111100111111
1110011111111
0110111111011
1110110111101
0011111101111
1111010011111
1111110001111
0111001111111
1110111111011
0111101101111
1111011011011
1011101111110
0111101110111
1101111101111
1001111011111
1011111111001
1100111111101
0011111111110
1111001011111
0111110110111
1001111111101
1111110110111
1110111110101
0111100111111
1010111111101
1111110110111
1011111111001
1011111110111
1101111101110
1110101101111
1111111101100
1111111111111
1101111100111
1111111110100
0111111111111
1011011101111
1011011111101
1001110111111
1111100111011
0111110111110
1001111111111
1001110111111
1111101111100
1011110111110
0110111101111
1100111110111
1110101110111
0111111011110
1001101111111
1101101111111
1100111111011
1110100111111
1110110110111
1111101101110
0110111101111
0111111111100
0101111011111
1111111111101
1110011101111
1111110110011
1111110110101
1111110111011
1110101110111
1101110101111
1011110111110
1111110001111
1101111101111
0011111111111
1111111011100
0101111111110
1111011101111
1011111001111
0011111101111
1101111011101
1110010111111
1110111011111
1011111110101
1111101110011
1111110110110
1011111101101
1110110111110
1111111100110
1111111100110
1111010110111
1101110101111
1111111110001
1011101011111
1101110110111
1101101111111
1011111110110
0111110101111
0111111111010
1011111100111
0111110111110
1111010110111
1011111010111
1101010111111
1100011111111
1010111111110
1111110111010
1011111101111
1111111101011
1111111101010
1101110111011
1101111111011
1110111011011
1111100111111
0101111101111
1111111111011
1101111111111
1001111101111
0110111111011
1101011111101
0011111111011
1110111011110
1111000111111
1110011111101
1101011011111
1111101101111
0111111101101
1011101111101
1100101111111
1101111010111
1111111111011
1011111101110
1101011111101
0101011111111
1111111101011
1100110111111
1100111111110
0110111110111
1101011110111
1111011101101
1001111111110
1111100011111
1011101110111
0111110111101
1101111111110
1110111111110
1111100111111
0111111001111
0111101111111
1111101010111
1111111000111
1111111011110
1011110111101
1111110111110
0111111101110
1101110111011
1110111110111
1011111010111
1110111111010
1011111101111
1111111101100
1010111011111
1011101011111
1111100111110
0110111111111
1111011001111
0011111111111
1111011111011
0111110110111
1100110111111
1010111111110
0111111111101
0111111011110
0111011011111
1111100011111
1111111011011
1111111001110
0011111111111
0110111111111
1101111110110
1011101110111
0011111110111
0101111011111
1110011011111
1111110010111
1111001111110
1111111101101
1001111111101
1101111011110
1101110111110
1111111101001
0111110101111
0111011111011
1010111111011
0111111110111
1101111101110
1111100011111
1111111011111
0101111111111
1111111101001
0011111111101
1110111001111
0111111111101
1111011111001
1111111101011
0011111111011
0110111111110
1111101110110
1111010011111
1010111101111
1110101111101
1110011101111
1011011110111
1110101111110
1101111001111
0001111111111
1110011101111
1110110111011
1111011100111
0111011111011
1110101101111
1111111000111
0110111111111
1011110011111
0111111101011
1111010110111
1111100111101
0110101111111
1010111111101
0111110111011
1111111101111
1110111011110
1101111100111
1111111111011
1111101111010
1101011111111
0111111011111
1110110011111
1100111111011
1111110111101
1111001011111
1111011111101
0110110111111
0111011110111
0111011011111
1111001111111
1001111111011
1110011111111
1111111001101
1111101111001
0111110111110
1101111111011
1110111011101
0111111101101
1110100111111
1001111111011
0101110111111
1111011100111
1111110101011
0101011111111
1111010111011
1111111101001
1110010111111
1010101111111
1111111100011
0111110110111
0010111111111
0111111001111
1111011111011
1110110110111
0111111101101
1111001101111
1111101001111
0111110111111
1101110110111
1111010111011
1101110111110
1110111111010
1111111100011
1011011110111
1110101111110
1111110111101
1100111011111
1011111110111
1111101111110
1111111101111
1111011011101
1101111110101
1111111100011
0111111101111
1101111011111
1101101101111
0111011111110
1110111110111
1111110111001
1100111110111
1111110110111
1111101101011
1101101101111
1011110101111
0111110111101
1101101111011
0110111011111
1100111111110
1110111110101
1111111100111
1111111110001
1011101110111
1011011101111
0111111110101
1110110111110
0111111101011
1111110110011
1011110101111
0011111111101
1011110111101
1111101111101
1011010111111
1111011110111
1011111101111
1110111001111
1010011111111
1010111111110
1111011110011
1101011101111
1111111110010
1110111011101
1111101111101
1011011111101
1101111110101
1011111101111
1101111111101
1110111111010
1111011011111
0011111111011
1111001110111
0110111111101
1110011111011
1111110011111
1101111111100
1110110101111
1101111111011
0111011111111
1011110111011
1111011001111
1011110111111
1101110011111
1111111111101
1111011111101
1111111101011
1011111100111
1110111110110
1011101101111
1111010111110
1101111010111
1111110100111
0111111101101
0111100111111
1110111011011
1011111011110
1011111110111
1110110011111
1111111001011
1101011101111
1011111011101
1111010111111
1111001111101
1111110101110
1111011110110
1110111111100
1111110111010
1110111101101
0101111111111
0110111011111
1111111101111
1110111110111
0111111111100
0110111111110
1011111111101
1111111010110
1011111110111
1111101111110
1011111110111
0011011111111
1000111111111
1011110110111
1111011101110
1011101111110
1101111011110
1111101100111
1111101111100
0111110101111
1110110101111
1111100111111
1111001110111
0111110111110
1111111111011
1101010111111
1111111001111
1101111101110
1111111010101
1110111111001
1111110011110
1011101111111
0111011110111
1101101011111
1101111011011
1111010101111
1001111111110
1011111100111
1110011111011
1110111111010
0111110111011
1111110011110
1110111011011
1101011111011
1011110111011
1110111011101
0111101101111
1111101011011
0111110101111
0010111111111
1111111001011
1000111111111
0011111111101
1111110111110
1011101111011
0111111111011
1111110111011
0010111111111
0111111101101
1111111010110
1111111000111
1011111101101
1011111011110
1110111011111
1111101111001
0111111110110
1011110111111
1111110101101
0101110111111
0110111111101
1111111111000
1111010111111
1111111010101
1101110111101
1111000111111
1101010111111
1011111111111
1111010111111
1111111110010
0111111100111
1011101111111
1111111101101
0110111101111
1111100011111
1111111011100
1111001111111
0101111111101
1111110100111
1111011101011
1110111110101
1001111101111
1110011011111
1110111111001
1111001111111
0011111111111
0111111111101
0110011111111
0111101111110
0111111111001
1100111101111
1110111111111
1110110111110
1111111111001
1111101111111
1101111011111
1011111010111
1011100111111
1101101101111
1111110110111
1111110101101
1101011110111
1111110011101
1110111111010
1101111010111
1111011011101
1011110011111
1101110110111
1100101111111
1110111101111
1111111011001
1001111111011
1111110011111
1110111111100
1101101111101
1111001011111
1111111111101
1111011110101
0011111011111
1011110110111
1011110111011
1111101101110
1011111101101
1111110101011
1101100111111
0111101111011
0101111111110
1111110111001
0111101111110
0111101111111
1011111111110
0111011101111
1111111100110
1111111011100
1111011111011
1101111011011
1011111101111
0111111110101
1110110111011
1011101111011
1111101001111
0111011111011
1111111001110
1011110101111
1101110110111
1100110111111
1011011110111
1111110101110
0011110111111
1100110111111
0101101111111
1111110110110
1111110101011
1111101111010
0111011110111
1001101111111
1101110011111
1110111110011
1111011100111
1100111111101
0111101110111
1111110111110
1111111111111
1101110111101
1111100111110
1011011111111
1010101111111
0001111111111
1001011111111
0111111001111
1011111101101
1001101111111
1111111101111
1110011111011
1011110111110
1011111110110
1110111111100
1011111011111
1011111011110
1111111100011
1001111111101
1011010111111
1111011011110
1101110111011
1111111110010
0101111011111
1100111111011
1111111100110
0101111111111
1111111111110
1011011111011
1101110111101
0111110111101
1101110111110
1111111111000
0111001111111
1101111011101
1111110001111
1111100111110
1011101111111
0011101111111
1110111111100
1110111011111
0011011111111
1110111101101
0111110111111
1011111110110
1111110110101
0111011111111
1100111111110
1011011111111
1111101010111
1111111111000
1111001110111
1111011111011
1001111111101
1011011111110
1111111101111
1101111011011
1011011011111
1111111111100
1111100101111
0101111111101
1111111101010
1110110111101
1100110111111
1110111101011
1111111101100
1111001111101
1111111101001
1101111111100
0111111110101
0111111011110
0111111111101
0111110111111
1111101101110
1111111000111
1101001111111
1011110011111
1101111011011
1111101111010
1111111001111
0111011110111
1111111100011
1101110011111
0011111011111
1111111001111
1010111101111
1111111011100
1011111001111
1010111111011
1111101110111
1011111011110
1011011110111
1111111101100
1111111101101
1011101111101
1110110111101
1111101110111
1110011111101
1011011011111
0101111111101
1110101111111
1111011011111
1111011110101
1101011101111
1100110111111
1001011111111
0111111101101
0111111111011
1111111100111
1011011111101
1101011110111
1111110011011
1111110011101
1111111111011
1001110111111
1110110110111
1111011010111
1101111010111
1110101101111
1111011010111
1111011010111
0101011111111
1111111010011
0111010111111
1110001111111
1111110101111
0111110111111
1100011111111
1101001111111
1111101101011
1101111011111
0101101111111
1101111011011
1111101011101
1110101101111
0111110101111
1110110111101
1001111111011
1111101111011
1111101111100
1011111101111
1010111111011
1111011101111
1110110111011
1111010011111
1001111011111
0101111111111
1111001101111
1111101011011
1011111110110
1111011101111
1111011011111
0011111101111
1111111111011
0101111111110
1110101110111
0101111111101
1111100111110
1111110111001
1010111111011
1111010111101
1011111011101
0111101011111
1111111111011
0111111101011
1010111101111
0110011111111
1011111101011
1111101110101
0111011111111
1111111110111
1011111011111
1110110101111
1111110111101
1110101111011
1111111001011
0111111101110
1110101111101
1011100111111
1101110111111
1101110011111
1001111111111
1111111101001
0111011111101
0111101011111
1110110111011
1111101101011
1111111011101
1111111110100
1101111110111
1111100111101
1111100011111
1110111111010
1101011011111
1101111110101
1011111101101
1101011111111
1111111111011
1110110111110
1001111101111
0110110111111
1011110110111
1111111111111
0111101111011
1110110011111
1111110111011
1111000111111
0111111011111
1101101111011
1010111101111
1101101111110
1111111011011
1111011110111
1110111010111
1011011110111
1111111111010
0110111101111
1101111101011
1110011111111
1111111100101
0111011111101
1110111101011
0111111011111
1111111010111
1111111111100
1011111111111
1111111001111
1110111011011
0011111101111
0111101110111
1011111111100
1111100011111
1111111111011
1101111100111
1011011111110
0110111111101
0111111111100
1111110110111
1110111110011
1011011101111
0110111111111
0111101111111
1110111111111
1011111111101
1101101101111
1011111111101
1110110101111
1011011011111
0111011101111
1111011101111
1111010111011
1111011111111
1111011011110
0011111110111
1111111111001
1111110111010
1110011101111
1101111001111
1111101001111
1101100111111
1111010111011
1111011111011
1010111110111
0111111001111
1111011111001
1111110010111
0111101011111
0110111111110
1011111111001
1101111110110
1101110111110
0111110111111
1011111011011
0111111011101
0011101111111
1110111011111
1111011100111
1011111111001
1001111111011
0111111111101
1111101111100
0110111101111
1010111111101
0110111111101
1111011011111
1111111110011
1111011110101
0110111110111
1111001101111
1101111100111
1101101111110
1111110111010
1110111011011
1111111001111
1111111011110
1111011110101
1111011110101
1101011110111
1111111011011
1010111111110
1111010101111
1101101111111
0011101111111
1100111101111
0110111111011
1010111101111
0011110111111
1110111110011
1011111111110
1111110100111
1110011101111
1010111110111
1111111111110
1100111111111
1111110111100
0111011111011
1111100011111
1100111110111
0101111011111
1111110100111
1010111111110
1011111011110
1101111111101
0101110111111
0111110111110
1101110111111
1111011100111
1111101111101
1111001111110
1011010111111
1101011111111
1011011111111
0111101111101
0111110111011
1111011110011
1111100111101
0101111111011
1100011111111
1101111111101
1011101101111
1111111111100
0111101111110
1111101100111
1101101101111
1001101111111
1011011110111
1111001111110
1111111010101
1110011111111
1011101111011
1101111111110
1111010111101
0111111100111
0111110111110
1101111110011
1101111111001
1111110001111
1111111010011
1101011101111
1110111011101
0011111110111
1101011011111
1110101110111
1111110111100
0111110111011
1011110111111
1111101011110
1100111111011
1111011111111
1011011110111
1101001111111
0111111011101
1111111111010
1011101111101
1111111011101
1101011111110
1110111111100
1111111011100
1110011111110
1110010111111
1011010111111
1011110101111
1110101011111
1010111111110
1101110011111
1101011111110
1101111111010
1011100111111
0110111111101
0111110111110
1111100101111
1111111011101
0011011111111
1011111011011
1111011011111
0001111111111
1101111110111
1101011110111
1001111111011
1011001111111
1111100111111
0111011101111
1111111110001
0100111111111
1011111110110
1101111011111
1111111010101
0111101011111
1011101110111
1111111111010
1111100111011
0111101111101
1011011110111
1111111011101
1111101110011
1110110101111
0111101110111
1011111101110
1111111101110
1011111111001
1101111101110
0110111110111
1111011110101
0111111111011
0111111111001
1111111111110
1111111100111
0111111111001
1111110110111
1101111110101
0101110111111
1101111111001
1010111111110
1011101111101
0110111011111
0110011111111
1010011111111
1111111011111
0111101111101
0110101111111
1011110111111
1111101111010
1101001111111
1111010111110
0111100111111
1011111101101
1011110111011
1111111100111
1101011111111
0111111011101
1111111110001
1101111111011
1110111111001
1111100111110
1111111110001
1110111110111
1001101111111
0110111110111
1110111010111
0111111110011
0110111110111
1110111111001
1101011111101
1011101110111
1101110101111
1011111111110
0111111111011
1011110101111
1110111001111
1111111011110
1111111001111
1110111110110
1110111110111
1111001111011
0011110111111
1111001111110
1010101111111
1110101110111
1110111110110
0111111110101
1010111111101
0101111011111
1110111100111
1011110111101
1011111111001
1110101111110
1111110101011
1111110111101
0111011101111
1110011011111
1101101111111
1110011111101
1111001111111
1111110101101
0011111111101
1111011011111
1111111101101
1111101101101
1110111111100
0111111101101
1011110111101
1111001111101
1110111110011
0111111101011
1111011111011
1111111010011
1110111111101
1111110101011
1010111011111
0111111011111
1111110011111
1100111111101
1011001111111
0111110101111
1111011111101
1111101101101
0101111111111
1111111101100
1110111010111
1101101111110
0111111100111
1111111011101
0110111110111
1111111001101
0111110011111
1011101111011
1110101111111
1111101110110
1011111010111
1111111010111
1010111111111
1111101111101
1101011011111
1110111011111
1101011011111
1001111111011
1110101101111
1110111110011
1111100101111
1111111001111
1110111101110
0111011111101
1111101011101
1011011111101
1101111111111
1111111000111
1111110111010
1011111110111
1111111011101
1111110101111
1110111101101
1101011101111
1111111001111
0111111101011
1110111001111
0110111111110
1110101111110
1110110101111
1101011111110
1111011111010
0110011111111
0111001111111
0101111101111
1110110101111
1110111111011
1111110011110
1011111111111
0011111101111
0100111111111
1111001110111
1110100111111
1100111110111
0111101111111
1111111100011
0011011111111
1101011101111
1101111011011
1111111011111
1111011011110
1111011011101
0011011111111
1011001111111
1011111001111
1111111001111
0111011110111
1011101111011
1111111001111
1111111011010
0111101111111
0111011110111
1111110111011
0111111110101
1111111110001
0111011110111
0111011111111
0110111101111
1111111011110
Time = 0.159s
