n = 12, k = 4, l = 5, m = 473
Expect Resample Times = 0.377686
Result:
011001111000
011011110010
000011101010
010000110111
101101011000
011101011100
100010011001
011101010000
001111001010
000110110110
100010110100
000110101111
000111010101
011001011001
000100111111
111110000011
000010011101
010101000110
010111110110
010101111010
110010111010
001000111110
000101110100
111101101111
111001001111
110100100111
110011011100
100111000100
100100101110
101010000111
111100001101
011111010000
111001110111
000011100101
011101000101
100011011101
111111000110
111011000000
101001001010
111010110100
110001010101
111000111101
001111010100
001100111001
010011001011
001111101101
010111110001
001011000011
110101101011
111000011111
001100011100
101110000001
111101111010
000101011111
011100011101
001101010011
011101100100
011011011011
101100111101
100110011110
011111101111
000111001111
100101100010
011101011100
111100100101
010011110111
110100000011
110000001111
101101110100
011010010001
001100110010
111101011011
000110110101
011100111000
000110111110
111010000111
011101001101
011111010010
101111100000
110001001100
100011110110
011101111111
000111011000
101101101111
100010111000
111110110001
110110100101
101101011000
010000111101
101000111110
100101011011
110100110110
111010011011
000101110110
010011101000
111101110110
001001011101
010110101001
011011011011
110001100110
010111001010
000101110001
101010011111
000010110111
011011010011
011110100101
011100010100
010001110111
111110011111
000110011011
101001110011
101011001011
001101100111
110110101010
100101010010
110011111101
001010110110
101001100111
110110100101
111001000100
100111100011
001011100110
010110100101
101011001010
000110100110
010000110111
001001111010
101000111111
111101011010
010011000111
001001101101
011001110011
011011001101
010011010110
011101011100
011110100111
111111001010
101001101011
010110011011
011110101010
101100101010
110000110011
111101110000
110010110000
110111111101
101011100000
100101101000
101001011001
011011001000
001111011000
101111010010
011010001010
011011101100
100010011111
110010011110
111111101010
101001001100
001111100000
010011010011
110111100110
111111111101
011101010000
010101001111
100101100110
010010100101
010111000101
001001111111
001000111111
000111011010
000001110011
101001101010
110110111010
110111011101
001001101111
001001111110
110010001010
000110010101
001101000111
010110011001
100011001010
111011000111
011011100100
011010001111
110101110000
011100110111
101100111011
111000111000
111101001000
000101111111
000110110010
000011111110
111000010011
000101111100
011010101001
111001010100
100110010010
011101110001
010100010110
001110111110
010001101011
010011000111
110001111111
010111011001
111000101101
001001001110
101111111010
110000110110
111110011111
111011010100
100100010110
110101111000
110100110100
110101100101
001010101100
110010011110
010111000101
010101010111
110111100110
101101100000
111110011011
110111011100
111101100111
100111100011
111001110010
011111100100
011010101000
100101001101
111010011100
010100110100
001101001100
011000101100
100111010000
001101101111
011111010000
110010101101
101001110111
001111001011
110000010111
110011111110
001010001101
110100011100
001011100101
100011110010
101101110000
111001110011
001111001000
010011111010
101111100110
101011110001
101101100100
110110001111
101001110110
011101110100
100011110111
000011111000
101011101111
011101001111
011000110011
010111010101
101110110001
010110010101
100111110000
110111011000
001000001111
110000011100
011000110011
110110011000
100101011111
001110010111
001010001110
000101000111
110010001111
111010110011
100111010101
011100110100
101000110001
110111111110
111110010010
000011111100
111000001010
011011110010
100000101111
001000111011
110111010100
111101101110
001010100101
001101010111
001101111101
001001110011
001000100111
110101001111
110110111010
100111011111
111000011010
101000011001
100110111001
100100110110
110100001111
001001110101
110100110010
000100011011
011101011110
011011010000
011111010001
111011010101
101000101111
100110010101
001110010101
011111110110
100110010001
111000001110
010001111100
001000011011
010110111101
000110010101
010011101000
110000101011
001010101101
000100111110
010010111001
011011101100
001110101001
001010010101
101000111111
110110001101
111110010101
111101110000
010110110011
011100011111
101010000110
010100110011
001010111100
110001110111
111010111000
000111000110
110011110100
110111000101
110000101011
101010000111
100100110111
111001100010
110001110000
101010101111
101000111101
011110100000
111011111110
111010101111
110101100001
101000011111
100111001100
110011011111
100010101101
111010110100
010100111110
001110001001
101100100101
010101111101
001001111100
101010100100
100100011101
100100001101
110010101100
111010111001
010110000110
101110010101
100000101111
111010111010
001001111011
010100011110
010111110111
100001110110
001101100111
100011100001
111110100111
010010011011
010101100100
000100110011
001010101010
111101111111
110100110001
101010111111
000110110110
110010110001
011010001101
100001011100
011101111011
011011100000
010011011011
001001100110
011011110001
011111000111
110001010110
011001010111
110101001110
110111011100
111100100001
010110001110
100010010101
000100100111
111000111111
011100100111
111010100100
111010101101
101001111110
110111100010
011000111111
001001110111
111000001111
110110110000
011101010011
010010100101
001010000111
011111010100
101010010111
001001110111
101101111100
001000011101
001111101111
000011011110
010010110010
101110111000
101100110100
101010001100
001111000001
001110110111
011101010111
110000110010
100111010101
000001011101
101111101110
000110110101
010111111110
101001000011
001110000111
010101010101
101001101010
111000011001
110101111001
110111001011
001010101100
010010111001
111011100110
111111101111
101110000100
100110110001
100001101100
101011010000
010111011101
111111101101
100110001010
100101100010
010111001001
101110110100
111100110001
011111000110
011010110111
010000111110
111110100111
101000101011
101111011010
100101011111
001101001010
110000110011
100011010001
001110100001
100100100110
011100011101
101111010011
000010001111
100010100011
011100001101
011011101110
111100010000
Time = 0.024s
