n = 15, k = 6, l = 6, m = 3499
Expect Resample Times = 0.368117
Result:
011110011101111
011011100100101
011010010100111
111000010000111
000101110101010
011011010100010
001000110111001
011001111101001
001001101001011
100110010111011
010010001110011
110011001000101
010001011000011
100101000111000
100001101111000
010000111100001
011100110001111
111011011011111
001110100110011
010111010100100
110001101000110
001100101100100
011110101110110
011101110000111
110010101111101
000001010010111
011101110000011
001111110110101
111111110011111
101011111100111
111000110010110
100101010001010
110111110011110
000111101100000
111011010101010
101101001111001
110111010100111
011001010000111
001001011001111
011111110100100
011111110011100
111101101010011
110101101000110
011100011000100
110111011011110
101011110111110
101010101000101
101001010111100
000101000101101
110000011001100
011000001011011
001101100000111
011111011011101
101010110010010
010011111011010
011011001010111
011111001110001
101111010101001
100100010011110
001101100111100
001011011110111
011100010001111
101000111100110
000011100001110
110010101100110
011011100001000
101111110011101
001110100011010
011010000111011
000010111101111
001110110101001
010001111000111
011110011011001
111000100010111
101110010110000
101110000111100
100110100110011
010111100110001
101100010010110
001011010100101
111101011101101
110011110100010
100110111000011
010111000010111
111110011100000
110000001101001
111001110000110
000010110100011
001101010101101
001100100100111
001011101001111
100011100110101
001001001111101
011101111010111
011101010001110
100111010111001
001000111110010
110010110000100
010011011010010
101010001011010
010111000111110
000111111111011
001111001010100
000110011010100
010111110000110
010011100110111
010011111111000
111101101100000
101100110001000
101100111110100
010101011111100
111011111001000
001001101110010
111110111100111
111100101111111
000110001101101
000110011101110
110010001000110
011011001010101
101100010101001
010000111100001
001111110001011
010001101011111
001110100001111
000111101001101
000110101110000
111010111000001
100100100111010
010101001101010
100110010011100
011010001110110
111110001010100
101110011011010
101101011011111
111100000000101
110000011010001
100001111010001
100011101110110
001101001011111
011010001011001
111011110000011
010111011101100
101000010000111
111001100111111
000110110010111
111000111011110
000100001111011
100011110000101
011010001010100
010011111101110
001101010011001
111110100000000
100111110100001
001100111110001
100010111101001
000011111110010
110010011111100
010110001001011
001000110101110
000111110100001
111110110001001
010011100101100
101001100010111
001101010010100
001000010111010
111110111001010
010011001110010
010011101001011
100010010100111
001100000101011
100100001110111
001111000100101
010101110100000
110110010111110
100100100101111
111011010111110
110101001011101
001001001101110
101100110111011
000101110110000
010000001011011
001111011110111
110010110111101
001110011101100
011001000010011
100100011100110
000110010011101
011010101010010
101011010101010
010011111000111
111011111010110
111011111101110
111000111101100
101100111101011
110000000101110
001100101011000
011111000101111
111011010011111
110000111100100
001100110101110
000011000001111
110111110011010
001110101000001
001011011111000
110000101011010
100110010010101
111111101101011
010010001110001
100101100100001
011000100101110
011011001011101
111001011010011
110011100100011
111001110110110
001000010001111
101011101111000
100111110010111
000110111010000
001101011101100
001101111011000
110000000111010
110001101101100
111100011110111
010101110011010
100110100100101
100001101001001
110011110010110
111000011100110
101111110011010
001100111001100
101001111011010
001111000110101
111111010111100
011111101011101
101000001101011
001011011001011
001010111100110
001001011101010
100001111111100
011000100010011
111100010101000
011101001011000
101101110101100
100010111111000
000110101000101
111010110011011
101001011111001
101110011100101
111000010000110
100101111010101
110101111101100
010110110110100
110001000101110
100011101001011
011001101000101
101111111011001
011111100110110
001000111011000
111011011111000
111101011001100
101101110100101
101100001101010
110001110010000
001110011110001
100110011101111
011001110001101
011010111110110
000101110101010
101000011010101
001110010011111
010100110011110
111111010101110
011001011100100
101011111001001
110011100101011
000011001011011
010011111000011
110000001110111
111000011101100
101011100000011
101100001101111
110110101011010
100011010000110
111110100001110
001111001001110
010001110000011
110110001000101
010000000101111
101111111011010
010100011011100
100111011000010
001100110101000
001001101001111
111111100101001
110111101001111
001110100100110
001110100101100
001000000110111
110000001101001
101100101111100
010101000010011
000111111010101
011010011111111
100001100101011
010000010011110
010111101101110
100101000110011
100101001100110
101001111011000
010001001101110
001011011001111
011110110011001
010110011010101
011101110100111
011101010101101
111011101111010
111001110011011
001100011110001
010111111111100
000011010111100
011000110110111
111110111000101
101101101000011
111001011010001
000001101100101
000011010011001
100111011100111
100111111011100
100001100111100
101000110010110
000011101001100
010110011101001
000101111010110
110000111001000
100101100001111
111011001111111
100111011011010
100110100001011
110111111111110
001011000001011
001111111010101
101011100101010
100111100110000
111101111011011
101001010001101
011111011001011
010110111000010
110010010100110
110100011110010
000000011011111
101101100100101
001110011010111
011110110100000
010111011000000
111110100110000
101111001010010
001000101111001
000011111111111
001011000111110
011010010000011
001011101011010
101011000001101
110110010111101
011111001111111
101110001111101
000101011110101
010111111111110
001100110100010
101010000011100
000100100110111
110110001111011
100011001001101
111010011100010
000101110001010
100000111101011
000101010001011
100100110100100
001001001111101
111000010100100
001101101101111
010001001011110
010110111100111
010100110011101
001011011010011
111100001110111
011011111100100
001010000110101
100011100101110
110110111000010
011010010010101
100110000100111
000001011001101
011011011111001
001110100111011
101111011001100
110110110000110
110101011100111
111011111111100
110101011110000
101101101111000
010111111010000
100000010111110
101000011010111
001001100110111
100110100011110
001110010101000
011100010000101
110101111010001
100001110110001
010111101110101
101010110011100
100111100100111
010001110011101
111001011100001
110011010111000
101011111110000
110010111000011
110111110011001
100001001111000
100010111101011
001110111000111
000111111111011
001010011111011
011001010100010
000101001111010
100000101101010
110110001100010
111110100110011
111010100110011
001000111100001
011011101011000
010111000111011
011011000111001
001100110111101
101111010001011
011001011000100
100010010101110
110110111101100
111111100101001
110101000110101
110101011000111
100100111000010
010010111011100
010010100111001
101001000100101
111110110011011
110111100111000
001001100010110
010011101111110
011010111110000
100111001100101
101110100111111
011110010010010
010001111110010
100101001100001
011101101110111
001111111010100
000110100101110
010110100001110
011010000111101
100111110010101
010101011110001
011110100110111
111011011110001
100010110000110
110001001000011
000101001110111
010100101100111
011101101100000
101101001100111
100111110011111
000000101111101
101111011101010
100100100100110
011110001110110
011001110011111
001101000111010
011001110011100
010111111110101
101000000110101
011101011000010
110011000000101
000111011011000
010110011110011
111001000100101
000111100100010
110100000110111
011111000100001
000110111110000
011000101101000
011011101001111
011110100111111
111010100011011
001011000001011
101110010101100
101100101001011
111001110010111
000010010111101
101001101110011
110000011000101
001101110101001
110100000110010
100001001110110
101110010111110
011100000011100
111101000100110
100101001010101
100000110100011
001010100010101
000111101000111
101110011100011
011001001110010
101110101110011
001100111001111
101110001111000
011100010101101
101000101001010
110100010101110
111001011101110
110110100000011
101101101010101
100100110010101
001110111000101
000011111001011
110100001100011
100100101001011
101101010110110
001101110001010
000101110110010
001110100100111
101100110100111
110101010111101
011111000010001
010001001011010
111000011001011
001111010101111
000110110101100
010011011011000
100111000100001
101100111001001
011100111111101
011101111000001
001111110100110
011111110001111
110101110101100
101111110101111
000101011000110
010011111011100
100101000001110
011110000100101
011111010101100
011111000110110
010101101010100
100001010101011
111011100110101
100101101111001
010000010110101
111101010101111
011101100110010
000110010111010
111100001110001
110110001111110
101010011010001
000101110001100
010101001011001
101000101011001
110000101000111
110011110110101
000100000011111
101001001010101
101011010010001
100010101100011
101011101110001
010100101101100
001100000111011
011011111000001
001111100100000
010111111001111
111110011111010
011000101010100
111010101101110
111101100000001
010110011011100
000010100110110
111111010100111
111010011110000
001111110000111
111110111011110
001111000101001
011111100010001
011000011111000
110001010100010
101011001111001
100110001000011
011011111010011
001000111010111
001010011011011
001010100010101
101110111000110
011010111111001
011010010100111
101111010000100
011000101010100
100110111111000
101100100010100
110111010101101
010111101110010
000111011101010
110000010011010
000100011001110
001101000110110
010101000010111
010001111110011
110110010010110
010001101001111
001011110000110
001110111111001
011100111001111
001101110100101
111010110000001
010110111010010
101011100010111
111101110111001
011101100000011
100111111010101
110111011000100
010111100101110
011010100111101
001010111101110
101110011101001
110101110101101
100101101111101
000100111000101
110001101111011
010101010000011
111100011011001
100010011001011
011101100011000
100001101100011
011000010110001
110101110110101
001110100001101
100010101111101
001110101000111
110010011001110
110101000111010
010110001111111
101111000101101
101011100000001
011010101001011
010000111110101
001001010010110
010111101100000
101001010010100
000111010100111
011001110001110
110111100101101
010010010100110
111010101010101
101101100110100
011010101011110
010111101101000
111010000100100
001101101100101
010111011010001
100001000011011
001100011111100
010110100100110
010001111110110
101100100111011
011110011101111
110001011010011
100100101101000
011001011000011
010011100101111
111011001010001
011010110000011
010101100111010
101011011010111
110011111110000
001011110010001
111001101011000
000100010110110
100011100110111
010011100111101
111110101110011
101101111100001
000110101101110
101110101100011
101001001100110
110001110111110
101111110101000
000000111110010
010110101110010
111100010011111
110100100101001
011010000111001
011110110011100
101011011000100
111011011011001
111110110110100
101001101110110
110100110100010
110000100011100
010010110011100
010101011001101
101100011010101
111101010010111
011010001010011
111000001001011
111110010010011
110000111010101
010000010010111
010111010100111
001100110101010
110111110111111
010010110011011
011111111011011
111101010111101
100011101101000
000111011010110
100111100011100
111100100110110
000111111001110
111011100001000
011111001111010
001001011001110
010011000100111
000000101110111
101001110100100
010100110011101
111110010000110
000101011111001
010101111110011
110010111010101
100011100011010
110101000101100
101111110001001
101100111001001
010100100111110
010110000001101
001100111011001
010011010101101
111001001111000
001111111110000
000111100110111
011001010011100
111000101011100
101100011010000
100100000011101
001101000100011
111110010110111
001000110111111
110010111010000
101001100010011
110010011100010
011110101010001
101011001101011
011110110001011
100101111011011
101000111110011
101101110000110
011101000000011
111010110101011
011101010000010
000011110010101
000110110111101
111110101110001
001110010110001
110000011110110
011000110111010
101010110111101
100101001111000
010101110001110
101110011100100
011011011001010
111011101111100
110100011111101
101110010011011
000101101111111
011001100100011
110110101111100
000110110110110
110101011101011
010011010111001
111010101101001
000110001011001
000110001111011
101101111111010
100111100110011
110101100001011
110111101111101
100111001110101
100101011110010
010010011001111
111101100010100
111101111110001
111001110100111
110111000001001
100000011110101
010111101011110
110110111001001
110110100100100
111011110001010
110001001001001
110000111101001
011101101011101
110010010110001
001110110101110
110010011000111
001110010110101
110110100001010
111101101010010
001111010011101
111010100001110
011011110100010
101000101101111
110010001001111
001011010100001
001001110110110
000110101001011
100111000110101
110010110110101
110111010011010
010010111111101
010011101100000
111011101111100
011010101011000
110010001000111
111001100010001
111100001110001
001110110000101
100001011010111
101110000011011
000110010111110
011001001110100
100100110100001
101111010001111
010010101001101
111000111001010
110000100110100
011000111111011
101100100110100
100010011110101
110100010101110
111010100011000
111111000000111
111100000011110
011101111001111
111000111010011
010110000110111
010011001000111
101100110111110
100001100011010
101100000100111
010110101101101
000011010111110
000101111010101
010110001000110
010010110100111
100011111011001
110000110000101
110100011010100
000111000111110
111100010100111
110001010111100
111111110001100
001001001101101
010001010010011
000111101000100
110010110001010
011100001011101
111000011010000
001110101011011
111011011010111
011100110100110
000011101111001
011010000111011
100110010000110
100001111110000
100110111110111
110100100001011
101100000100101
101010001111010
110000111010011
101101110000001
100111001110101
110011010100101
100100100110101
100101001001110
100011110100000
000011010110111
101100011101010
001001001101111
101110111111100
011000111110000
001111011010110
111000110001000
100011110100000
111000010001100
111000011011001
010111101011110
001100101001110
101111100111000
000101111001110
000100100110011
111000110101000
110111110110001
110100100011010
011100101101001
110011000100100
001001010111100
001010010101010
100000000111101
011110010000001
000111000011011
100000111000011
100010001011110
111001010111000
100111011100111
011101100010010
100111101110000
100111110111001
010101101001010
110000100111101
101100001100111
111001010010101
011010101111000
011001010111100
100100100101101
111010101101111
111001101001111
001010000111001
101011001011011
100001010010110
111010101100010
110111111010101
010011100111010
000101010011110
010110010110011
010000111110110
011000010011101
100110001111101
110111111101000
010000011100101
101100111100111
101010110111011
110110111001111
000101101111001
000011111001011
011011000101111
110011011110110
010011100110110
011100011111010
101011110100001
110010011010100
110011110000011
111001110010100
011000010100110
011101010110000
110101001000001
010000110011010
110010101011011
101001001001110
001001101110111
111000011100011
001100101001001
101001011010010
100100100111111
110010011010111
100001101111110
101010011010111
011010001101111
001110011101100
101001101111110
001111111011111
100110100100001
000110001011011
011011111100100
011110001100100
000110110000011
110110101101000
011011101000101
101011110110110
111000111011001
110001101011111
101110000000110
010011010011111
110100010101011
011010011011110
010101110111111
001010110011000
110010110010000
100010110111011
001001011100011
000000111110010
011010001011010
101100110011011
001110110001110
111110000001100
111000101110010
011101011010000
011110010011110
001010111011000
010001110111001
011110010110011
101101100011101
011010110101100
010001000001111
100110100111011
011101010100000
100110110010000
000110110110111
011010001001100
110101101000000
101001100011011
111000111111100
111010011001011
100000010011011
100011100111100
011011101000000
101111000000011
100010110001111
101000110100101
111001001111111
101011011011000
001001101111010
111100111100100
010101001110011
010110010111101
001000101111110
001010110111000
110001001010101
110000111111101
010000111110001
111011101100100
110001100001010
010110011001010
001011100001100
000111011101101
100000001111001
001010001111001
001100011100010
011010001101100
100110100110110
100011111011010
100101000011011
111001110110100
101101101001101
010011101000100
100111110010100
010011100100110
110001001100110
001100101101100
111011000110100
001110110010011
001100001011111
001100010101010
100110011111101
111101001010010
110101111111100
110000100010110
011111000111100
111011110011011
100011100011110
011010111100100
000101110100001
011110110100001
010111101000111
111011101001011
100100011000101
111011000110010
000000111011011
110110001111100
100111111010000
100110111010111
111011100000110
001111001001001
001100110010001
011011001000111
100110101011010
001111011111011
000101100011100
111000010111010
111100011001101
001111100110101
001101011111111
011001100110000
101011001000010
100110100001001
001001000011101
110011001001101
000110011100110
110001011011101
111000011111100
111101110001010
110000111100011
111010111111000
110010011101001
110100010011110
111010010111000
010110010000110
011111000001001
011101001001000
111011110011011
101010011111111
000110001111001
010100011010001
010001011001011
100100011111001
100101100111100
101001101100110
101110000001011
101111111011010
111011011110100
001110000101100
111011100010001
110100111101000
110000011010101
001011110010010
011110100010010
011110111001101
111111001001010
100010101001011
111011111011010
110011110010011
110100011100011
100100010011100
110001100110000
100101001101011
011101110000001
111110010111111
100000010101111
110011101111100
010101011001000
001011000110001
111001111011001
101010111101100
000100101100111
001010010110100
110011100001100
100001001010111
100001010110001
111111100100100
100011110011010
100011111011000
111010111111111
010101110100010
100101010101111
000101101001011
100001110011011
100101001100101
101000101011001
001110101111010
011101010100011
111100001110010
110110100100100
111111110001100
101011000010110
010110000010011
000000011111111
100111001011100
100100110011110
001010100010111
110101001110001
100101100101001
111001100101001
011101011100110
011111010101100
010111111110001
100001111110000
011100000111101
000001011001101
011100010110000
101100001011001
101010010001111
011101111010111
100101101011111
011011110110110
110011100010110
001001111111001
001001110111101
110111011101100
110010010111001
000001010111001
010011100010111
101011010100100
111110100000011
101001110000111
110110111011011
001110000111011
101111001101111
111011000111011
011000001101100
101000001111100
001110110011111
101110001111000
100000111100010
001011111101000
101011010001101
011101001111000
110111111101110
001101100011100
001010100110111
011100110110110
001100100011001
110100011011111
011110110000110
000111110111100
101101001111101
000110101011100
010011110110011
000101100000111
111010000010111
110010111010100
111001010001000
011011011001110
101101010111010
001101100101100
111001100010000
111000011101101
111111001110000
001000110011011
100011100100100
101111110000011
000110101110101
110011001000011
011101000111010
010010010110001
101111111011011
011110100110011
100010101100111
110100000111101
110101000101000
111110101110100
111010101100110
101110101101011
000100011011010
010110011011110
011011000011100
101001001100101
000011100101001
110110000101111
110110010100010
100010110110001
001110000100110
001100100011100
011011010011100
111011111000010
011011111100010
000100001110011
011011111001001
110100000011101
000101101011011
101010011011110
110001010010010
101111001111010
011000011011001
011011101110011
000011111010010
001010101011100
001011000011011
010100010111111
001010111000100
110111010100100
101100110111110
111110000101111
101001101011111
101000011010001
010110111100100
111111000100000
100010001010111
110101100011011
010100011100001
100101101101001
000000011111010
111111011100100
110010011110010
010010110010100
101001010000101
011011001101001
101000011100100
011100010011110
010111000011100
110001111110000
100000110011010
010000111101000
110010111011000
111100111010011
010111111111111
110101011111111
001111101101100
101100110101000
111001001111111
100101110011011
100001101010110
011011100000110
110010011110111
111010010110100
111000010001101
011001001110001
110111111111001
101110100010110
100011110101110
101011101110000
111111010010001
101100010011101
101010001101001
111011000100001
101011111111100
101000111001001
100101101010000
100000010011111
101100111000111
111101001010000
011101110111101
101101010010111
100011100111010
000111011100000
101100010011111
101010000101100
010100011011110
011000011101101
101011100100100
000001011011011
000101001101100
100110011111111
110111101001000
000111000001011
010111110110111
000101101111011
010101000110011
111100001111011
101101001100011
001110100101100
000110001111101
001001101110000
100101010111001
001101100011010
110100011100000
010101111001010
010001100111000
101111010000011
011010101100111
101110000011110
110111101110110
001101111100001
110001011011111
110111100011101
111001001001111
011000101101111
100011001110100
001110101000111
100101101011001
100110001100110
101000001001011
010000101101100
011100101000010
000100110001110
101000000110011
111001100000011
010100000011110
100110000011011
100010011001110
100100111000110
000011111111111
011001111010111
011000011011100
111000101101101
101111111000110
001111011000101
010001110110111
010000111001100
100101110001011
001011001101001
010100001100101
110101000001101
010101000111011
000010101001011
011001100110000
011001100001111
100100110110011
000101100011010
101111000111001
101010100111011
010101101011111
110100101110011
101010110101011
101000100101111
100011101111001
111011100011101
100111000110111
110100011100110
111011111101101
001110010011101
011101001110001
110110010100010
011100010000101
011000110011111
111001010011010
110011010101110
111110000100001
100000111011101
110111110110011
000100111111111
000011110100011
001010011011101
010100000111011
101110110000001
111000001000111
110110011011011
100100101111100
011101110100101
100111011011100
111101000100011
011001100101101
000001100010111
110111001000000
011011100000101
010011101100011
100001111010111
011010001110010
011000011111000
000110110111011
111100011010101
011110110111010
011011011011100
110110010011110
100011000001101
001101011010010
111100101100001
111101100101110
001010000011011
101100100001100
110111101011010
101010101000100
100110111100111
010011110110000
110100001110010
100110011010110
011101111101110
000000011101101
001101010010101
110001010011100
100000101010110
100000001010111
101010111001011
110001100101000
001011011101110
010110010100100
111011000000101
011100011011000
100010100101100
101100000101001
010111101000100
111111010011100
000001011010011
010100110110000
111110110001101
101000000111110
110111111101110
001010010001110
111011011100011
001101010111110
011100010011000
100100111111101
100111110011000
001111101000001
101010110110000
101010001001101
011101010010010
000001001111001
011000110001101
100101001010111
100101001010110
011101001101001
100011110010100
011111101110111
001001111010101
111111000100010
000110101110011
100001011111000
011011011000001
011110110100010
101100110100101
011011001011001
001110011101111
011110001110101
100011001011111
111110110111011
000101110000011
001101111110010
100101001010001
101101110001111
011111011010010
101011100100101
000010111111000
001001100111011
000110010111010
100101011010100
110101110000111
110111101111101
011011101101101
011011111100111
000011101011101
100001100110001
011110100000111
100001010011001
011011100101110
010110111000010
100000111110011
000111000010011
011010001100100
100011111100010
010101000101010
001101011101110
100010011110100
011010011001010
101010111010010
011100110001001
101110111100100
111010101100001
011101000001010
100100010010011
010110110001100
110100111000101
011000011110110
100101011000111
110011011010010
011101011101001
101001010011001
101101111000001
001100111001111
101110110100100
101101011011101
110001001000111
101111111111101
110000110110000
110101010100000
110111110011111
010110110000001
010110101111001
101001101110110
110111111001100
001111000000101
011111011101100
110010000101111
101101110101101
111101001010000
111110000100011
111111001110001
101000101001101
000101101011011
001010011001101
101110001011100
011111010110001
010110100100110
111110011011100
100001100100011
111011000101111
101100011110101
011111100001111
010101111010111
110011111111100
110001110100000
111011001000000
011110111010011
011001011011110
111110010011101
000110100111010
011100110010011
010001011011011
111100000111001
101101111000111
001001111010110
111110100100011
111101010010100
111111001011111
011111011101111
110110000011011
101100000111010
110101110110010
100011010011000
010101101110011
010001000100111
000001111000111
101011010110000
011110001001110
010101010010101
001001101110010
011110110100011
011110100001000
110101110010100
110100001111111
011011010000111
111011101111100
110101001110011
110111000110011
110001001001010
111100111100011
011110110010110
010110111010101
101001100101110
111000111000010
111101100010001
111100101001011
100001010110100
101011010100110
010001111100101
001001010101111
111110000101110
110010010110010
011111100101011
011100011111001
001010101011101
101110100001001
000011110110000
011000101011101
101011001011011
001101100110100
011101010101100
100111111011001
101010011101010
110101011000110
100101011111110
100101101000011
100100011110000
111100111000111
000111111010101
111011100100110
101100001000110
101011110011110
010110101111100
111001001100101
111110011100110
010011001111100
101010011101010
111010001111111
101001111110000
010010111100110
111010111111111
110000111101011
001010001110001
110111110110100
000101111111111
011010111111110
100010100110111
111101101001011
100111100110111
111000101111110
111011101000001
000010111000111
010000001011110
000010111011011
001000111100111
000001001111101
010101000001111
111010110010000
100010011011011
011010111000101
010110010010001
100011001110110
000111011110010
010001010000111
011100101011100
011100100110111
011101001111010
001000111000110
000010001011110
010110000001011
011010100110101
111111111110011
111001101100001
110011100000100
111011010001001
100110010100101
110011100110001
111011001101001
100100010011001
011101000110001
010010010110010
101011110111100
011101011110110
000101101100110
101010001110101
110010010001011
001100110001100
010111111100101
001001000111010
111001000001101
011011011100000
001110101001100
101000011101110
001011100111011
110001000011101
011111001101011
001111001011110
011001101110111
101111010001100
110111001010010
011100011111101
101001111000011
001111011101101
100000111110000
111000111111100
011100111111001
001111011010101
101001001011111
110001000011010
100000110000111
001110101110000
111010001110011
010011111100110
111111000111101
100110110100110
010111101101001
100100001001110
110110110000100
001011000011110
001100101100100
111100111111110
010001011111000
011110111101101
100101000110111
011000110010110
111000100001001
101011111111110
001101101111101
011001110001001
110001111001010
011001010101011
110011110101100
011001011100001
100110011101100
001011101100110
000010001101110
011010011010111
000001111011000
100100100010101
011111111101001
010111011100001
010100101001001
110101010010001
000100110110111
101001111011001
100100111001110
001101010011100
010011101010100
101000100111011
000010011101101
110110001010101
110001011011110
100100001001101
101001100111001
011100101111101
101100011110010
010011000110101
000111001101001
101011100001100
011110000001101
110000001111011
100110111110011
110100101110010
110110111001100
001101111101111
110000110001010
010111000001111
101110100010000
100011010000111
011011100110111
011101010110101
100000111110010
010101000111001
011011100110001
000001110001110
100011101101000
001000010011110
001000111110010
110000100100101
001101111010100
001111111100001
001101101100100
111000111000011
111000011110010
100111001100110
001101000100011
010100101110100
001101110110010
001010111111110
001010100001011
011101111100101
100000011110010
011001011011010
111110011101011
010101100111110
110000001011101
110100111000110
101110110011010
001101001111111
000111111111110
110101111011101
110010011010010
100000110010011
001101111110110
110001010010111
101000111111001
111001100011110
101000011111001
011101010110111
100011001100001
111010111000011
000110111100000
001001010111110
000001001110011
010111001001111
101011110101000
101001001100110
111101011000010
010011001110101
100000011010101
111101000010101
001010010011101
101111101001110
100010111100111
000001011111001
101011111110111
111011011000011
111110011101010
110110011001100
100110101000111
000101111000110
011101111001111
101010011100001
110111011110111
000011001101010
111001101110111
001010011001101
011111000110111
100010101001001
101000111010000
001011110110000
100001111000100
011011010010011
111110001101100
110101010101010
001111001000011
111010110100110
011010010111010
010101101010110
000100011010110
111000001111000
101101010000101
110101011110010
010111111110011
101100100001011
011001111110110
111011000000101
111011010101100
100111001010011
110010111001000
111000000101110
100111111101011
011010111100100
011111011100110
101101101111101
010011001100001
111010111010010
000111101000111
001110110100111
110110000001111
111001100111100
110010110111011
001001100011001
101010001111100
011111010100000
111111110110000
100011100110100
110000011001111
011011010100101
111110001000000
110011010111110
001111110011000
011111100110100
101011100100101
110101010001001
100010011101011
011110000001101
011110111010001
111000001101101
100100100101111
010100110101001
010011011101101
110111100001110
111111110100111
110101011001110
111111011110000
001001010110001
101101110110110
111011100100000
111000011101101
011111101011010
001101110100000
101110111100001
100001001101010
100111010011110
101011001101001
111111101101101
011111010000000
010101010101011
111100111100001
101111010010110
001110001001010
101100011110111
101110110111001
101010010001101
011110101110011
110001001000011
000001101101101
011011110101000
001100101010011
001110101001001
100101100010011
001110101100000
001010110001111
110011010100011
000101100011101
101101101101010
101111001011101
111111110001111
001111101100000
101001100011011
001101000110001
101000110010001
010001110011000
010000100111111
101000110001101
110110111100110
111100101010101
000111011011110
111101110010000
000111000101001
110001101011110
001110100010110
111000010101100
101100110001010
110111010111010
101110110011000
101100100001101
010011101110011
100111111111001
011101000111100
100010110101100
001010000110011
010110011001010
100101011100001
011101100111010
100000101010101
010001100110011
001001111000100
001011111100001
110111010000111
001011000001111
110010101100000
101101000001101
100110110010011
111111010100100
100000011101010
101100110101001
111110110000000
100101100101110
010110111000000
100111001110111
111011110011000
110110001011110
110000111111010
010100001111000
001110011101111
110100111011000
011010101101001
011010101000001
101111001110010
111111100000010
001101101001101
011001101110100
000011001110010
111001010000101
001110100110000
111011000111110
101110101100001
111011101011100
101001111101100
100011010010001
000000101111101
100101000101111
010010111001010
100001000101101
010011100001110
011011101001000
110010100110001
001111110101000
100110000011011
110110101011100
010010001011110
011011110101110
010000111010101
001011101011011
110010010111001
010110110010101
111011110110110
000010011111010
010101011010100
000111100111100
100011111010110
111010110011100
010100010001011
110000001101110
000100111111110
001011110001010
001010111011111
110110101010110
000101011111000
101011100000011
111000101110011
110011011000011
001011110101110
111011101000100
000001111100101
101010011001011
100110111001101
101100110010000
101011010011110
101101011011110
101111111100110
000100100101111
011010000111010
011001100011010
101000001011011
011001110001001
110110110111000
111111100111101
110101011010101
100100101101001
000000110011111
100011110001011
110000001111010
001010101011000
110101100010001
010111101011000
100001011001001
010010111011101
101001101011001
101011100000111
001101000111100
100111101001001
000110111100111
101101011010100
100011010111001
111110111010000
111101111101000
011000100101110
010100100001101
000111101101011
000110110001111
101001001001111
011000111111011
111110010101110
001111000100010
011100011100100
100001110111110
000010111111101
011111000100010
000011101101000
111110110000001
100010111001011
001011010011010
011111110010100
111110111101000
111100111001111
011100110111101
000110010101110
111001101110001
110110010011110
101101001011011
010001011011010
000011011001101
111110110001010
110110010100110
000110110101001
011010101111011
101011010011111
111010001001110
111001010111111
110100010110101
010000010111100
111111010100001
010000100011101
111101011001010
101010101001000
011001010111101
110110010110111
010011100011011
001110110101101
001111011111110
011000110000011
011000110001101
011011010110000
110100011011101
001011011110111
111110000111101
000110001110001
000101011100010
001100001101001
101010100110000
010001100101101
110000001111101
001111111110001
111111110000111
100101010011111
011100010110000
101110011110000
010011100110010
111100001111111
011011110111000
001010101011101
001001011010011
111110111111011
100010110111010
111010001101000
010110100100101
101111111101111
011110001000100
011101010000001
100110111011111
111010001110011
100100101101011
111111010110001
100111111000010
001101001111100
111110011110111
000001101111111
110011101001110
010001110010110
111100010101000
011110101101100
000111000110001
010011101011100
011010111001011
100111110111101
011000011011101
100000010101110
111011100001101
011101100100011
011001001100110
111011100110011
000010010111011
101011011011001
111010001100011
100110010000011
100000111001010
111101000000011
111011110000101
011010011110001
001100101011000
011101010110110
111011011011101
100011101000101
011101101001000
101001000101001
010001010111000
011100101111100
000011101111010
111010000001101
101111000001011
100111111111110
010101001100110
111010110001011
001111111100100
001011010100111
001010101111001
010100011010001
010111001101100
001111110101111
001010111100000
101010001110010
001101001100001
111011110010000
101000001001110
011110010111111
101010101010011
000111010011011
101001111000000
011101110111101
011011101111011
111101011010101
011010101110000
110010100101101
101110100011110
011011010011000
101010010100011
100101010001010
101001000111000
011001101010000
000100111010011
010001110100111
011001000111100
000110100101111
001010010101110
010110001011110
110010111110010
100001111000011
101100100110111
100001010101110
011011001101100
010100111100001
010011011100010
111100111110010
011010011000100
101011100000010
110101010110000
001100100111001
100100100010011
011101011011111
111101011110110
101001100100001
001011010011111
010111101111111
110110001101101
000011000101111
111101000001000
010100110100101
000100010111010
010101010101000
111000111101110
001100110100011
110000001111001
101100101100101
101011110111110
101001101111101
001011100011001
110010100011010
010100110101010
110101001110111
001111101000010
101100011011110
001001000011011
010001010011011
110100110000010
011010110100111
001010101110010
101101000010100
010010110010011
101011010111110
000100011101100
110000110101010
111111110111010
100111010101100
010110111000001
011111011101110
000010010111001
000111100000111
110101011010011
011010111000100
010101100110001
000111110111110
100111011100010
000101010110111
110010100011110
010001111110000
011010111011010
101100011000111
110101000100001
001110101110010
011111010010010
101010111001101
101110101011000
110101111001001
010101011010101
111111011011101
111011001011111
111000111011000
000111101011101
111101110011010
101000000101111
111110110011010
010011010001110
111110010111011
110011101011111
000110110111110
010001111100010
110011000101011
011111101111010
001001011100110
011000111001101
111100100110011
111111000111010
111000010011111
110110011111101
101101101111100
100101111110000
101111010101001
001101110110111
111011011111100
011001001000101
100111110001110
011100011011100
011010010111101
011010100101111
010000101010111
100011011010101
010101010011000
101001011000011
100010000111011
110100100101010
100011100001100
011010001100011
000111001101100
110101011010111
110011010110100
111010100111110
101100000111010
101010010001101
101101101101011
001001101110111
101101101000001
110110001001101
000001001111110
011010011000101
101001001010101
111111110100110
110001001011101
001000100111010
011011110001000
001011111001010
011010101000111
101001011101010
111111000100111
000111101111011
010001100011001
100110010010111
110101011000100
011100110011000
111110101011101
110111011011001
101111011001010
010010100101001
110010010011000
000100011110101
110011111100001
010111100101111
101100111111101
001101100100101
110001100111011
001000111111000
010001011101000
110111010100100
010110011000101
010010010001110
110110101100010
110000001001101
011110001011001
110110010010110
110010111000010
111011101001110
100100111011101
000101011011101
101100110011110
010111111101100
001011010101001
010011100101100
100100011001011
001100100100101
000101101000111
110110000010011
001001101110101
010001110110101
010111011111000
101101100100110
011011001001101
001110101010001
000011000011110
001110100001001
101100000010011
010010010011001
111010111011101
010111011000111
111110110110101
100110011001000
110000101111100
011001110101000
110001110001001
100100110100101
011101011111000
000011111001001
111100111100010
001101000111010
100011110001010
111001111011000
011000101100010
011101110001011
100000110111110
011000001110011
011110100100101
110111111100001
010110110100000
011010011010100
011000101111001
100101011100011
111111010000011
101001111101101
100011011001100
010001111001001
000011001010011
011001100111111
000110100010101
101110100110001
111110101001100
000010111101111
001010001101111
010101101111110
111101100010100
110010011011000
110110010001000
001101100111011
101100111000001
000011110110010
111100011011111
111001101000001
100011110111001
101001100111010
110010001100100
011010010111101
101111100011100
011111101001110
100011011111111
110110100011111
100111000101101
100011101100011
111010000000011
001001010011111
110011001100010
100000001011111
111011100000000
101010011000101
001101010011011
010101001011011
000111111000110
000111000010011
110010011101101
110100101001000
101010111110110
101001000100101
000101000101111
110010101010111
111010111000100
010011000010111
111101011011011
111011100111010
010010010100011
011110011000110
011001111001100
000011111011001
110101111111110
010001010111110
111011111000111
100001101110010
000010111110110
001011011111111
001101001100011
001100110010010
100100101011101
011010011000101
000101100100101
011001111010010
010101001001110
100010101110010
101100001100100
111001010001001
111011001110101
111011111101101
100101101001001
001110011011110
000110111110011
011101001110010
111110110010110
100111000101011
100110101100101
111111110110100
011000010011001
000101101110100
001001001111000
111110000101110
011011011000001
100100011010110
111011010100111
101010011111101
001101011001001
010000001111010
101100011011110
001011100100110
001110001111011
001111000001010
111110011001001
111100110110101
101011011001100
110110111100101
101110100001010
111111000101011
000001111101111
000101011100001
010011111010101
011110010001100
001000111101101
011011000110110
000110110010010
111111100101111
010000101110110
001000111110100
001110101111001
001101011110100
111101011101111
011101010001110
111100011110001
101110010001000
110110111110011
101101110101101
011001001110110
110000010000111
001101110000101
110101111101111
011010111010001
100111001011110
100110111001001
110010101001110
011010011011110
010101011000010
111001111101001
111100001011011
100111100011101
101001100111010
100100111101110
001011000001101
101100110011110
010111110101100
111001110010001
111000001111100
110101010001111
011000010110110
111011111110010
011101011001110
011101001011001
000011111111110
011110100101000
101111010001111
110010101001111
100001100110110
000101011001010
100011101100110
110010101100010
110011001010100
110101000110001
110001000110011
100011100011111
111000000010110
101010001101001
001010101100111
110001001001101
111111011000011
101111010110111
011100011001111
110001010010100
000110011100010
111111110001011
111100010100000
111001100100001
101010011101011
011010110001101
011101011010001
000110011001100
000011010001111
100101000011111
011100010111001
101001101001000
100100111101011
011011000111111
001000010100111
110001001111001
011001101011111
111011110000010
011011111010010
010011001101110
010011111111010
101000000111110
101110111000010
100011101010100
000010110011001
001110001011111
100100100010111
010000111011000
000111011110000
000001101011101
001111000110011
111001110000100
100011011101111
101110111101100
101010111100010
010101001000110
001011100111011
011110001001010
010000111001001
001110101100110
001011111111111
001001001001111
111100110010001
010100111101001
000111010110001
001011000111111
010011011010010
100100101111000
010101100010110
011111011101011
101001110110101
001001111010100
001100011010100
100111111010000
111010110111010
001001110001110
110001001100101
110101111010101
100111001010001
010011101100010
001110100010100
011011001101111
101010000011101
111101111110001
110111001011000
011101011100110
010110110110000
110101101111101
111111111101110
001111010111110
100101011000100
111110101001010
010100001011011
111111000010010
011111011001101
110111010001111
101011001101000
000101011000110
111111101110110
110111101010010
101100111110010
111010000011110
111100001111100
010111100101000
110011101110111
110000000111111
101100011001010
111110110011101
101010010101111
100010100111100
000100110100110
010100101010010
010010111011011
011100010000011
101011000110011
100010010111011
010010001010110
110001011000011
111011110101001
110101101010101
100001101100101
001010001010111
110100010111100
101101111010000
000111001111011
101011110000000
101110100010101
011000110111001
100100001111111
011111001011010
110000011011000
110000011111011
110000111000111
110000101000111
001111101011000
110111011111110
010000001011101
111100011001100
001000110001101
010101000011111
101110000110000
111101100011001
001010110111001
100001010111010
001110001100101
110111000100110
010110110110010
110011001110010
000011101100010
101000100111101
001110011000111
011010010111100
000110111101101
000011100000111
010010101000110
100010011001100
110101010011000
101101001100100
011101000101101
001101001110111
101010111000000
111101100101100
011001011000100
101110100000100
001101010101011
111100101100011
101010111011110
011110100001100
001110011010001
100001011111111
101010010000101
111000011011011
110011110010000
100100011111101
011011010111010
000011101110010
010100111100110
100101101111000
011100001100111
001011001011110
110111001111001
011000101011110
101111110110110
100101011100010
001101101100000
100010100101110
110111001010001
110101011010001
110000111100011
001000111101110
111000100111000
111001011101110
011111001111001
011001011100010
111011111000111
000111011111010
100100110111011
010110111010101
100001000101111
101100110000111
110101111110010
001001111110000
011101100011011
111111100111010
100101101111011
111000110111111
100110000011111
110100111000100
011011010100010
001010111001001
110011100010010
011110100010101
100101101111010
011111010100011
110011111001110
011001011001110
101110100100100
110011101101001
111001110000001
100001001011010
001011010110101
011111001100101
001001110110011
010001011000110
101000111001111
110111111110000
100010011010111
110110100100111
101010000010111
000010100110110
100010111111011
111010010110101
110011001100000
011011101111001
101000110010110
011101101100101
110011000111111
011010111000001
010100111100000
100101100101011
100010011001110
011100101010010
100110100011100
011000111001101
011110011010001
110001010101001
110100011010011
111100100010111
101101011010010
000111010111001
111111001111101
011010000101011
010101001100011
001111011111111
011110000000110
100111010100011
101000011111010
010111100011111
110100111000101
101101100011001
001110111000011
001101101101001
101010000011110
000111001101001
001110110101000
101111010110101
011000101011100
110000111010001
101001100011000
111001001000001
100100011001100
100110000111101
110011001001100
100011011111011
101010010100101
001010000011110
111100100010010
001101110100100
101000010111100
011110010000111
101010110001100
000010010110101
010110100100101
111101100100010
001101000111010
011100011001111
111111001001100
111010111101010
100010100011010
011011101110111
100100000100111
000010110111001
011001001100111
100100010101110
000000101111001
111101110001001
010111111111001
001101010011100
000001111011111
011010110001111
110001010000101
010111011001010
111011111101101
001110001110111
010101111100011
111100000010111
010111010001111
101010101111111
011001101000010
110101000000011
111101101011100
101001011000100
101110111110010
110111000101111
011010110010110
011010011011011
001110111010011
101100010011010
011100111010001
011011111001000
110110000110101
011011110000011
010001110000011
110110100100110
100110011111101
101110111010100
111001110110011
111111100100010
011001000011101
000011001101101
110011000001110
111000110000011
000110011100101
011001011011010
110101000100010
010000111011110
110011011111111
000000100111111
101100010111111
111001001001110
110111100011110
001011001011010
101110001100001
010100101111101
010100011000111
011111011111100
010110011011001
111010001001100
000000101111101
101101111110110
111001111110101
110110111001000
111011101101101
001011010101111
111010101000110
111100010000111
000110110001010
100010111011000
111001000010011
011110101010000
101001001010011
001101100011011
110111101011010
010101101010111
111011110100001
010010011101000
000100101011011
111010110010001
011111111111101
011000110011101
110000100110010
110100101100111
011001111011110
101011100011011
100000011011101
111011010010000
010111010011111
101111000100000
000010000111110
010111010001011
111010010001010
110111011010100
001100100010101
110010101000100
111001001001000
101001001101001
101011100110010
111100000110101
111100100111111
111101100000010
111010100001101
111011011100110
111011000101011
001011101100101
100010101001011
110011101010101
101111000010010
000011001111000
111001011110010
000100111011110
110110011000110
100110000011001
011110000101001
001001111111011
111100001000100
101110001011100
101000101010011
111011010011010
100110001100010
111101111101110
001000001101111
011010100100111
101010100001001
010011000010011
000101010001111
011101010110100
110011011000011
001011011110011
011110010111000
101110110000000
001101001011101
101011010101001
000001101001111
010001011010110
010101010011111
100100111100010
100111001101111
111011101011011
011100111101000
110001010001011
101111000101001
010001101001101
011110011010110
100010010111000
101000101101011
010110111101111
110101011111010
101010000010101
101011101010111
101111111101111
010101111110100
111011111100010
001011001110100
011000010001011
001000100101111
101101110101110
010000011111111
001110110010000
100111011011100
000010010111010
001111000011110
111011111011010
011000010010111
010100011100101
111111001101001
111100101111101
111101100000011
011110001111100
011111011010101
100011110100100
101011000111010
101100000110011
101001001101000
101101010011100
101001001100001
101100110110010
101100010110010
101010000111100
101101001010001
010001100100110
101100000110011
111111111110001
100111110100110
111110101000111
000011111100110
111001011111110
011001011001101
011110010101101
111100110011011
101111111100000
001000010101101
011100110010001
011001000111101
010001110101111
100110001101001
011111111111011
111011001000010
101100111011010
100100001110001
110111100101101
110011100111111
110000010110111
010010100000111
111000010101000
011011110100101
101000110101001
101111010110001
110011010100100
110110010011110
111111001101101
100000000111111
111111111101000
110110011100110
101011010011011
010010101001011
111110110101011
111010000100100
101110100001100
100101101100110
101010100001011
110011011010010
101110011101001
100000011110111
101011110011100
111000100011010
101010111011110
110110110110010
001110110100101
111011101010010
011011111101010
010100001100011
100010011001111
111110110011010
110000101101111
001011110100001
100110101100010
110100111001011
010011000111110
111000111101011
100101110000010
011111010000111
001101111110000
110100000100011
011101110101100
000001110001101
100011010100011
111101011110001
011000111001011
111100101010010
010111111001101
101101101101000
010110101110011
010111101011000
101111111111111
100111110110110
110100001001010
000101101011000
111000001100110
111011100000000
010101001010111
010000111110101
011011110001001
100001101011111
110100001110110
100011101101001
000101101111000
100100010001011
011011001111000
111111101100011
101101010111110
110000110100101
111111100110101
000011000010111
000011011100010
011110000010010
001000110011110
101100001011010
010011001100101
101100001111010
011111110100111
010111101100000
010110111101110
110101111110001
011101100010001
111010011100111
001011001010100
000100100011111
001100101101011
001011011011010
000000110001111
010111001000100
111111101111010
011001010111011
001010101010111
111011111010111
100100101010011
001111100111110
111000010000110
111100011111101
101100001001011
111100000000111
101000100100101
001110011001101
010011110011101
011001000101111
001010111111111
101101101011111
011111101111010
001011011110011
110011011010111
000100011011010
011001001101010
101101111101110
010010111111010
110110111110110
111010010100000
111101010110000
010111101101001
110100100011110
001110000110111
100111001001001
110011000111010
111111010000101
111100010001111
001001111101011
000111011101000
111001010101101
111001110101100
011000000101011
111110011010100
110110010110011
101001001110011
101111111010110
100011101111000
010100110111100
001110111111110
110000001001011
110111001111100
111011111011100
111000101011010
011001010111000
101101101011000
011000111110000
110100001111101
110111001110110
000001101010110
101101001101010
100110010000110
111001001011011
110110000010010
010011001001110
101011000111011
011111000011000
110011110011100
010101111100101
111110101101001
000111001000101
111000001000111
100101110110010
100111110110000
000011101001110
100110000100011
011111000111010
111111010000010
011101010000111
111111101101011
110010100101010
110010110000101
011000110111011
100110110001101
001111100111001
001110010111110
100100011011111
011110001100101
001010010100101
001111001001110
011001011110010
100001100010111
010011101100010
111001001100001
001011101001110
001110111111000
101011100010110
001111100100110
101100110100011
111100011011001
011100000110001
110110100010010
010101011000100
011111010110100
011000100111100
010100100110001
100010111111001
001010011011101
100111000100001
011010111011010
011010110001110
110111011010011
011011011010000
011001100110101
111011001100111
001000100111100
011011100100000
010011111111101
110001001011001
001111011010100
100101011011001
111110111101000
010001111111001
001000100111100
111000110110000
100101110000001
101110001010011
110101110001111
001100000111101
001001111111101
000111000111101
111110010000101
001111000110111
110100010001011
010011100100110
110111110101011
111001010010101
000111010110000
010110111100100
101000101110010
011011010111000
010101100110111
101111111101001
011110001010000
001100110001111
011110110110100
111001001000011
111011101101011
011001101011010
100001001011010
100110101000101
010100010101110
010110101010101
110011001111011
010100011110001
110111100100010
111011011111111
100110100100111
100101100010110
000110001111010
101101001001101
111100011001001
111111101101100
110001010010101
001111111001000
000001010101110
100010011101100
111010100010111
110110011000001
011100100110111
011100000111100
110001111111100
111111110101111
101011011101011
011101000100011
101001011100110
011100111001011
010101100011010
011010101101000
011010011100100
001111000001011
100100011110001
111000110011100
011010101011100
011001001100110
010110011110011
101000110000101
110100101001100
110011000001011
011111100111011
010100001001110
111011010001000
001000110011001
101110110000101
110011001110111
100110001010111
011000001111011
110110100110111
000110001101011
010101010100100
001010010111101
111001001000110
110010100110001
111110111010010
010010101000011
001111011111010
000110000011011
101110001010001
001110010001100
001101101101111
001001101111010
011001100100101
011001001100110
100000011011001
110100100111010
011100000010110
100001110011101
100110010100011
110100001111000
011100110110110
010000110010101
110110001101101
110111100100011
001010011111110
010101000011010
001001111011100
101001111110010
010001011111010
111101000001100
100001000111111
110110001101001
100110011011000
101001101010101
000011000111010
001101001010100
111111111101111
110111101101111
000011000101011
100001010011111
110111101111100
001001110010100
110101101010110
100101100011100
100100111010111
011010110100100
010110111011000
010011101110001
100010011010011
010100111000110
011101101100101
000101111000011
011110011000001
100101010111111
010010011000101
111110100110100
011100100101101
110101011011000
100011111010101
111011110011101
111011000001001
110111100010000
011010010000110
010110110000010
110101011000000
011001001011011
111001001010110
110000001011101
000101101111101
001110001011101
111111011100111
011000110011110
110011111111010
010010011011111
011101111001011
110110111110010
111001100110011
011000101011001
101110101100000
110101111010101
101111011111101
011001110001101
100110100101101
111100001101110
100110001011001
000100000111111
111001011101100
000101110001001
000111110101111
110010010011110
101011111001010
101101101000110
101111100110000
110110111111101
011101100000101
100001010100011
100101110011001
000111001111110
100111011000010
101100001100101
101110000111110
010001110111010
111110100111001
011111101100101
010101100111110
001101110111010
100011100001110
011001100111100
011010001100011
001011011101111
010100111011001
001000011111100
001101111001101
111011010111110
001000110110011
101111011111010
101000101100011
110010101011110
110111101011101
110110011001010
101011111101111
011000110001110
110011100001011
101101011101010
110001000101010
000100111101010
010101111101110
101111010000111
100111011001110
101000101111010
101000111111000
010111001011000
110111011001000
010010111011100
110111011110101
100101000011011
011000011001001
101010100001101
010111010011001
100011110111100
010011000010011
000111110001011
010101011001111
001101111101101
001010010111111
111111110010001
010111100010101
111011101001001
100111011000100
011011110100101
111011110000011
110010011010110
011010001101110
100001101100010
001011010101101
100010011111001
100111011101011
011010110000111
011010111011100
011100100110110
110111101110100
001100011101111
111011100111000
011010000010011
100101100000111
010101101111100
001100011000111
011110000001111
001100110010010
010010100011010
001100001110010
011001011011000
001110101110000
010001011100011
Time = 2.933s
