n = 16, k = 5, l = 3, m = 753
Expect Resample Times = 0.377218
Result:
1111110111001100
1000100001011001
1111011100101111
0111000111100110
0001001111011010
1010010100101000
0011101001001001
0110000101011011
1110101001000011
1111010101000111
0111001001011010
0110101111010111
0001101110100001
1101111101010110
0011111011110000
0100001110001110
1011100011011001
0100100101111001
1101000110101110
1001001100001101
0100110001010010
1100101011110001
0000001111110010
1001100110001001
0101011110101000
1001001000010110
1010001100110010
1110010100001101
1110111101011011
0010110000000110
0111100110010100
1010010100101111
0011010011000001
0010111110110001
1100000011100000
0100111000100100
0010001100000000
0100101010110100
1000111111111100
0010111111110010
0100001111011101
0110111111100101
1000000010100001
1001101101001111
0010101111100000
0101011010010010
1110111000100011
1100011001000111
0010110111011000
1000111000010011
0111100110010000
0011001100000111
1111011001010000
1111110111101001
1011101110011101
1010001010010100
0001110110001111
1001000010111011
0110000000111101
0010000011111011
1110010110100000
0100101000001010
1100100011011100
1100110101011101
1100110111101000
1110100101100011
0010100100101111
0001111000001011
0110111010111111
1000111000101010
0010010111100000
0111001011101100
0001010000000001
1110101111010010
1100101001110111
1001010011101000
1000010111100110
0110011111011111
0110110110000001
1011111011000010
1110100111001100
1011110001110111
0110100010000100
1001100101010111
1110000110100011
0010010000011110
1010111110110101
0011101010111010
1000101000110110
1101001001010101
0100010101011000
0100011110101101
0111100001101110
0010101101001000
0101111010111011
0110100110111011
1110111111001110
0000100111110111
1000000101110100
0101001101011100
0110000001001100
1100111100000000
1001010110010010
0110011000000101
0000110011111010
1111011111010111
0111111100100100
1001101101011111
1010101101001010
1010000111001111
0101110101101011
1111100101110010
0111001101111101
0100001100100001
1000101010010101
0101101011100010
0010100010111000
0001100111100011
1000100111000101
0100101000110001
1001100110011011
0100101111110011
1000011111000100
1000111100010101
0100000110110010
0101111010101110
1001101010111011
0010110000101111
1110100011001000
0010110011010111
1010011110101101
1110111110010011
1100100100010000
1000010111111010
1011100011001100
1010010101000011
1001111000011001
0111010010111111
1011011100011100
0111110110001000
1100011011011100
1110100111010011
1110100010010010
1011110101000111
1101100100010101
0101100001001100
1110111101001101
1111000110110111
1110001001110111
0111000111000111
0111110100011101
0000101101111100
1101010100111110
1001000011110111
1101000011110000
1010100001101000
0111000001011100
0101100011011101
1011011001011001
0011010111101010
1110101011011000
0110000010001011
0000100011011111
0010110110100010
1101001110111100
0001110010110110
1110111000000100
1100101101001001
0110010101111111
0001001010010010
1000101001110011
1111101100010101
1111101011110011
0001100001001110
0100100000101011
0000111001110110
0011010000001011
1110110010000000
1101100001011001
0011011000001101
1000110101100000
1101010010000010
1110111001000101
0110111110001001
0011101001001011
0110001011000101
0100010111100001
0011010011111011
0010111100100100
1000011000010011
1001101011101110
0110101100010000
1010100001000100
0001001001100110
0010110011011101
0010100001001111
0111101000101110
1111010100100011
0101000011010110
1010111101101111
1110110111011111
1111010011010101
0101001110100111
0111111010010100
0111000100110110
0001010000000100
0111100011110100
0010111000111001
0010010101010111
0010100010110000
0110011000000101
1110101010000010
0101110011100100
1100011000000000
0100110010111010
0001101101000011
0000000000110101
0000011001101110
0001100010001001
0110110011101101
0110110111000010
1010100000100000
1010101000011001
0011101011110010
0111011110111001
1011010101101001
0011111000001001
1010001111101010
1111110001100110
0011111110110111
1110011111110000
1011101111100110
0001001100011011
1000100111010010
0111110001000011
1010001101110111
0011011000101011
0011111010110010
0100010001010010
1000000111000101
0011010111010111
1100001010110100
0110100011000111
1111000100011010
0110110100010000
1011010000000110
0010001110000000
0111001001100011
1110111011110100
0011100011111111
0101010011101011
0100110101111110
1001010010111010
1001001111001111
0100001011001110
1010101001010110
1110100111000101
0001101001111101
0011011001001111
1010100101010001
0110000100000010
1010010101100101
0111111010010001
0001000100101100
1001000110111001
1010100100010100
0011100101110011
1000111100101111
1111000011111010
1101100110011001
1110110101001010
0010010011010101
0001111111111010
0100000101010010
1101100111001011
0100011100011001
0110100100010001
1101000000001110
1100001010100011
0110000111000110
0000001001011011
1111011000011100
0101001111111010
1011000000000001
1000110101101001
0100110100110010
0001011010011101
1100100000100010
0001010100111001
0011101000110000
0001100101101101
1101110010101100
1111100001100000
1000001011010010
1000010010010111
1111101011100111
1000010110011010
1111001001010101
1101011100111100
1000001101011101
0111111010000001
1011010001000011
0111101100001111
1000110010011111
1110101110101101
0011010000100001
1011111101010010
0010101100000011
1000001101111001
0000001100111001
1000000101010011
0111100100110010
0100100000010010
0000100010101011
1110110100000110
0001100110101101
1101001011111101
1010001001111101
1010001000100111
1111111010011110
1111110101110100
1000011001100110
1100000010101111
1101101111011101
1010110101010111
1100100011011110
1101010001111100
0001110011110110
0011001011110011
1101011011100001
1010001011101010
0110000011100011
1100101001101101
0011010000100000
0111001110110100
0101001001011110
0000011000101010
1101000001000010
1101011010100001
0111100011100100
1110010000010111
0110000001000111
0000101011111010
0100100001011110
0000000100111100
1001111100000111
0101010000000000
1001101101101010
1101110110010010
0011001011110101
1101100111100000
0001100001001111
0000110101100000
0000010111000011
1000100001001100
1101100010010100
1110011010100011
0000011101000001
1111101011110110
0100001111001100
1010011010000100
0100001011110000
0100000100100110
0111001010001100
1100101111011010
0000101110001100
0001010111000000
0100000011000100
1001011100000101
1001100101111011
0010011000111010
1110100010010011
0101001010011110
1001111001100010
1101101110001101
1011100010101110
0010011000011110
0101001111101011
0111000111000111
0100111011101000
0000011011010010
0001110111100011
0011101110000011
1000101010011100
0111101010010011
0111100111101011
0110110100101001
0100100111111001
1001000000001111
0101001000100001
1000010000001011
0011010100101111
0011011000110110
0101000011100111
0001010100001111
1011000000110011
0001100011110101
1011001101010000
0101100110101010
1111100011010101
0111110000000000
0000010100110011
0100101101001011
1111110111111110
1100011010101000
1001001000110111
1100101111111111
0101011101101011
0111100100111000
1010010100100111
0011011111010000
0001001100111001
0001111001011011
1110010000110000
0000000100101110
0011111001000101
1001000111111110
0100010111100010
1001110101111000
0100011001000100
0101011001001100
1011001010110100
1110010111001000
1001101100000000
1001000000011011
1001111000011001
1110010010110011
1101000010101110
0100001101100110
0101110011001011
0100011011011010
1100011100011110
1111100001111111
1010111111110011
1111011001101110
1000011000111001
0100111100010010
1111100010110110
0011100101010011
0101000011010000
0111111111010101
0001110001001000
0001011001110110
0110010001000101
1111001001101101
1111111010010101
1100011111010111
1010001101110110
1000101001101010
0000000000001110
0011100001001100
0000000100011010
0010100100001101
1110101110100111
0100101011000100
0000001001101101
0101101010111101
0110000110010111
0010111111101001
0001110100010100
1110101100000100
0000001001000110
1100100010111110
1000011110100010
1101110101101110
0011111101011000
1001100101001011
1010101100101011
0001001110111010
1100011110100101
1010001010000000
0000101010110011
1101110110000101
0110000010001010
1011101010011011
0011010111001001
1110101010111010
0011100110100000
0111110001001001
1100101100011111
1110110111110111
0110110001111111
0011000011100000
1100011011001101
0010110001101001
0000110101011000
0010010010010111
1111111010100000
1111111110000111
1011011111110101
0001001011101000
1001100010101100
0110011110010110
1001100000101111
1010100110001111
0111100110100011
0001000110010000
1110001101100110
0010100111110100
0110110100100001
1110010101001111
1100100100000111
0100011001111110
0011000010100110
0101000011100010
0100001100110000
0110000100010111
0101101010001101
0111001111100011
0101000000101010
1110100111001100
0000100011110100
0001100001101011
1101110101000100
0101010001001111
1101101011110011
0001110100110010
0111011011101011
1010110001101000
1110100000101100
1100010010011000
1110011001011110
1101000010000001
1010011110011010
0101001011110111
0111100111010110
1001010100100110
0011001011110000
1111101001011101
0100001000110100
0111001111101000
1010111011101000
0100000111001111
1111111101111010
0010110100001011
1001011010001101
0001110111111111
0010111011100001
1000000111101100
0110101011010001
0010010101001011
1111101100100000
0001000010110011
0011111111110111
0101010001001101
1100000101111010
1111110000010111
1000111010110011
1100110111101111
0100000100101110
1000101101111011
0100000101001111
1111001001100101
0110010100001000
1010101111000001
1111010011111110
0100110101001110
0010100011010001
1101111110100110
1110011100001001
0110101001000000
0110000111000011
1010110110110011
1110010111100101
0000010011111110
1100001011100011
1110010000001000
1110010001101101
0100101010100011
1010110101101011
0000111010111001
1001100010111111
0011001101000101
0111101110111011
0001111110101101
0000101000111011
1110111110111110
1010001101010111
0001011110111100
0001001100000101
0001010001011011
1001010111010000
0111111100100100
1111101101011100
0010000111000010
0011110011000100
0011100011011110
0011001001010011
0101001100100000
1011000111100001
1010010111110110
0111010100000001
1011101100111100
0010110110011011
1100010110010010
1100011010110001
0111100000110001
0111000010011110
0010011110011100
1101001100001010
1010111010111110
0100111001101000
1110111001010101
0011101011110101
1000100100011101
0000000011111011
1001011011110101
0000110110100010
1100011101111100
1100111010101100
0111000001101101
0011011111000000
1100101101101001
0100010001011010
1101100110011011
0010111100111000
0101111001011010
0010111000100010
1111000010010100
1011101110010010
1011010000001101
0101011101001110
1110011001111000
1000100000101000
1100001101100101
1011001111111000
1100010010000010
1010010100111010
0011011111110111
0101011101010111
0001001010111100
1101010110100001
1111101110010011
1101010111110001
1100011111100101
1010001001000000
0011000010000100
1111011000110000
1010101001000110
1100011110100111
0100000010011111
0001010110001110
1100011011110101
0011110010001011
1000101011110111
0101011010001100
0000101111100110
1111001001101100
1110000101000110
0100011101100010
1111110011110001
1001100111001110
1001101101111111
1010000101011000
0001001001001101
0100011100110000
0110001100101110
1101000010100000
1111100010101010
1100010111110100
0001100100101011
1001010011001111
1011111100110101
0100011110001110
1001001011000001
1010001010110101
0100111110101101
0000111000000111
0101101100010111
0011001000000001
1100101100100110
1101000111011100
0000010011100000
0011000110000100
0101100011101001
0000001010110010
0011010101111000
0111001000100111
1101010111000011
1000010110011011
1000101111000000
1010011100111110
0110010110010111
0010000001110110
0010010101101011
0100101111101011
1001011001010101
0101010111001001
0100001010001000
0011011110011001
0001111010001010
1110111110100001
1101001011001111
0001110100001110
0111101010100011
0111101110000110
1101101101101101
0101011100000110
1100100001011000
1100100100111110
1011010010101100
0110100010111000
0101000110111100
0011010000100011
1011000101011110
0001000111000110
0011010100000100
0010100000001001
0111001011100100
0001101110101101
0001000110001001
0101101001110111
0000000000000111
1111001101110101
1000111110011011
1011100101001111
1011010110110000
1111101100000000
0101100000110110
0000010001000001
0111001001010101
0010001010110011
0101001100111010
0111101000110100
1100101001011011
1100011110000110
1101010111011011
1011110111010100
0101000011001000
1111000110101001
0100101011000000
0011110000011111
1000100010010010
1001100100010111
1010111001101000
0101101001110011
1000100010001110
0000010001110001
0111111111110100
1010111110010010
0111001000111011
0000110110110001
0000000111100101
1110010010001000
0111111010111000
0010100001010010
1100000101001011
0111001111110010
1110100100101101
0100001110010110
0111110100101010
1011111000100000
0101101111100001
Time = 0.542s
