n = 15, k = 2, l = 8, m = 75
Expect Resample Times = 0.659286
Result:
111010111110011
100100111110100
111010011010100
101110001010011
001111011111001
011010111010011
011111011010111
101100011101111
111100101010011
011000101101101
101101111010001
101101011001100
101011011011110
011011111110000
011010011110001
111111100010100
111011000110101
110111110110010
101110001110110
000111011011001
101110000110011
000111010101111
111011011010110
110101001110001
000110111110001
101010110010101
111100011011010
111101011010001
110100111111111
110011111110010
100111101101111
001011010011110
110010110010111
000001111111110
101110111101111
011100101001111
111111110100100
101110001111010
011110101010110
101101011100010
010111001110101
011111101000011
110111101001100
011110011010111
011110001110110
101011110100011
011111010000110
111010001111001
010010110111010
010110110110100
111110101101000
100011110110111
111100000010111
110010010011111
110000100111110
000011101110101
111010110001100
001011111011010
111110101001010
010101111101111
111111010010011
111010111111000
000111101111001
011011110000111
111111001101101
110110111110110
111011100001101
110111100111001
101111001010001
111010111100111
011100010101101
001110011001011
111101010111000
000110110110111
101011001011100
Time = 0.008s
