n = 13, k = 4, l = 7, m = 1072
Expect Resample Times = 0.383648
Result:
0111010110100
1100010111010
1110011110101
0101100011011
1101010111011
1010101111101
0110011101001
1001110100011
0111110000011
1001010111100
0100111000111
1111101000001
0011011011011
0111110001111
1011001011010
1100111000111
0011110010011
1011101100110
0010011011101
0101111101000
0101010100111
1111010011100
1110110110111
1111100001111
0110111011101
0111100010110
0110011011001
1011111110011
0011110110011
0101110011111
0011010101111
1001100101111
0111011100001
1101101000101
1001110100110
1011111010010
1000110111110
1111001010111
1101100011110
1001011101101
1000111010110
0111101110110
0111101001110
0111000110110
1110110011100
0110110001111
1011001110101
1011100111000
1101011011111
1100011110111
1110101011010
0010101101011
0000011111101
1010111110001
1111011100110
1110100110011
1100010011111
1001010111001
0001110100111
1011110010011
0001101110110
0101101110110
1101000110011
1001011110101
1110111110111
1111100111111
0010111111011
1110010101111
0110110111000
1111001001011
0111000111111
1001101011010
0111100110111
1010110110001
1110111011101
0101011010110
0100100111011
0110101001111
1000101111101
0111111101100
1001001111110
0010111111101
0000110111111
1100111101100
1110101011111
0011110011100
1001010010111
1001100111011
1000100111111
0010110101110
1001011011100
1011110010011
0111100011001
0011110101010
1111101101001
1111100101011
1111010000111
0011110011101
1000111010110
1001111101000
1110001110111
1011110110010
0111110101110
1111011001100
0011111100011
1001010101110
1001110011111
1110111000011
1110011001011
0111001110011
1011001101010
1100100101011
1000111011011
1100111111101
1010111011011
1110101010010
1001001111001
1100011110011
1111011011111
0100111011101
1100101010011
1111101101100
0110001110011
1110110110111
1011110111011
1111101111111
1100111001001
1101110100101
1010001101111
0100011101101
0101011110110
0111101001100
0110001010111
1111111011001
0101111110001
1111111100001
1011001110100
0011110110111
0110111111011
0111111101111
1101111001000
0001111010101
1100011111110
0011110011110
0001110011110
1110010101100
0110010111011
1011000111110
1110101001110
0111111000011
0110110100101
0010111010101
1001001111011
0110101010011
1011001101111
1001011010111
0101010101011
1010111010101
0111011001101
1100001111111
1101110011110
1011010011100
1110001111100
0100001011111
1011010101010
0011110101110
1000101101011
1110110010100
1011101101110
1000011111101
1001111011100
1101101011001
0101011010101
1011010110110
0101111110000
1010111100001
1110010100101
1011110111110
0010110111010
0100011011111
0111111101100
0001110111110
0001110110111
1100111111110
1010101111101
0000111010111
1011010011010
0100010111011
1110111011101
0110011111101
1001111101100
1111001111000
0111011110001
0001000111111
1011101000110
1011110111100
1100101011111
1110011101001
0110010111101
0011101101010
1001101011010
1111100100011
0100111110101
1010001101111
0100011110011
1101000101110
1110010111101
1101111111001
0100111101100
1101001111001
0111011010110
1110110101001
1010011000111
0010110111011
1111100000111
1111011110111
1011101111100
0110101100011
1000100111111
1011101110101
1111110100010
1110001101100
1010011110001
0001111010011
1011011101000
0101111111110
1011101000101
1010110101101
0101110011001
0101110011110
1011010111101
1001110110010
1011111110001
1010011111010
0110010110110
1111100011101
0111001001011
0100101011011
0101111011110
0110111101010
1010111110111
1001011010110
1111110110001
0111010110110
1011100010110
0011111010011
1011011010011
0110111101010
1011100111001
1111101010001
1001111110111
1011111001000
1101110100111
0101010110011
1101001111110
1001110111111
1100111010110
1010100011011
1100001111001
0100101011101
0111111011100
1011001100011
0100110011111
1011100001101
1111011001010
1101010110010
1011111011111
1110001111001
1000011011011
1111111001011
0011101111010
0101101111000
1111111010011
0100011011101
0000111111011
0101010111101
0110110001110
0011111011111
0001101111110
0101110011001
0011101111111
0001110111011
0011010101111
1001101001011
1011110010101
0001111011011
1100100110011
1011100011101
1111010111010
1100110111111
0001111000111
1011111011001
1100111001010
0111110101111
1111100100001
1110011011000
1001101011111
1110011001111
0101111011101
0111100011010
1100110100110
0010110110011
0011000101111
1101110001110
0100101110110
0011101111100
1101000101111
0111111001111
1000101011101
1001010011011
1011001001111
0110110011111
1001001111010
1000011010111
0111100111011
0001111100110
1110101101011
1111110110001
1111000001110
0001111101111
1101100010111
0111000101111
0101011001111
1101100010011
0111010111111
0110010111100
1010010010111
0111101000011
0111110100100
1011111000101
0111001110111
0111111111100
0111100101011
0010111110010
1111100100100
1101010001101
1010110110100
1110000111101
1111011101001
1111011111101
0110001111001
0110011111010
1011011110111
1100110101101
0001011101111
1100110111101
1111100011010
1100100111001
1101100101110
0011100001111
1000100101111
0000111110011
1111010011110
1110110111000
1010011010011
0100011110011
0100111101110
1111100111001
0001101001111
0100010111101
1110100111011
1001011110010
1011000011011
0010001111011
1010011011101
1101100111111
1011001001011
0111100100011
1111101111000
0011101101011
1101101000110
0100011110101
1111000011101
1011010111011
1100010111111
1010011110110
0000101111110
0111111110101
1001010111100
0101110111000
1001101111110
1110001011001
1111110001000
1111000011001
0110010001111
0110110011001
0101010111110
0111100100011
0111100100111
0111010010011
1010010010111
1111101001001
1100111100100
1001011010111
1111001000101
1011001111010
0001011111111
1011010001111
1101111101111
0011111110011
0111011101011
1100111010010
0111110100110
1100101101101
0011011001101
0101001111111
1010111101011
1010101111100
1101110100011
0001110111111
0110111110101
1111010001111
0011111111000
1001011110110
1010110101001
0110010111101
1010011010101
1100000110111
0101011101001
1111111001011
1101100110011
0011110011001
1001110010111
1110100011101
0010011101111
1111001101110
0001010111110
0011101011001
0110100111011
0010111111111
0111001111011
1111110000111
1011011010010
0111010010111
1101011011110
1010010111111
0111011000011
0001111011001
1111011110111
0111111011011
0111101101010
1110110101010
0011101110100
0110011011001
1011111101011
1001111110011
1000110011101
1011110110110
1110100101010
1110011101110
0111111100011
1110001011001
1001110111101
0101111100100
0110101110100
0110111100101
0100100111111
1110111001000
1100000110111
1000111101011
1001110110010
1100101011010
0000111110110
0100111001111
0100111110010
1011011111001
0111110011101
1010011011100
1010111101000
0111001110001
1111101110011
0100001111101
1110001010011
1111100110101
1111010010100
0011011011011
0011010101110
0001110111010
1100101001110
1001011101111
0011110111000
1101110001100
0011001111100
1110010010110
1111000011011
1101101011100
0110010110110
0111101010011
1110111101111
1010001001111
0101010011101
0110111001100
1011110110100
1000001111011
0010111100101
0111011001011
0101001111001
0101101011011
1011010001111
1111001101101
1111111101101
0100100111011
0111001111110
1110101011100
1101110101010
0111111111011
0111001101101
0100101111101
1111101010000
1000111011110
1010011101111
1010010011111
1101011001110
0010101111110
1010001111011
0100100111011
1010110001101
0101110001111
0011111011001
1001110110111
1010101011011
1000101101111
1101100001101
1101110001101
1110001001110
0111101111110
1100110011010
0101101101110
0110111111001
0111010101101
1011010011101
1011101000110
1110100101100
1001011010110
1011010100011
1010100111011
1101010111110
1110110111010
1000101111111
0101011010011
0111001100011
1001010110101
1000110011101
0101011110100
0001111111111
0111011000111
0110010111100
0001000111111
0111010001111
0010111011001
1100110101100
1111101100110
1010101101100
0011110000111
1111110111100
1110101111001
1000101111100
0111001111101
0011111110110
1100111011011
1001011010101
1011110010100
1111111100000
0101001110101
0111111000110
1110000101111
1110000111001
1001110101110
1001110101110
1001110011111
0100110110110
0101010110110
0110111001101
1111100011001
1100011011110
0101100111111
0111011001110
0111011100110
0010111010111
0100100111101
0010011110110
1011110011111
0110011001111
0010011110011
1011001101001
1101011111010
1101110011000
0010101110011
0100011001111
1110010001111
1111100001100
1010101000111
0111000111101
1010101100011
1011000011111
1001111100101
0010111110100
0111110011101
1111011101001
0111110011010
1010110110100
1111100011010
1001101111001
1101011001010
1000101011110
1101000010111
1000100011111
1101101011100
1111011100010
1100100001111
1101101000110
1001101001101
1010101000111
1001000101111
1010111101000
1011001011101
1111110010000
1010111011010
1100111111101
0101111101011
1111101011010
1010110001111
1110101010010
0100011101111
1010101110100
1011100111000
1111101001101
0011011010011
1011110101001
0011101110001
0010110011110
1000111010111
1111010100100
1011101111010
0101011111100
0001011110110
0101001101111
0011011011010
1001110010101
0110111010010
1110011001101
1100100111011
1101010111010
0111100100101
1100010101011
1011100111110
1101111100100
0010011010111
0010111110100
1001001110110
0000111011111
1110011001101
0011100111001
1111010111001
1111010001111
1010110100111
1110010101010
0110001111001
1100001111100
1111001110000
1101101111100
1011001100011
0101111011101
0110011110101
0110110101001
1101011010101
1001110001101
1011110101011
1110000001111
0111100001110
0011111010110
0101111000101
1000011101110
0110101111001
1111000010101
0100111001011
0101111101001
1010011001111
1100110110100
1110010011111
0101110111111
1001011111011
1111110001110
0100011111001
0110110011010
1001100010111
1011010001110
1010101011101
1111101010010
1010110110111
1100110110111
0001010111110
1100110001110
0101001011111
0100001111011
1011111101010
1010001011111
1111010101000
1111110101010
0111010101001
0101010110011
1101111010100
1100101101101
1101111100011
1111011001101
1111101101001
1001101101010
1100101101010
1110011010110
0111010101111
0111011110101
1101110000111
1100001101110
0110100101011
1010101111100
1001110110010
1111111110100
1100110101100
1100011011011
1111111101111
1101111001010
1010011110110
0101111110110
1000011101101
1100110011100
0111101000111
0101111110000
1001101101001
1010001011011
0011100110101
1100011110010
0011011100011
0011101010011
0000011101111
1100110110100
1010101010110
1110110000101
1111111000010
0110100100111
0001011011110
1001111010100
1011000011110
0101101101011
1111100000011
0110101000111
1011000111010
1001001101011
0110111101111
1001101011110
1111101010110
1111111000101
1001011110110
0111101101110
1111110110011
0011011111100
0100011011011
1100101010110
1111101001010
1100010110110
0100111111011
1011001011001
1001110011010
0100110001111
0101101110111
1110101110001
1101011101001
0101011011111
0001100111111
1011110100101
1100001011101
0110101110101
0110011110001
0110001101110
1110100110011
1011111000101
1111000011001
1111001101000
1111100001011
1101110101010
0100111100101
0001111100011
0101110100111
1100111110101
1000111010011
0111001011001
1011110111100
0011111000110
1000111011100
0101011011001
0101001110101
1110100111011
0011110100101
1111110111010
1001111001011
0111100011010
0111110110100
1001110010101
0100100111110
0111010010011
0011111011100
1100100011111
0100110111001
1110101010100
0110101111000
0111010111011
0011011110111
1101110101001
1010111101011
1010111110011
1010111001111
1000101010111
1010100110111
1000110100111
0101111011111
1100101110010
0001101101011
1010010111111
0101010101110
1110110001010
0010111111010
0110110110010
0101011100101
0011011011001
1111110011110
0111110101010
1101010101111
1011000110111
1010111011000
1011000110101
0110010110011
0101101111110
0010111111011
1000011111111
1100001001111
0110100111100
0111000010111
1101110101001
1011011111100
0111111111100
0110111010010
1001111001111
1111011011100
0110001111100
0011110101010
1011101011100
0111100101100
1110100010101
1111001011100
0101111010101
1110001010101
1010011111010
1001111110111
0011001111010
1011010110110
1011001110011
1001001111100
0100111101111
1110101110000
1100011101011
1111111100110
1011001011111
0111111001100
0001000111111
0011011001011
1111000011111
1110010100011
0101101111101
1000110111111
1110000011101
0111101010001
0011110100011
1011011111101
1111001111011
1011001111100
1110100011001
1011110011100
1101001111001
1111010110001
0011101111010
0011101111001
0101001110011
1101000110101
0101011011001
1101100110010
0110000011111
1001100111100
1111110001101
1110101001011
0001111001101
0111001111011
1001001101111
1010011100111
1000001011111
0011001101101
0110100011110
0011101110010
1110110010100
1110001111101
1001011110010
0110101011111
0110010100111
0111001011010
0111110101010
1100110101001
1011110110101
1100010111110
1100100111110
0011011111101
0011001111110
1010111111000
1111110110110
1111011000111
0111101110111
0111101101110
0110000011111
0110111101010
0011011100111
1111101100000
0100010111011
1011111100111
1010011010101
1110111110001
1011010001111
1110001111111
0011000101111
1000011101101
1011001110111
1011011110010
1101001010110
0111010111001
1110111010111
1010111111100
1110001010011
1101001111001
1100111001110
1110111000001
0100011011110
0011101100011
1111001110100
1011001011011
1110110110010
0101001110101
1111111011011
1011111100000
1000111101011
1111100001111
0011111110101
0101111111000
1110100100110
0000110111011
1010101111011
0110011101110
1100110000111
1001011110001
1011110101101
0111100111101
0011110101100
0010110001111
1101110011010
0101010011111
1111110001010
1001111101101
0101111101000
0101001010111
1100001110111
0011001111011
1101001011001
1100010101101
0001011001111
1011100101001
1010011110100
0111001110111
1010010110011
1100100111001
1100110010011
0010011011101
1100111011010
1111000110001
1010011111110
1000111111011
1010111101100
0101011011110
0011101011001
1111011010010
1010011011011
0110110111001
0011111011010
1100101111001
1000110011011
0111011100011
0110010111010
1111101001111
1011110001111
1101011110111
0101100011011
1100110110100
1111000011111
1100101000111
1101111011110
0110011110101
1100101010111
0111111011110
0110110011101
0101111111111
1110100001101
1110010010011
1110011011001
1100011100101
0111011000101
1100011011011
0010011011110
1111011010101
1011000011101
1101100011011
0100001101111
1110110100011
1010011100011
1100001011111
0111100110111
1001111110010
1011110101110
0010111101110
1100100100111
1101001001011
0101101101100
1111010110010
1110111001010
0111111010011
1110001111001
0111010100110
1001110110111
1001101011101
1011010111101
0110011101100
1100110011010
1110011101110
1010101101111
0111101001011
0101101010111
1110010111110
1111111010110
1111100110101
0111111101010
1111110111001
1110000111010
0001110101101
1110111110110
1110101011011
1011110101000
1011111110100
1111110110100
1110010100110
1111001010001
0101111001110
0010110100111
0100011110011
1111010001100
0110100011011
1010011010011
1101001100011
0110100111111
0011011100011
1011010010111
1110111100111
1000111001101
0111111000011
1011101111010
1010011101101
1101101001100
1001110100111
0101111010101
1111000101111
Time = 0.137s
