n = 16, k = 1, l = 15, m = 84
Expect Resample Times = 1.48339
Result:
1011111111111111
1111111111011111
1011111111111111
1111111110111111
1111111111111011
1111111111101111
1011111111111111
1101111111111111
1111011111111111
1111101111111111
1111111111110111
1110111111111111
1111111111111011
1111111111110111
1111111111101111
1111101111111111
1111111111110111
0111111111111111
1111110111111111
1111110111111111
1111101111111111
1111011111111111
1111101111111111
1111111110111111
1111111111011111
1111111111111011
1111011111111111
0111111111111111
1111111101111111
0111111111111111
1111111111111110
1111011111111111
1111111111011111
1111111111111101
1111111111111111
1111111111110111
1111111101111111
1111111111111110
1111111111011111
0111111111111111
1111111110111111
1111111110111111
1111011111111111
1111110111111111
1111111110111111
1111111111011111
1101111111111111
1011111111111111
1111111101111111
1111111111111111
0111111111111111
1111111011111111
1111111111111011
1111111111011111
1011111111111111
1111111111111110
1111111011111111
1111101111111111
1111110111111111
1111111111111011
1111011111111111
1101111111111111
1111110111111111
1111111111111011
0111111111111111
1111111111111110
1011111111111111
1111111111110111
1111111111111101
1111111101111111
1111111011111111
1111111111111110
1111111110111111
1111110111111111
1111011111111111
1111111011111111
1110111111111111
1111111110111111
1111111111110111
1111111111011111
1111101111111111
1110111111111111
1111111111111110
1110111111111111
Time = 0.002s
