n = 12, k = 4, l = 3, m = 306
Expect Resample Times = 0.369215
Result:
010111101011
100010011111
011111010001
011101011100
101110111101
100011011110
000100011101
110000110001
100101101001
111001110000
001001111100
101110101100
010010101100
010000000101
111010001100
000011110100
111000101010
100011111101
111100000011
011000000111
100111000101
010101000101
100011110001
101100000110
110111001010
010000101001
110110010101
110110100000
111001111000
110110000010
000110000001
110101011000
011110011110
101110100110
101110001111
010010101110
010010111000
111001011000
111100001000
011010011011
100001000100
110111111010
001010000011
001011100100
011111011010
001001001111
010110011000
010100100001
110111101001
100010100011
110100110111
001101111000
011011111010
001111110000
101100110110
100101101001
111110000100
001111001111
100111010010
010011101001
011010001010
111110010000
011001001010
001111100100
000100110101
001000000111
110111000011
100100011000
010011000010
110111101010
101000111100
111110011000
101101111110
001011001001
110111111001
001110001000
100111001011
111101110000
010010110101
001001110000
111110100000
011111001101
000001011010
011100101001
101100110111
101000101011
111010111100
111110010111
111101101001
000110101100
111101001101
111100100011
010100001001
000101010000
001100001111
111110101111
000010011011
110110010111
010110111000
011000111011
101011101010
010100110001
011001100001
111001000100
100000001110
100111110010
111001011010
010000010100
110101001010
101111101000
010110110111
000010001110
000101000111
011011100110
010110101011
101111101101
101011000010
000101101001
011100001000
100010000010
101100100001
011000001011
000101000001
110011100100
100000010111
000001000101
101001011001
100010001011
010011001110
101101001100
001000110001
000111001000
011110100110
100001011010
100101001010
100100101011
110110001011
111000111111
000111000110
111010011000
001000011000
111010101110
011100100000
110011011000
000110000111
111111101100
011101010010
001100111110
100010110010
110001101110
001100000010
001000101001
000111010111
111100011010
010010011110
100000000111
110100101100
011011101000
110110110010
100101101110
001000011111
011100011011
000110100110
000111011000
011011100010
010100100011
101110100111
011000100101
010100001011
011010101100
100010111100
111101101101
010100100000
100001100001
100110010001
010101001110
111111101100
001100111100
100010011111
111110001011
010111000111
001111011110
110000110101
111111000011
000000001111
010100111101
100110001001
100010001010
100101001100
011101000110
111000100101
010111000000
100011010100
011100000000
101010001011
010001110010
011101110100
001100111101
001010001000
101111000100
110101110111
011110011111
110100100101
001101011111
000110110111
100000011100
110111101000
100101101100
000001101100
110100101000
001010000100
111111010110
001011110100
001100100100
110110100101
001010001110
101101000110
111100011000
011111001110
101100000011
101101100101
101110011001
100001101111
101010101010
101000010101
111101111010
010111011111
111001111000
000001111000
010111000111
000101111110
001100000101
011100011011
101001001101
101010101000
111001110000
101011010000
100110110010
110010000110
101010001011
100001111101
011111100010
011011001110
100010001110
100111011111
111000101011
001011111001
010101101100
010011110100
110010000100
101001001011
101001000000
110011111100
001101100000
000111011111
111111101001
000010110111
101010010101
110010001010
001000111010
111001000100
101111010001
001001011101
110011101111
000001010101
011000000011
110001100011
110101111110
110100100100
111001101111
110101100001
110111100100
110101000110
111000010001
110111101100
001110100110
000010000110
111110011000
101001111000
101101000100
011001001001
010101011000
010110000101
011111010001
110011000111
010111100000
011001101101
100011101010
110101100100
101011100000
100110110011
011111010000
010101111011
010100111111
110100110011
000011010000
111010110110
110010010100
111010111111
110110001001
001110101010
111100110111
101001111000
010101011101
100101010110
001111001101
Time = 0.016s
