n = 15, k = 3, l = 7, m = 204
Expect Resample Times = 0.467223
Result:
101101001100011
110101011101000
001111000010011
101110111011010
111001101000001
110001011110010
001100100011111
111100011001100
100110111001101
110100010010101
110111111010100
110111010111011
101110011110101
101110011011011
111101100101100
011101010101110
101110011010111
101000110110111
000111100101101
100000110101101
111110000110101
010110111101011
111001100111101
110100010010111
111110111011010
011100001010111
111101100110100
111000011111110
101111010010010
011111110110011
111100101110111
110000100101101
110110101110011
100110011111111
110111001000010
011011011110000
000011001110011
010101101011110
100011100000111
101101100001100
010100111110010
010100011010011
001100011011100
111110000010111
010001101110001
101101111100010
110110001101100
001001111111000
001100111011010
010100011100011
010111100010111
111010111100010
000101011110001
010011111010010
101011110011000
101110001111111
110110001111100
110111101001010
101011101111010
010010111111101
111000110100100
001111001001001
001011100110010
001101110111011
011001100111001
100101110100001
011111101001111
011111000101110
001011110100011
001000111101110
101011110110000
000110111111111
100010011001011
000010011110111
110110111010011
001010110110011
110100010111111
101001111001001
001101101100111
101111011100010
001001110101010
001010111110001
001011001110011
001011000011101
101011010111111
001110010011101
101101101110010
010111000100110
111101101010000
001011001110101
111011100010100
111111100111111
110110101011010
101010101000101
100000011110111
101000001111101
010011111010111
001100111101001
001010111101001
000101100111001
011101010001010
011101111011011
111111111101000
000011100100111
011110011110010
100101110010111
101110101010100
101100101011101
011011101000101
101001000001111
000101110000111
100010010011011
111111110100001
010101111111110
011101111000000
100111011111011
011000011101100
110101011110001
111111101011000
100100110110110
111111100100111
101111011011000
111111100011110
111001001110110
110100010010101
101111000100101
000110111100101
110111011000010
101100011010001
100101101110011
011111010110010
010011010001111
110001001000111
010000110011101
011010101111010
101010001011100
111001011011001
010011110011100
110110110001010
001111001011110
100111001110000
000011011100111
100110011011111
010010110101101
110100111010011
111101001101001
011111100100000
101011000011001
000110100101011
001001101110011
011011010001010
010111000100110
000110101101100
010111110111111
000111111010110
111111011000000
100101000110110
100101100001110
010011011101101
000111110011001
001001111111111
101000110100011
010010010111101
001111000111000
111001100011100
101111101011000
101100111001110
000000111011110
101011100100110
100101111111110
001111010011101
010111010000101
011001010101010
100101011011001
001101011001010
111011001110010
101011011100010
100011010001111
000011011100011
011110111010001
111001000101111
010011010001101
101000100110110
001011101010001
010110000111110
100100101111110
101000101111110
000011011011010
110011101010111
110111101010101
000101110111100
001011110100100
011001001111010
111110000011010
110110011110111
011111110010010
111011100000100
011110101100010
110110110100011
011011000011110
010101011101101
001110001111000
101110101100010
111000010101010
Time = 0.028s
