n = 16, k = 4, l = 2, m = 343
Expect Resample Times = 0.4083
Result:
1100110011111000
1001111011110010
0001110101101011
0101100010001010
1011001001001111
1011000001011111
1111001010101111
0001100101010010
1001001010100010
1111100011000111
1110010000111011
1110011001000111
0111111111100101
1011110001110101
0011000111111001
1001001010111100
1001010011101101
1000011100001101
0011000100001001
0010011101111001
1101100100100111
0011000101110010
0001100001111100
0110001110101001
1011100010010101
1100011010111010
1011100100000010
0010011100111001
1100000011111111
1010101000001011
0110001110011101
0110110000101111
0100111100111101
0010110011010110
0000111101111100
1101001111101101
0111111101100101
1010101000000101
0010101010110010
0000001101001100
1001110000110000
0011111110000001
1010000111010001
1101011001101101
0101000111011011
1011101100111111
1111001101110001
1110011010001100
1101111110011000
0110110011010110
0001101001100100
1000111100100111
1101111111001101
0000100111110001
1101111110110001
1010100011000001
0011110001101100
0101101001101011
0100001100110000
1010100000110110
1111011011011000
1100110010100010
0101011011010101
1110111011011111
1010100101101101
1111101100001110
1001101000000000
0110001100100101
0111100010110010
1001100111010111
1000001100000001
1100001010011010
1100010101110100
1011011001111110
0100001100011001
1101011011001100
0101011001010010
0110010000001001
1100010100111100
1011100011110100
1110110010110011
0100010011110010
1011101011100110
1110001100111111
1101101010101111
0111100101001010
1100111000010101
0000010101010011
1101101011000011
1110110100101101
0101011111111000
1011100111011011
0100101101010001
0001010000000101
1101110000100101
0110010111010110
0101011110000111
1101100100111011
1111000101001010
0100000001001010
0111011110101011
1001011000110011
1001101110101001
0110110101110100
0110010011001000
1000110011010100
0000110001010111
1110001110001010
1000110011110100
1010001000000011
1010110010110100
1010100101111110
0111000001101000
0010000100000100
0001100101010100
0110111010111100
1111010001100011
1101111000100000
0001011011111110
1111100001101000
0111110011110111
0010011101111100
0011101000101010
0100110011100010
1010011111000001
0111001011110100
1010011101011011
1000100001001010
0100101000000001
1011011010100001
1110111111001010
1110010100110111
0011100110110011
1101110101010101
0111110000001110
0111101010001000
0111101110111010
0100111110001010
1000111000110001
1000000001101011
1011000111011101
0010100001100001
1000001100110000
0101100101110110
1010111011110100
0100101011001110
1011001000100101
0100111111111001
1001001110011100
1000101101110101
1010101100110101
1010000010110100
1100010101010100
0101001101011110
0001010111101100
0110010001001111
0010001100001110
0011110000111000
0110111101011100
1011001111010010
1110001101101011
1000001111011101
1101000100000011
1111100000111110
1111100110110011
1011111100011111
1101101001111000
0111000010100101
0000111000111010
0111100110000110
0100001011010000
0110101011111010
1111010111010101
0000100110101011
1110111001010111
0111000010111011
0001101101011010
0001011000010100
1111001101001001
0111001001000111
1101100010011011
0011010100110000
0101010110110101
1001100101010000
0101000000111000
1101100100110010
0001001001010000
0100100000110111
0010101011000001
0110111001000110
1001000110000001
0000101110000111
0000010110000000
1101111111001011
1111100110000110
0000110010011101
1001110001000010
0010011000000001
0111101001011101
0100110110110011
1111111110111110
0011111101110001
0010001010110111
0000001110110011
1100100000110110
1111101110101111
0101011100101110
1010110001100010
0001000101110111
1001011100101010
0000111011100101
1100011011101100
0001000010011011
1011010111101011
1010010111101010
1000011010000101
1011001111101111
0010100000001101
1101010001011110
0110100001100011
1100101101000110
1001010001100110
1001011010100010
1110101000111100
1010001101001101
1100111001101010
0010001000011000
1101010111101101
0001101010001000
1101101011110100
1010001010101010
0011111101110011
1111001111100101
0100110101010111
1101001111000100
1100001111010111
1010101101001000
1111100101111011
1010100110111111
1010110001110100
0101010101010111
1101100100001111
1101110110001011
0001101110110010
0010010000110011
1100010111001010
0110011110101001
0000101011000011
1101001001101011
0111110010011111
1110100011100111
1110100000011111
0010001110101010
0110100001111101
0010000000011000
1100010010101111
0101011001001011
0111110000011100
0010101110110000
1010001111111111
1001000000110000
0111100001101011
1100101000111110
0011010111000100
0100110111100001
1100111010110011
0100111001101010
0010100110110101
1000101100000001
0010001010110100
0001001111100000
0011011100100100
0000000010110000
1011111101011100
1011111110101011
1111001010001110
0110000101011100
1111011101001001
0110111010110101
0100001000001111
0011110010010101
1110001101001000
0101001100010111
1111100011011100
0011010111010110
1100110000100110
1010011100110100
0001100111011110
1010111111001110
0110101011001011
1011100010011011
1001000101010010
1100000100110001
0011110111110100
1110000001101011
0010101011100111
0101001110000110
0111011111010001
1100110111101100
0101001000011010
1010011001100101
0000100100111101
1111000100110010
0110010110100100
1010011001011010
0110101011011110
1110001010000110
0111001101111001
1010110000110111
0111010110011000
1100011000100001
1101101000010000
0111001101001011
1011111000001010
1110010101100110
1001110100011011
1010001011110000
0001100011111011
1110001010001111
1100001011001111
1011110111101111
0001100001111001
0010110011000001
1010101100000001
1100010001011001
1010110111100100
0100101100110000
0110001111001000
1110010000110100
1110010100111110
1010011110100110
1001000100010011
1110010101010110
1010110101110111
1000100100010111
0010101000010000
1010101110100010
0100100010001001
1111010001111100
1000110101010100
1001000010001010
1110000000111110
1101011100110010
Time = 0.105s
