n = 11, k = 3, l = 7, m = 564
Expect Resample Times = 0.406381
Result:
11100111100
11011010011
11010110011
01011101101
11111111001
11111101111
11110101111
10101100111
10011111101
10011010111
01111001101
10101111111
11111010011
00101111101
11111001101
10111100101
10110011110
11010011011
10111110100
10111111111
11111001010
11111011011
10110011101
11101111011
11111011011
11011011101
11111010110
11110100101
11010001111
11011101110
11110001011
01100111101
00011011111
00101111101
11101110100
01111010111
01001111111
11111101100
01100011111
11101100101
01110111011
11110111111
10101111011
10001110111
00111111110
11101110111
11111110100
01011111010
01110100111
11111111010
11110101111
11111111000
10111101110
10011101110
11011011111
11110111111
01011110111
01110110110
11110101011
11111011011
01110101111
11110000111
01011011111
11111001110
01011111101
11111110001
10011011110
11100111111
10111111110
01110011011
11011010011
10101011101
01011111010
01111010111
11101010011
11010111111
10111001110
11111100001
10110011110
01001111110
10111000111
10010011111
01110111111
11111110101
10110111100
11111110010
11110101101
10100011111
10001111101
11011111011
01110101110
01111110100
11111010010
01011111011
01011110101
10111001101
01100111011
10010111101
11001110101
01110011101
11011010011
10011011101
01101111110
01111111111
11001110101
10001111110
11011011101
11111101010
11111101010
11100101110
10111111001
10011111100
01101001111
11111101111
11011101101
10110001111
11110011110
10101101011
10010111110
11111101010
01011111010
11110110101
01111101100
11101101001
11110011010
00111111111
01110011111
11110111111
11011011100
10111010011
01111110010
00101110111
11111010001
01110101101
11101101111
00011011111
10110111100
11010011110
01110101111
10110110111
10111111001
10101011111
10010111110
10011111101
01101111101
10011111011
01111100101
01110111001
00111111110
11110111010
11001111100
01101010111
10111111101
10111111010
11101101001
01111110010
00100111111
00111101101
10111100101
10111011001
10110100111
11111101110
11110011011
00111111011
10101110110
11011100111
11111101010
10111101101
11111101001
01111001110
10110111101
10110111101
01101111100
11111001011
10101110111
11110100011
01111001011
10110100111
11010101110
01101011101
01111000111
11011110011
11110001011
11011110101
11011011001
10110101011
10110101011
01101110011
11000111011
11011011010
10110111100
00111011011
01111011010
11001011011
11011111111
10110101110
11111101101
11011010101
00111101111
00111001111
10011101011
11001101011
11101111010
11011101101
11011110011
11001111100
11101100011
11001111110
11111010011
11101100011
01111101010
10100111011
10101111110
11111110011
01111111000
11011101100
01011011111
11110101110
00111101111
10110111101
10110111010
11101101010
00111111001
11111010111
01101111101
11010111110
10010111110
11110111100
10001111110
10111101010
11100011011
01101111110
11111010010
11101011001
00010111111
01111011011
11100011111
11111101000
11111010001
10111110110
01101101101
10111111000
11011001111
01011101110
10100101111
10010111111
10110001111
11101110100
11110111001
11101001101
11111010111
10100111101
11001110111
01011110101
11111001011
01011101111
01011011111
11011011011
00111011101
00101111110
11111000110
11111011100
10111100101
11111000111
01011100111
11110111001
10110111011
10101110110
11100111111
11010111100
11111000101
01110101110
10111101001
11101111010
11100111011
10001111111
01110011101
01111110100
11101101101
11101100101
10111011011
11111000110
11111100010
11111011000
01111011010
10101110110
01110011110
01101101111
01010111011
11110101101
00110011111
11101101100
10101111111
11111101101
11101010011
11101100111
10001111111
10101011101
00111111101
11110111100
11100010111
01011101111
10101111010
11011101110
10111010111
00101111111
11101110001
10011101011
01001110111
10111111011
01101011111
01111110110
11101011111
10010111011
01110111011
00110111110
10110011110
11110101100
10111100011
11001101101
01111110001
10110101110
01001011111
01110010111
11011010111
11111110100
11011011011
01101011110
01010110111
11101010101
10110101110
11100111010
01100111110
11110110001
11011010110
01111110010
11011111010
01011111001
11010001111
11001110111
01111001011
10100111110
11101010110
11010110110
10111011110
01111001111
11001110011
11011101011
00111100111
11000110111
10111010111
11001111101
10010101111
11010011110
01101111010
01110111111
10010111011
10111011100
10011110011
01111101101
11001101110
00111101101
11011100111
10101110110
11100111110
11100111011
11011011100
00111011101
11110110011
11010101011
11001111100
11111110001
01111000111
11110010011
11011110111
10111111000
11011101010
10011011101
10011101110
11101110110
10011011111
11110011110
01001101111
10100110111
01111101010
01111111101
10111011001
01000111111
11100010111
11011110110
11110101011
10011111011
11111100110
01110110101
11101010110
00111101011
10001111011
01111101010
11110011010
11111101010
01111100110
11111001010
11111011010
10110111110
11100101101
10111010101
01011100111
00100111111
11101110011
11011111000
11010110101
11110011011
11101101111
10001110111
10001011111
11001111010
11101110101
11111111001
10011011111
00110011111
01111001111
10111010111
11011111001
01110111100
11011110011
11110110110
11100111100
00111011110
00111101111
01011001111
11011110101
11011111101
10111101101
00101111011
10111111000
10111000111
10111001011
11101100110
10111101111
11110011001
01110100111
11011101111
10011111110
10100111101
11111001011
11010101011
01110011110
10001101111
11110101011
11111001101
11110011001
11110110110
11101101011
01110111001
10110101110
10111101110
11111111100
10101011101
01011110110
11011110100
11101010110
10110101110
11011100101
10011110110
10011110110
11101101001
01101101101
10101111010
00111001111
11001111100
11111001100
10111001101
00011111111
11011100101
10111111111
11111100010
10111101010
11011011111
10110101011
10101011011
10110111111
11110100111
10101111111
01110111111
10011101111
10101101101
11111101110
11111110111
11110101001
11111010111
10001111101
11100011111
11111011100
11101010011
00111111100
01110110101
10111110100
01110011111
01101111010
00111001111
11001101110
11111110010
11010111001
01011111011
01011011111
11011011100
11110010111
11110111111
10110011101
10111001101
10101111110
10111001111
11110011011
01011101101
10111101101
10111101001
01101111101
01101100111
11111101101
11100101011
10101011011
11101100111
01101111101
01110111100
11100111011
00111111101
11100111010
00111011101
11110111011
10111011111
11101110011
11101010101
11001001111
01111111100
10111011100
11101101111
00111111010
11001111111
01110101110
10010110111
11001101101
11111110111
11101101111
11101011011
11111100110
11001010111
11110111110
11001100111
11101001110
11111101110
10101101101
01110111110
01110111110
10111100110
01110111011
01101011011
10111010111
11000111101
11100101011
01011101111
11101101011
01101101101
11101101001
11010111001
Time = 0.011s
