n = 14, k = 4, l = 3, m = 324
Expect Resample Times = 0.391478
Result:
01001000101110
10111010110011
10011001101101
00110111000100
11001000011011
10100011001010
11100011111111
01100111110100
01110100101000
10100011101001
01111001010111
11001100010001
01010001000010
11010011100000
11111111100011
11011100101011
10010001111111
10101000001001
01011100001011
10001111011100
01100000001101
10111001110011
11011011010001
01101101111110
00110111001001
11110111100101
10110101001111
11001010110001
01110000100011
10101110011100
00100001010110
11001011001011
11111100100001
10010001101110
10111010010010
01100101110000
01011001101110
01111110011011
11101101011101
01110010101001
11010111111100
01100001000011
11100001101100
11111000100010
01110010110001
11110000010011
00001111110101
00011011111101
11100010101110
01011111110011
00111010000001
10010010111101
11110111000001
10001010100010
00001111100100
01001111011111
10010100001010
10000000101010
10100100000110
01010010010110
01100000000001
10001100101110
01100111110101
01010010000000
10001101000001
01001110111010
01011111010101
00110111010000
00011000101010
11101110100100
11001100110011
11011101011100
11011111001110
01101100110011
01011100011010
11110011100100
10111110110101
10001101001000
00100110101111
00010101110011
11000010101110
01100101110010
10100000111100
01001000000111
11110101111100
10011110011111
10011100011010
10001000011100
00001001101010
01110111101011
00101011011001
01001010001001
01010011000010
11010100110000
10100010110110
10101010100011
00010101000100
10001011000010
01100001111000
01111100110100
00001011110101
00111101100001
00110101011111
01011101110110
00101010010001
00000101110101
00011001101111
10100001101000
10010001010111
10010000110010
10000101001110
00000001010010
10010101011011
01000111000101
00010010111000
00110111100101
10011000110001
11011000000101
10110101001111
00110110010001
11100001011010
11100001000111
10101100000011
00110000111110
10000110110011
01100010111100
11110101001001
10011001101010
11000000100110
10001110100011
11011100010000
01010011011101
00011110101001
01010001101011
00101011100100
00100101010000
00101000001001
10100100110010
01110101101001
11111111001000
01111001011000
01011001110110
10000010100011
00100111111111
01010110110110
00011010011000
10010010010101
00101000101110
01110100110000
10111000010100
00010111000011
11111111001001
10100101011000
10010001001011
11010001111110
10101001001110
00011101111000
01010100110010
10010100100001
11100100110111
00111101011101
10100101100110
00101101100101
10111010000111
01111000001001
00111000100000
11100110111011
00001100010101
10111100110110
00011100100011
00000111010000
01100100011111
11000011110100
11001101010101
01010010100010
11111100111110
11100101001010
00110001110101
01101010000100
01110100001101
01000111010010
01100000101100
00111001011010
00001110101110
00001011110011
00010001101101
01010010000100
11000000110100
00100110011100
11101111111010
10001110001010
01100011010011
11110110000010
11100001110010
00010010111111
01010100000100
10111001100011
01000011100100
10000001111100
11011011011111
01011010110011
10000010110111
00010110100101
01000111110110
11001101001010
11001110110010
11001000010101
11110111111011
00011101001000
11011111111111
11101110111011
01111010111110
11110010001100
00101101100001
01100111000011
10011110100011
11110000011100
00111001100111
11101001100111
01011111100010
01111010100001
11011110110111
00101100101111
01011110011100
10111011100001
01001011011100
01100011101000
01011010100111
01001111001011
11111111000010
10000000111111
11100000100101
00010010001101
01100010011010
01110110111110
00010111100100
00010100101001
01011100111000
01010100010001
01010100001111
01011011010000
10011111011111
00010001100101
00000010011011
00101000000110
10010101101011
10101001010101
00111010100010
01011000001110
01001010011101
01100000100110
01101100100100
11111011110001
11011100100100
11000010110100
11100110000001
01100011000100
01010000101111
10010011111011
10111010000111
11001111100100
00100111011101
11110011110100
00001101111110
11101111000010
10010111000111
01000010010110
01111000101100
01011001000010
10001000111010
10111100111001
00110101001111
00101101011101
11000011100000
00000011001010
01100100111100
11101100001001
11011100110011
00000111000010
00001011011100
01000100111101
00101001011101
01001111000010
01010101111101
11001011010000
11000111000010
11100010001001
01001001011001
11001111111000
11001101001011
10101011000010
10001001001100
01011100101110
00110110001011
11111111100110
11001110101100
11101110110011
10001101101111
00110001101011
00100010001000
01101000101100
11010011000111
01000000111101
01000101111100
10110101000110
01001010100110
10001101101101
11111111000011
01001011000110
01000011101100
00111010001111
11010100000000
01100011000010
00101000101000
01110010001000
10101000101011
11010110110001
11101110111000
01010001001111
10110011001101
01011101110110
10000100110000
11010110010000
01101010011011
Time = 0.049s
