n = 12, k = 5, l = 5, m = 1439
Expect Resample Times = 0.368223
Result:
010001100110
011100111110
101000110110
100011010110
111101001111
001110010110
000001110101
001111101000
111001000010
010001011011
011010010011
111010010011
111001100000
100000011011
000110100011
101011100101
110100001111
101011100001
001011011101
111001101101
111110110111
010011011101
101000110100
000111110111
101100000110
010111011010
001111001110
101100101010
110011001100
110110010101
111111101111
110010001001
111100011001
110000100110
100100101010
011000110111
001100101111
010011110010
011001010001
011001111110
010011110111
011101011111
110010111001
111001000110
110010101111
111000001101
001011110111
100110010100
111110011000
110011101110
101100001111
100110111010
110001110110
111001101110
000111011000
111010100101
110001000101
101001110010
011111110100
011110110010
101101110111
110100010010
110111010101
101000110011
010010100101
010001110010
111011000111
110100010010
011000011100
111011001111
001100110011
011111101100
011000111111
011111011001
111011001110
010101110110
111010100001
011011111111
100100110110
110110111111
000101000111
011001110110
110110110001
011100100100
001100111111
011100110101
011010011111
100111000010
100101001101
101000111110
100101101001
011100111001
100100010111
011100010101
010000011011
000101011110
111110100100
110010001110
101001001010
010100101010
110011011111
100111001010
001100110101
010111011101
101001110001
110100011010
011001010100
101000100011
000110111010
001110100001
110000111100
111100100111
111101000110
011001111101
111011011001
000010001111
111101110100
000001001111
110000011101
000001011111
111100101100
110101011100
110111001001
011011001001
010000111100
101110111000
011110011000
110011010111
111011111011
111101011100
010111111111
111101001100
010010100110
100111001010
011100011100
100100011100
001010010011
000101110100
101010001010
110100011110
101000000111
101110001111
100111001111
110110110100
001011010010
011011110101
111101011111
111110101011
001111001000
111011101110
110001011001
101001011111
111001001111
001110101111
110110011000
111011000100
111010001001
001111101101
101010011110
000111001011
011111010111
000010110111
011110011101
101011101010
000110111111
111101110100
010101011101
110011110010
100100101011
101111011110
101111000110
000011111010
110010110011
100011100110
100001001111
001101001001
101011110011
001110111100
100001011111
011011100011
110001001101
110110001110
010101110011
111101100101
111000110111
010010011011
011001000110
110011011101
111101011001
110101011101
110010101010
101101101111
111000001101
011011010100
111110011001
101011101111
110010010011
010110101111
001110111011
101000101100
100101011010
101111011110
110011011100
011001100001
100101000101
000111000110
011110110100
010100011101
100110000111
010010011001
101111000110
000011010101
100111100010
011011100010
011110011000
110111100101
110010101100
011100010111
010110100010
001010011100
010111101011
101110011101
011001101111
000111111010
110101010110
110100101000
101111000111
101000101100
110001010110
111111111110
000010011110
100101110110
111101000010
010110111110
100011101110
010001100011
110110111011
101011101110
111011110011
001101011010
010011110111
110010111100
011111010111
101001110111
111101100101
011100010100
011011100111
000000011111
000111011100
010110001010
011100111011
101011011000
010100111110
110100010001
011010010011
111110001100
000111110001
110000110101
010010101011
110101101011
010011001010
000110100101
011110100101
101101000010
000101100111
011111001001
110100101011
101100000110
100110011011
100010011010
100001100101
101000010101
111000111101
000001101110
111011101110
011001000111
110110000110
000011011010
000001111001
001010111111
110101110110
010101000110
111101001011
111010101011
111110111001
010011000011
000101110110
010010101100
111101001011
100001111101
011000100110
010110111000
110011010010
110110101010
111100111100
111100111100
010011010010
011001111101
111010001111
101110011001
001000110101
011100010010
010011101001
010101111010
111111110100
011001101010
001110101000
101010111010
101110100111
010000111010
010011101111
011000010011
001001001111
011111010101
011110100001
101111110111
100101011011
100110100010
010011010001
010111100011
001100001011
010010100111
100000011011
100000010111
111001010111
110001100011
110011010010
000101001011
010101101100
101011101110
011000000111
011000010101
111011010000
101101100011
100101001010
000011101011
010100100111
010101110101
001101000011
111111001001
101011100001
111010001000
011001011011
000111100100
100000110101
110110000011
000001010111
010010001011
011011010010
011011111010
010101101101
100100110110
110000011100
011111100101
011111000111
000001111011
101111101000
010111111011
000011111101
111101010110
111100001001
100001011101
010110011011
101010001101
011011010011
011110100101
110100110110
111111011110
000001011101
010111111101
101010100010
101110101001
011010110011
110100100110
101111010010
011110011110
101111010111
010110111100
011111100011
111011010010
101110111100
011010000110
011101011111
011101111011
110001110100
111010010101
011010001111
110101100111
010011011101
001001110010
010011110000
000110110111
001011010110
011010110011
111100000111
110100101100
101001101100
011101111111
000011110010
110011101111
011110110111
101001101111
111101110110
001010101010
110011001000
011001110110
001111101100
110101001110
010000011111
111011010110
011111100000
010111110000
110101100011
110011110001
011100010101
111100000111
111111010110
101111111000
101001010111
111100111011
011100100101
111000101101
000111110011
011001101111
100010101100
011111111111
110100111010
101010001011
110100011000
011001011000
001000011110
110100010101
111100011000
101011110111
101000101101
010111011101
110111011001
000111110000
111100011100
101001110000
001100101101
001111000110
111110010000
101100100010
011101011110
001111101110
001001111101
101011111101
011101010101
101101011001
010111011011
100101001110
011110100000
001100010101
110110110100
111101100100
111111001000
101111100111
100000101110
000101001011
100111101100
100000101110
100111110100
001101100111
101111101101
111001101000
010100111001
011111011110
100110100001
111111111110
111001010101
111001001110
001110011100
010001101100
100100011111
110011101111
001100101010
110111001011
001111110110
111101110110
111110100001
101110010011
111111101111
110011110011
011000101101
001111101101
101001001010
000000111011
010110100001
110001000011
001111111000
111111100100
111001110011
100011110010
011110001001
110101001010
100010100110
110001011111
001011100001
100110000111
010101010100
011011001100
010111101100
101101100010
101010001110
001111101100
001001010111
101000101110
001101110111
111010011001
110011001001
110011000001
000101011011
101110011000
000101110111
011100001010
011011011010
111111010111
011101111011
000111111101
011011000001
100101011110
011010011111
110100111110
000001101110
101101010010
100110001010
010101101010
001111010100
001101100011
110010101011
111001100101
001101011010
100011011111
110011011000
000111100101
011111011110
101011011100
110101001001
111011110001
110110010010
110101001011
101001100100
010111001001
111011110000
000111101101
001101101011
000100101111
001000101111
101011101000
101100011001
010011001101
011011100110
110000101001
000010111111
110110000001
110001000011
010001101100
101101011111
011110100100
100011001010
100000111100
001010110001
101000010111
101001100101
100001011110
110010000110
110010110000
011010011100
101111111000
010101001101
111100101110
101111001110
010111110111
110000101110
110110110001
101111010100
110001111000
101010001111
100011001110
000111010100
110101110010
110110110001
101110000110
100010011101
001100100110
101010011010
110000110101
101100111111
111001001110
000001010111
010110010111
101101011100
010100000111
100101111101
111110011110
111001111110
000101111111
001111111010
111100010111
111101001000
111100011000
101111001101
011001011010
001111100101
011011010101
100100011100
001111111001
001110000011
010011010100
111111010010
111101011111
110110000111
001111101000
101101111001
100001101101
010111001100
100110001110
011111111000
001101000110
111100001101
101110110100
001001001011
101010100111
010001110100
110110010000
001110001100
000011010101
001111110000
101011010110
100110111000
110011000111
111010110101
101101001001
001110011010
111010010101
001111000010
011010001100
010011100001
111110000100
111010100110
101100100010
101011110001
100000110101
110010010001
011111011011
000010111100
101100100011
011011101111
101011101000
000110101100
101111011001
100100111000
111111100100
000001111100
111100100101
111100001111
100110011100
101111110001
001000111100
111111011001
010101111011
110110111000
011100010100
100101010100
011100100111
001000111111
000011110100
111111000111
011110100111
111001000011
001100010011
010100011001
110101000001
010011011111
001111001011
111110000010
010101011010
100111011110
100000011111
111101010110
101001000110
111001011101
001000111010
011111110111
101010110000
110000110111
111101101000
011011110101
110111000100
011101000001
010101101000
101010101000
000111010001
001100100110
101100111010
101100110111
010011000011
010111000100
101011101111
110100001110
101111000110
101001100011
000110100101
000011011001
110110001100
100100110011
011011011010
001111000010
101100011100
110110110111
111001111110
001011011101
011100111100
100111001011
111000111101
111111010010
101010101011
111111000011
100011011110
001111110110
110110011100
101110110010
101101110011
101011011101
000111111110
101101011010
100101110110
001010110001
101011000101
101010110111
111110001101
011000110110
011001110110
110011110101
101011100000
110100011010
011100010010
101000110010
111000110000
101100001101
011001010001
011100100111
100100111111
101100011110
110010011110
011110001001
010001110010
111000001100
010101001010
011111001111
110110011010
000111100011
111110110011
001011111010
001010111000
110101011100
001110000111
100101110010
110101010111
101110100101
100111111000
001011111000
101111000000
010000110110
111101101000
010100001110
001101101011
111111100100
100101010110
010100110100
011010011001
100011111100
101011110100
101010011111
001001101110
100001101011
011111011001
101101011010
000011111001
001101010111
000100110111
011100000011
011010111110
001001111000
010100110111
111010010110
110111110100
100101111010
100011001011
111011110001
011010101011
010000011111
111011010100
111011010100
101101011011
010110011100
111001101000
001110000101
100111101110
111010110111
110100011100
101110010110
101111010110
000110100111
110001100110
010100011001
100010000111
010110001001
110100101011
010110100100
001101110010
011110100010
011011011101
011101100001
101010011010
100111001000
110011100100
111111000000
011100001011
110100110001
001100110010
111101100000
011100101110
011000111100
011111110100
010110111100
011111110001
010110100100
111011001000
010111000001
101101000101
100100111000
001111000100
101001010011
111111011000
000011100011
010100110011
100101100010
010001100011
110011110001
111001111001
010010111110
101000010101
101010010110
101100111000
111001000110
111111010001
010000110011
101101111011
100100110100
010111111100
110101010001
011111001001
000001111010
010110110001
010101011001
110101000001
100001100011
110101001011
111110111000
000011011100
011110100000
011000101110
100111000101
011101100110
010011101100
111010001011
011111111010
100000011101
111011100001
010000101011
000100111010
110101111010
111100010011
001001010011
010100111011
011110111101
011000011110
100010001110
011111010101
010011000111
011100011011
011011011010
111000001110
010001011100
101001101100
110101010100
111010000001
110010110100
011001101110
000011101001
101110011011
111011111111
100111111101
001001011001
100000101110
100000111100
011101011000
101000010101
110101011100
111001101111
100010110001
110110110100
000000111110
100101111101
101001100010
000101111101
001100010111
110100010010
110111101000
100011110100
010111000010
101000110100
101011010110
110011100011
111010011000
011001001010
001001100101
010110110100
001011100101
101111100000
010011011001
100011000011
011011110001
110011100111
101000110001
100100100111
010101110110
001100111100
001001111111
110101001100
100000110111
011011010001
111100110110
001001100101
111110111000
001110101110
100110001110
101111001000
001110111011
000011001110
011101001110
100111111010
101101001111
110101111000
111011100011
111111101110
111010101001
001101101001
001001001111
011000001101
001001111010
101111100101
100111110110
001110101001
110101001010
110111101111
111001111100
011010001111
100011100101
100110011000
100010001011
011011100101
111001000100
011000101011
011011101111
111100100001
011110011001
001011011111
010101000011
000100101110
110100000110
011010000110
100001011100
110011001111
110011010110
101100111111
101101111100
101101110011
100111000110
001100110011
110011101001
011111110001
011000101100
110000100101
111111110101
100101111101
111110011110
001010100011
110111001011
101011010001
100000011011
111010100101
111100011010
110100001100
111101001110
001011000011
110010100111
010011101011
001110100101
110011000011
111001000110
001100110101
011001101111
111111010010
011100011010
010000011011
100111101100
001111011010
100111001011
110101000100
101011001010
010000001111
011111011111
101111010010
111110111110
110010100010
110110101000
111111000000
101110010101
011000101011
100100010111
111010100011
010101100001
100110111001
100110111010
010010110100
111001110111
101101100100
101100101011
110010001111
001011001110
011111010101
111011100001
100101100010
001010000111
010111110010
110111101110
001101111100
101011001100
111111011010
000101010110
010100001110
111101111100
010100101111
110001000011
101011111101
000110011101
001101001011
110100010111
010111011110
011011111111
100101011010
010110100111
111000110000
101101100001
110010101010
010101010011
011111100111
101011110111
111101110101
101010100101
001010011101
011001101111
111010001000
100110100001
011000011001
111111101010
001100101001
111101100010
011010110000
001000010111
101100101000
011011110110
000110010011
001000011111
000001011111
101010001110
110010101110
010011110011
010111100100
100010111100
110110111111
111100100000
001001011100
000111101001
111110101010
110000111011
011011101100
101100100011
101011000100
111111000001
111000110111
110000011101
110110101000
101000011100
001110010001
100010101001
000100100111
010100011110
011101010100
111100000011
110011011001
100100101111
111000100111
110010001001
000111111111
011110110100
000110010110
001111011011
111100011110
010101101001
100001111100
010110010001
010011100101
101110110011
111011010100
110010000011
001001111011
100111000011
010101111111
110100110111
000111111101
010101011011
100011011011
011110010100
101110000101
001001110011
101011010011
000111111010
001001010110
000111011000
101000011101
100111011101
001100110101
100001110001
100001111001
111010011011
001011111111
111100010111
100011100011
011011101100
111001111001
100001101100
111011001111
110100000110
011111111001
001100100011
111111100001
011001100111
100100101010
010100111010
110001101010
101000010011
101011110011
010110001010
101110100110
011010110011
100011110100
011100111000
101001111011
111110100111
010110001110
111111111111
101100100110
111000011011
100100001101
100101111000
100011000011
011011101110
010000011110
001001110010
011011111000
111110001100
010110011001
010101111011
010001011011
011001110000
110100100110
111010011111
010100011011
111100101100
000111111101
011010111101
100101101010
100110110111
110100000111
111110110001
111100111010
100110001110
010101110110
110100110010
010000111111
100101101000
100010100110
101010011001
011110100000
011010110110
101010101001
001010111000
011011111000
111011101110
101010101010
101100101111
110001111000
111001101100
100011100100
100001011100
011100101010
110000111000
110010101010
001111111100
101010011100
100110010101
001110011001
001110111101
100111111100
100001110110
001001101010
011111100101
001101011100
010100011010
100101010011
101101010101
111010000110
010101011110
001101011110
001110010011
101110001010
110111111110
010001101010
110001101111
011010110000
000001111101
101101000100
101001100100
011001001111
110101110000
100111011010
111011111101
101011111011
110111011010
111010101011
100110101010
110101001111
110100101001
110100000101
010111010100
110011010111
011101101110
111011100001
010001101001
010110100001
111011101101
101011000011
101100011100
010011100011
111010001010
011111100111
000110001111
110101111101
110001001110
010111110101
011001101111
101111111101
011010001100
100111111100
101011100110
001111011111
000110111001
101101001101
010011010110
011000101101
011100100110
100111000001
101101111111
110001010011
111101001001
111001010110
001111101011
100001110011
001010111010
100011110000
110110010010
111111000110
110110111000
100111011100
001100111000
111111011110
001011101111
000110110011
101001110010
101011011011
100011001001
101111000100
110010101110
001010011001
101010100100
110101001111
100110001001
111001111111
011111011100
111011100110
000110001111
100111111111
101010111010
101011101110
000110110101
111111100100
111111000011
111001000100
100011110011
011010111000
100110111011
000111110011
110110000111
110001111010
010100011100
100000110110
011001011001
111111000010
100001011101
101111100000
011110011000
001001110111
100011001010
011011001100
011100111110
001100011101
101101010111
101010110001
111110111011
010011100101
110011111000
101111001100
110111111101
100001011101
111011011110
111111001011
110001011101
010101001110
001101001001
010100001110
110100100100
111001001111
011011011011
111101010000
100001011100
111010010001
000100001111
010000111011
001011000111
110010001110
000010110011
001011001100
110011011011
111011101011
111110111000
111101000011
001111100100
001111111000
010110010101
110011010011
110110011010
110101111100
010110110100
100010110100
110010101111
101110111000
000011101011
110101111110
101001000101
111110100110
010011100100
010001011001
111111001011
111001111100
000010111110
101100110010
110011110111
011111001101
010011111110
101001001010
111011111011
001011110101
111011110000
100111101011
101111000110
010011001001
110011111110
010100100101
000111001010
000111100010
110001001100
101111000111
010111111011
101000101001
001010011101
110000001111
010010011111
000101111110
001110101101
010001101101
000100111100
111010011011
001001010101
111110101011
011000100110
100100111000
011001100011
011111001110
001101111010
001111011100
011011101111
001011010100
010010111010
011111101101
011010110011
110111001110
001111010111
011000100101
110101000100
100111110001
011101010111
011100000111
011101010000
010100111011
101110111110
011010100010
111100100000
111110000000
111011010001
111011011111
001111011101
001010101100
111100111000
110001111001
110001111001
Time = 0.091s
