n = 17, k = 5, l = 2, m = 774
Expect Resample Times = 0.379221
Result:
00101101101010110
11111001101100100
01000000111110011
00101100111101101
00100110011011001
01100100111100100
11001100100111100
10000111010001010
10101011111110100
01111001000101111
10110000000100110
11010100001100001
11010000001011100
00001000101101011
10001001000110111
00011011110101001
11010000100110001
01001111111111010
10100001100000110
01101010100111101
10001010110000000
10011011000101110
01101110011011100
01100101001110111
01000100011010110
11001111001010101
11111110011111001
11001100000000001
11101010110101010
11100100111000110
11100110011000011
10011000111101001
00111101000001000
10100010001000000
00110011011110110
00010000011111010
01101011000011000
01001110101001011
11001001111110100
10001110101010010
10001100110010010
11110110101100100
11100101101110111
10010001010100101
10111100010001000
01011110101000010
01110101011100101
01010010100000010
10101111001001011
01110110001110011
01000000010010001
00000100011101110
11000100101111011
10110000001100111
10001011001110101
00110001010011000
11011000100000101
10110110001100100
10010011101111011
11101001001100110
00010011111100010
00100101010011011
10110000100000111
10110001000001011
11100011000010111
00110101011110111
11000001010101000
11111101110101100
01001110000000011
00110111101101110
00001110110011011
10000100010010100
01010111100001001
01111000011000101
01101010010011101
10101010100010101
00010100110000101
10110100110110100
11000001010101111
01010110101111111
11100010000010001
11011110110110110
11101111000111101
00100000101101010
11110101010111111
01010100100000011
10111011101111000
00100110000111000
11111001100100011
01110110100000111
10001001011001100
10001101001111010
01110001011100100
10111000001001001
11011011110110000
10011011111111101
00010000100011110
01101101000110000
10101000001101010
10010111001010011
00011000011110010
10011000001011001
10000011001111010
00001010010000110
01111110111110110
01100010000100000
11001101011110100
00001110010001001
00110011000111000
01010111101111110
10010100000001001
11110110010110111
01011001000110100
10101100001110101
01000011000110000
10010010111100101
00100100111101101
01010101000110011
11101000101101010
00100100101100101
01101111011101001
11000011100010111
00011000010100101
01001001101011100
01010100100100010
10011000110111001
00000011101011011
11010101001100011
00011011011010000
01100001111101011
11011000011111110
00011100100000001
10100111001000000
01111001011111110
01110100011011010
10100101011011001
10111000110111101
10000011110110100
01011000100110111
01101110110111111
10001000101101110
00111111101011011
00010001110010110
11001001111110010
10000111110010011
10000110111101110
01111010010000011
01101011000000111
11100111111100101
11111111000100101
01001100000000101
01101010100100010
00011101111110101
01011011100101110
10100000000101000
10100000011011001
00000000010100100
11011001101111110
11111111101111110
00100010010000100
10010101011001100
11010001000011100
10100110110111100
01000011001100010
00000001101100111
00000100010100000
10010111001100101
00011010110100100
00110111001000011
11110110000011111
10101111100010101
11101011010011001
11100111011100001
10000010111001000
10110100011010101
00100110010001110
01010111010001011
00001111011111011
01101111000100110
01110001111100100
11110001101000101
01110110101110100
01011000011011011
00110000010001101
10111000000001101
00000111010011111
00011101001001000
10000110101011101
11111110011101000
00100101110000010
10101110001101010
01001000101010111
11011101111111000
11111011111111001
10000110001010111
10010110001000011
01010011110001111
01011001010111101
00010001000000111
00110010110001010
00011111110010000
01010111100111001
10111000011000111
11111010111110001
10000001110100001
01010111101101010
11110010001010010
01101010110110000
10110001100011011
01011011010011010
11000011011010010
00111100010101100
10010101111010011
10010111000101001
10010001011001001
11111111111100111
01101001000000111
01001101111101101
10010011111101110
11001001000010100
11010101111010000
00001101100000100
10000011010111010
01001010101000111
11110001000001010
10001111001110000
00100000010100011
11101111101010001
11000010001101111
00010100111111100
11111110010011011
01000101001100010
11011111100000110
00110100010011000
11100101110011100
11010111110101001
01010111000011000
01110110110011101
01111100110010110
11010100101000001
01001110000000010
00100101010100000
11000100011011110
00010001011100110
10011111001110001
00110001001111110
01110101110011011
00010010111100001
10000100110111011
00100111010000101
10011100111001011
10001000101011111
01000000101110010
01101011010101000
01011100001011110
00100100101000110
01111001110101010
01111111111010001
00001000110001110
00101010010110011
01000001000111001
00100010001001110
01011000101001100
10100110110010101
01000100111000010
01010110011011000
11011101010010110
10110001000111011
00000001000101110
10111110011111100
10100101010011010
01111001110011001
11001101011011101
00111101101011100
11011011010100100
11110101100011010
01100011101000011
00100100001110111
00100111100101101
11101100101000011
10011000010100000
00011110110011111
00101111111100100
00111101001000100
11101001000001101
00010110110011010
10010010011100011
01001100101111111
11101111010101010
00011100000000111
11110110110010001
10101001111101011
00001111010110000
10011111011100110
01110101001100001
01011001101110100
00000111011101100
10001110001000011
10011011000001010
10101001100010111
10111010010010111
01110000000011010
10001110000010101
00001001100010110
00011010100110001
00110001100001110
00110000101101000
01010100100101111
10100000101000100
10100101110010111
11000001100000011
01000011110001111
11100100001011100
11101101001100101
00011011000001000
10100001111010100
10101110000011100
00111100000110101
10110010101011011
01000000111000011
00011110101101011
10101100101100000
00011101110110100
01000101011110001
00010101111000110
00111111101100100
00101100001100010
01000001001000001
01011001001101101
01100100011011111
01011111001101000
10101001010111110
10111010001110100
00001000000110111
01010111000110111
11000100110010100
01111001111100000
00001000111110011
11111010011111100
01101000101100110
01101101101111001
01101000011110100
11101111001111110
01001001110001001
11011011011011110
00111111000110010
00100110000010100
10111101101100001
00010111011100011
11111000111010011
00110001011001111
10010111110100111
01101011110001011
11011100100000001
01011011100110000
10011101111010101
01001111101001011
00011001001000010
10011010100100111
01111010100110000
00101111100010101
11010001001010100
10100111111100101
11010000001111110
10000010000010001
10111010010100101
11101011100001000
00100110001101000
01000111010111000
01100001011101111
11000100110010110
00101011010011100
10111111101001110
11001011110001010
00011011011000101
00110110101101101
10011011000111101
00000000001111010
01100101010001110
11010110000111100
10100110110001000
01100110100100101
01100100110001101
01001101100001010
10001100101011110
00010110000001010
11001000010111100
00000101010110100
11110100111001100
01000111001110110
10101110010110001
11011110010111001
01100000000101110
01000100111100101
10000001101011100
00000110100010010
11000011010100001
00011100100010001
00111011101010000
01001110111100011
00010100011000000
11010011011011110
10100110100010000
01100111000000000
00001101111011000
10000001000001001
10100001001010011
11111001010001101
00100001001001000
00000011100101101
00111010101111000
01101100001001010
11101100011100010
10111110110100010
10011110101000001
10101110000101111
01110010110111111
10001100111110101
01100110110001100
11111111001001000
10010111111101010
11100101001111100
00100000001011110
01011010101010000
01010000001010000
00000101001111111
11010001010010110
10001011101101010
01110011010000101
00101110110100110
10010101101110101
11011110000100100
11100100101101101
01011010000010110
01001001110101111
01011110000100001
10000010010011100
11100101111001100
10100111001111100
01101000001100111
10001010111101101
10100101110000001
00110101001100111
11111100111010011
11101101100100000
00001100000000010
00011000011100010
01110011010010001
11100111000010111
11010011110101010
01000100010011011
00011011011011011
00010101111110101
10010101100100000
11100101101000101
00010111000001101
01111011011000000
01101110101010001
01001110010101011
01100110111111010
01001001100100001
11101100100000000
11101110001111011
01001011011110111
00011100011110111
10000010011110110
10100000011000010
00011001001111100
10100000011000110
10100001011011110
01101100000110111
00111000011000111
00001000111011101
10111100011001011
10001110000011100
10001001101100011
00001010101001000
00101000100110010
01111000100001001
01111111111111100
01000110110000011
01111111010000111
10011000010101100
10110110011010001
01101110001100000
00000001001010010
01010001100000110
00000001100010001
00011010010000111
01101111000110110
00000101011100010
11011101110011111
00111101010011010
11110011101001001
01000001001000010
11011111011000101
01100101011101001
00100001110100100
00101111111100011
11001000011100100
11001111100111100
00100111001011010
00100001110001001
10110000001011000
01101010000101110
01111011111111111
10110000101100000
01001110000101000
11000001001110100
00110100001111000
11010111011010000
01101001101110101
11001001100000010
11001101010101101
10100100001000101
00001001000010001
00010010101001110
00010010000110000
10110001010001110
00101110101000101
00100100010001001
00001010001110000
00100011110001000
10101000001011000
10010011111001100
01000011010001100
01011111111011110
00000010010001111
01001100000111001
01111001111110110
11000001010011100
01001100101011000
01000010101010011
01001011110111011
10010000001100110
10110000011000001
01110010111111111
11010010010110110
01110110011100010
00100110110011000
11010000111101101
11111000001101011
00100011101001100
10011110011101100
01000010110100100
11110001011111101
11110110000010011
00000000010100100
01111000110111001
10111000001101110
00111000110110100
10010010011000100
00101010101110101
00100011110111001
00001101000101111
10101000011011010
00110011111011001
01011100001011111
11101000010110001
01010110000111000
00101010011101101
00101100000001110
01101001100001011
10001010110000111
11101101101000000
00011010001010101
10001110001110011
01100001010011101
00101111111010100
10000100000100010
11010110000111101
11001101111111001
11010111101010100
11000001011001110
00111111011001101
01110100101111100
01010101011011101
10110001111100011
10111100110110101
00000101010111111
11001011101100110
01111000010001111
11110100111100010
00001001011110100
10111100001111111
10111010101010111
10000111000111010
00011110000100011
10011100011010001
01001001000000101
11000000101010110
11100100011100100
11111100110111010
01100000001000111
01010101000010010
11111110111001101
00110010010001110
00001000101001010
10000000110111110
11010011100010101
11000110011010000
01100111101011011
11100110001010001
00010011011000101
01110110011101000
10101001100010100
00110100110111101
00000010101111101
00111100111010001
10100010000111100
11011001100111100
01010010111000111
00110111110110001
11100110110011000
10011011001101001
11111000001111001
10001110001101100
00111011111001010
01011111011111101
11011000000110111
11010001101101110
01010100111011110
01101000111110110
11110111010010001
11010011001011110
10010100110101110
11110110011110111
10100011011000010
11110111001000010
00100011111000100
11000111011011100
11101111010010100
00101110001010011
11001111001001110
11110010100111011
11101011000011111
01000110111111100
01100000010101111
01001110000111011
11011010101110010
00010111010001101
11110010111011100
00100001101110011
11111101001100001
00010101001011010
11111101011110100
01100101000001110
10111000101111100
00010001111000111
11100110110110000
00011111001000101
00101001000110011
10000000100001010
10001100101100001
00100011010001001
11000000011111100
00101101101101110
00100111110000101
10000100110101110
10011001110001100
10010001010011100
10111101110110101
11101001100010101
10100001100100011
00010111001010110
01010000000000010
11110111000111100
11011000001010111
11101110110110111
10100101111011011
00011011100100000
01110010110000100
10011101110000110
00001000011001010
00000000001101010
11110111100111011
11000110011100101
00001001101111100
00011100000001110
01111101001000111
01000000100010011
10001101111000000
11010111001110111
10001101001100001
11111011101001100
01110001001100101
00000010111011100
10001110110100100
00000001010110100
01111101010110011
01000101110011110
00101010000100101
10111110001111001
00011101111111001
11000101000001111
10011110111010110
01001110010100010
00010000001111000
00000011110010010
10110000101000110
10101100110010011
11000001010000100
00101100101101101
01001101011000100
10010011100010011
11000011001110100
00100000111101001
10101110110010000
00101011100001111
11001010110000010
10011001000011110
01010010010111010
10000000010001101
10010100101000000
11011100011101110
00101100100101110
10101110000011110
11010100110001001
00010001001011110
00110011101010010
01010101100001010
01101010010100110
01101011101011010
11111100100010011
10000111111011110
00010101011101001
01000000011000101
00101001011000000
10100100100011011
01101100011001001
10011101001000000
01001001110001100
10000111011001010
01111001000101001
10100010101011101
10011001010110010
01100101010000110
11010010000111001
01110010011000100
10010111110100000
00100100111001010
01001000010010010
00110011001011001
00010101111101010
11011100100000100
00111010110010000
10010010001100110
10010101000111001
00001011100011011
10011001110001010
10110001101001100
11110001001111100
11111001011000100
00011000100110000
00100101000101101
01111001100000000
01011100011110011
00101100111101000
11001000010111100
01111110001110001
00001111010100111
10010001000000001
00001000000100010
10101110010010011
00001000011001001
00001001110111100
01101100101000111
01110010001100001
10011101100000111
00110000100001101
00010101110101000
10010111101110111
11110001011100001
11010101110101001
Time = 0.701s
