n = 9, k = 2, l = 7, m = 285
Expect Resample Times = 0.480632
Result:
111111010
111011011
101111011
001111111
111011110
010111111
101111111
111111110
011011111
110110111
111111010
011101111
011111110
110111101
111110110
111010111
110111110
111111010
111111011
111110011
111101011
111111010
111101101
011011111
110111111
100111111
111111011
111101011
011101111
111111111
100111111
101111011
110111101
111111111
111010111
111110110
111101011
110111101
111011101
101011111
111110011
111101101
011011111
110111111
011011111
110011111
110111111
011111110
110111011
111110110
111110111
111110110
111101110
111011110
001111111
101111110
100111111
111111101
111110011
011111101
111111010
111111111
111111010
101101111
110111101
011110111
111101101
011111101
111110111
111110110
111111011
111101011
101110111
010111111
100111111
010111111
011110111
111101111
111011110
001111111
011111110
111110101
101111111
111010111
011111011
111110011
110101111
111101110
111010111
111111011
110101111
111010111
110111011
010111111
101111110
011101111
011011111
011101111
111110110
101111111
101011111
111011110
111111010
111011011
011111111
111010111
110111011
111011101
011111110
111011111
101011111
110111110
101111111
111110011
111011111
111110110
111111001
011110111
111010111
110111110
101111111
101111111
111011111
111101011
111111101
111110101
110110111
111010111
011111111
110101111
110101111
101101111
101110111
011011111
001111111
110101111
111010111
011110111
110111101
011101111
111110101
111011011
111111001
110111110
111011110
111110101
100111111
110111110
111110111
111111010
111101011
011111011
011111111
111111100
011111101
111001111
110111011
101101111
101111011
111110110
111111100
111101110
101111011
101111111
100111111
110011111
111001111
110111110
110111111
100111111
110111110
011110111
110111101
011111111
111111011
011110111
110111101
110111110
011111111
101011111
001111111
111111101
111111110
101110111
011111011
111111111
111111010
111111100
111011101
011111101
110111111
111110011
010111111
111011110
111110110
011101111
111011110
111111110
111110101
101111111
110111011
111010111
110111011
010111111
110111011
111011110
111111001
111111110
111111001
111111101
101111111
010111111
110111110
111011110
101110111
110111011
110111011
101111011
110110111
101111011
111111001
110101111
111011110
111101110
111111111
111111110
010111111
111110011
101101111
011110111
001111111
011111101
011101111
110011111
111011110
111111001
101111110
111101111
111101011
111100111
111111101
111111010
111001111
011101111
101111101
111101110
111111010
111111111
110111101
111011111
011111110
110011111
111111101
101111101
011111110
101110111
101110111
011111101
001111111
111110101
111110101
111111100
111111001
111011101
111111011
111111001
011111101
110011111
110111110
101111111
111011101
111110110
111110101
101111111
111100111
010111111
111011101
101111111
110111101
011011111
101011111
101111101
101111011
111110110
111111100
Time = 0.002s
