n = 15, k = 3, l = 11, m = 1505
Expect Resample Times = 0.48284
Result:
110101111011011
100111111110011
011110111011101
110111111100111
111001001111111
101011011111110
101111001101111
101111011110110
111101110010111
111011001011111
110110110111111
101111011111110
001011110111111
011011111011101
111100011111011
101100111011111
111001011111011
111011110011011
011110110101111
111111100110111
111110010011111
111110110100111
101110110111101
111011011011101
111010111110101
111101111001110
011011111111101
101101011111011
101111010101111
011111011001111
110011111110011
011101001111111
111111110110101
111111111000111
011111010111110
101111011111111
011111101110011
111111111110011
111110101110111
011111110100111
011111011110011
111101111001101
011111011011011
101011110011111
111001111110111
111001111011011
101010110111111
111101101111010
010110011111111
110011111111111
111111001111011
111111101100110
101111111111110
111110100111011
110111101101111
110111111011010
111001111111110
111100110111111
110011011110111
101111101101011
110101111011110
111010110111011
101111111100101
111011001111111
111001111011110
111101011011111
101111101001111
111011011110110
111000111111111
101110111111001
110111110111100
011110111001111
101011011011111
000011111111111
011100111110111
010111011111011
111101111001101
101111100111011
101110101111111
111010111011111
011111011101101
011101110111110
111101001101111
001011111111110
111111101110111
111110101101110
110110100111111
111010111011011
011111111011001
110111101011110
111011100111011
101101100111111
101000111111111
101011111101111
111010001111111
000111110111111
010111011011111
011110111011111
111010111111010
101111100011111
011011111111110
110111011011011
111111111001101
111110110111111
011111101110110
011111011110011
001111111110111
111101111110001
001111111111011
111011111111001
110111011111110
011001110111111
111011011101101
101111101010111
100110111111110
111110001111101
110101101111110
110101010111111
011111111011100
101111111011111
011011111111100
110111111100011
101101111011111
110101101111110
010111110111110
111111011101100
001111111011101
111101111101010
111110011111001
010111110110111
100111111111001
111100011011111
111111010110101
011110111010111
111111110111110
111010110111110
110111111010101
110111101101111
111011101111111
110011101111110
001110111110111
101111110101111
101111111101111
111101010011111
111110111111110
111011011111100
111111101100101
101011010111111
101111111110010
101011110101111
110101111001111
101101110111101
110010111111101
011111111100111
101111110110110
011101111101101
111101110101101
110111101110011
101001111011111
011111111101111
001111111101011
011111110110110
110101110011111
111110111010110
111011111011001
101111111101101
111101110001111
111110111110110
011110111010111
001010111111111
010010111111111
101011101111110
101111011111001
111110001101111
010111110011111
011101111110110
011101111011111
101111111011100
010001111111111
100011111111110
111111011011101
111011111001111
011011110111101
111011110110111
111110111011100
100111011110111
110111111011110
101111111010011
010101111111101
111111100101111
101111100111101
101101110011111
111110111110011
010110011111111
111011000111111
011110111110011
010101111111101
011101100111111
111011111111000
110001110111111
110111101110101
110111110111101
111010111111110
111111001011011
111111100001111
100111101111011
101111011111100
011011110101111
110101101111011
111010110111011
111100111101101
101011101101111
101111000111111
110111111111110
111011110111001
111110111101001
111011100111110
000101111111111
111101101111011
111101111101001
111111010111010
011110111001111
111111110011110
101111110111100
101011111010111
110111111101011
110111100011111
011111011001111
101110111011110
111001110111111
011101011011111
111011101011111
110101101111111
101110011111101
111011100111101
111110111101101
011101111111001
111111101011110
110111011101110
111000111101111
011110111011111
110111111110001
110111111100011
110011111111100
011010111111011
101111111111011
010111101101111
100111011011111
111111110100011
011111010101111
001111111111100
111100111110111
111111111011001
110111011100111
010110111110111
001111111001111
110111110100111
110101111101110
101111110111100
110111101100111
111101111000111
111101011111011
110011111111101
111011011111110
101111101011110
011001111111110
111101101111110
110111111111111
111111010110011
101111111011011
110111110101110
011101111001111
101110001111111
101011111111011
111111111101000
111011111001111
111111110011100
011111111111100
111111101111111
111010111111111
111011011101111
101001111101111
101110111100111
110111011101111
111111010111101
111101111101111
111011010101111
111111111101001
011111011111111
100101111111011
110001101111111
011110111111100
111011010111110
101011011111111
111100111110110
011111101110101
111111100110111
111011010111110
101111111001111
111111110011101
011101110111111
111100111111111
111111000111101
111111111010001
110111110110101
111111111101010
101011111111001
111100111011110
100111111011101
011111101011110
111001111101011
111010101111101
010111110111111
011110111011110
111011111010111
111101001110111
111111010111101
000110111111111
111110111011100
101011111110111
111110101111011
111110100101111
111010111111101
111010111010111
110111101101111
001011110111111
010111110110111
110111101010111
101110101011111
101101111110011
110111111101001
111101100111011
110110001111111
100111110111011
111011011110011
111011111111000
111111100010111
011110101111111
111101110111101
111101011011101
001111001111111
111111101011101
101111011110101
100111111111011
111110110011111
101101111111011
011011110111101
111110111011011
111111100011101
101111010111110
011111011110011
111000101111111
011100110111111
011111111101101
011111111111011
111111110111000
011111111110110
011101011101111
111111100111100
111011100111011
111011111001110
110110111011110
001101011111111
110111011110101
111111110011011
100111111101111
111101010110111
011111110011110
101111111101101
111010111111111
111110101101101
111101011111010
111100111011101
110111101101111
011010111101111
101111110111110
111011111011111
101011111110011
111110111001011
011111110101111
001111101111111
111001111101101
111011111110110
001100111111111
111011111011010
111110010111110
101010111111101
011110111111111
111111110001101
111101010110111
111111100111011
111101111001011
101011001111111
111100111100111
101111111011111
011111011111001
101110011111011
011101001111111
111110111100110
101011011101111
001001111111111
010101111101111
011110101111111
110111111110110
011101111011111
100111110110111
111010101111111
110101101111101
111110111011111
110111111010110
110111111111011
111101111111100
111011110101101
111111110111011
110111001111011
111110111010111
101110111010111
111111001111001
001011111111111
110110011111110
111011101110101
111110101101110
111101011110101
111111111001110
011110111011011
111001111110110
110011010111111
110011111111110
101011111101101
000111111111011
101011110111110
111111110010110
011111101111110
101100111111110
111110111111010
110111101111001
101111001111101
011101100111111
001111111001111
111111110100111
101111111101111
001111111111001
011111101011110
111111110001101
110101111101011
101111101111001
000111101111111
011110111010111
101111110001111
111100011111011
010101101111111
101111110101110
011110110101111
101111110101011
111011101010111
111011110110101
111111111011000
110101001111111
111111010011011
111110100111011
100111111111110
111101101111001
011011111111010
101001011111111
111111110101010
100111111111110
111111010111110
101111110111101
111011011111100
111111011100101
111110010101111
111111010011111
111111101110101
100111111111001
010110111011111
101111111111010
101011001111111
001111101110111
011110001111111
110101111111100
110111011100111
110110001111111
111011010111011
110111010111110
110111111100011
011111100101111
011101101011111
100111011101111
011111011111001
101111111010110
111111111101110
111010111101110
111110010101111
111101111001011
111110111010110
001010111111111
001111111111100
111101111100110
011011011011111
111111010110111
111010101111011
111011011111100
111110010111110
111100111101011
111011110111011
101001111101111
011111111010111
011111110111100
001111110101111
111111011111000
011110111110110
111101111110001
111111101111010
111101100111011
101101111111010
101111011111011
110111101011110
111111111011101
111101111111001
111011111111000
100110011111111
111111101001011
110010111110111
111101011011011
111110110110101
110101111111100
100111111101011
111110101111101
101100111011111
101110111101110
011100111011111
011010111111111
110011111011011
010011101111111
011011110101111
010111110110111
111110111000111
101111111111011
101101111111101
111111110110001
101011111111100
111001011011111
111110101111100
111101011111111
111111111001101
110101111111101
111111101101001
111101011010111
110111100101111
011011111110011
101010111011111
010110111110111
110011111101101
111100101111101
110011110111011
110111101111100
111011111101111
110111110101110
001101111011111
011011111100111
111011001101111
011111010111110
101111111101101
111111011011100
011111110111111
111110111110011
110111111101100
111101011011011
100111111010111
101111111101101
111011011111101
111011011011101
110011011011111
101011101111110
010111111111100
110111111100101
111111011001110
101101101111111
111110111011110
111011011011111
001011111101111
001111111011101
111110111110110
011001111111111
101101111011101
111011111001110
101111011101110
111111110111011
111111101000111
111011111110111
111000111111110
101101111111011
101011111001111
111011110011101
111101110101111
111101111110100
011101111010111
111110110111110
101110111101111
111110101111001
011111010111011
011110011111110
111110101101111
110111101110011
111111111010010
110111101110011
111111001111001
100111111110110
111101110101011
111111011110110
011011111011101
101111110110110
101111010101111
101011111111010
010111110111011
011100111111111
011111111010110
111111111010100
110110101110111
110011101111110
111111001011111
110111111011010
111110110110110
001110111111110
111101010111101
001011111011111
101111110011011
110111110101111
111011101111010
011111110101110
111111001111100
001101111111110
101110101111111
101110111101110
111100101111111
111101111100101
001011111111111
111011111001011
111111110011001
111011110111110
111110101011011
111110011111011
111101011101011
110111100110111
011111110111111
111110010111111
111111011100101
101110111011011
010111111110011
111011111110001
111111111010010
011000111111111
111111011110100
001111110011111
101111011110011
011111111100011
111100101011111
111011111101100
111111010111110
111110111011101
100111111100111
111110011111100
111111001001111
101001101111111
111111111001010
101111011111011
111110110111011
011110110110111
011111111100101
111110100110111
111011111111011
101110111111110
111110110110111
101111110011111
101111100111111
101111001111110
011111101111101
111111100110101
111101110011110
111010010111111
101110111111110
111101100111110
000111111101111
111110001111101
101111111101011
111010101110111
101110111111101
101111100111110
101111110101101
110110111111011
111100101101111
110110110011111
101111100111110
101111011101101
110110101111011
011011101111011
111101111101011
110111111110001
100111100111111
111110101111010
110101111011011
001111111101011
011011110111101
110111111001101
010111111111011
110111011011111
111111101100101
011111010111011
101111100111011
101111111101011
110101111111100
110001111110111
111100011111101
011111111101101
100101111110111
110010111011111
111111110011100
101111111001101
111101101100111
111010111010111
101111110101011
011110110111110
111011111100101
101110111101101
011010111111111
101111110101011
001101111111110
111101110011011
011110011011111
011111111110010
111110110011011
101011111010111
111011111011011
111111101100101
001111011111011
111100111111011
110101101111110
111011110010111
111110101111110
111111101011110
110101111001111
101111100011111
111110101111100
101011011110111
001111111001111
111111111100101
111101110110110
110111100111101
011111111001111
111111111010101
101111100111110
110110111111111
110111001111111
011111110101101
111011110111101
110101111011101
111111010101011
101111011011011
100101111111101
110111110111010
111101011101101
101110101111111
100101111110111
111111110111111
011111111010101
111111011101100
111101000111111
111111110110001
110101110110111
101111111011101
111101101111101
111110011101111
111111100111011
111110010111011
111011011110101
110011110011111
101011110111011
110011111011110
101111011101011
111010011111111
111001010111111
100101101111111
110111110110111
111010010111111
000111111111110
011100111101111
101001111011111
101111101011011
011111110101011
110111011110101
011110010111111
111101110011011
111111111011110
111001111001111
111101101001111
111010111011111
101111111111000
111111110011100
111101011011101
111110110100111
111010111110101
011111111110001
101110011110111
100110011111111
011111100111011
110011111110101
101111100111011
010101111111101
111111110011100
111001111110110
110111110111100
101111111111001
010111101111101
111101111101001
111111010111111
111011111001101
111011111111001
110111111010110
111101001111110
110111010111110
101111100111110
111011111110010
011111111111010
111110001111011
110111111110100
111111101100011
111011011110101
101110011011111
011111110111011
111001110111011
010111011111011
111110001111111
111110111011111
000111111111011
101111100101111
110111101110110
111111101011001
110111111111110
111111101001011
111101110110011
110101111011110
011111111111001
110111110001111
101111001111110
111111001011111
111110000111111
010111111110111
011111101010111
010111011111110
101101111110111
001011111101111
110100111011111
101011011110111
110110101111111
101111101110110
111110011101111
110111111100111
111000101111111
100110110111111
011110011011111
111101101111001
000111111111011
110111101111001
110011011011111
011011111101011
110110101011111
111011110100111
101111111101111
101101111110101
111010010111111
111101101001111
111011111100111
111111101001111
001001111111111
111111100101101
110101011110111
110011101111111
011010101111111
011101111110111
100110011111111
111110011101110
110111011011101
111111110101110
111111111011001
001111101111011
111101100111011
111011010011111
110111110110011
111100011111101
101111101111010
100111111111100
111010011110111
111011011011111
111111011101010
111101111100011
101111111110010
011110111011101
111111101001011
011111111100101
101101111111110
111111111111000
101110111111010
011111001011111
110111111101110
111110111010011
111111110111010
111111001111101
111101010011111
111111010110110
111110111111110
011110111110011
111011110011101
111011111000111
111101111110011
100110101111111
001111111111001
111101110001111
111100011111101
111101011111011
100111110111011
110011111100111
001010111111111
111100001111111
011111111101010
000110111111111
111101011111101
110110101110111
110111101111110
110111011100111
111011011100111
011111111110100
111111011001011
100111110110111
010111111110011
101100111111011
001101111111111
011111011111101
101110111110111
011110111110111
110101110110111
111111101011100
111111111101001
111110111111000
111011000111111
111011111001011
111111011110111
011110111101111
111111110011111
011110011101111
111110011111111
111100011110111
110010111011111
111101110111001
101101111100111
110111111010011
111101011101011
111110011111111
111010101111111
111110111110111
110110101111111
101111010101111
110011110111101
011111101111101
111011101111111
111101111101010
101111111001111
110110111011111
011101110101111
111100111111110
011011010111111
101110111111100
111111101011011
111111010110110
011011111111100
111100100111111
111100111110011
111001101111111
110011111111100
110111110011110
101111111011001
111011110101101
101010111111011
110101111110101
100111110011111
111101001111111
111101111011110
111110011110111
111110111101100
101111110011101
111110101010111
010111111111110
111111101101110
111111110101110
110011110111111
111011011011111
111111101011011
111110110001111
011111111101110
111101110111110
011111001011111
001111101011111
011011111111100
011111100111011
001111111101011
101111110001111
110011101101111
111111001101111
111110101110101
110110011111110
110110011110111
111111111111100
111111011001011
101111011101110
101011111011011
101011011101111
111001001111111
111110011011111
011110111100111
110111111110100
111111010111001
110101111110111
101111110111111
100111111011110
101101011110111
111010111011111
111111110110111
101111101101011
111111110001011
111111011101010
111011100111011
110111101001111
110111001111111
111001111101110
101110110111101
101111111100110
011111111111111
101110111111110
111111111001010
110110001111111
111111100101111
011011111101101
011101100111111
111011110111010
011111111101101
011101011111111
111111110001110
110101111101110
111100111011111
101011101011111
101111111110101
111110001101111
110110101111110
101101101111110
111110011111011
001111111100111
110111010111111
011110011011111
111110111111001
111111110110001
110011011111111
101111110100111
100011111111110
110011111111011
110111011001111
111111110001110
111111000111111
111010101111011
111001111111001
111001110111101
100111010111111
111101010111110
001111101111111
111010111010111
111001011111101
101111111011111
010011111111101
100111100111111
111111011111000
111010111110101
111101010111101
100111110110111
111101111001101
101101101101111
111011011101101
101111011111001
110101111001111
101111011011111
101111010110111
101010111110111
001110101111111
011011011101111
101111110111100
001111111110110
111111110001101
111110010111011
111110111101101
111010111101101
101101111110011
101111111111111
111101111101111
111011010101111
010111010111111
011101110101111
101111101111110
010111100111111
011110111110110
011110111111001
011100111111110
111011110110011
110111011001111
111101111101100
111101111011001
110111111110100
100101111111110
101010111110111
111011101011101
100111111101011
010111111101110
111110011101101
001111011111111
111011100110111
111110101111010
111101111001011
101101111111110
111011011011011
110101111100111
110111011111111
011001110111111
011110110111111
111110111110010
011101110111011
110111011011101
111111110101110
011111110101011
001010111111111
011111111011101
110111001111101
101111110110101
111110110111110
101011111101101
101110111111110
111110001011111
110111110011011
001110111111101
101111111100101
011111001110111
110100111101111
101011011111111
101111111101001
010111111011101
111111011110001
111111010011110
011100111101111
110110111101101
011111111100111
101111011011110
111110110110110
011111111011001
010111111001111
101101111111110
001101011111111
110011111111110
011111110100111
110110110111101
011010111110111
111111111010111
011011111011110
010111111001111
110111010111110
011001011111111
011100111011111
101010111111011
011110111101011
101111111000111
001111111111001
100111110110111
110111011111101
111111011110110
101110110111011
100111110111101
111111011010110
110111111110011
111101110011110
111011110001111
110100110111111
110011110111101
111111111011011
101111001110111
011111011111010
101111111011101
101001110111111
011011110111110
011111101101011
011011111011101
111101101011011
111010111111110
110111011111111
110001111110111
111111011111101
111111010110110
011010110111111
010111101110111
111001111101011
111101001111111
111011111110101
111001111011110
111011110011011
111111111110011
111101011111101
110011011111111
111111011111010
001111011111110
011111111111111
110101011111110
111001111111110
111111111111100
111011011101110
111111101101011
001111111101011
111110110111111
111011111010110
100110011111111
011101011110111
010111111101111
111110110011111
011101111101011
111111100111011
101111110111110
011101111011101
111111101100011
101110111011011
100111111100111
110111011011110
011010111111011
011110011011111
111101100111111
110111001111011
111110111101101
111011110101111
010101011111111
101101010111111
101111011101111
111111110100011
110100111111011
110011011110111
111110110111011
110110110111011
110111001111101
111111010101111
111111111100110
010110111110111
110111111111001
100010111111111
111001011111101
111111110111100
011111111011001
110111011101011
111010111010111
111110110101110
110101111011110
111011110011111
111101111010110
111101111100101
110110011111111
111110110110110
111111110111110
001011110111111
101101011011111
001111111111101
111001101011111
110101101011111
111100110111101
101111111111100
111010110111101
111101010110111
111110111101011
100111110111110
111110111111101
101111010111101
001011111111110
111111011111101
101001011111111
111011111110110
101101011011111
111111101101100
101001111111111
011111111110011
111001110011111
011111110111110
001111111110101
111111110101011
011110111111001
111100110101111
101011111111101
101111111111111
111000011111111
111011111111010
010110111110111
111011111100011
101001101111111
111101010110111
111110111100110
111111110111001
110101111011101
111111001011011
111111100001111
111101111011101
100101111111101
111111011111110
010111111001111
101011111111110
011011101101111
101110111100111
010101110111111
001111001111111
111110111111010
010111101111110
111111110011110
111011101010111
111101111110010
011011111101111
111001101111110
101011111111011
011101100111111
111111010111001
111011110111110
001111111101110
100011111110111
111011101010111
111100011110111
111111110110100
110111011101101
011011110111011
101111111111110
100111111010111
101111111111111
111100111101111
111110101100111
111110111100110
011011111011111
111001101101111
110101011111101
111111011101010
111001110111011
011110110111101
001111111110111
111111111110110
110111111100111
111110100111111
110110101111101
111110111101010
011110111110111
111111011110101
111111101001011
101101110111011
111111011101011
110011111110101
101111111111110
111011101101011
111001111110110
001111111101111
110110111101011
111001111101011
011111011011011
011111010110111
110110110011111
011101011111101
010111100111111
111111101110100
111010010111111
101100111111111
111101111110101
111101111010101
111111110101111
011001111111101
101110111111010
011111111011101
111111100111010
011011111111010
110001111101111
010011011111111
101100101111111
101101111011011
111101011011101
111100111111011
111111110010011
111100101111111
111011101111100
101101110101111
110101101101111
111001011101111
010111101110111
111100110101111
110110011111101
010101111101111
111111111111110
101111111000111
100110111110111
101111110101110
111111111000111
111110010111011
111101100011111
011110101111011
011001111101111
111111010011101
101111110111001
011111101001111
011111100101111
110011111111101
111011101111101
111110111011110
010101111111011
101111111000111
111101011110110
111110111011010
111101100011111
101011111110101
111111101011001
110011111010111
110101111011101
111111110001011
011011001111111
111111111011001
111110111001101
010111111111111
111100101101111
101111110101111
101111111100101
110111011101101
101101111110101
011101111011101
011101111111100
110111011111101
101111011110111
101111011100111
111100011011111
111100111111011
111110111100111
111110101011111
111111011111100
111111111111100
111010101110111
111100111111111
111111101100101
111111101100101
111100111101111
111111111001010
110110111111100
110111111111001
111011011110110
011110111011011
111110110111101
111111111101100
101101110110111
111111100111011
111111111011110
111101011111100
110101111111110
101110111111100
111101011111101
110101011011111
001111111101011
111110110110111
001111101011111
101110100111111
101010101111111
111100011110111
001111011111101
011110111111001
011111000111111
111101111111011
111110111111000
110111111101011
111011110011110
101001111110111
111111100110110
101110101101111
111010111001111
110111111111100
011111111011011
111010010111111
010111110111101
011101111100111
011010111110111
011111101011110
111011111010011
100101111110111
111110111001011
011111111110001
111101111011001
111111101110011
110110111111010
111111110111001
110011001111111
111111101110101
101011011110111
111111100101011
111011101101110
101011011111101
101100111111111
101101101111111
011111111011001
111111001110101
100111111110011
011111111001101
Time = 0.137s
