n = 11, k = 2, l = 5, m = 59
Expect Resample Times = 0.522377
Result:
11010000101
10011010101
01011111111
10111000111
10110110101
00111111010
11110011011
01111010111
01001011001
01110111011
11011110011
10011100100
11010010100
00101110100
00101100101
00111101010
01011000111
01100110001
00111010111
10111000100
10011110000
10100010111
01011011111
00011111000
10100101110
10100111000
10110101101
10101111100
11010111110
10001110101
11111010000
00100011011
01100101011
10110000111
10110101111
01001010110
11011111110
00011010101
11100010100
00100101101
11011101000
01001001011
10111100110
10001110110
00110001011
10110101010
11101011000
01110010110
00001101111
11101011011
11010000110
10110001001
01011110001
01100100101
11000101101
10111010000
01000110011
11000001101
11110000101
Time = 0.002s
