n = 15, k = 3, l = 1, m = 145
Expect Resample Times = 0.470909
Result:
000101000110010
000111110001001
010011111100000
011010100011001
101101111001100
110101111000010
111111000101000
010011000100001
001011011010100
010101101110011
110010110110110
101101101010101
101001001010100
000110111010101
110000110001100
111000001100111
110111111010100
010010111011111
010010100100101
011111010010001
000101010010011
001101101100000
110100110110001
011000000111100
011111101110110
001001001101111
011011111100111
001000110110101
011110111111111
111110110101110
011011100101111
001100000100100
010110110000000
110001110001000
011001101001110
101101100011111
010100010111111
101010110001100
000001110100010
010010000111110
110100001000111
100110111010110
111011101111101
010111100001000
011101011110001
111011110111111
000010100111100
101001111110010
001100010000010
101110001100110
000011100101100
011100011100011
010111110101010
011111011110000
110010110001110
101110110100111
000001101101011
100010110101001
011001000000110
111010100000010
100011011111101
001011110010111
100000010000001
010100010010000
011001010111011
000110110110010
110110101100010
010000001010001
000111110100011
011110111100001
100011101010110
100111000110100
011101000111110
000010111100111
110001100111100
010101000111001
001011110000100
110101000000110
000111011011001
010100110101100
000011011110100
111100000110010
100011110100101
100000001010010
101001001111011
001111110011010
111000110001011
100111100101110
111101111011111
000000001100000
101001100100001
101101011101100
001111111111110
001000111110111
001101110100110
100010100000100
010011111110110
110010001100010
110101110000100
011101000000001
000001111101010
011100100010101
111110100100010
111011010101001
000101001000011
001011101011100
110010000010111
000011101011001
101111111000010
010000001100111
100011100000010
010111110010001
001101000011111
001111100110011
010001001011000
000110110011010
110000101110000
000010000110101
010011001110110
100001011111100
111100111101001
001110101001001
011110110111100
100111010000100
100000011001101
000101110001100
101111111101100
010000101111110
101000110011100
111100111000001
011010100010100
100010110000000
001010110111011
100000010001001
001000111010000
000000110111110
000110000110111
111010010100101
011101100000100
100110011000101
100010001101111
000010111000010
110010011110110
110000101111111
100010000110000
Time = 0.02s
