n = 16, k = 3, l = 6, m = 166
Expect Resample Times = 0.483797
Result:
0100101111000010
1011010111001001
1100111110000010
1110100100000111
0110011010110101
0001101111011101
0101000100001011
1001101010101101
1000011110110001
1011001100010001
1001001011110001
1101100000100101
0110111011110110
0000111001100111
0110010101110101
1001101000011110
1101011011010010
0001001011101110
0010100110111001
1000110111001001
1101100100111001
1100000111010100
1000011010011000
0111101100111010
0110011011101110
0111010001110111
0101000010111110
1110011111101111
1011100010100111
0110001111001010
1000101100010001
0001010111011111
0100111101101101
1110110000101011
0001010111011010
1110101011110010
1111110111010111
0001111011000000
0110111010100011
0001100101101011
1011010011000010
0011001101000011
1110110001110101
0011111100010101
0010001110001001
0100011110010000
0001001001110011
0000101100101111
1001101101110101
1011010100110110
0110100101000010
0110110100100011
1101000110101101
1010101100011111
1011101100001011
1011000101100000
1100000010101011
1001111100110011
1011101111100111
0011011111001001
1101100100010011
0001011100011110
1100001110010111
1011110001011010
1010111001011100
0100111100100110
0111101111110100
0011011011101000
1101111000001000
0110101101101000
1010111101101011
1101000010011010
1101011100101100
1101100111001110
1101110011111110
0110110001001111
1101101010010011
1010111101000010
1010110011011111
1000100001101010
0100000111100100
0101011010011101
0110101010010011
0000010100011101
1010010101100001
0001101011100111
1111010011000011
1100101110011100
1010110100111011
0101000111001000
1111000011111010
0111010011000110
0011001001111110
0001110101000010
1110100100001100
0000001111011000
0100001010011001
0101011111101010
0011001111100001
1110100111101101
0110101100100010
1111001111001111
0111010111001010
1111000111111010
0011110011010011
0111000101001101
1000101100100110
0111100000000011
0000011001101111
1100011001101001
1101110000010000
0111010101111000
0011010111011111
0110000011010010
0101111011100011
0011100010101000
0100100111111101
0000101101111011
1111111011101110
1101110010010000
1100001000111001
1101010000010110
0011111000110010
0111111010101001
1000100101101011
1101110101000000
0111100100101000
1111100110010100
1100000111110111
0010010110111000
1110110101111110
0001101110111100
1001000010110001
1100110001010100
0011011001110101
1001111001000101
0110111011011011
1011101111011001
0010101110000011
1010000101110111
0111110111101011
0010111111010010
1100111010011001
1001001100100001
1000100011110110
0110000010101100
0000011111000001
1110100100010010
0011001011111011
0101000010101010
1101101101111000
0000010110101101
1100001010110000
0000110001111001
0011010010100011
0001101101111100
0000101111011000
0011111010101111
1001010010101001
0001001111001001
0101111110111001
1001110101110001
0000101000101011
1101000111110010
0111000111100011
0110100110010011
Time = 5.233s
