n = 15, k = 3, l = 3, m = 145
Expect Resample Times = 0.481056
Result:
110010110011010
110010011001111
010100100001001
111110110001010
110011000000010
011001100001110
100101001110001
101100111111010
111011100101111
111001101001000
011010001110011
000010000111111
100000000011010
011010001001110
111100010000011
010101000001100
111110110001100
000001011000001
001110101111011
110111001100101
010111001011000
001110011010000
101001011111111
111111100011100
011110110111100
110001011100111
011010001000111
101001010110100
101010100011110
111010011001101
001010101111010
111100000001110
110111101100010
101011110110110
000011101010010
011110100000011
001001100111101
101001011101111
010100110101111
001000100110111
110000100010010
100001110110001
100000010101110
100010010000011
011110101111011
111111111010101
100111100100010
100111110000011
001000100000001
010000000110100
110010110001101
100111101101001
011000111001000
111011100010100
011000100110110
110101100110011
011010111111111
100001101101011
011101101011100
100000110111010
000011001111111
010011001010111
101001011001100
000000111100000
111010110111001
100011111010101
111110111010100
010000001010111
110100000110011
001110001001100
011101100010101
000001110010001
111010100101011
111001110001101
101010000010001
011101011101001
000111010111011
000110000100101
101010001100111
010101010101110
100110111010100
001111011100100
110011101101110
111001011001111
110011101010110
000011000111000
111000001001100
010111010001101
110110001000000
000110100101100
101010110110011
110000110001001
111010011100010
001010011101101
111000010110111
111110000100000
111110011011000
000011111001000
000100111101010
001100000111100
001011011001100
001111010101111
001111101101010
000111101010111
111010011111100
110110001110001
011000101011111
011000000101111
000010010001010
100000110000011
000001001110011
001110110110010
100110100101100
011101100000101
111111110000010
010110110101110
000101001001100
011100111111111
001000100100000
010100000011001
101101000011000
110110011101000
111110100000110
010011100110101
111100011101010
110011001001111
111110111011011
000100000010111
010100110101111
000000100011001
111101101101001
100001010011100
111011111001110
010001100010110
100010110101110
110101101110110
001001101101100
000011000011000
001011100011010
000001010001100
001110100111101
011101000011000
011111101001110
101100110100111
110011110000111
Time = 0.023s
