n = 12, k = 2, l = 3, m = 53
Expect Resample Times = 0.558672
Result:
100011000110
011011001101
001001110000
100000111011
001100010111
010100000101
110001000101
101001100001
000111100111
100011001001
100011110001
000101111100
000110000110
111001100110
000111010010
001101100011
100111010000
010110000110
011111001010
100010100111
110000001011
101000010111
111000000101
011001110111
100001011100
001100111011
100111010110
110011100111
011001010100
001110110101
101000000001
010110000101
000100100001
110010111000
110001110001
010001111000
001100101011
001010010001
100010100001
101000010010
010111100110
000001010011
111001100101
110111001110
001000011000
010101011010
101000000111
100010110110
011100111100
010101110110
110010110011
000100111111
000001101010
Time = 0.003s
