n = 17, k = 1, l = 15, m = 47
Expect Resample Times = 1.57733
Result:
11111011111111101
11011111111011111
11111111011011111
11111111111110011
11110111111111111
11101111101111111
01111111111111101
11111111111101101
10111111111111111
11111111011111011
11111110111111110
10111111111101111
11110110111111111
01111101111111111
01011111111111111
11111111110111111
11111101111111111
11011101111111111
11110111101111111
11111111011111110
11101111111011111
11101111111011111
11111011111011111
11111010111111111
10111111110111111
11111111011101111
10111110111111111
11110111111111111
11011101111111111
11111011111111110
11111111111111001
11111111111001111
11101111111111011
11101111111111111
11111111111010111
11111110110111111
11011111111110111
11111111111011111
11110111111101111
11110101111111111
11111111011111011
11110111110111111
01111111111011111
01111111111111111
11111111111110110
11111111111111010
11111111110011111
Time = 0.003s
