n = 9, k = 3, l = 6, m = 931
Expect Resample Times = 0.380643
Result:
011101110
101111001
101110101
001110111
110111101
111111101
100111111
101111001
011110110
110110111
010101111
101111110
011011111
111111000
100111110
110101011
001011111
110011110
111011101
111101110
011010111
110001111
110101110
101110101
011111111
011111111
110111111
101111010
011111110
111011010
111111111
100110111
111011010
100011111
110111110
111011110
111101110
011111111
101101101
111100011
010111111
111011001
111001011
111011001
011001111
101111010
011111010
110111011
011001111
010111110
100110111
101110110
111100011
011101101
111101010
011110110
111111000
011111001
011011111
011110110
111011100
101001111
011110111
111011011
100111011
001111110
111000111
101010111
010111110
011011110
010111110
111010011
011111101
001101111
101101101
100111111
111011110
011101011
100111011
111010101
100110111
111010011
001011111
111011100
101011110
110110111
111011101
111110111
110111010
101110110
101111001
001111101
101001111
111011010
011110110
111111010
110101101
011100111
111011010
111100110
111001110
101011110
011101110
110110101
011110011
111011111
111111011
011111001
111011011
101111101
010111110
101110011
010110111
101011011
101011111
111110111
110011110
111001110
101111110
011110101
111110010
101101110
110110111
110011101
111100101
100101111
111011010
010111011
001011111
101111011
110111011
011101110
000111111
100111011
110111101
111001101
110111110
011101111
001111111
110111100
011111100
111101001
101011110
101101110
111100101
101001111
011111011
011110101
111011111
011111101
110101011
111010101
110010111
011011101
111011011
110101101
111110011
111101100
110001111
101111100
100111111
101111110
111011100
011101011
001111101
110011011
011101111
011110111
110111101
110111111
111101011
111011010
101101011
111111010
110111011
001111111
111101010
011110111
111111100
011111101
101111110
111011101
111011001
011011111
101101011
001011111
111011110
010111110
001111011
111011001
101101011
111100111
100011111
100111110
110011101
111111011
101111110
111001011
101100111
010110111
111101010
111011001
100111101
101110111
101111001
110101101
101101110
101101110
111010111
111001101
111011001
111011001
011011011
111111011
011011101
111101101
101011111
111010111
101101011
011100111
111101010
011111001
110101011
011111001
111110010
111010110
111110101
101111101
101110011
110101110
111001111
111001101
011001111
111101011
101111011
111100110
110110110
110101111
111100011
010111011
110111110
111111101
110111001
001111111
110110011
101010111
110011101
101111011
111000111
101111001
111010111
010111011
111001111
011011111
111101111
111011111
110110101
111010111
100111111
011110011
111101101
101001111
111111110
100111011
101111111
111100101
101101111
001111111
101011111
111010101
101111001
011111011
110001111
011111110
111111111
111000111
110011110
110011011
101111011
001110111
111111001
111110100
011111010
111110100
111111100
111111010
100011111
111011010
001110111
111110011
110111011
011101111
110101101
110111101
111111110
101111100
011011111
001011111
110011111
011101011
101011011
110001111
110011101
111101001
101110110
010101111
011100111
001111111
011110111
011101111
111101101
110101110
011101110
010111101
011011011
110111110
111101110
111111010
110011101
111100111
011110011
101001111
111011101
111001110
111101110
111101100
010101111
110111011
101111111
110101101
110011011
111011111
101110110
111111000
111011010
110011111
101011101
101111101
111011001
111001111
101110011
100101111
111101111
111001111
011110011
110010111
111010101
011111001
110110110
011011111
100111110
011111111
011111011
101101011
110100111
111111010
111010101
111111110
111100011
110111100
101101110
011110011
111001110
111111010
100111011
110011101
011111101
111010101
101011111
101011011
111011101
111101011
101110110
110111011
101110110
010011111
111110011
110110110
110011101
111110110
011111010
111001101
110111101
101010111
011111100
110001111
101101110
111011110
111111110
110011111
111111110
011011111
111110110
110111110
011011101
011011111
101111011
011101011
101111110
111111101
010111111
101001111
010111110
111011001
111000111
111101110
011011111
110110110
010111110
111111101
111010011
111111001
110101011
101101111
101110101
101111010
111100101
111010011
111011001
011100111
111110001
110111110
011110111
100111111
111110001
110111111
001110111
101101110
110111010
111011001
010111111
110110011
111011011
101010111
010111101
011110111
001101111
110111011
101111110
111111111
101100111
011111101
111011011
100111111
101011110
011011111
111001110
100011111
011111110
111101110
111010101
011111110
011110111
111001101
111001011
111111000
100101111
111111101
011111101
000111111
101111111
101101101
110111011
001011111
011111101
111011010
001101111
000111111
111101001
101101110
110001111
111111100
111001111
110001111
101111011
011111010
101111100
011111010
111011111
101111011
111011011
001111110
101110111
110101111
111010101
110110111
000111111
111111100
101001111
011100111
111000111
111111000
110100111
101111110
110011011
100011111
101100111
110110101
111000111
110111011
001011111
011011110
011100111
011110110
111111101
101111011
100011111
011110101
101011111
111010101
110111101
101111111
100111110
111101111
011111101
100111011
011100111
011101110
111011010
011110111
011011111
111011100
111110010
111111101
011111101
011111101
101111011
111011111
011100111
110011111
111010111
111011101
001111110
011110110
111110100
111100110
111001110
011101111
111111000
111001011
001111110
101111101
011011101
101111001
111100111
101110101
101110011
111000111
011110011
111110100
011011011
011011101
001111011
110111010
111100111
111100111
011111111
111111101
011011011
011111010
111110011
010111101
111111101
011110111
011111011
101011111
011111100
101010111
100101111
110100111
101110101
110101011
011011101
011111100
111001101
111110110
111111001
101001111
011110011
111001011
110011101
001111111
111011011
101101111
101110101
111100101
110111011
111110010
011001111
111011101
111101111
111111101
011110111
101111011
011110111
110101011
011111110
110101011
010111011
101110101
001101111
111111101
101111110
111111001
101111100
111110001
001111111
011100111
110111100
110111111
101110110
100111111
111110011
101110011
001111011
011100111
011101111
110111001
111111010
110110101
111110010
110101111
100011111
111111010
101101101
110110101
011011101
110110011
111011101
010111101
101011111
010111110
111111100
110001111
010111011
011011110
111110011
101111100
011100111
101111100
111110001
110101110
010101111
110101101
101011101
110011101
100101111
001111111
101101111
111101100
111110011
111110011
111011101
111110110
010111101
011101011
111101011
111011101
111011110
101011011
101001111
011111011
111111110
111001011
111110100
111010011
110010111
110011101
110111100
111010110
100110111
110001111
110101111
111101101
010111011
001011111
110110110
011111011
111110010
111111000
011101111
011111010
010101111
111010101
111000111
011101011
010111101
001111111
101001111
111010110
111010011
110111111
010111101
101011110
110111010
001111101
011111001
101010111
011111011
111111000
110110101
101111100
011010111
101010111
100101111
011101011
110011111
010110111
101101111
010111110
010111110
101111110
101111101
011011101
111101001
110101101
001111101
110111011
100111111
111101110
011011011
100101111
111101101
011111101
101110111
111010101
100111011
111101010
001101111
011110101
111001101
111110010
110111101
110101110
011110110
111101100
111100011
111110101
011011111
010111110
010111011
001111110
111101001
101111100
111001011
011101011
111110111
101110011
111111110
111101111
011001111
010111111
110111101
101110110
111100110
111111000
111100011
111100111
110101011
011111011
110111011
111110110
110110110
111111101
111110001
110101101
110101011
111001101
010111111
110110101
100111110
101010111
011110011
001110111
011110101
101111111
010011111
110110101
011111100
110011110
011001111
110110110
111101011
111111001
111110111
110101101
111001101
011001111
110111110
111001101
111111101
011111110
111101111
111101110
001110111
101011110
111111011
011011101
111100111
110111100
111001111
110100111
101101110
111111000
111010110
111101011
101101011
110110101
110110101
111101010
100111110
111010110
100011111
011111011
111110101
111001011
111111101
111110010
011011111
111111011
111100110
111110011
101111001
110101011
110110110
111100111
101011101
111110100
010110111
001011111
111001101
101111001
111101111
110101110
111101101
111111000
100111101
001111110
111100011
111101001
111111011
001011111
111110111
111011001
101001111
111101011
011110011
101111101
011110011
110111110
001111011
101101110
101011111
111011010
110101110
111010101
001101111
111010011
011010111
111100110
001110111
110111011
110110011
011001111
111101110
011111010
110101011
000111111
110111101
110011110
010111110
001110111
111101101
101111110
010111110
110110110
111111010
110110110
111111001
110111100
110101110
100011111
101011111
111111110
101011110
010111011
011011110
111101011
111110010
101011011
110001111
111110001
111110001
110011110
001011111
111110100
101111111
111111101
111111110
101111100
110011110
001111101
111011101
010011111
111011111
101010111
101011110
110110011
110111001
001101111
111101010
100111111
101111101
101011111
101110111
111110010
101110011
111010110
111011001
111101001
101010111
011111100
101111100
011110110
110011110
111011011
111001101
111111111
110111010
111010111
111011110
Time = 0.008s
