n = 15, k = 2, l = 1, m = 57
Expect Resample Times = 0.675614
Result:
101100110011110
010110100110000
001111100001110
100101000111001
000010001111011
111111011110001
011000001000111
011011101101011
110111110100100
010000010110100
101010111011100
001111010111001
101010111000111
001110111110101
011111111110110
011011001101010
011010000001110
010101011110000
100111000000100
110100101101100
100000111011110
011000111100111
101001101000101
011000101000101
011011010010010
000111000110111
101010110100011
011111101011111
111011111111101
011110011000010
101000110000100
001010111111101
101101110011100
011101110001001
010011100000111
011010011100110
101001110001110
010000111101001
010000101101110
001010000100000
011110011100001
010110100101111
111010001100111
000011000000011
111111101001111
110100001000000
000000001101100
000110101101101
101101101110100
011111001101011
101010000000110
111001101100001
000111011000000
001110110110111
101101100101000
010000010110010
011011101000011
Time = 0.006s
