n = 13, k = 3, l = 5, m = 159
Expect Resample Times = 0.433472
Result:
0111111111111
0011111111000
0000001111100
0000110111011
0100110100011
1011010101000
1011101010011
0011011010011
1111010110001
0011101000100
0000111010101
0011101101100
1100101100001
0100101101000
1111010110011
1000010101110
1010110110010
1111101001011
1110001111110
0000111110101
0110111111000
1001100011110
1101110011100
1111000101100
1010001110010
0001110101011
0011011010011
1110100100000
0000111100010
0111010100101
1111001010001
0000101110101
0101010000111
1111110111101
1110110000010
0110111010001
0100111111011
1101010001001
1000100110101
0110010001011
1101001101100
0101101011010
0110001101111
0010011100010
1001010111111
1010010111100
1110000111010
1011001001101
1010011011000
1011001011101
0000101111010
0101010010110
0011110011111
0100111110011
0110000100111
0010011001101
1001101010110
0111000111111
0110001011011
1011110000101
0101000011011
1011011010010
0101001010100
1100100110111
1001111101100
0110011010000
0101110110110
1001001111110
0110010010100
0100010101101
0111101011100
1101110011010
1100010000011
1010101001101
0100101100111
1001011011000
1100111100010
1111010010100
0111010100101
1101110101110
0000011101001
1110011010010
1010010010011
0011110111101
0001101010110
1001101000111
0110100100111
0110011001111
0100011100110
1001010011011
1010111110101
0011101010100
0111101010110
0100101110101
0110000110100
1111011000001
1001000100110
0111001001100
0100100001111
0100000111101
1110100000101
0110001110011
1010100110110
0001011011101
1001100011111
0111100100010
1001011000010
0010100110010
0000111101111
0000110111010
0110010011111
0010100110011
1110101011101
0100011100100
0101000011111
1000111100000
0011011110100
0101111011110
1111000101101
1111100101101
1110111101111
1100011011011
0110100111100
1010100110011
0111111111100
1111000100101
0011000111111
1000110101111
1001111001110
1000101111101
0101110110001
1100010010001
0111000101011
0100001101011
1101000001110
0001011000110
0110001010111
0000101010101
1000011110110
0111010000110
0101101000011
1100010011110
1111000111011
0101011111001
1010111001000
1010010011101
0000100110110
1011111001110
1001101010101
0110001101000
0010111000010
0100111101110
0100101001111
0110011000100
0100011011011
1011111110010
1001000101010
1000010111001
1000101100110
Time = 0.416s
