n = 17, k = 2, l = 11, m = 113
Expect Resample Times = 0.754622
Result:
11100111011111101
01111101101100110
11111011101111011
11110110110010011
11001110011001111
01010111111110011
11010111101010111
10011111001110011
10011101111100011
11110101100111110
10011110001111110
11101101011111111
10011101111110111
01011111110111100
00111110010111011
11111000111101001
01110111001110111
10111101111100011
11111100001011110
11011110011111111
01111110111011110
11010011110010111
10010110111101011
10110110011001111
11110110101101011
11111011101111101
11101100001101111
01111011010101101
11111011100111111
11111101010011010
10110100011111101
01000111111011011
10111011110111011
01111110000111111
11111101111000110
01101111010111101
11011111011111011
00111011100111101
01100111110101011
11011011011111100
01100111111110101
01111011100111001
01000111110111111
01111011111011010
01001100101111111
10001110111011111
01110001101101111
01111110111001010
10101111111100110
11111000111101110
11111011100111110
01100110111101011
01100101111100111
11110111111101011
11001111111101010
11111111011011001
11111011101101110
01110011101111010
11111010101010101
10011111011110001
11111001001111111
11110110110010111
01111110111011110
01111100111011101
10010111111011111
10110011001111011
01011100111101101
01111011100011111
11001001110111101
01101101111101010
10110111011101110
00101111101001111
10111100111100101
01011110001011111
11011111110110011
11111110111100111
01111111011001011
11001111111001101
11010110110101110
01100110111111111
10110010011111110
10101101101011111
01101111000111110
10010111100101111
10101111111000011
10010111011011110
11010011111111011
01111110111101101
00111101111001110
10010111011100111
11010101001011111
01101101111101011
11110101101111100
11110011111110001
11111110111110101
11111110111111001
00110111011011101
11101111110110100
01101011111011111
11111010101101111
01111111000011110
11110001101101101
01101111100001111
11111101111000010
11100110110111100
10110110111110101
01111101101111111
11011010010111101
01000011011111111
01101011111110110
11111011110110010
11111011100111010
11000110011110111
Time = 0.008s
