n = 10, k = 2, l = 3, m = 50
Expect Resample Times = 0.481846
Result:
1101000110
0100001111
1001000100
0011110110
1011011100
0110101111
1100001011
1110000010
0001010010
1010100100
0100011011
0100010101
0101011011
0100011110
1110001001
0101011101
1101010100
0110010010
1010101111
1011010010
0000011010
1101001110
1011100101
1100000001
1001100101
1011101000
0100011001
0110100100
0001110101
1100011111
0111111001
0011010101
0001011011
0011000001
0011001110
0101100101
1010010110
0101010100
0110100111
1110011110
1001001100
1011111011
0101010111
0000101011
0010001111
0101100000
1101100101
0010000011
0011001010
1110101001
Time = 0.01s
