n = 12, k = 4, l = 7, m = 1831
Expect Resample Times = 0.377158
Result:
101011101110
011111110001
001010111110
100101100111
001111100111
110111011100
101001011111
110010111110
101111010101
100101110111
110110010101
101110111101
110111011000
011101010101
011110011001
111011001111
100111010011
010011001111
100111101111
001110111101
100111111110
101011110010
001111111010
111001110010
100111110001
011101100101
010111110111
111100011011
010110100111
011111110111
110111011000
100111011101
111010011100
110011010011
101001001111
010111011101
110001111001
111001111010
101011011100
001110111010
111111010001
111010110100
110110001110
111101010111
011111001100
111110110010
011011010101
111111001011
111100111110
111001011001
001111011010
111111100001
011110111001
011001110101
000111111011
010110110011
110111011110
111000011111
001011111010
111011010100
011011110111
011001111100
100101101110
110100101111
100111011001
110111001110
001011001111
000011111110
011111111110
111001101101
111110011010
000110011111
101111011001
001111011101
010011011110
011001101101
010110001111
000111011011
010111101111
110110101111
100110101111
101101101110
111110011011
111100111110
111110100101
111011100011
111001111101
111000011101
100101101110
110011001110
101111100010
110110111001
111100011011
110011110100
001010111111
111100011010
000001111111
011111000110
011100110011
010011001111
101100111101
011101011010
001011110011
011111001011
010111011001
111101111111
111101000101
010011110110
001101101101
101101010111
100011111101
101111101001
101001011111
101001110011
011101111101
111111100101
111011110000
110001111100
111101110111
011110110011
001110110110
111101101100
111010100111
110110011100
111011110000
111011001111
100110101110
010111111100
101110011101
110111111110
010011011011
011101011100
111000101101
110111101111
111010110001
101000011111
111010110101
011110101001
101010011101
010111011010
111110100110
101001110111
011111110101
011110100101
001101010111
110111110001
111011011100
001101111101
001110100111
111001011100
111010001110
011110110111
111011010011
111101011110
010111101111
001010110111
101111010001
111001011100
111011000101
101000011111
011011101101
011011011110
111000111010
101111101101
101010111010
111001010110
111011111110
111100110100
010111111000
101100011011
100001111110
101010011101
111011011100
111011111000
101100010111
011011010110
101010011011
111011100001
101010100111
110001011101
111110100100
010100011111
100001101111
011111010111
011101111000
100001111101
100101011101
110100010111
111000111110
110100110101
100011010111
101011011110
101101100111
011011011010
010100111011
111000101110
011110001110
110010101110
111001100111
011000111101
111011111000
011111101010
011011101101
110001101110
111100111000
111001001101
010110101101
101010011011
100111011111
110011101001
111110001001
111111011100
101111111001
110111010101
011011011111
110001001111
001000111111
011010110101
011011111101
111101111011
110011010111
101101010111
111010100011
011011111111
001111111011
110100101101
110010110110
111001001111
110011110100
110001101111
001001101111
100110111101
010111011101
111011101011
000101101111
110111110101
011101111000
111100001110
111110111111
111111011000
110011011101
111101111110
101010111101
101101010111
111101001110
110111110011
111101100010
110001110101
000011110111
111010110011
101011011001
100011101111
111101100110
101001011101
100011101110
011000111101
001110111111
101100111110
111110100110
111010101101
101111100101
110100011101
111000010111
010111101100
110101110101
110011100011
011010111110
111101100110
100111101010
110100111100
011100111110
100111111111
011001101110
011111010110
000111011011
010111011001
011001101101
101111001111
011011100101
010001111111
111111111000
111111000001
111101010001
101110011100
111100010110
110111010010
011011010110
001010111111
111011111011
110001111011
000110101111
001111110111
111011111111
101100011101
010110111011
110111010110
101110100011
011110001101
111100010111
010011111101
011101101111
111111111011
111010001011
110000011111
011010011011
010011111101
101110001111
110110110111
110011011100
011111101001
011110100011
100111011100
100101101111
101011001110
111111011011
111111000110
110011011111
111101010110
011011011011
110111000101
101111001100
010011101110
111010010011
111010011010
100111011100
011100111110
011010111011
110111100001
011101001101
111110011010
101110101010
111001110101
000111100111
011111011111
101001110011
001011010111
010101110111
010111101011
011110110011
111011100111
100100111011
110001110111
110010111011
111011001001
011111110111
011111000111
010101110101
111100110111
000101011111
111110011011
111111110101
011111111101
111001101111
111111100110
111110110000
101101111010
001111111011
111001111111
011101001111
101011111101
011001010111
011111100100
101011011010
010011100111
110011111111
000111010111
010111110110
101101110101
100111110111
111111001011
101100011011
111110110011
111001110100
011111101010
011110111111
111100101001
110001111111
010101110111
111101100100
000011101111
001111100110
101101101101
001110111011
011011010101
011110000111
101101110110
100101101101
001101101101
011110101010
010101100111
011101011010
110111011110
011111001100
010111101100
001100111111
011000111011
101101011100
110000011111
110111100011
110110100101
110100101111
101111010010
101110001011
101110101100
010001111011
110100111101
110111000110
110101100011
001111100110
011010011111
101101011101
010101010111
110101011010
101001011110
011110010111
011101011001
110110010111
111100011101
110011100110
101100111100
011101111000
111101011110
111110010010
101111111101
101111101101
110111110100
110100111111
011110111100
011001101110
100011110101
101010110101
011001101011
111110010100
110110011110
101101111110
001111110001
101100101110
000111110110
110110010111
010111110001
101110011111
001011101101
111001100011
001111111010
000110110111
100101011011
110101011111
001100101111
111111110000
100111110011
110110010101
001001111111
110110100011
010111001111
011110001111
010011110101
111100110100
001111100011
011101010111
011111111000
010111110111
011011010110
110111001010
001011101111
010101011011
110111100110
011011101111
011011011010
101101001111
000101111101
100011111010
111101011101
011111010111
101011000111
101111011000
110101011101
111000101110
111110111010
011011101110
011111000110
111011101100
101011010110
111011000110
100111111101
111000001111
100111010011
101010011111
110101101001
100111011111
111111110111
100111100101
101111101101
101111001100
101011011001
101110011110
101001100111
101101100011
011111000011
000110011111
100111000111
101110111001
101011011010
000110011111
110101011101
011011011110
100111101111
011011111111
011011011001
111110101011
111110110001
010011010111
101100111110
111000010111
111011101110
101011011111
110101011101
101111111010
111010101010
111111111011
101001111101
011011111111
111011010001
011100010111
011101100101
010111110010
011110110100
111111111101
011011100110
111011010111
011011100111
001110111010
111100101101
110111100001
001101110110
100101101011
010011011101
110111010101
101011011111
001111011001
010111000111
110011001011
101010110101
101111101010
111011110010
111001000111
001011011111
111011010011
011111000110
011101010111
100101110110
110011101011
000111011101
011111010010
011011010011
001111100111
010111111110
111100010110
010111100101
001011011011
111011001100
111100111100
111110110010
111000110111
000111101110
100110101111
100101010111
111101011001
101100111001
111000011101
000011111011
011011111011
100111001011
111110111111
111101110111
001101110101
110111101000
011111111100
111001010101
111000101101
100001101111
110011010101
110111011100
110101100011
001111110100
111101010010
101101011010
110111110010
010111111110
110101111001
010111011110
110111100101
110110100011
011100111110
111011111111
101111101001
011110001110
110110110010
111101000111
100101111111
111011110000
101110110101
111111110010
111110100110
110011111011
110110111100
111111011010
001111111010
001010101111
111011111110
101111101011
100110011110
010110110110
110011001101
001011110101
111100011011
101101011101
111101110110
101111111010
111001011010
111111101011
110101111100
111011101011
111110100111
110111110101
011110011001
011100010111
110001101111
010111110110
011111111101
110011101100
110010110111
111001001111
011000111101
010111100011
111011100001
101010110101
111001011111
111010010011
101000111110
011101101001
100011011011
011110110111
101001011110
011001001111
110011101111
101101111101
111111000011
101110110110
101000011111
101111101101
001101111101
110011101100
011110100111
111110010010
111111001101
100011111001
001110111011
110111010111
110011110101
101011010111
001011101101
001111111101
010011011111
110110111010
110011110111
100111010011
011001111011
011110101100
011100111110
011011110111
111010010101
001110011011
100011101011
111110000110
110110000111
011101011111
111101100011
011110111011
011001111010
000101111111
110001110101
011010101110
110011101110
011010001111
101111001100
001110110110
011001111010
011101101010
011100011011
110101011001
011001001111
010111101011
101101110101
101110101011
011101111011
000111010111
010011111100
111110100101
101011111110
111110011101
111111100000
001001111011
111010101011
011101100110
001111110110
111001010101
011010010111
110111001110
001001101111
001111101101
111010111100
100110001111
010011111001
101011110011
101001010111
100111100111
101011111101
111110101100
111010110110
110101011100
111101001111
111000111010
101000111110
110110011100
111101100101
101010011011
101101010111
111000110101
110111001110
111101011101
110001111010
011001110110
011111011011
101011010011
001111111110
111100111011
110111000110
100011111111
110011011100
100110110011
110101110101
101101101100
111111011111
111110110110
111101011110
100111010101
111111101110
011111001101
100111101011
101011101101
101011001101
010110011110
010100111101
011010101111
110100110101
110110101110
110110001011
010111110110
001101111110
100101111100
111110000110
110101100101
011110110010
111111001101
011101110010
101110001101
011001110110
101111001101
111110110111
010110111110
011101101100
011001110011
011001111100
110111010011
110001011111
001101010111
110000101111
011011011111
111101001100
111110001010
110111011110
111110011000
111010110101
111001001111
001111110011
111001010110
101111101100
110110110011
111001101110
001011110101
110101001111
111111001000
000111110101
101111100011
001111010110
010110010111
101011111011
010101011111
111110100101
110100111101
011000101111
110110101101
111001010011
001011111010
101101011100
100111100101
000101111101
001111001011
101010011110
110101010110
101111110010
101011100011
110101111000
101110111000
011111010011
111101000011
101101101011
001111011011
100011101101
101001110110
101001110101
101111111100
001111101001
010111111011
111111000001
101010111111
111111100101
001000111111
111110111011
110111100111
100010011111
101110000111
101001101111
101110100111
101101011100
110011010011
000101111101
111111001010
100001111110
111111101101
111000111101
110101001111
110000111111
111001011110
100101111110
001001111110
011110011101
101101001011
101100110011
101111100010
001111001011
000111011110
101001111010
111110101010
101111001110
111110110111
110111101111
110101101111
001010111011
011101011100
000111101111
010010111011
011011101100
011101110101
111000110110
101101001111
001001011111
101111011110
011111010010
101101111001
010111111100
001011110101
001111111101
111100110111
110011110111
010011101101
011110010110
011010111010
101101110111
011111100111
011101111110
010010011111
110011101100
111110011100
110111110111
001011111010
100001101111
010011111011
111011101001
011101110001
011001110110
110110001110
100100111011
101010111001
111110010010
000111111010
111100111101
011110110010
110010111001
111110111000
101110001011
010111110011
101111101110
111011011000
111010011100
011111100111
111011010100
111010110101
000111011111
111100000111
000111111010
111001010110
010110110110
011011001111
011111101010
011111101110
011011110111
010011011110
111010010101
011110110101
011100101110
110100101111
111100111000
001010111110
000101111111
101100111101
000011111101
101010101111
100110110111
011110000111
101010111101
111100011010
111110001101
010111010101
011101100011
010001111011
011110110110
101110011111
111110010001
010101111011
101111010100
010111111100
111111110000
011110111110
110111111101
100001011111
101110111010
111011110101
101110100011
011111110110
111011111111
010011111010
011010100111
101110110011
111110010101
011010011110
100101101101
011110011001
101100111110
110101000111
011100101111
100101101110
110101111111
110111101000
101100111001
110100110111
110101000111
110101110010
111110100111
100111111011
001010011111
100110110111
100011111100
101011101011
001111010011
110010111011
011111011110
111101010110
110111011001
111110101100
100111111001
011111111100
011011110111
111011110001
101110011100
010101110110
100011111001
111100110100
101101010111
110011101100
111111000010
111110101110
101100110101
011110011111
011111100001
100110011101
110111011001
011011111011
111000101101
111111000001
000111111001
110101101010
111101010101
110101011100
000101111101
110110110111
011101100011
101110110011
111011100101
110110110011
111111010100
111100010101
010011101101
001010111101
111011001010
110101011110
111011111111
001101011111
001100111111
100101101101
110011011001
111110101111
111010100110
011101010101
101011101011
111010110011
111111010001
111110001100
000010111111
101111101110
001111101001
110100110101
101000011111
011101101100
110000111101
101010110011
101111110010
111000011011
111010011100
111011010101
111101010011
110111111000
010111111100
110110011010
000111101111
110101110101
110010101101
000111110110
101111001110
101010110011
101101011100
011011101100
011010101011
100111101111
001101111111
000111010111
111111111111
011111111001
100101111111
111111110010
111101011001
011011101100
010110111001
111011110111
101101111111
000011011111
011011101001
001110011111
100010111110
011101111110
001111111011
001110111011
001111010110
101011111000
110110111101
011001110110
011011111111
111110010011
111100010011
010101111011
111111101111
111100101011
110111100001
011010011101
111101001100
101101101111
110110101100
110010011011
011011011010
101001110110
011001100111
101110101101
111100111110
000011111110
001101110110
101001011111
110110011011
111101010111
111101100001
010111011101
011111010111
111110101110
001011111011
110110110100
111100111111
110110010111
111101011101
011111000111
000110111101
111111101010
101001110110
111010010110
110111010011
110001111001
101110111110
001111101111
010111100110
111110010010
110011101011
011101101101
100111100110
010110111101
100111110101
011010111011
111110010110
101111100101
110010110011
011111111110
011101101001
111011110111
011110101100
011111011101
111111100110
101110110110
110011110001
111011001101
011110101110
011100101011
100111011011
110110100110
101111001111
110111111111
110010011011
100010111011
101110110101
101111100100
101010101011
011101101001
011100111010
111000100111
101101111110
011111110000
111001100110
110110111001
001111011101
111100110011
010101010111
101110111000
110110001101
110110011001
011100101101
011111001111
111110000110
111011001100
100111111000
011111111000
001111101111
111011101001
101010111101
111011110111
101111110101
100111011111
011010011111
001101111011
110011110010
001111111000
110111110110
111101111100
111111001101
101110010110
001001011111
111001101110
111101010100
110011110101
011110110011
100110011110
101111110101
011110111110
110011011111
101011101110
110101101110
101001111101
011110101001
111101111100
000111101011
110111010001
111011111000
111111100100
011011100101
100101101110
100111111110
110101110111
110100110111
111000111110
101111001001
101111011111
111011100100
001010101111
111011111101
111100101110
111100110010
101101001111
101111101000
111101010100
110110111101
101110110011
111001011101
101010101101
110111001110
010011110110
110111111000
111001110011
101100101110
111010111001
100101111011
100111001110
110011100110
111011001111
000111100111
001011101101
011011110001
111110111000
111110110001
110101110101
101111010111
011101110101
111101110001
101111010110
011111100110
010101111111
111100011101
101001111101
101001101011
110110011110
110111001101
111100111111
101101011101
111011010100
011101110001
000111001111
110101011011
101001011101
111001011011
001111000111
111100011101
101011001110
111010111011
100110110110
100111011100
111110000110
110101110010
111000111101
100101010111
100100011111
000001111111
011101011100
101101011011
011010111011
100110111010
111110111001
011110011100
101010100111
001111001111
101011000111
111010000111
010111010111
101110011110
101111101110
101111111110
101010001111
110011111011
101110001110
110111111111
001111101101
101111111001
010010110111
101000111110
001101011101
010101011110
110101010101
001101001111
100111011011
101011100110
011001101011
110010001111
111010111111
101010111111
111010110001
110111110010
101101001110
110011001110
110110011101
111111101010
111110010011
101110001111
101101101010
100100111111
101100111111
101111111101
010010101111
101011110111
101111000011
101110100110
111010111000
101100011011
101010111011
100111110011
111000011011
111010010110
011110011001
110101111100
101101111001
011100011111
010111011011
111010110111
100111101110
110001110110
110001110101
010100111110
011101111001
101010101110
110010100111
010010101111
111100110010
001110111100
100011010111
101010110101
011111010010
011101111010
100101111011
001010111111
111011011101
001101111100
110101000111
111110110101
011010111011
000111101111
111001001101
001111100101
011011100101
010101101011
010101110110
111011010101
110010010111
111001101011
101110110110
111111011000
101011101101
000111101011
000110101111
011111101000
010111111010
101110111100
111110110001
111110111001
001111101111
111110001011
110110011110
100101101011
111100010011
111010111001
111010001101
101000011111
111111000111
101111100110
110101010011
110000110111
111100001101
010110111001
000111111111
011111101110
111001111000
110101101011
010111111101
011101010110
111010111001
101100110101
110111111011
101011011101
101101010111
011111100100
111100111100
100101110101
011110001110
110110101011
001110111111
011111101101
110101011101
110011110101
010101111011
110101100110
100001011111
101011110011
100101111111
010111010110
111110100001
011111111100
111100010110
111110010100
010001101111
111011111000
011111011101
011100011011
110110100101
110001101011
111011100100
010111101100
110101101010
101100110101
100001111110
011111010010
000111111110
111010001101
111101101000
011111100010
110001101110
101011001011
110111010011
110011101101
001001110111
010101011110
101110110010
101110111000
111010011100
110111111101
111110001100
111110000101
100111100011
011111100011
111101011000
110110011101
011001111101
110101011011
001111010110
111100101011
101001111111
000011111011
111011100111
101100001111
001011101111
110111101010
011000101111
110010101110
011101110110
111100001111
010011111011
111111110110
100101011101
010100011111
100101110110
111011101011
011011101111
110100011101
110111011111
110101101100
110111000011
000101111101
100101101011
011110111100
110101011010
101011101001
010101110110
111111111110
011111101101
110111111111
010100111011
101111110010
110111010111
100111101100
101111001111
101101000111
011010100111
001101111011
010111101011
010111101100
111110100011
011001101011
100111100011
011111011101
010111101111
101101100011
110101110010
101101011110
100111101101
100101101111
011011101010
001011111101
101011100110
011001011101
101100011101
011110011001
110111010010
110101111100
100101111101
110100101110
101011001110
100111100111
010111101010
110111010100
011101011101
101010100111
011111011001
111101010001
000101111110
001110111011
011100011111
110111001101
001111101100
111110001010
011110111110
110111000111
100101110110
100001101111
011111111010
111011000111
001110110110
001100110111
111010001101
011110011001
011101010111
111011000011
101110111001
000111001111
000110110111
010001011111
111100110101
101110101100
011110111101
101111010110
110101100110
111010001110
110001110011
111011111100
111100111111
101010111001
111010100011
110101010111
010111011010
110000111011
111010100110
101001100111
000111011011
001111010111
001111100111
101111111001
110101100110
110110110110
110100110101
101010011110
111011111010
100110101101
101111011110
101101010110
101110111000
010110101011
011101111110
110010011101
101111011011
111110100101
101011100101
011011011101
110100111100
000101111110
111101000011
110011001011
001100111111
101110100111
010011111111
001101011101
110111100010
101010110101
010111011101
100111111010
111001011110
001011101111
111100011010
100010110111
010010011111
110011100111
010110010111
110000101111
111010010110
100010111110
110110011011
111011001101
100011001111
101011010111
110001001111
001011001111
101110100101
111111100010
110111111101
111001110111
110111111001
101111010110
111111100001
111010111010
110111111110
011111000101
010011111001
001101110101
101101100011
111110101110
011001011101
100101111100
101011111011
001101111101
111101111110
110011110101
101100011011
111101100100
101110111101
100101011101
110100011111
110011011111
011000111011
011111100111
100100011111
001110111001
000101111111
101101101101
010110101011
011110110111
111100101011
101101010101
111111010011
010111011011
101101101111
101011011011
111101010011
011110010011
001110011110
100110101101
011111011011
100001011111
111011101010
010101100111
011110101100
111011110110
100111001111
011111001101
111010110101
111101001001
100110011011
111111111011
111001001011
111110000011
010011011011
111001011111
110001110111
011011101001
111011010100
101100110101
100011110110
110001111001
100110111101
100111110010
000111110011
110010111100
111001111110
010110101111
010111001110
011011101010
100101111001
010110110111
101110011011
110101110011
010111001110
101011101011
110111100011
101010111110
011001111100
111100101111
010011101110
011011101111
111110010011
010011001111
111101011010
101001011101
110100011111
100011110111
110111010001
010110101111
100101111110
001111111111
110100111110
110001110101
101111011010
101101000111
111001110111
101011000111
100011011101
111111000110
100001011111
001011101110
101111100111
111110010111
101000111011
110011100011
101011000111
111110100010
111100010101
111011101000
010111101110
101100111100
110001111100
010011011101
011100011111
001011101101
110100101101
100110011011
100110110101
101001011110
111011010111
111010111101
100011110011
100111100111
110111110011
100001111011
011000111101
011111110000
110111000111
111001111011
011110111111
110010011110
100101111100
001111111111
011010111100
010111110111
001111111101
111100011100
010111111110
110111110101
011110011111
111010110010
011111010110
101111101101
111110101111
011010111100
111010010111
101111100110
100110110101
111110001100
001101011101
110100111001
111010010111
011110001101
001010110111
110010011101
111001100110
110101100011
011010110101
101010011111
111101001111
110110111010
011111010101
110010011111
100001011111
101011111110
001110101111
100111011001
010110110110
110100011011
001110010111
101010101110
001111101110
001101101110
111010111100
001110011101
111010101100
000101110111
101100111011
101011100111
111101101100
111011011101
110111000110
011010011111
110111100101
001000111111
000111011011
110101111100
101001110111
111101111101
001111110101
111100111110
100110011011
110101001101
111111111111
100011101111
100111110010
100111011101
111110110110
111010101100
001110111011
101101101101
011101111110
111011000110
100110101011
110011111011
010111110001
010110101101
111111101111
101101100101
110010101101
011111101011
110011100011
111110001010
101111000110
011110110011
110100111111
100011111011
010110100111
110111101000
110101100110
111000111010
001111111111
111001111000
111100010111
001110111100
011001110111
010111010111
Time = 0.078s
