n = 15, k = 4, l = 9, m = 1866
Expect Resample Times = 0.400114
Result:
111101100111100
010110111110010
110011111000111
011101111101111
110111101100110
101001101101110
110111110111101
010111001110011
101111011101010
101111101101111
011001110111001
101111011001101
011010011110101
110010111111001
110111001011100
100111100110111
011011101001110
001111111001110
110011111011000
110010101110011
001110011111111
011111000011111
001010111110111
001111010101101
011011111011000
110010110110110
011011101011111
010111000111110
111111000011001
000110110111111
111001011111010
011011111010111
111101001110110
101101010110011
101101111111100
010110111111000
111100011101100
010010001111111
100101111111111
011100010011111
111101111011110
101110101111110
111010101011011
100110110101011
110101111110101
011001011101111
111010101101101
101011111110000
011001011111001
111110001100011
111011101101010
011110110001111
111101101101110
111101011011101
010111001101110
111111010101010
011100011111101
101101111111100
100110111000111
111001101001011
010011111011001
110001111101010
011110101101011
011110010110101
010111110101111
011000011111110
110111110010100
101101110000111
001110110111111
011111111101011
011101001011101
100111001001111
110011011010011
001101011110101
111111010011100
011001010110111
011101111001010
001111010111011
010111010110110
111111111011111
111001001101110
110110101111001
110101111111111
111011011011111
101111111101010
101111111010111
101110110110001
110011011011101
101110111011010
010111011010111
010011101110011
010011011111001
111101011100110
101001011011111
110011111011001
100110101101110
101100010111011
111110001111010
101110110110110
100110010011111
101010111100011
111111101100000
010010111101101
101101101001101
101011100011111
010111111001001
100111100111001
100110001101111
111011010111011
101111001001011
101101000111111
111111110101110
011011100011011
111001011011111
011101110010101
011101010110110
010011011110011
111001010111110
111001010011111
100101111111111
110110000101111
101001111011101
111000110110101
111101001011010
101110110111111
111111111111100
001111101110111
111101101100011
111100111110001
111100100100111
111000100111011
111101110001100
010111111011100
101011010011011
110111110001110
111101011001100
100111101100011
101110010111001
101001011010111
111000111110100
011010101111100
101101001011111
111100000111011
101110111101110
011111110111111
101110010101110
111010011011100
011111111100111
111110011101011
110001111101001
111011011110011
110111111101000
101101010011011
011111110001101
111011101010100
011101111101101
111101000110011
101000010111111
011101111110001
111000011111011
010111110101010
010001111110111
011101000101111
011101111100011
110111011010010
111000111001011
111111100001110
011111100110011
110110100111110
111001111100110
101110101110110
011110011001111
100111101010101
111100101111111
101100111111011
100110111111100
101010111110101
111110111000011
010110110111111
001101010111101
101011011001111
111110111111001
110011101000111
110110101100110
110111100110011
100011111001101
110111011010100
111011110011001
111011110100001
100111011101101
010110111111110
111000111111010
000111010101111
001110111100111
101110101110010
101111001010111
001011001101111
110001111010101
111110011101000
111111110111101
100111111101111
011110100111011
011101111010100
110011011111010
101101001010111
101111110001111
111110010000111
100011110111010
111011010001110
001101111010111
111011110011101
101111111010100
001010101110111
110111111001110
101111111100111
011110100011110
001100011110111
111100011101110
111101100111011
110110011101001
101010011110111
101111010011110
111011101100100
111110111010111
100011011111010
111000011111001
010110011110011
101100011110011
111111000111100
001001111101101
110111111011011
111111100101110
000111111010101
111011110011000
010010111110011
111010010110011
101101001011011
100111111110001
111100000011111
101111011100111
011011110010011
100001111110011
101111101011011
100100110111011
111100010011111
100111110001110
001111101100111
010011101100111
100110101111011
110010011101111
001011000111111
110001101110111
110111100011110
110001010101111
011000110111110
111100110101100
011011011011110
101101101110110
010111111101000
100101101110101
011111001100110
111110111100001
110110010110110
001011111011010
011011100001111
110111101111001
011110111101110
110010101110011
110111011101001
011111110110101
011111011010011
011010111110010
111100011011100
101000110111101
011010010011111
001111111101010
111010110101011
110101101010101
111101100110011
011111010110011
111011100110111
111100000101111
111100100011011
011100111100101
000111010111111
111011101100010
111101110110000
101111001110010
110101110111000
100110001111101
111001011110100
111010111010011
001010111111010
111101110010100
100101111111111
000111111110001
010111110101111
010111101110011
011011110100111
111010010110110
011110111100100
110001111100101
011111010111011
111110000111011
011101111011100
100000111111111
111100001101111
111100011111100
100100111101110
101010101111101
111100110001110
011111001111110
000101111111010
001011110011011
111111011000101
111100011011100
110110010011101
100101111110010
100110110101011
011011111100110
011010010111111
111110100011111
110010111111110
011011100011011
011000101111101
111011010111111
110111111100111
011111000110110
011110111011101
110110110011101
110011011101011
110010101001111
100111110111100
101001101110011
000110111001111
100101101111111
101110110011010
101111010001011
111011100011101
001111010110011
110101110011011
111101100011001
111101010110110
110000111111011
011111110111010
110011110111010
010010101111011
111011000011011
101001111110111
011011010101110
101001101011011
010110011100111
111110111110111
110011100111001
111010111101110
100111111011100
100111110110110
101111010010111
111110000101111
111010110101011
101111111010011
010111000011111
111101100001111
010110101111010
010011000111111
100110110110101
101101101011010
110011011011111
111110011110100
101111010101100
110011100011011
011110001110101
111011100001101
111110111110010
111101000010111
011111011100011
011001110101111
110110011011011
110111001100111
110101101110111
001011001111111
101101011111111
001011111111111
110101110111011
110110111110101
111111000110010
110111010111101
011011101001111
100000111111101
001101110011011
001111111111111
111111011111000
011001011110101
110011101000111
010111110111111
111101011101000
101011011111100
110101010111001
111110011010110
001101100111111
111010111010100
111101110111110
100101011111001
000111101010111
111010101111011
111010001110011
101011111011001
101000011011111
001111111111000
110100101111101
110101101001101
100111010100111
001101101101011
011001001111101
110111111101000
110101001111111
101001111111100
101101011111001
100111011111100
011001101111100
110100111110110
110100101101111
111000111000111
101100110111010
001110101101011
010110101101101
110101011001011
011101100011110
100111111110111
011110101010101
100100111011111
011111001101010
111110011001111
111101101101111
001001111010111
101111111010000
111110100010101
011010111001111
101111011011001
111111101010010
111011100110011
010111011110100
110111110111101
111100101011001
011011111101110
100101011101111
111101010101101
111100011011110
101110110101111
011100010111110
110111001110100
001001110110111
011101011001111
011001111011101
010001111101011
111101010011110
010111000101111
110101111100101
101100111000111
111110011111100
011110100010111
111011111000110
101111010101110
011011100011101
111110110111011
101011101100110
101111100001110
100011111100101
100010110111111
101101100101110
111100100011011
010101010111011
000010111111101
111011110101011
111110000011110
101100011111011
110101111000111
011110100111010
111111100001100
110111101101001
111110100111011
000110011110111
001111110111101
110001110101011
111111110001111
011110100111100
101110011011111
011111111101100
100101111110011
011111010111111
001011111010111
010111101110010
001110111111010
001100011111011
101100111110001
101011110111010
000111011011101
111110011001011
111110100101100
000111100111110
111010010101011
100010111111011
111011111101111
011000111101111
111110011100100
011111111110010
010101001110111
011100100111101
110110010111111
011010111101001
100111010111011
000001101111111
101011110100011
110101110111001
100111011110111
001101010111111
011110111011011
101110001111010
011110011101001
101111111111000
101110011011101
110111101001100
110011111100111
101011110111001
010001111110110
001111101110101
101111000101111
001110111110101
011111100010111
011101101111100
101110110100111
001111011011110
111110001110001
011101111101111
100010110111101
001100111010111
010111111110110
010111111111000
100110111110111
111110010011011
100110110010111
001011011011110
010101111011100
011100101110110
101010110111010
011111011000110
111111000011100
011011110001011
110110010100111
011101100101101
100110110101011
111100011110010
011101101001101
000011111111110
010011011111110
110110110101011
110111101100011
110101010111100
001110010101111
100111011100011
100100011111011
010111110001110
101011011011101
011011110010101
110010001111101
011111001100101
100110111010111
100011010011111
110010100111011
111101110001101
001111011101101
111010010011101
111110111101010
100100011111011
011111100111111
011110010110110
111111100001001
100111101111010
101010011101011
011011110111101
101010101101101
111111011001111
111110100101110
010110111101011
011110110101110
001101111001011
111101011011100
110011011110001
101000101011111
001111101111011
110110111000111
101011111000110
001101111110110
011101001111110
001110001111111
111110010011111
101011010101101
100101111101101
010111100101011
111101110101100
110111110011111
101100110111011
101010110111111
111000111111101
111110101110010
110001101111011
001111111100100
111101001101110
111101010101110
111010010110110
100010111011110
111111000001111
111111111000101
110111101111000
010111111101111
111011000111110
001011010111011
111111110001001
110100110110111
110111010111010
100110111010110
111001111110000
111111101010010
010011111101010
011101011001101
010111101111110
101110001111101
001010111110101
111100101100110
101101101101110
001111001111110
111101101111011
110011101001111
111111001100011
111001010111111
111010110011101
101100111101111
101101011001011
001111110010111
011101010011101
110011111011111
011111010110010
111000110011110
011100101111111
110011111111100
101101101000111
111001010111110
111001000011111
000010111011111
011111010101100
110101110011101
111110110101101
011111001011010
111010110111000
000111110111011
011100111011001
110110011110001
111100111101101
011101100111011
011111000100111
111001100111101
101011011001011
111001111111110
101001111110100
001100111101011
001011111001101
011111100000111
100111011110010
110100110110111
011001111111000
100101111100101
101101001111110
110011100111001
101101110011011
110111110101011
101110010110011
011001110111010
011001101101110
101110100101011
011011101001011
011110001100111
111000111111011
101110101101101
000011101111011
000010111110111
001100101111111
001111010011101
101001101100111
100101111001111
011111010010111
111110000111111
111001111111010
001100111011011
001011011101110
010110111011111
010011011111100
010110110101111
111110111110001
110001101110110
101101101011101
000011101111110
111101101100011
001111001110111
001100011111110
111011101011010
111110010111100
101111001010011
011101110100101
111010011000111
111110101100001
111100011111011
111011010111111
011111110101011
111001011011110
011111101011111
111001011001110
010111110001110
111001111000011
111101011011001
100011110011101
010111110101100
011110101101001
110011100011011
101101110101001
001011010111101
111111001100001
111110100011110
110111010111010
101110110001110
011011100011011
111110001011010
111110111001101
011001111010101
111110100011100
110110110001111
110101110111011
101010010111101
001010111111010
011101011111010
111110111101110
011100111110100
111010111010101
110001101010111
110011011001101
100111111100110
011110110101111
010101010111111
100110111110011
011000111010111
101110111100011
000011110111101
101111000100111
100001110011111
111111001000101
010110011111001
100110001111011
110111110101101
110101010011101
100110101101110
110110011111100
100110111101100
001101110101011
110111010010011
101111110111010
100100011111110
111110010010101
111111101111000
101111001000111
101101101011110
110110111110101
000011011111101
110111110001100
001111111100010
010011111010111
011110001110101
010111110100101
110111001011001
101001111011111
110110100111100
110111011100010
111111100010100
101110101111101
110011111010010
110101110011010
001101101100111
110100011011011
011001011011011
110101100101111
011111011110110
101101011111011
110010010111110
100111011111111
110101111011101
001011110100111
101011111110110
011011101101100
011111011100010
011111110110001
101111110100101
101101010011110
111100010111110
011011111100101
011010110100111
111111010101101
011110100100111
010111001011111
110011100011110
010110111100011
110011101111011
111001110001110
011111100011010
000101111001111
011010011111010
110110110111011
101011101011111
101111111100100
001101111001110
101110110111110
110111111011011
111111011011010
111010011011010
110101111000110
011100001011111
101101101110101
111011111011110
111100111010111
111001110110100
011101010011011
111001010011110
111011001111100
011100101111110
100110101011110
111001011010011
101100110110111
101101100110011
110101000011111
010110010111101
011111001111010
001111101011101
111101011110000
111001111010101
111110101101000
011110111001111
111111000011111
111001110101010
010111110100011
010100111001111
110110001111110
111001100101110
111110111101100
011111011011000
011011111100010
010111111010010
000010011111111
100110110111110
110110111111011
101111111010101
101001101111010
110010011111011
101011111011111
011110011111000
010101110111011
111001110110010
110110110101100
111010111111011
111001001110111
010111101111101
010111001110111
111110100011100
011001111110100
011001111100101
110111011011010
101111111111110
110100110101101
101011010101111
010111001111111
100110101101011
010111011010011
111110110111110
101011111000111
111100100011101
101111001011101
111111100010001
111111111000001
111111101001000
110011110111111
100011011001111
111110101001001
111101111011111
101111010111001
110101110101110
101111010001110
101101000111111
011011000111111
011111101001100
101110011001101
000111011111100
110001111010111
111001100111001
110110010010111
110000111101011
100011011011110
011101001100111
111110110011101
011110100111010
111010110011100
101111100111111
011111000101110
000111111001011
010100101111110
011110100101110
111100011111100
110101101110111
111110100001110
001111110110111
011110001110101
101111111100000
111111010110000
011110011101111
011011010111001
010101111110111
101101111111100
110011101001101
001011110101110
111011011101110
101011011110110
100001110111110
101001111011010
111110100011110
011101101111111
101011101101101
110011110111011
110110101110111
011101101100011
101111001110110
101010001111111
010111111001101
111000010111101
001111110010011
110111100100110
101100100101111
011000101101111
000111111101111
110110001110111
000011111101110
001110101110101
111110101011000
001011111111100
011111110100010
000011111110111
110101111001011
010110110101111
101001011101101
010000111111011
010011111001111
101010111111001
001010111011101
101001110001111
010011110001111
001111011100110
111011001101011
110101100111101
101001011110110
100011111010101
101111010110101
100010110111111
011110110101111
111111000111110
010101111101010
010101111011011
101111011000111
100111111110001
100011010111011
100111011101100
010110111011101
111000111001110
110110111110011
101101110111101
101110101101011
100011110111101
111010100111001
101010110101110
111110101011111
111101101100001
110001110111111
001111110001111
110111101110111
100011101110101
011111110110100
110101111001010
111111001100110
010111111010011
010101011110011
101100111100110
101000011101111
111011110001111
011000111111100
100100111111100
010101010101111
111111100000111
010101111001011
101000111110011
011110011100011
111110010111111
101001110111010
101011111100101
001111010111010
111011011101100
001101011111101
001101111111010
001011011101101
101111000110101
100111011100101
001110001011111
110111001000111
010010111011011
110111110001111
110111010011100
001110111100011
011110011111111
101111011101101
111100110011001
011011110101101
111100110111011
110110010100111
011101100111001
111010010111001
010011100111101
111011101101101
111110100100111
011001100011111
010111111111111
111100101011010
000110011111111
111001010110110
101110000110111
101011111110110
001110001111110
111100111001111
101110001001111
100011010111101
110110101110011
011110010101011
010110110110011
011110000111011
010110101011111
101001011011011
111001111101100
011111111101001
100011111001011
111110110000110
011111100010111
001111110110001
001101101011011
111101010110101
101111010100110
101111011111101
011011111110111
100111110001110
111100101001011
001111101110101
111101110010100
111111101110010
001111101001111
110010111010111
111011010100111
001110110111010
011101011110100
110100100111101
110111011111100
110101011101010
001101110010111
111101010100110
011100111001101
010011111010111
001111110011001
100101011011110
101010111111111
111011110100110
111110011000011
100111110110101
111011111111000
101110100110110
011111011011000
110100011111100
011011111111110
011110110001011
011010111011111
100111110111010
011110001010111
110011011110100
110110100111001
011011101101001
000111111011010
111000111001111
110111101011101
011101110111000
111011110101101
111111111100110
011001110011111
100111101100110
111100000111101
010101111101110
001011111100011
111010101101010
101101011101111
011111010010011
111111100110110
101111111001101
110110111111101
100110010110111
100111011110110
011101001001111
011000101111111
001111100011101
111101010011110
110100111101010
111101011010010
110001011011111
110110110111011
001111010111010
101101010110110
100111110110111
010111010110101
111011110001011
100111110101011
001111101100101
011011110011001
011111110000011
110000001111111
100111101101001
110101001110011
101110110001101
111110100101101
110100111111011
111111000010111
110001111000111
011011100100111
101011110100111
010101101011101
110011010111111
110101001110101
011110110100110
010100111111100
011101011100111
011101111100101
011100010111110
011011011100101
100001110111101
110011110001101
111010101111000
111010111101000
000111111010110
110101110011100
111100111101111
111001111100100
010111011011011
111100100011111
111110101111001
110111111001111
111000111100101
111110000011110
111000011011111
010110001111011
111011011011010
010111111010101
110110001111100
101001111101100
000110010111111
110111110100011
100101100111011
111011011000110
101111111011011
110110101000111
100101110011101
111111001000011
011011010111100
101001011111110
010111001111100
101001111110111
111011000101110
110110010111001
110110001011110
111001111111010
110011110110010
000110111110011
011111111100010
010011111110011
111111011101011
111000110111101
111101000101111
000101111010111
101100110111001
110001111101101
110110110110010
100110111011100
101101111100001
010111001110111
101111001011001
100101010101111
001110101111010
110111010110110
010111010110110
101111101001100
110011101001011
111110001011011
100111111011010
100111011111100
101111000101011
101001110110111
111111111011001
110100101011111
001001110111110
111111101101111
001001111111001
001100101011111
011011111111101
010111011010101
110111100110110
110101001110110
011011110110011
001111111111011
110111101010100
110111101101011
011110101111101
110001011110111
110011000111011
111011011010001
111111011110111
100101101011011
100101111110101
001111010110111
001001011111111
011111011010100
010001100111111
000111011101011
110011101111010
110100110001111
000110101111101
101011111110111
111111001101100
011110110110110
111111110011100
110011000110111
111001111011001
100110001110111
111011110011111
111010110010110
110010011110101
001110101011101
001110111101001
010010110111011
010111111100111
000011101111111
101101100111111
101001111111111
110101111011111
011110111010101
110100011110101
110111100001110
111001101100111
110000011111011
011111111101100
111001110010011
110101110001101
100111101100111
000111101011101
010111111001011
001110101111110
001111001100111
111100001111101
011010101101110
001111100011111
101111001101011
011011111011110
111110101111001
110001101110110
010101011110011
110010011110111
101001101100111
001111101001011
001101111110010
011011010111100
101111111011000
011110100010111
111001111101110
011011011111111
110010111010101
110101111000101
011111111101110
111000010111101
011111101100101
100111101011011
110101010011101
011111010101111
111111001100111
011111010111010
101011110110001
111110010100110
100011001011111
110101110110100
111111100110100
111100101110111
011110011111101
001111011110111
101111111110001
011111011100101
100101010111111
101101011001011
111000111101100
101101110101011
100101111011100
110011010010111
101101001101011
111101000111001
011111100110110
011001101110011
110111000100111
111110110011001
111000010111110
011101011011100
101010011110011
010001111100111
101100111010011
111100011101101
101010111011100
001111011001101
010101011101011
111110100100111
110111010010101
001100011111110
010111111011000
011001111001011
011011011110001
101101100110111
111011011011011
110011100011011
110011011011100
110001110111110
110100101110111
010101111100101
101110010110011
110000101111011
000011101111110
101011110011010
011101101111000
010111001110011
111011110010110
101101110111001
101110100111101
110011110111001
101111001000111
100110111111100
000011011110111
001111011011101
111011111000011
111100011111000
101101100011111
111101100011001
011011010110011
101111010100110
011011011110011
101111000011110
011111101100001
011110110000111
110111110011101
110001011100111
001101011111011
110111101010001
111111011100010
001110110101111
011111101001011
110111110111101
100010111100111
010001111111100
101111101111011
110110011111101
100110110111111
111001100111100
100011101110101
101101011110111
101011010001111
001011011110110
110111110010001
011100101100111
110001111001101
010110001110111
011011110111010
110011001111011
011111111101001
011110100110011
011111010010011
001110100111110
100111111001110
111110111110101
000110111110110
111100011011111
001110110111010
001001111111001
101111011001110
011101011111111
010011011011111
101111001010110
111110110010010
110001101111011
011001100011111
111010100101101
111110111101111
101110100111001
011001011011101
111001110110100
101001101110110
110011011100011
101011101110111
011110010111100
001101011011111
101010011111011
111110000010111
111100111011100
101011001110011
111111111000000
000111110111100
110110110001011
110010011110111
111100111100110
100111011110110
011111011000111
011110101111000
001011001111110
111011000011101
010111110011001
010111100111111
101111100111101
010110101001111
101111001110111
010101111100110
111110010011010
011111101010111
011011110001110
010101011101111
001011111111001
111101110100001
101010101110110
111100111010011
111111101011010
100110101111011
110010010011111
011101110111010
110111110011011
011110100111011
110111001011001
101111011110100
110101010111011
001001100111111
110111111110110
011010011101111
010111110011110
101111111000111
100111111101100
011110101010101
101101111001100
101000011101111
010110101101011
011110011111100
011011010111001
111010001001111
110111010011111
111110100111110
111000101111001
100110111010011
100111101101001
110111110100111
111101100100110
010111101010011
111110111000100
111111110110000
001111101100111
100101001111011
111010001011111
011010101110110
101010110011111
110101111001111
111000101101101
111011101010101
011100111100101
010101011010111
101100001111111
100111110011101
101011010101111
101101101011001
111011000011011
011111001010011
110111110001111
111101110111110
010111111101100
101011011111111
011011001011111
101101001110111
011111001111010
110010110110110
111000111100101
111100010101111
100111111101010
111101100101011
001110110101011
111111111111111
000011111111101
100111101101110
111111110100110
011000110101111
011001101011101
111011011111011
011100100110111
101011110001011
101111110011011
110010100011111
100010101101111
001011101111100
000111010111110
101110101110001
110001100101111
111110111100101
001111111011000
111100101011010
111010110011111
011110010101110
101110010111101
101001101111111
010001111101110
111101011000110
100110010111110
101011010111010
001101111010111
001100101111011
111101011110000
110010111011110
110100011101101
111101110011101
111100111100110
101101111111001
011010100111110
011101110100111
111101111001000
101101101011001
011001111111101
111011011111101
110110001101110
111111110111010
110111010110101
101110111110101
101001100111101
011001011111101
011100111011011
001111011100011
000111111011001
100001111101110
101011110010111
101010111101011
011101010011011
101101001111101
010111010110011
111000110111010
111111010100110
111011111110111
110110101100101
110101110101101
000101101111101
110111101111101
110111110001010
101101011010101
000110110111111
010011110011110
111001001110110
101101110011101
011101100111011
110101100111101
000101011011111
101101110111000
111001101001101
001111001011110
110110011001011
010001101110111
110001011011110
111100011111101
110101111110101
001100011011111
100011011101011
110111110101110
110100111110101
110011001110110
011110110110100
011001111111001
101111111100101
001110011101101
111001011111001
111010111000111
101110100011110
010111111001111
101111101110001
110010011111001
010101111110011
010110011101110
011100101011111
011110111001110
011111111011111
011111110010001
011000111111110
110111010011011
011010011101101
001111101111001
111010001101110
000111101111100
111011010100011
000110101111101
111001010111100
111100001101111
100111111111001
001110001111111
100111111101010
111111011011100
111111011011010
100111001101101
100111110011101
110101110001111
011111010110111
010111011111100
101110110101111
011001111101010
110011000111111
110111111111110
011111011010111
101101010110101
011101110001111
101011101011101
000111001110111
111111111000001
001110101100111
101100111110001
111101111001011
111101010011010
110001001110111
101101101111100
110011001011110
100110111110110
110011011000111
101111111111010
010111101111001
001101011101110
011101100111001
110111011001111
101011110111111
101110010110011
111101101010101
101100011101011
011101101110001
101111100010011
100111011101010
100111011100111
111101110111101
001111110110110
111011001110001
110110101110101
111101001011010
010110111111101
100101101110111
111011101111100
000101101011111
101111010111110
011011111101110
110110001110111
100011101111001
010100110101111
110111101110000
101100011100111
110111011100111
010110110111111
101111110110010
111000111010011
111101101100111
001101110111101
100010101111110
010011100111111
111010011010101
111100001111101
110100101110110
011001010111101
010111001011011
111101001101101
110101111100111
011111101111111
001111101110010
111111100100111
010111101001011
001101110011011
011010111101010
101101110001101
110111111101110
110000100111111
111011101110110
001111111000101
110101011001110
001110110011011
010110110010111
101110010010111
100111111001100
011110110010110
111100010110101
011011001011011
110011111100010
100110011011101
010011011100111
110011010011110
110111111011111
101101110010101
101110101101011
101110010111100
001111111100100
111010011101111
111100101111100
001111011011100
111011101101100
110110111010010
111001101111100
101101111011101
010011011101011
100111101011010
001100111011110
101111110100010
111101101100011
111010111110100
011111010101011
101100111011110
111000111110110
101001101101110
111101011111101
111100011001111
111100011011110
001101011111101
101111011110011
101011100101101
000011111110011
010011101110011
010101101111001
110111101110101
100010011111111
110101100110101
110111101010011
111111010100110
110111010101010
101000011111111
100010100111111
111101100111101
110110001011111
101111010010011
001111100100111
110101101100011
000111110110011
111110110110011
111010110111011
010110100111110
111011111001001
001110010111011
111110010110011
000110011111111
011100110110011
111011101100111
101110111101000
100001101111101
011001100111110
011110101101101
110111010010111
011010100111110
000001111111111
010011111111111
111111111011110
110010101110011
100011111001101
111100110101101
110010011110110
010110110010111
111101101001001
111010101100101
111100111110001
111011101100011
100111101110001
111011101111101
010110100111011
101111011110010
010111110110011
110001011110011
111010001110111
101011101011011
111011100111110
101011100111111
101010111011101
011101110110100
111101110101000
110011111101111
101111101101010
110001110111111
100110110011101
110001101100111
110011110111100
111111000100111
111111001100001
110101001101110
000111110111101
011110010110110
101111100100110
000111001110111
101010111011100
011111110110011
000111111111011
010100111111110
100010011111110
111110110000101
111110111000011
100101111110011
100011011011110
111110100011100
101010111100011
111011010011110
100111110100111
111110001011111
111010100111110
001111101111010
101010110101111
110111010001101
101101011110101
001110111111111
010111101100111
111111011011000
111010101111000
011111110001110
110111111001011
101001011011101
111011110010001
011110001111110
100011110111011
101101011111000
101101001111101
101111110010011
110011101010101
111111101100100
101110011101001
111110110111010
100100111111100
111110101010111
011110100110011
001101111110100
010001111111111
110111010111011
100111100111011
111001111011101
100111011001110
111111011010001
111001011110001
101000011110111
111110111101110
011111111110100
101111111010100
101010101011011
101101101110111
111100111011011
111100101010101
011111000111001
Time = 0.514s
