n = 15, k = 8, l = 2, m = 6085
Expect Resample Times = 0.367649
Result:
001111101011101
011101100110110
010110010111001
000101001011010
000000011100100
011010001000101
001010010010101
101011010100011
000110101110001
101101000000011
000110000101110
001101000100110
010111011101111
001111101010011
010010100010011
111101111010111
110010000011101
101001010101111
010001111011110
001001001011000
100100111001100
111101111001000
001100001000110
011011100011111
100100101110100
001111010100010
010010100011101
001001101001001
101001010101010
011000110101001
101011101000110
001100010000011
000010010001011
110101110001011
001000001000100
000011010010010
001111111011000
001010011100001
011111100101110
000011111100100
010101011010011
011000111001111
110101111001010
111110001101111
111001100001100
001000101111000
001100100110111
101001000011000
101101011110010
101100110110111
111001100111000
110001010000010
000111011100101
000010000011110
011110011001000
100100001010000
101100010010000
100111010100110
101010001001110
010011011100100
111011111010000
110010001101000
001110111110001
010100001001110
001001100110110
111110010110011
101000001011110
110010111001110
000110000111010
111111000011101
111010110111000
011010001110110
101010000100100
101000101110001
000101111110111
001101111011010
111101111100000
001001010010100
000001100111110
010100111011111
100101001001100
011111110111010
011101001110011
001101101000001
010101101100001
011011111101101
111000011111011
010100101101100
100111001001110
111100100010100
111010111100011
001010001001101
000101101011100
110000010101000
100110100000010
101101100001001
110010111011000
010001111000010
101100101111011
100101010110110
110001111001111
100111001101110
111110101011100
001001110110001
111001110110101
001001111111101
111111111110110
010001000110110
001010011000110
010110100110110
000001010100000
010111011010000
001110111111011
000010011111010
010001111100010
101111000011111
100010111100011
100111111000011
010010101011000
100101001111001
100111000110010
111000111010110
011100000010111
111010101101010
001001100001011
100010111100001
011101101011101
100001111001000
101001011110101
111100010000001
111111100101101
110111110001111
010111101100101
110110111000010
011100101111100
111000111111110
111101001011110
101011100101001
011001100010000
111100100001000
011001010101010
001100000110011
001001000001000
111001010010011
001111101001111
000000011110101
110010101111111
011011110010101
100000111110011
111010100011101
101100010010100
000011111110011
110011101001100
111001010111111
101011101100101
101000110101101
010011011111001
111000011010101
011110011100111
010100011001011
001101100010101
011110000010001
100001000000000
110101110101101
011010101000100
010100001100000
010001001100100
000101101001100
010110110100011
100000101100110
000110011000000
000110001000000
111101000000011
100100011000110
100111000101001
011010001110010
100101111010100
011101011101011
101011011111011
010000011101110
101100010011010
111011001001011
101011001111100
010100000010100
000101101101100
001001010100100
110101001010010
100000011010111
010100110001011
111010000111011
101010010010000
101000001111010
001001100101011
111111111100100
011110100100100
011111101111011
000110100111100
110010001000111
001011100101110
011010011101011
001000001011010
111100100000000
011001000111100
011101001010110
110011000010100
011001001101011
011101001111001
001010011001100
111111010101101
111010010111100
010101110110111
101001100011100
111101111101011
100011101011000
110110101001000
101101110111000
100001101110111
001111110101101
101101101100100
011110111110110
001000101100111
010011001010110
100101101010111
001010100101000
100000110010000
001000011100110
101100101100111
101011010110001
011001011101001
010001100111101
111010101001110
010000100000011
100100100001111
101010111110111
000010000000111
111111010011010
110111111101101
110000110011001
101010001011011
011111110111101
110111011101111
000001010010000
011110001110111
110101001010010
111000110110110
100100011001101
000001100101100
010010110011010
000011001011110
010100011101010
001111101010100
000100001100101
001110111101110
011011100100100
110100000111101
001000110001111
010001110101011
110011001011010
100100011010100
010111100000100
100111010000111
010101001000111
100101000000000
011000011010111
011111111101111
000111110000100
001110000010000
110011000000100
111100011110010
000010001011100
110110100001110
010001011001111
111100000100100
100110010000010
111111100001011
000100101111100
011001100110110
110101100100110
110101100000000
101000100110010
011000110001101
010010000110101
001010101101101
101010001001000
001101001100011
101010100001100
000001100011110
001100111111101
010010100111011
111100101011001
011101110101100
001010110011000
011001011001011
010110011111000
001100110011010
111100001100010
100101010011100
100111010110001
110111101001111
100111001110101
010111011111100
010011010110101
100000011011011
100100100000010
110011110110110
011011001001111
100000110100111
011110100111010
110010010101010
100100111101111
000100011111110
010111101110111
111001001011000
100110010100010
001000111000110
001011101101100
101010100101110
111001001101011
000111111111010
000011010100010
010100000000100
101101111000101
101001001110011
011110110100000
010010001100011
110100111010010
101111100011011
110011011000000
100011000100011
011011010111110
101110001001100
111101000001101
001101111110100
111000010111101
100100110110101
100001101010010
101010100010001
011110111101110
001100101110001
000111000010010
011000010111000
100010101111100
110100001100001
100010010010000
011110010011001
011101111000011
010100100100010
100001010011001
010101100001000
110100011101100
101110010011101
111010010000011
100011110101011
111111110110111
010000010100100
011001111110110
011001011000010
001100101101010
110101010101110
111011101000010
010011000110101
011110000110110
001101100111010
010110000011111
111111001111011
010101010000010
100101110101010
100101111111011
000011010000110
011010100000101
010010011011101
110111111111010
100010000111101
100100100111111
101111001111000
000011101101101
001001111111101
100010100110101
011000011011001
001000010100101
001010100111011
010011110001000
110001001110110
110111101101100
010101000100101
111110101110011
000000010011110
110001111010100
111111010011010
010100011001111
010011000110000
100000010100011
000111110010000
000000100110001
110000111110010
000110001010100
011010011011101
110101001011101
000100010010001
000101011000111
100110000001000
110101101010101
110000101100110
001001011000001
111101011100001
000010011111001
001011111101011
101001101111000
110100010111110
111100010011101
110000001010001
000101010111110
011011000111011
101011111111111
010111111111111
100101101010111
100101110100111
101111100101111
000100011111100
100111110011110
101011101100101
001101000000101
100111001011111
100101100100010
111101001111011
011000101110111
001011001101000
001100101110001
100100100100000
000011011111011
001010111001011
011101010101000
110100001110000
100100101001111
011101001110101
110101001100101
101111000000100
010101110111000
101011110110100
010001101001000
110011000100010
111100010100111
010011101110111
110111011000111
000000011010010
101011001100011
000100100101010
111000100100000
000000011010100
001010010111111
010001101001110
001001000101100
101010101110100
011010000111101
110100100110010
000000001001111
101011111010000
010111100110000
010011111110001
001001000111111
101000001100100
100101110000110
101011100110001
100010011010100
000001110110011
011011110001101
110010111011000
110100010110101
010111010001011
111110111111111
101101001001000
100111111000100
111000000110101
100100100111110
100110110010001
000000011000111
000110101001000
100110001111100
100011010101010
001100111110010
000111010000111
100011011000000
001110110100010
110000110000111
010001001001011
010000001001000
011000100000011
101010100011101
100100100001100
110101100011101
100000110110100
000000001100110
111011110011101
101100111100110
110101111111001
011000111111111
000000001000011
110011100011000
110000001101100
101101011110011
011101001100001
011011010000010
001111110110111
100000111011110
011101000010000
110110110110111
101101011100100
111110001000010
010111100101001
010101110010111
111110000000001
001100111100000
100011100110100
001110111010101
010101101111110
001110100101111
011110100011110
011001000111111
101100101001101
010010110101000
110001011001110
000001000100010
110010010011001
110011101110000
110011010111001
111110111001101
011011111001001
110011111101000
101011000000101
110001111111001
001010100110001
011000111110011
000000100101111
101110101000110
011111011100111
101101000011101
111001011000011
111010011110000
110111111110000
101100101100101
111010010110010
011100111100000
011101000111010
001010101000010
001111010011001
111011110011101
101100010101011
111001100011011
011010110111011
111010100001111
100001000110100
000010000011000
100110110101100
001000000000111
111101011110011
111111001101110
111000000010001
110110011110101
011011110000100
101011110010000
101100010100110
011011110010111
001000011101111
000010011100110
101100100011011
101010011101011
010100101110001
000000001000111
010010001100000
001001110111000
011010010100001
011110110011111
011010101011010
011101101111100
011011111111101
000100101110111
011011101110100
001011010010100
010010110101000
000010100111100
000010011100000
111011101001000
000000101000001
011011101110000
100001010111001
111111010000110
111000110100010
000001010111010
111001011000001
011001010100111
111000101110000
111000100111100
111100111010100
001011010101011
011111010011110
111011111010010
110000011011111
110011110110001
001000011000110
011100100111000
011000010011000
111010100110110
100000101100011
100110011101111
011101000010110
101001110111111
000100110110001
001011010010000
000100111010000
110010001101111
101110100100010
111011110100111
010011001010101
011111101010110
111100111011101
100100100001110
000101111010101
101011000100010
010010110110010
101011001100111
100101111111100
110100010110001
100100001111101
110101111110000
010111100111001
101111000010111
000001001001100
011100100110000
001001000010010
001110010101111
000001110010101
100111011111011
111000111111111
111101100000011
001110011010100
100100110101001
000110101111011
100001011100010
100001100000110
000111100100010
000010111010110
110110010011110
001010000110000
000010101001110
111110110000010
111011100110100
000101110001100
101101111101011
110010011011001
010101110101010
010001101001100
111010011001010
111010011000001
101101000110010
101000100101010
011111110110011
000010011100000
110111010111110
001111011110110
001011111111111
010111100010101
000010101000111
010101101011010
101110100111100
010001110001000
101011101110001
010110100001111
010111110000100
110111101010100
011110101110010
000110001110111
101111100100111
010010101000001
111101110000101
111101100110010
111101011111010
101111011011010
110000000111010
100000100000100
111101111100111
001110010110111
100000001110010
101110010001010
101010010000101
101100101001101
101000111110010
110010100101111
100100001010010
110010101100001
111011110101010
110110101111101
001011001111110
001110011001010
101101100001000
101000001001110
010011110100001
111110010100101
001000110010000
001100100110010
011010011110000
001001100000000
111001011110100
110001001100111
010000111101010
101010001100110
010110001100000
001001101110010
100010010100010
100001011000111
100100100100111
010111011001011
101110000011000
000110001110001
110111011111110
110100011110000
101001000100111
100111100101000
000010111011010
010101001101110
110110011010101
110111101100111
000110001101011
011000010010010
011100011101110
101001100011110
100010100001010
010101001111000
100101010001001
101011100111100
000100111110111
000111100110000
010110110110100
010000011111001
111111100010111
101110001101110
101111011000111
000111111011010
010001010001101
110111010111010
001011110011101
100000101110000
100000000100111
011000011001001
111111100010110
111000001110100
011111010010101
000100100101100
100110010011001
000001100110111
011010001100111
010010000101111
010111111001010
000101100000011
000001001001010
000001001101001
010000011111110
101111100010011
110100011010000
000111010100001
011100000001111
001101011011100
011001001110011
101110011010111
011001010111101
100101101110011
101011100010001
001101000001101
101011101111010
110101101110100
101011111100000
101010111000001
000100000100011
011100101110101
110010010100111
011101111101001
100010101010111
001110011001101
001001101000111
010110000101010
010111011011000
100000101100101
001011010111111
010101010100100
000010001011100
010110101000100
000101011111101
010101111001010
111100000100000
010100000101111
011001101011000
000001101011001
001000101011111
011110111010011
110010101111110
001010111010001
110111000111110
111001100001100
100100101101111
001101100111010
010100010111001
000110011011001
101010010101010
001010011011010
100110000111110
100010110000011
110001001111100
101111011001100
101011010000111
000111110111100
101011110011000
010000110101100
010110110101110
101010001110001
111001101000101
110110100100001
100000110101101
110010011010110
011001110010001
010010110110111
101110110011011
000000001011010
011110110001010
000101110010001
111000011011110
110011100010001
110100100100000
010100110010001
100010000100111
001101110101000
001010010011011
010101001101101
111001110100101
001101011101001
001001010000100
111101110111000
010010010100111
011100010000111
011101000111100
010010100100001
001011110001110
001111000110100
111001001100010
110101100101111
010000001010000
010101000100100
110100101111001
111001101001111
001110011011000
000001110101101
010111011100111
000011110001100
101111010010111
101010001110110
110101101100110
010101010001011
011001000011000
011001100011100
000010111100110
111001010110001
010011000010000
100001010001010
010101110010111
010101000000100
101101100001000
101001011001010
000010011000101
100100111010010
010111110000000
101111000011101
000110111110110
011000001010010
011100110001000
011101010111001
111010010010000
101100010101101
100011000001101
111011110110101
110101100101110
000001000111100
001011110111001
100000000001100
001010110000000
000000011100100
011000100111101
011000011001111
010010111101100
001011101101111
101100000010011
111010110010010
001011100101100
100101010010000
010010000100101
011010111011101
110010101110011
100111100000111
110011010110110
000010100100100
110001110110010
011010011011010
011101011110101
111100110110011
011100000000011
110111010010000
010010000100001
100110001001111
010100111011001
000000110001010
011100100010001
101110111011101
000110001011101
100011111000111
010100101000000
111100010001010
100011001110101
111100111010001
101110110010011
000100010100000
110111000111101
010010101111100
011000000100010
001011000101110
110100011010110
001110011101111
010010011001011
011111101111000
100001111011001
100101111001001
011111110010110
100010110011100
100111110111101
010110000010100
100000011011101
011111100100100
100110110000001
010101000101111
000010010010010
110110101001011
001011001110011
101100101011001
110000010100101
000001110110001
011011000000001
011010011010010
100011011001110
010100101011111
100101101100100
100000101000000
010001010010100
111000101001000
001110010001001
001100000111001
100010000110101
010001101000010
000100101110010
111111010111100
100011100000101
101001100101011
010111100000110
110011101010010
001101010001101
111011000100000
101110011010110
101000101000000
011100011111110
001000111001111
010011110010010
011010101101000
110110001001100
011111000001000
100001111010101
110001001000100
110101110100101
111011001110110
011101100110101
010110111011101
011000000001010
100010001000111
010000111001100
011001010100000
111011011000100
111111111011010
010111001100010
111001110100100
011001101111100
010001010000001
010010000100110
110101011110010
111111111001000
011000111111000
010000100110100
000110100110101
110100010011101
001001001000001
110011010001101
101110000111110
010010001010100
110100000001111
101010001011100
000111100101011
001111011101011
101101100111000
101000001001011
111100000111001
110110101110010
111011111100100
010111100010101
100000100101000
101001011001100
011010100110100
111101110111101
000000010100101
111000010110100
110010010111101
010101001101000
010011101010010
101010111000100
101011100110000
101001101100000
101111001011110
010010000010011
111010000011101
111001101110011
001111010100001
100001101110101
010000011001100
110010110111101
011011001010001
000010101100000
011000011000111
011000001001011
111101100100010
101000011010101
110111000010100
100110000010011
000100101001011
110010010100011
000111111110001
100101100010001
110011100001101
100111100011011
101010110100011
011000001111000
100111010010100
011111011110100
000100101000100
101100101011110
010100100011011
010100011110000
111111011001111
110011000101001
100011110100010
011001011110011
010000101000011
110111011010111
001000001011001
011101111111000
000110001110110
011010010111111
000101111000011
101010101100001
001110110111101
100101010110010
001111000001101
010001100000001
010100010010101
011110101010000
110111110011011
000000111101010
101001000101110
000101011011011
110011010000100
010100011101010
101111110100111
011110000011110
100000001101011
001001000010100
111000100011100
000011100000011
110100000010011
001001100011110
010101010011101
101001010111000
100011101011101
101100100001100
110111110010000
110000111001100
110101100000110
011011100001011
001110011000010
010101000110011
100100010110110
011000001111101
001110011000111
111100101001101
101100011010110
100000001011000
001010111101010
010101011110001
011011000111000
100111010111100
101000110101010
110110001011100
100010101010010
000110100001100
011011111011010
101111110110011
001001001101110
111010111110100
110010010011111
010101010111011
100011110111010
101010011111101
100000101111010
100100110011001
110010010110010
110000101001100
010011001110100
001011100101000
000010110000110
010010000110111
111001000011000
110001011001101
110110000110000
011010111001011
111110001110001
011001000000101
110000101100101
111101101100100
111100100101001
001000110100001
011101001111010
000001001110101
001101011110010
110011100110011
011010110100100
101111000111010
111110011000100
011111010000001
000010101010101
000001111100101
100110000011100
011100001010010
011111000001100
101010110110100
100000101100111
000010001101101
011100000010100
111111001100100
101000100011010
101001010101100
110011000110110
000110011111001
010001111101111
000010011011010
000100010110001
011011010101000
111001010001011
000101010011010
000000011010111
010001100110000
011110011101111
110110100011010
000100100010011
010001000001001
011010100010110
001101100010010
011000010000111
010110110111101
000111010111000
101010010100110
110110101101011
010100111000000
101000100011111
111010011001011
110000001110110
001110000100111
010111010100100
111010101101001
011111011000011
000011101010010
110101000111100
010000000101110
000110010001000
100111000101101
110010011000100
011000110001100
110000011011011
010000000110000
001110001111001
110111110101011
010001111000110
111101111011011
001011000000000
000110010001000
010101111010110
010110011010111
011010000001101
011110011100111
110010101111111
001111100100010
000010111011111
100101000001000
000001101010000
101110111000010
101010000100011
010010011101101
010100111000001
101100010111010
000001110100101
111101001011001
100011010101011
011010110110001
101010111011110
110011011000000
001101010011100
010101101011011
010100001010010
101110001001100
100011001100000
010110000111011
001111101100110
101110010101000
111011100000101
111110100100000
101111010100111
010101101010001
100111000011000
001110011100011
011010101111100
000110111101110
111101000010100
001000010011001
101011101010000
011100110000001
000010001100000
101001101010010
000111110111110
100111001100011
010101101101001
110101011000111
101111101111001
111100101011111
100001001010011
101001111110101
100110110011100
100001111101011
101000101111011
111100001110010
110010101101110
011110001001000
001100111011000
110110000001000
100111011011001
001110001101111
010100000001100
011111111100010
011111101010100
101100100001000
011001100101111
110010001010000
101000101011110
100001100100101
111010000101110
100000001011111
101111010001101
001100010111100
000110100110000
110001000001110
101101111100111
110011001010111
001111011001101
010100011111001
101110001011100
001100000010010
100101010010111
001100011110110
111110000000110
100010111101001
110101110110010
000100011000011
010000101110110
011110011101110
111010101001001
110110101110000
011000001111110
000110001000010
111010011111001
011101000111110
001111011000101
100010111111110
001111111010100
110011100001010
100100111011010
001100001010111
110101110110010
111011001001101
100011010101001
110100011111110
011111010000010
100110100110111
101001111001101
000001101110001
110100000110110
011110111001000
101010001010011
010100001110100
111110011011010
011010000111011
101010110100110
011001000000100
111100010100001
011110000100110
100100001000110
100000010100100
011101001011000
111111110100000
001000101011110
110111001000001
011101001001011
110001101110101
010110001101111
010101110010001
010111011011010
010111000110101
101110110001011
100010100110110
110100100011110
100101110111001
101010110100100
011111001011000
011111001000011
100011110110000
110011000110101
001001001111100
000001111010001
101000111011001
100100110011100
001101001011010
011111001011101
110100100000101
001011001101010
010101100000100
010111110010011
110110101011110
000100110101111
010100101011000
010100001010000
111101001011000
001010100101010
001110100100111
111101110101011
000010101010100
010011001100100
010100001111000
010110000001001
010011000010001
000011000011001
000100110001101
110010001001011
001101111011111
100011000011100
000110100110011
110010111001011
100001010000100
010001011101111
101100110110001
000000001111111
101100111110110
000100001011000
110100100111010
100101011011101
011101101111110
000100100010011
100101110001110
001010110000100
101001100100001
001111101110101
110010101001111
001001001110111
100110000001110
000001011000000
011000110101110
010001110100001
010100010011000
111100101110111
101100101001000
111100110111110
100000000011001
101110000101011
000011000001010
011111110001000
001101010111000
010100101011000
001001010110110
100000001011001
111001100101111
011111110111110
111010010110001
111000101011111
100001001000010
011010010001111
111001111011001
011100001010010
001110111011000
111110010001001
110101101110010
010110011010101
001100011010110
100011110000000
001100010010111
101101010011011
110110011001011
101000101010101
001010000001010
001110110000101
001111011011110
110000100110010
110000110000000
011010010000110
011000110011011
110010000000011
001010110101101
111011010110101
001011011101111
101111011000001
101101010000010
011111000010001
011110001011010
101111101101110
000110111011110
110001110100000
101100111001110
111011001010101
001000101000010
000000011001111
111111001111110
010000101101001
001101110011100
111000011011100
110011011110001
011111010111011
100110110111111
110101100111001
011001111010001
000001000101000
010101110101101
011011000001011
011000011011101
010011100010111
111010000111111
111001100100111
011010111100100
110000101011001
000110011111000
111111000011010
111011001001110
000100100110010
001101110001000
110001000110000
101111000010001
110001011011100
100110100001000
101011110000100
111000001001110
001100000100011
011001100111110
100101000110010
001001011010010
100011101000101
101100100011110
001111010111000
100000000010110
100111000011011
011011110110011
111001110010100
001101011111001
100110100110000
110111010110010
010010011000111
110000101111110
100010101111101
000111101000111
000100101010000
011010110110111
000011101100011
101000010011011
010111001011000
110001001110010
110000110110010
011000001110000
001001100100000
110000111101010
110001110100100
101000000110111
011100011110100
110110011110100
110111101111111
000100010110000
011100110000001
011000000001101
000100110011111
000111011101110
010110001000010
001100101001000
000000000110111
010000101011100
000000001101101
111100011001100
010001110011000
110101010011110
111000000100111
100010001000110
010000001100011
111111110101010
110111111110010
101100010110010
011101110010010
000101101000110
001110111100111
111110011110000
110110000011100
001100101000000
100000101001111
000010001000001
010000111100000
000101100100110
101101010001000
010101001001001
011110000100111
001010101000110
011010110001011
001110000011001
010100111001010
101101100011010
100111001101010
101101100010000
011111111010110
010110000010010
110101000011001
110000111001100
000111110100010
110011000100001
100110111001100
011100010110100
000010011000000
110111100110110
101011001010010
001110001000110
010111010100110
101101100111111
111101101011001
000011111100111
101001010011011
001001101010110
101111011010000
001110100010101
111110010001001
101101110010000
010101000101111
011110001000011
110100000001101
011001000000110
111100011111101
100000111111000
000110110000001
101110000000100
110001011010100
100111100111000
000010011101000
101111111001111
110000110101010
001001001111111
001111011100001
001011101100011
111110100110111
100010101111101
110001111101110
000010101110101
100000010001100
100001110110101
111000111000010
010111000000100
000000101000100
101111101001111
010111010001101
001001100001111
101001000011110
001111110000100
100010001111011
001111000011101
100111101100100
001000110111000
111010110111000
010111001000111
100011011101000
101100111101100
000000110110101
100010101101001
101100101111001
100001101101000
001011110110100
001101000000001
101001100000001
100001111010101
111100101011001
110111000000011
110100101010011
000111110111010
110101001011010
011000100001101
110101010010110
011001000100100
010000010001111
000101101111011
010110111000010
101110110101001
110101110010000
000000010011101
000110011000111
110111000100101
011111100001110
100101001011110
110100010101101
000100110010010
111010111011011
101010000010011
100110101000001
000000111100101
011000110100110
000111111000011
110101010101110
001101110000000
001110000100100
010100010111101
001110110110101
011011001100101
111000001010001
000100111100100
011011000010100
111001110101011
000000011111010
100000011010100
101011110111100
100101110111010
111001001000100
110111011011000
010000001010001
001101110001001
001010100101101
011100110111001
101011010001001
000011100010110
000010101011100
100000100001111
101100000100001
101000101001011
110110110101101
111011100101010
000011000111000
100101101101101
011101111110010
001110100110110
010001101100111
000100111010010
101001001010011
111011111010011
011010000101001
110011101110001
001101001010010
010110001011011
011101111110011
111011001111010
100010010110000
100110001100110
111101110011010
011100100000011
100001100000000
001010111001101
010101010001010
011010001100000
100001010111001
111000010100011
000111011011111
100010011100101
000000010101110
100010011010110
100000000011101
101010111101000
010100111111101
010011011011100
111001111010010
011011000110011
110101101000101
011010110101010
001001001111000
000001111110100
001010001111101
111100001111000
010111101101000
101000111111110
010110010111100
110110101100101
111011100001101
011110001001011
000111101100011
110010100111111
010101110011010
011100111100100
000011100110001
010011011000011
000001101101100
100010010001100
110110011010100
010001110001001
111100111000001
111010011011010
100101000101010
011100101111101
000001000111000
010011000011100
011010101100111
001010010110111
001100011001000
100100001111101
001001110001000
001000010101111
101010010010011
010011000011111
111010101010110
001010101010001
110101000101110
111000010100011
101111011010111
001001010110111
111111000111010
000100000011111
000101111101000
011010011001111
000001000010101
100001000101101
101000001010101
101100100110100
011000101010000
100101100000101
100011111101011
001011000101100
101011011001111
100101110001000
100110000001011
111001001100101
101101001111011
001100011001011
000100011101000
111100110010010
110000111000100
100111101011010
110100101000101
111111110110111
110111010011100
011001110101000
000001100111000
111000110111100
101011001001101
111101000100111
000111000100001
100000111100111
000010100110101
100101100110000
011001000110111
101011001011101
000111110101101
000100100100000
111111010011110
101001110110110
100110111011110
110100100110111
111000000001100
010100101111100
010001001100011
101011111011100
011111001100000
000010110011000
000111000111111
111011110010100
100011010010011
000011111111111
000101010001101
101100001000011
001011000110110
011100010010101
111111110001110
101011100011011
010110100000110
110110101001101
100010001101111
111101111001101
000001111111111
000000100001111
111101100011101
101011000010101
011110010111110
101100101000010
101011111001111
011110010011010
110000000011010
111111011010000
101000100110101
000001110010111
111111010111010
010111101000100
000010011101100
101110001111101
011100010001000
001001101101100
000010010011001
000100010011000
100010110101000
110001111001011
010011101100000
100000111110100
010000000100111
100011100110101
011110110011011
011101100000101
111110111011101
000000001000010
100111010010001
011100000110010
010111111111011
010110100111101
111001111101101
000101101111111
010010110011111
100100011010101
011110110101110
101101010000111
110101110110100
011001001011010
011111010111110
100111100000000
101111100111000
000110001111010
111101101001101
101100100000101
010101100111011
101010001011110
111111101101001
010101000100011
010000000011101
001000001010101
110110001010001
101100011001100
101001111110110
000100000011010
101101100100101
001011111010101
000010101100001
101110001101011
100011000101111
110000111100111
110001000011110
110011001111100
000101100111011
000100000000010
011110010110000
010000011101101
000001010110010
110001100001101
101000100100010
111111100101101
011111001010010
011111001100111
101101110110000
110010100101001
110001100000000
101111001100010
111000110010111
001110111011010
100010100100111
001011110100000
100111011010001
110111110111101
101001000111001
111111110111100
011010001100111
000111011111000
101011110101111
100100000000101
000001000110110
010110001010111
000111001001010
010001011100010
011010111011011
110011100001010
001010001001101
010110011111100
001010000101011
011101001001001
101100000100000
010010111001000
111010100110101
001101110000110
011110011001000
111101111101011
011101011010011
010010110011101
000000010011111
110111010011000
011010010110011
010010011011011
010111101111110
111011110000111
001100110101100
110011111101111
001100011001011
111100011001000
101010110011011
100010111010110
000000011001001
001110011000010
000001010010111
011011100111011
011110110111010
000001110010000
000100000010110
011011001110000
011100000011010
000100011100100
110101100111101
110110011000000
100011100010010
100111111111111
101110100110011
100110110001100
101000110111010
111010101111100
110001110011011
001011100001010
111110000000010
001100100000001
101011101100111
011101111011100
010101111110111
110110000010010
000011000111101
000111100011000
100101111010010
110001011000111
010110000101010
011000011000100
001110111110001
011101011010010
100101111111011
100110111110011
010100001110011
110011111101110
010010010010100
101111001101110
000001101011000
000011001011111
000010001000110
111110101110111
100111010100111
011010010110111
101001000110100
111101101100011
110100110010011
101111010101101
011101100000010
011011010110001
101110011011101
101001110010000
100111101001011
010000010100011
011001111011000
101100111101110
010111111010010
111001000101111
100101100111101
010010001001010
100011011011111
011110010001010
010011110001111
000010011100010
011001100010010
100010110011000
100101101100100
101101010001011
001010101011010
110111101010111
000000110010110
001100100010110
111111011110000
110010110011100
100000000011000
110011101100110
111011110111101
000000101001001
000110000100011
110000010000011
011001100100010
100101111111000
000001110010010
100001111000100
000010100000110
111101110100100
100001111001010
001001000010000
100111001111110
011101110010011
010000011001101
010001101001000
110010111000110
001010110110011
110001111010001
011111000010100
000000010011000
010001110000110
000001100011110
001010001101000
110110110001000
001101111001000
110101000100000
011001110001000
000000001010101
111001111100011
001001000110110
001000110001101
001100000000111
001000100011101
010101111101011
100101101011000
101001000011111
110100000110110
010000011111000
100110010010111
100011000111000
011010101100011
010101010110001
010000011100110
010111010101001
111000011010100
011011100100101
001111101001110
101010010101111
110100111110000
101100011100100
000010010000110
010111011110100
100010111010001
101100111100001
110101011100110
100110010000011
110010101110101
110111111010110
011100001011100
100010010110111
000101111100001
100000111101100
010010110000101
101000100100001
110000111010110
101000110010101
010010111010110
000001111010000
010111110000111
010010101110111
101101011000010
111101000101010
010010011101100
001101011010111
011111010111010
111001011010111
110100000001000
111001100000101
010111010010111
101101101110101
100010010010101
000001010101110
001010101110011
111010001011011
100000010101010
000011101001000
000001000011000
101100011010010
101000100011000
000011110110110
010110111011011
010000000101001
010111100010000
101010101111011
001010110111101
110100100001000
111111101010011
000010000011101
111110011010111
101101101000100
011011110000110
000010010000101
010001000011010
110000011100101
011101101000000
001011000001010
001011011010001
011100100111101
100111010100100
100110011100011
100111011011111
000101011000101
010011100000000
100111100000101
001000101000011
011000010100100
101100111010101
111000011110101
000100100111100
001011010001100
010010100100010
110001011001111
011001011001000
001111010111111
101110000100111
010010001000111
111110100101111
010011001010110
101010111101001
100101011010000
101001011111111
101100110001011
011111000100001
101010101111111
110010101111110
111010100111011
010101100111000
000010011101100
110011110011101
010110100011100
001100000110001
000100001001000
000110111001110
010011101000010
011001111100000
100110011101110
100011100011001
000001100101000
001011010111011
100001100001010
001011101010010
011010101000011
011010010111110
101100011110011
101110100110010
101110011101110
101100110100011
001000001010000
000111011111111
101011000100100
001111100001011
000000100110101
111000100111111
001101100100010
110111111111111
011110110001010
110010101101001
101001011111101
001101001100011
110011010110011
000000000110011
111000110000111
111110110100011
000101110011011
001011010101101
110100101101001
000110100100110
111001110110101
010011110100100
011111001101100
011110110011100
001010010111110
110011001111000
101110001101001
011110000000110
010100101110110
001000000101101
010001110100111
010000011110010
000101000000110
101011010010010
111001001100100
000001101100101
100011000100100
111011111000101
010110000000000
111001100010000
100011110000110
011110010100001
110100011011110
110011011000110
011101110110111
000110000111001
001011010000110
100010110000011
100101111011111
110110011100010
011011001100110
000010000101100
011101111111010
101100100000110
000100010101000
100010110010100
001100111110110
010010100010001
101101001011011
101111110101000
000010011010011
000000001011010
111101011110110
100100010001001
101010110000001
101011010011101
010010110110101
010110010100111
001010101010001
100011001101110
100100010001111
000111101111011
100011110010011
011100101111001
000010001110010
111100001100111
101010100011010
001010001000010
100100010010101
010010011001010
100101100111001
101111001100110
001100000100001
000000011010010
111010101001111
101100010100111
011100011010110
100011000100101
100110111110000
100011101000111
000001110011110
111010011101001
011000010001000
111111100100000
011010010001110
011100001001011
101000000110010
111011010000100
011110111010000
010000111010111
001000011111001
101111111001011
110101110011110
111000000110010
001100010101010
011111011001100
101000100101011
101000000100111
001000100001000
010100010101111
110001111101101
111011000110111
010101000110101
100110010010011
010110101111100
011100010110111
101001110001101
010111101010100
100100011000101
010000000000100
011100111011001
000010001000100
011010001110011
101000100011000
001010011011011
111100110110111
000000010011110
001000000011010
001001101011100
010000110000101
110001011100001
100000011000010
100001010000001
000100011010000
110110101110001
001000101001111
101001000100000
100010101011110
001001011011000
011001101101000
101000111101011
100111100110110
110110101011000
000100100011111
100110011111101
001110101010110
001010000101100
110001011100011
111110001101010
000110011011011
100110001100101
100111011011111
100011000011001
000001011111111
100101111000000
100101111000111
110011110010111
111001111010011
110100001111111
110001101111100
100100001011111
110011011011111
001100001101001
000000010100011
000011010110011
000001100010011
110110001110111
100001001001001
011101101011111
111010100101100
110110110101010
101011110000000
110100010001001
010001111010001
011010010011100
110100100000101
000101100011110
010110111010010
111000000101100
111000111101101
010011011010111
101010001111111
110010111000111
100101011110111
100110011101101
110001011110000
101001000000110
110001101011000
111011000011011
000010111011011
111011110011110
011010101100011
111011010110010
011111111000011
100110101000000
110110011101001
001111111000100
111000010011110
001001010100000
001001011110101
110001000111101
001010001101101
110001100000010
110001001111000
011101111010010
101110100111010
101111010101000
010000100001001
111111110100100
100101111101001
110110001001111
111100010011001
000110000100001
011110010110110
111001000111111
000101000001101
110010111101011
111111001100011
000101111110001
101111100110011
100101110101011
100011001100101
101001001111110
011011001101111
010000000001000
011110111110101
110101101101011
001000111001001
001101010011110
010100011100001
010111011000101
111111011001111
011101000100000
010100100100011
000110100101111
100111110111100
111011011000000
110110100111111
111010101110110
000110111011111
111110110011011
101101101100100
111000011110000
000100001101100
000110000101111
011101100101001
110101001001111
001000111010111
011010011111011
000000111001010
101101110001011
111101000111011
101111111101110
101010100100011
000011100001010
111101100111101
000100101111010
111101100100100
010110110000111
000111000101010
100011011000011
011010001010011
011000111110110
011100110001110
110111111011000
011111100010001
000110000111101
111010000000010
110100000001111
000011111101111
111100101111101
111010110100001
111001110001110
101011100001010
001111011111101
010000111010000
111001000000010
010011101011111
011101000010101
111111111111111
010011000100011
111100010010000
111011100110011
001110110100000
000110010010001
011000100001011
110001001111111
110011110100001
010010010111010
010010110110000
000011110011010
010111101000101
101000010100100
011011111111111
101100001010011
101100000110100
110111111110001
101001011010111
100100001110001
111010000100000
000110011010010
011011001111001
110101000111010
101010010011100
000000010010101
000110111010010
010011100001001
000001100000011
111101100101110
010000001011001
100111001011111
110110110011111
000000110001011
000000010100101
111010001111100
111110101101001
110010101001111
000101110000100
000000100101100
110110011010100
100010101101111
111110011111010
000111001010100
100111111110111
010001001100110
000000111000000
111000000110110
001111110010110
100111011101001
101010111001111
110000110000011
011100101101110
000100101011101
001011111010100
100000011001110
000000111100011
011001011010111
110011011100001
111110111010110
110011001100010
111101100101110
010000010110000
001111111101110
001101001101010
011100001110110
011101001111010
101010010011000
000111111010001
010000010011001
001100010010000
100110111100111
101101100010001
000100001000101
011100010100001
001011010111110
111010010010111
110100110001101
011000000101001
000001000101100
001011111100100
111110101001111
000111011101100
011111000101110
000111010000011
111100101011111
100101000101010
110110011000111
010110101110000
011000011100111
010010111111010
000010110001101
110101011111100
011011101101010
111111110100101
100001010101011
001111000111111
100011000111110
000111001110011
010110100110110
010110011000101
011100000010000
000100100100100
101111110110100
011110111001110
000111100110001
010111101010000
011011111011110
101001100111000
101010101001101
111110000101011
000010000010001
100000100001000
110101110010111
001001010101011
100110110111001
000011101100000
100101010010110
110010110011011
010000101010110
111011010000010
101110110100111
100000111100100
101000011001001
000100001011000
001111000110010
000011101000011
110011110110110
111110110001011
101101111110000
001011010111011
011100000000110
011001001000010
111101111110100
111110011111001
100101100011010
011000011111001
011000000000111
001111000100110
001111011001101
111011010011001
110000111011010
000001001011011
100000111101111
010111011101011
000001110100010
111100000110010
110001000000110
001100100011111
110001110100000
011010010001101
101000110110110
001101001000001
100010001000101
100111110011011
110011111100110
000010011000100
111010010101011
110101000001101
111111010110101
010111110100111
001111001000011
111000101101000
110111101011111
011000001100100
111001100110001
101101110100111
100111001011000
001010001101101
111010101110011
110010011001000
000011001101111
111000110001010
011011001000011
111000100010001
101101011000111
010011010101100
010110011001101
100010111101001
101011101111100
111110111100011
000101100101111
010001101011000
001101100111100
010010010100110
101011111110100
111110001101011
001100111001110
110000001001010
111111110101111
010001101011100
110001101100001
101100010111010
101110001000001
111000101011111
011010110101100
101011010101000
000100110000000
000100011111000
011001011010111
101000001101001
011010001111011
001110110101000
101010000010111
111011100111100
010000100011011
000100100010011
001110001101111
000100100011001
111000000101100
000001100101011
111110011110010
000101111100101
101001011001001
101111111010100
110100001000110
100111011111111
011110100100111
000011001001011
010111010101001
111110010111100
001100110110101
010101001001101
010110001111100
110101111101110
010011101011110
111011011110110
110111100000010
100110001000000
101110001111110
000111111111100
011011011100100
100011010111001
000111010010001
100100100000110
100000000111101
011000111101000
010100100111011
000010011110000
110000111100110
010000011111001
001010010111000
100011010101000
000111011001010
001111011110011
110001110000001
010010011000000
001001000000110
001010001101101
100000110010010
011110000011110
100001000010010
011100100001010
010001101010100
110010101010110
011101010111010
111001011011010
101010110111011
011010101000111
101101101001101
110010101111011
001010001011111
111110101100110
000110001011101
010011101000110
001110010111110
110001001101001
001000011001111
100001100101001
001101000000001
011011110010110
000111100010110
101110100110010
011010111011100
100111101000100
100011100011000
001000001010000
111000001001000
101110101011110
010111110010000
111000011001101
101010001000110
011010001000000
010011011100111
110101110001001
010000011000111
111111010010101
110100101110110
011000011101001
111100101000011
110100100010101
101101101100111
000010101010011
100100010111001
110110111001010
000011111101011
111001001110011
100010010010001
010011100011101
110011110111011
010000011000110
101010000101100
010111101010010
010001011111110
110110110100100
001111100101001
000100111000011
111010001110110
011110111001011
111010011010100
010111001010101
010100111111001
101100101100110
101110001111010
010000010101001
111100011110010
111010100010101
101010010001111
100001001111010
101111101010100
000101011110111
100101101011110
110101101111110
110001101010111
001101100101111
001001110011110
001010100110100
110100110011110
101001001011001
001001000001010
111000111001110
111100110001010
111111010010001
000100010101010
110100001000110
100101110111100
010001111010001
101010110001100
110011110100111
111001011110010
100010101100010
001000010111011
010011010110011
010111110100110
001001111011010
100011110111110
000000001010000
110101111011001
111110001010111
100011111000010
010101010001111
000110000010000
100011110010101
100011100110101
011010010000001
110011100111100
001111100000111
111100000100010
100001100110011
000000101100001
101110111111100
011100100010100
100000111001001
000110101010101
110000101111110
100100000100001
010101111111111
110100000001001
000010101101010
111000100000101
010010110010110
110101011100101
101100110001000
011010010000001
111110010010110
101110110000111
111101001001011
100010001111101
101000101010101
100101001000111
110110101111001
001111110101001
000111100110110
110000000000111
111100110100101
010101100110100
010011111110100
011110000011010
000000100010100
011100100101010
100000111001011
010011000100101
100001100111101
100010011001011
010110010100110
111110011110010
111101110110011
000101111110001
001101101111111
010100110011101
111111101100011
000001001000110
101000001110100
011010000100001
001110101000101
011111100101110
101110101101001
101110000000101
000111111001101
110100110010011
010111001111001
100110101111110
100001000000000
000111100010101
001001010010111
011000101000011
001001010010110
001000110011101
100110011100011
100000111001101
110001011011111
000010110111000
000001001010011
001110001110000
000001110001111
000011011110110
101001010011111
100000100001101
011111111011110
001110101100001
111001110110111
000100010111001
101000000110000
111010010101000
010011101000101
000011011010011
110111010001010
101001100000000
100111111100100
111101101110001
100011111110100
101110110001010
011000001101010
001000101111110
011110001010000
110101001110110
100010101110101
011100110100011
100010011010010
010010100010100
011000111101101
001001111101101
110001101011001
001111010010000
010110000110000
110101000100101
001101110100110
101100100011100
100010111010011
000010000111000
111101011110001
101001111001101
001001010001100
000111110100010
011001011100000
010111110110111
001111001001000
000011001111001
000010010110011
111010101110010
111100001111011
101000100100111
111000101000011
101101000010011
010001110010100
110110010001011
111011100001001
100101110101101
010100011011000
100000001011111
111001011000101
100011011010100
110110011111001
010111000000011
011110001001111
100111000110001
110011101011001
111001011110100
111100010101010
101101001101100
001000100010110
011000100100101
101101111110001
111100010011010
111100010101010
001111110010011
110011011010000
001011101011011
010100011010010
101100101011011
101010011001110
000110001110110
101110110100101
010000011000000
110101000001110
001000111100000
010010011001111
000110100001010
110110000111101
110000000100010
010000100011010
110100001000001
101000110010101
100100110011010
001011000110000
010100001110110
111010011001101
101100011100000
101010101011010
001101111111111
110100100110011
001000011101101
101100001000111
111011010100111
100110100100000
011111111110110
001010000111100
010001001111010
001001101100010
111111001001001
001101100110100
001100001101101
111110110001110
101101111101110
001100100110101
111111101001111
001000110101100
001110010001010
100000101011100
111001011110111
010100001001100
001101011110110
110000000011110
001011101100011
101001011101001
101111001011010
111001010001110
101010000001101
101111111100001
100010100100001
101101011000001
000000101111010
101110101010101
010000000001100
100010000110111
010101110011111
111010011110010
001011011011001
100010000100101
100010000110000
101001100011010
101110000111100
111111000000010
111111001101110
100111110001100
110001001111111
111101101000100
111000011011110
011100100000100
011101101000001
010101000101110
100101111010101
111110100010000
000101000010100
011011111000101
100010001000000
110110110010111
101101001111110
011100010000100
100110101011010
111011010000001
011101101110010
110000011000001
110100001110011
110110001010011
001101001000111
000000110100110
101001011100111
100101100100111
100010011100001
101001000111010
110000000100100
100100010011100
110101111000011
100010011110000
101100000011001
011011001110010
010011010110100
100001001011101
111100101001111
010101101111100
100001011000011
011001101001001
111111001010101
101100001000000
110100111101000
011110011001110
101011110110110
010011110100100
110000110111010
001101111001000
010101110101001
111011010010001
001000111101100
101100000110010
000010010101100
010011110110101
101001111011000
100001110111010
110101111001010
001110110001110
111100111010101
000101111110101
100110001101011
010011001110111
000101110101101
011001001100000
000011001001000
110010100000100
100011011011000
001100001011001
011100101100001
111111111111100
101100000011100
100111000100011
110111100010000
001110100101000
101110000001011
110000000001110
111010011001011
010000100101111
010011100100000
111010100010011
110101001000101
100011010001010
101100101111100
110100000110010
000001001110101
011101101101111
110100110000001
011111011010101
010100101011010
111100010110110
111010001011111
010010110011011
100101100010101
000010101110011
010000110100010
100011001101111
110011011011000
111101111100111
010100101000011
111100100001000
110001011000011
110010100000011
000110100011101
011010111001111
100000000100000
001000100010101
101101101100110
011101111000110
001111011101011
101111010110111
100010101110010
100110111010100
110001011111100
000110011010111
001001100011011
000101100001101
111000101001101
011010111011100
010001010000110
010000100100100
100011111100001
011100110101101
001100110101100
100101110001011
110001000010100
100100001011010
001010011111000
111010001000100
100011110001000
111110010011000
000100000011000
110101110101110
001001101010010
110010010111101
111101001000111
111111100101101
000010110000111
100110011001111
101100010001101
000000010000100
001010101010000
101100110010111
110011011001111
011111000010111
101111110111110
101011100001010
010010000001010
010001011111111
000011111001100
000001010110111
010000001110000
111100011011011
101111010000011
010010010110110
001010011011000
000011001101100
110001111110001
010010101100111
100000111101001
011011010110011
011110110011000
110011110111101
001011100100101
110111100101111
011110110111010
110000101111101
000111101000110
010100111110000
111100101110001
010010101110010
011010111000001
001000101111110
110111100110010
101100100100100
010001011101010
000100110111001
101100000000100
101110001111000
111000100001011
111100010010101
110101111110000
010000000001101
101100110000010
001111011000001
111101011110111
010111100010001
110011000011101
000011100101100
100111101001111
101000000110011
110001111101110
001100001101110
001111011001000
101100000100010
011111011100010
101000011111001
000110001001010
101011101110100
000111100100110
111000011001011
000011000010001
010110100010100
101011001101011
011000011011010
001101101101011
001001000110011
001010011111001
010111000000000
011001010010100
100111001010100
000000101001010
011101001111111
011001110111001
111111010011001
001001010010000
110100101001010
111111101010101
010010000110010
111100111101101
110110111110111
110100001000101
101101100101110
101001011110000
011100101100100
010110001100111
101101101000011
101000101001010
111101010110111
000111001010010
000001010100101
111000110000110
100001001011111
001000110010101
011001100011101
111100110100101
010010101111101
110010111110000
001000100001101
111011100001000
100111110100011
110111000011100
111001110111000
111001011010101
100001101111111
100101001100100
110000010100100
110001010001101
111111111111010
001101000011100
011010110000110
010000010101111
100111110100110
101011000110000
010010001001011
010111001000001
101101011111111
000101100001100
011010000110100
110010111111010
111110100111011
100001101010000
110100011111101
011000100010111
101100001011101
011101010100001
101000101111010
110111101111100
110010111000111
011000010011011
011100000100111
010000000010101
011010110100011
011011010010101
000110101100000
101110100001110
100000110101011
101011010010100
100000111101000
010000100011110
100110111011100
100011000010001
001110101010010
110110010100100
111111110010000
110101010011100
111110101100101
000111110100101
110000101011110
111011100111100
011001001011010
101000010001001
010101110000001
000011001000100
010001000011001
111000111100100
001100101011110
100011110100001
000001001110101
111010010000110
100110000000110
001000011010001
111011110100001
011111001001111
010110100011011
101010010110011
000101011100100
110100100110011
110100111011000
000110111101001
111001101011010
000100100110011
110011001110001
100010011100101
001001010001010
011111110100101
111111001110001
110111100101010
111110110010101
111011111000100
001000101101000
011111001010100
010000000000100
001010010011011
010010101111100
100111101001101
110010010010101
110010000011110
111000010110111
110111110110101
011011011101110
101111100111010
110101000101010
000100111111010
000111100010101
001111101111101
010111001001010
111001110110101
100011011010000
010111011101001
001101101001100
100010101000010
101100000110001
001011111110100
000111001011011
000010011010010
010100111100011
101101110100001
000111000101010
110011001001111
110101101110000
010000110001001
101000011110111
110100100101100
110010101000110
101000011110111
011000000100111
110000001001001
111010000001010
110101011101100
110011000100010
000010110011001
001101110100101
110100011010110
101101110101111
111101001001100
101111001010110
110100000010100
000111010111000
111100110111111
101000110001100
010000001011011
011011101010010
010101000000010
011001100101100
101011000000010
100101000100100
101100101101101
001010000000111
110111000111110
110111110011001
011101100000100
100111111110111
111111100100001
111110111111101
111101011011011
110011010010101
100111101001001
110000010100010
010111010110101
011001111100010
011000010100001
100110000011011
010010010000111
101111010000100
011011110011100
110100110000000
010110101111110
101110000100100
100101011111100
001100010101100
010010010100011
010010010001010
011110011000101
010100001011010
000101111000001
111101101010001
011011010010010
000111000000001
000110001110011
100110100100001
111001011011111
110100111010100
100101110111011
010001011110111
001001100101010
101101000010001
001110101011110
100100001011010
110101001101111
011011010000000
101101111100100
101110001101110
001110001101010
100001100001011
000000100010111
111010011010011
111011111100101
001111100111101
100101001010001
011100110010010
100000101100101
010110110000000
101100011100000
110000110000111
101101111000101
111000011110110
100000011001001
110110100110010
111000101000111
101010111100000
000001010101001
001100000000010
000100010001010
111011100111101
101111000110100
101010110001000
100001100101000
000011111100111
011100111111110
011101110111101
001110101111010
000001100010001
011100011110000
010111011000010
000100110000111
111000101001100
101000000000111
111111110111100
100010111110100
000110011011110
011001001101111
100011100000101
110111011100110
111101010110101
011001111101101
100110010101010
101001101001000
111100010010010
110010101100000
111100011010011
101111010000110
010111100101010
110111010110110
000111100010100
110010100011100
111111011111010
001101000010101
100010100010000
111100111000011
100000100101010
101000000010100
111001001101011
100100111010001
000110110111101
001100001001100
110110110001000
010110100011001
100001001011100
111010010101111
111100000101001
100110101110001
110010100110010
100101000110101
100000010001000
001001110100110
000010000001101
101001011110011
111001010000110
100111100111111
010011011100101
111000001000011
101010111111101
010100010110010
111010001010000
010110011000000
101101101001000
011010100101100
011010111100000
011100010100001
101100001100001
100111111011110
111001001011000
010111101000100
101001000000010
010011001001100
101001000000101
000110111001100
001010101110000
011111111101000
010100001111010
000000101011110
001111100010101
111110100100000
110110000001001
000000001101000
011011100110011
101000010101101
001010011010010
010110110001000
010000110110000
010011011000000
100010100010110
101000100000110
001000010100000
110011011000011
110111110000110
111101100011101
000001110110001
001011010100100
110100101000010
001100110110010
101011000101011
000010000100111
011111110101111
100111010100011
111011000001111
101110111000000
101000011100101
011001000101111
011111111111001
101111111110101
000001011011000
000100100001110
100010101101110
011101110011101
001001111000011
100101001001111
000000101011000
001011101111010
110100010110111
001001111110011
011100011111000
011010101011111
000110011100101
111110100001001
000101001111011
000010100110110
010101011101100
000011111000100
101010010001100
100000100101110
001110010010000
101111100011101
001111110111011
001011000100110
110010010001001
100000101101101
010001100110010
011100010110101
100011110000100
001110100111011
001101100101101
111011101110011
110010110101001
011011111101010
111110000101110
110101010110011
101011010001100
010010100000010
100000011101110
011001011101110
100001100000000
100110100110111
000111110100100
000000110111010
100101100010111
000100100100010
000001101111000
000111100110101
110001000010111
000111000101011
101110110000101
110111001011010
001010010000011
111011100010100
011001100011110
110100101001011
100010001011111
001001011011101
000111100101110
111111100101100
101010000111011
011000011111110
001110011110100
100000001110111
000100101100001
001110110011101
101101010011001
010011100000100
000111110110000
000100101101011
100000001011000
000111001111101
001101111011110
111010101100000
001100111101110
010110010011100
010111110111100
001100111101001
001111011000111
010001111000001
101110011101110
001100101001111
100100000111001
010010110111000
110011000110011
100110111111111
010001101010011
111111101000110
110111010011011
111111000110010
001010100111111
111010001100100
011101011010100
001011101111100
111100111111001
101100011001011
111011101011000
010110010111110
101110110101101
101011011011011
100001011101101
111001000011101
111001010100011
110100001101001
111001100010011
011110100111100
110101011000000
101111100100100
110010110001011
011000001010001
011101011100011
000010100011001
011011000010010
110001011011100
011011110001011
010101010000110
001001001111011
000010111110100
011100110001011
000010111011101
010000111000110
010011000100100
001001110111011
101011111000001
110110111100100
010000000001011
101010111101011
111000110010111
011000111101110
100111110110010
001110011100010
010000101101010
110100110000000
100011001101011
000111000100001
111110010000011
011111011111010
100101110000101
110000110111100
010110111010100
100001100101010
011111010011110
110110001110111
001110010000001
010010010111011
111111100010111
110101100110001
111001110101001
010000000001011
101100111101110
110010000010010
001010010000001
101101101101010
011110000001001
111011000100010
110001000110010
010111001111010
101110001000101
111010110111100
000110000011111
100101001000001
010110111001011
110000100100011
011101000110100
110011101001100
001110000111000
011011110111100
011001101110010
011001000100010
111011111001010
111010000001000
101001000111010
011001000100101
111111111011100
101110001101101
110110101010100
010001110010100
101100111100011
111111100010011
001101100101100
011101001110111
001011100110100
000101111111000
111101011001010
100001101010111
101101101100000
110111101111000
011011000010000
101110010101111
011100101111001
010010001011000
100011001001000
101010000100100
100110011101100
101000110101100
111001101000001
011101010100001
001001000001100
110100010010111
100010000100011
111111110001111
101100110000001
100000001101101
000111000110110
000010001011111
110010101101101
101111011010010
101111101110100
111010011101011
100110110010001
001110110001110
000101000010001
111010010001001
000110101010101
001011000011011
011100110011001
101010001011001
101100001000001
001010000001000
010001101000111
010010000101110
100000101111100
100111100011011
100111000100010
010011001101101
011011110111101
111000000100001
011000001011100
110001000010011
100101001111011
110100100011011
111111010100010
111100111111000
000100001111100
010100010100010
110000111101011
010111101101101
111001101101010
100100010101111
111101100011001
111110110110110
100110100001010
011000111000000
000011001101001
000011010110001
101111100010100
010001001100000
010111110000110
010101000101010
010111110010110
111100000010010
011100001110110
010001011011110
100110110110100
010010110010110
010000111001010
101010011110010
010111000000010
011110001010100
001010000100110
100100101110000
100000001101001
000011000111011
101001011011010
101110100011100
110010100110000
111010011110101
010110010100111
100100100010110
110011001110100
010101000111001
011010000111010
010101111010010
000111000110101
001001110000010
110100110100011
000011101011101
100111010011111
000010101011001
011011000011001
100101001100110
110011010010000
101100000110100
001111010101101
001111010001100
111001110110000
001101000111101
010010001110110
010011111001111
010101010000101
101010101101010
000010101000010
001010101111001
000010110011111
111111001101011
001010000010100
111000010101101
110111100010100
110111010101100
110101100100110
100101111100000
001010100101101
000001000001000
100110101001011
000010001111101
011110111010010
101010111111110
100011011110010
010101010001001
101010001100111
111000100101000
101001001110111
111011010111111
110011000100011
111101110100100
000010001101010
100010000001111
111001000110011
101100010001101
101000011010110
011110111101011
110011000010110
111100010000010
100111010010110
001011110101100
111101101111001
000011110011110
000100001110100
011001100011000
111000010101010
001100101010110
110000000000010
001111010110110
110100100001111
101100111110100
110011100111111
001000101111011
101111010010100
100101101000101
001011101000000
100000101001000
011010111011100
110100011010100
101111010100010
010100010100011
001100100111001
100001100010001
011001011011001
000011000110001
010100110011101
010100101101100
110101000000000
001110010101111
001011101010010
111011001100010
000011011010111
111110010111000
001110110001011
111100000010011
010000001111000
011010011100010
101010101101010
101101001001001
000110110000111
010001010010100
110000000010101
000000111101110
110010001110011
111100010111110
110010101111101
111010011010100
100000000100101
111011001000000
101010011011010
101111110001100
111001110011101
100011001110110
111001100100100
000010000001011
101111111011000
110010000011101
000111101100110
111111011000000
010110101101001
100110111100001
100010010100110
110100010110010
011101011011011
010101010010111
011010011101100
011000001001111
010000111101010
010011101001011
001010010011000
111001101111001
100011011010010
100000010001111
001001011111111
010100100000101
000111011110011
011001001001100
101110101011110
101101001100100
000110010001110
110001111100110
100101110101101
010000010110001
011010111000111
100110000001101
011110011010100
110000000010101
010010101111110
101111001101100
011010111000010
010000110001111
001110001101001
111000000000010
101110000001011
110100010001100
010100000101111
110010010101000
010111101110100
010110101000111
111010100111001
010011111011110
101110010010111
110010011010011
000110011000001
000000101110011
101000111000100
110100110101111
000011001001110
000111000010100
101000011110101
111111000001010
000101100011101
000011111011101
101001011001110
010110100101111
101101101010110
101010001011100
001110010000000
110011010100001
000000011100111
101110010100100
101001110011111
000100100100101
111101001011010
011001010101101
011111111000101
110111111011100
111000100010101
111010000011111
110101011010000
010110011111111
110100100110101
101000110110111
001001111101100
111101101000101
011110101111010
011001011100101
001001001011001
000010011100100
110101110100101
110011101100110
111010011101001
001000001111110
001011011010011
111100101001111
101010111001011
000101110111001
000101000001011
000001101111100
011010000100110
110111100100011
101111011000001
010101011101101
101110110100011
011010101100000
100010110100110
110110110001111
110111010010001
110000100101100
110011100110111
111100001000010
111010001100011
011001000101010
101101000101011
110010100001100
110111001000000
101011101110001
000000110110100
000100111011011
011111000011001
100001010000000
100010011000101
010110001011001
000001111111010
100000011110011
000110000111101
000101000101111
101101001011101
011011010100111
111000100001011
001011111100110
101010111100011
111110011011100
011011101000011
001001100011100
000000101010110
000000000111011
100011001110101
100101101011111
110101010011001
000110001110000
011011100011000
111011100101100
101001001100010
110110101101000
101100000010101
100011110110011
111101101100100
101110011010110
100011000110000
111100100100010
011000111000110
100001000111011
001110010010111
100101000011000
110011100111000
111011111101111
110001111001001
101010111000101
100010111110111
100100000000000
000101011010011
100010011101001
111001100000101
100000100001000
100000001010001
100100010110010
111110101100000
111110100001110
101100111110000
001011111001100
110010111010100
110000100000101
100111110111111
011001111000111
101000101110111
010001011001110
010001111101000
110101110000111
101110110101001
101101111010101
100010000011000
101000001111100
101110011100011
001011011111000
010100100011101
111011110011101
011110110001011
001010101111011
101011011001010
000000000111000
000101101000010
011100111110110
101100100000101
111111101001101
010110010111110
110111100010110
100110011001111
011111000101111
001000101101100
001010110011111
111010110000000
101000011011010
101100011010010
111001001011100
101110000111111
101010101101101
000011000111010
011000001110111
010110101000000
011111001101111
111001010111010
010110110101100
001000011001110
001010101101111
100011011110001
010101100010010
100100000000110
111110000110110
111111111101000
110010001100010
011001001111010
001100001010110
100100110100110
111111110000100
010111101011110
000101100011110
110000001111111
000100101101111
011110011000001
111010111000101
111110010010010
100000001000011
000000110110011
110100010101101
110001111011100
101010010011111
001110001000111
100101101011010
011011101000010
111111001101010
001110110110111
111000001111001
100101100100111
010000101011100
111011110000000
111110001100100
011000011011001
111100000000111
011001100001001
101011011101001
111001111000101
101101010000000
010101111101100
011011101100110
011100111010010
010010111001001
011000111100100
000000111001100
101010000000001
001110011100001
011000110111101
010101111100001
001101111100111
011011000011100
001110001101100
000011101111011
100011110010010
011011111001111
101101111010110
111111010011100
011011000001011
101111001111001
101100001011001
100110011100000
111011011011110
001110110100101
001100001111000
100010001001010
110011000100010
111110001110010
000000001011010
011101110011110
110011010101011
010110001010101
001011111011011
101001010100110
110111111011011
011010001101001
100101100011111
010011111010110
001101111011101
101010010101101
100110010111101
000011001110111
111101111001010
001001000101101
001110111110011
110111110100110
001101110010000
101011111000101
111101100101100
010100110101101
000101110101010
100100111001010
111011011100001
100001110100000
110101011101011
010010101000110
100111100111011
000100001000110
000001111101010
011110101100000
101110100101110
111010011011111
001100010001010
101111100010111
001010010110100
001000011010001
101110011111101
110101001111100
111100010100010
101010000001000
000111111010001
001110000011000
100001111000001
010001100010110
011011011110111
000110100001011
110100010000000
011101000110111
101000111011110
001001010100000
000001101000001
001111100101101
011010011110111
010001101010000
100101100101111
000110110101101
000010000101001
011110001011011
111000110011010
011101101110001
010010111111100
011101000110111
101000110001101
111101011101110
011110010100101
000001100111111
101111001010010
001010111101010
111011000001101
100001111010001
101011010100000
110010110101101
111001111100100
011110001011110
011001101011100
001010111011101
010110111110100
001110101000110
010000111110101
010111100011111
100001001000100
101000010001101
110000001110101
101010111101101
110110101010010
011111100010110
010110111100001
000111101101111
111111110110100
011111011110111
000100001100100
001111000011011
100010111111111
011100000001101
011110101000000
100111010111110
001000100011111
001101100111010
001100001110110
110011000111011
111111010001001
010100000111010
110100000000111
010011000010011
001100101111101
110100111011001
001000001011110
101101100011000
101101010110110
010001111011111
001101111111101
110001100111110
000001011100010
011011000011000
011111101100110
101100111010100
100101101101111
010101111010001
111110100110111
111110110101000
001001011101100
110011000100011
101001011100010
000110111001010
100011010010011
001111011010110
001001111101010
100101001011110
101011001100000
010010001101110
100011101001111
001111110110111
010101100111011
010000000001101
001011100000111
100011110010000
001101000101100
101000011001111
001100001100111
110110010100101
010111111010101
101011101111000
110101101110000
010000101110110
101000111010010
010000011010111
100001101110100
001110101111011
100101010111010
111110100100001
010000100101111
100100101010111
011010111011101
101011100100011
110010110001101
011001001011000
011000110100001
010100110001101
001000011010100
111011111011001
110101111010001
001001101001100
110011100111000
000001101110110
110111100011001
100001101111001
011010001010000
100000110001011
011100110111111
110110111001001
110001100001110
011001111010011
111010110010010
110001111010111
100111000000010
000110011110000
110000110010001
010111000000100
111100100001100
100010010101011
001101111010110
011000011111011
110100110000100
010010011011111
110001011001000
101110000010111
100100011001100
110001110101001
001101100010101
100010000101001
011011101010001
101011000011010
100001111101110
010111010110110
110111000111101
010011001101001
100111111011000
011101100001011
111100001011001
101001110001001
000100100010111
111111000100000
101011110000010
011100000010111
111001101100000
010100001010010
100101001111100
101101000001101
101110000011101
011010001001100
000000000101000
111111011111010
001101011001001
101101111100111
100010011100000
101111011111110
010101000001000
101010101001110
111010110000001
001000111101001
101100010010010
011010111110010
001011011010111
111010101111001
100010010011101
000110101110111
000000010101101
001001110101111
101101000010011
011000010011011
010101101111101
101011101110000
001011101100001
111010000111001
000100100111001
101111111100101
100111000010111
111100000010001
101111000100000
100101101000110
011000110100010
100101000100011
010110101000001
000101000111101
110110001010110
001100010111000
111111111011110
011101011110001
111010100100000
110010011101110
110010110010011
100000110001101
000011011001110
011011100110000
000011111110101
110011001111000
011101100101110
001101001011011
100011011001010
101011011110100
000010100111100
101100111011110
011111100010101
010011001000101
100011110110010
110111010110100
010110001101100
100000010100001
100100011000100
100001110100000
000111100110100
111000110010110
000101011001111
101011001101011
110000100110011
000110100011011
000111001011100
000110000101010
010110110011100
001110001111111
010001101011010
111110111001100
011100101101000
100001010011010
101101000000100
110010010100101
100110111000010
001110101110101
100010010101001
011000011000111
111010001011000
100110110010101
001001100100000
110110100100100
011011000001111
010100111001100
111011010111110
101101100100011
010111100001010
011100010000000
110110110110111
010011100110001
010000001100011
111111000111001
011010011111101
111100100101001
110100000110000
100000011101011
111100101011100
001111001011001
111011011011010
010101101110101
100101101111001
001010111101101
000110110101010
101101001000000
110000011111100
000110111101111
110011110101101
101100000011111
010100101110011
010011011100101
000011000110000
011011100101001
111011110101001
110111110010011
111101000101110
001000100010110
100001001010000
001001001010111
101101010101111
100010011111110
100100111011010
110000100100101
001101010010001
100111001111001
000001010010001
100111000011010
111000011110010
000111001101100
000001110100100
111101001110100
110111011010101
000011101001001
000000011101001
110010011101101
100111001011001
011001110011101
101010101111110
010010100101100
011111101111010
111010111010000
101110110101100
010011101001111
001010111111010
101110111001101
011000111110000
001010111100101
001100110101011
011001011110110
100011010100010
001011000010111
001001010001000
000110100101011
010101110110111
000100011010010
100001011001001
111100101101101
101110011101101
011110101101010
110011000111110
001110011001010
001100010000111
001100011101111
000000011110101
000000100101001
001101011110110
000100010010001
001101011101100
110101100111011
001111101001101
101011111101001
110101001000000
110011111101001
111011001101110
001010100100100
000001010011001
010010100110001
000101001110001
100100111101011
100100000110000
000000000000110
110000001100010
001000101100111
010001111100100
010101101010110
001001100110100
000001101000101
010110110010010
010111101001111
010010101001010
010011001100011
111110001000010
010111001000000
110011000111011
011100111011001
111111011100110
110001110001111
000110010010101
010011001100101
101001100100000
001011110001011
001100111110110
000101110010000
000101000101101
010010100100011
110011011000101
100101110010001
100100000100010
011101111101011
000100001110110
101000110111001
000111010101110
111110011101111
011111101011001
011000000101000
011001010000011
101000101000111
111001111100010
111000011100000
110110111101011
101100111011001
001100000011101
110000111011011
110100000000101
000000000101010
000101101010011
010101111110000
001100010010001
110001100100111
111010001010111
111001011100101
011111010110011
000001011010010
001110110111111
100111101000011
001101111101111
000011100111001
101000000010100
100111001111011
011101001001111
100001111010001
001111110011000
000001101111110
111100100010101
000100001010100
100111110110010
111011110111101
001010000100101
111000111100110
010001000010101
001011001001110
001010101011101
010111111001000
110110010111000
111101100011010
110010101001011
001101000100111
011001011111100
000110101000010
010111000000111
010011100111011
010010001001000
110011001011111
000101101000111
010111100111100
010111110001111
000101111100011
111010001001101
010110001101010
110100011100001
000110010100110
000100011000000
011101001101100
110001010011101
111101111011101
010010110100011
101010100100111
100110011001001
011011101110001
011101011011111
010101101101100
100111100101101
100010110010011
000010101011101
010010100111111
100111111110111
001100100101110
000111110100001
100000001110000
100010110101001
000011001111001
100001101011101
001110110110101
100100010101101
101001001000011
011000101100111
101100010011100
010010110001111
001001000011010
111101111101011
101010001111001
110001011001011
100000101000010
101000010110101
110100011111001
110100100100100
101001001011110
100011111101111
111010001000110
110011010000110
011000100010010
100011001011111
110100100010001
001011111000011
011101010101101
001111011011000
110101011010011
001011111100010
100000111011110
000011001010100
000011110110111
110000111000100
010001000000001
110010000000000
100111000100110
110101100001000
111111100111101
110110011011100
010110110111110
010111111000001
101000011010011
001110101110000
100110001000000
001000001001110
010010000010110
100101101001000
100001101110001
100010101110010
010110111010010
110100110100011
100110101100011
000111110000110
000110111100100
000001100101100
000100011010110
101100010111001
010110101001111
000010111100001
101110100000100
101010010100010
100001011011101
000101100110010
010111010011011
111101111010110
010110100010100
111000100001011
011011111110111
010111011111001
000110000111101
000011001101111
000000010011100
110001001010001
001000000100001
111001010010110
011111000010001
100101001110111
110000110000001
000000110011011
110110010001111
111001111111111
010010110100111
001100111011110
111110100110011
000101010011011
101110100010000
010011001101100
010010001110011
000110110010000
011111010011100
011001000011010
000010100111110
011111010000001
110000100000100
111001111010011
110100111000111
100011100011111
110111011110111
000010110101000
100110000010101
000111001001111
110101000010110
011001100100010
010000010010111
110111111100100
110010011010111
101110010110000
010010100010111
101001000101011
111001100001000
110100001101010
100100111001000
001101000110110
111101110101111
001001001100000
111011110110000
110000001000001
001001010111011
001101101110100
101101000111010
100101000010111
010101000010001
000001001101000
101100010100001
111100110101000
100000011000001
100001000110011
000010111111101
000100101001000
111000011001011
001111001100011
011011011101110
000111000111011
110001101001000
101100101010111
000110100101001
000000000110110
001001101100111
100110010000110
100100011101010
001011010011010
110101100001111
001101010011001
111010111000000
011111010010000
010100100011110
110000010110101
000001010100000
011110011101000
001111111000110
001111110010011
010100010000010
010100110000101
011001111101100
101000100010000
000100101011010
000010100100101
001001011110100
000101100000100
001111100101000
010000101010111
100100100001011
001110011111110
001010110101000
100010100000101
010010001110101
010101111101001
110100000100101
010001111100101
001010010101000
110100100111101
011101001011100
100011111110110
101101100100111
101111100010110
000101110100001
110110101000001
111001100100101
000111010100101
011001111011011
001000011010100
000111101101000
001110010000000
100100111101110
010111000111000
011001001010111
011101001011110
000000100000011
000000110101011
110101011000001
011101100010111
011110100100100
000111011100010
110010001100111
011000010100110
010000000011001
010010111010101
011101001100001
000000101101001
111111001110100
000000110000111
101001111010110
000000001110100
000000001011010
010001011101101
101010111110100
001100010011000
100011111111000
011100000011101
011111001000010
100001010100010
101100100001100
010100100011000
001110001101011
011110110111101
011010111010101
001010000011101
001000000110010
010101101000001
011100111001100
010010001100100
101110110101110
110100110010010
001010111101010
110000000101010
010101001100000
101101101101101
100111110000000
001101100010100
110111001111011
001001011010111
000100001001110
111010101000001
011011011100001
101101111001100
001011010110101
010110011010011
000100001001101
010101111110000
101001011011001
000000111101101
111100011111100
011011100011010
011011010101110
001100010111011
100010111000000
000010000101101
111111010011001
010000111100000
000101000101101
011100011111011
010000010010000
010010010110100
000110011000010
101100000110101
100111011100000
110101000000111
111001100110100
100101110100010
111110010100010
100101110110111
010011010100011
000011101101001
111101001111111
001000111101001
110101000010011
111111101111010
000110001110011
001010110110000
011111110101111
010110111010111
010111000111010
011010100010101
011100111100100
100110100011011
100000111100101
110110000111110
100000010011010
011110011010010
111001011010001
000011011011000
001100111101110
011000011100011
111100100010010
110010111011110
100000111111100
000011111010110
011011111001100
110001000100001
011111111010110
011001111101011
000111111000110
101011111001100
100001000111101
100110110100011
101010000110110
100000101101101
010111111111101
011010111101111
000001100001011
001110110000001
011011100101001
011010110001111
000001110111101
111100110100001
011100100101010
011110000110010
001000000001000
001101100000100
110111010010001
000111110010100
101101101011010
011110011101011
000110101010101
100010111011001
000101001110100
011011010000111
101011100010001
000011010011100
010000100101111
001101010110101
101001000100011
011010111000001
111000100001101
001111010011110
010000111110010
111010010001010
000110111100000
000010110101101
110010100100001
101110111111110
100010010111110
100010111100111
001011100000000
011000010010110
010111000011010
000111001000000
100110101111000
010001001011010
000010100000100
100001100110101
101000110100101
001111100110101
000100101101010
010010100111001
101001011010000
101111001000111
100001000101101
100110110100101
111001011010111
111000100101111
010011000101000
010000010111011
000101010010011
110000111001001
101000011001011
001101110001011
101001001011101
100000001110100
101000110011101
100011101000110
010010100101001
101000000010101
101011100000011
111010001110000
110111000111100
010000100000001
100100101100000
001101100001101
000100101010111
110101000101111
010001101111101
000000110111111
001110101000000
001111001010000
011011111011010
011111101011101
011110011111110
110011010011111
110011010011111
101101110100100
010100011100011
010011110000111
011101100100110
111110110100101
111111000000110
111000001101011
001110101110010
011101001111111
010010000101101
011011110101000
111111100010011
110000101100111
111111101100011
100000110001110
000011101110100
011110110010110
101100000010111
010111100001111
000000100100100
000110001001110
111101111100010
101011010101110
001000000100010
101011010111011
000101011001100
101010110100011
110100000111100
110110110011001
000000011010100
000110100111011
111101111110000
000101101011101
000111001011100
111110000111101
110010010000101
010101110100000
001000000101001
011010100011111
001011100000001
100000111000010
011001100000001
100001111010111
111100110111111
000110111011011
011110010100101
101011101101110
100001000001110
000011000100100
111111100100010
110010100100001
001011010010101
110011110111110
111011110000111
001000000100010
110010011100100
001111101110011
100000010010010
110101001001110
011001001110111
010100010101010
101010010100101
011001111000010
101100100101011
001001101111111
011010100000101
110000111100111
101100100110111
101001111010001
101101111101110
010001011110001
010010101010000
000011011001000
010111011111000
111001110010001
101000100110100
010110101010111
000001111011001
010001100111011
110110001000101
100011010110000
000110010010100
000011110101101
100101000101101
001010000101001
000000100101000
011101011101010
011001000110101
111111001000010
110010111011001
001110110101000
101101101111101
011111110111111
110000101000100
110110011110110
001111111010101
000001010010001
110001110101001
100110010111000
010001011100001
000110001000010
111100111101011
111010010110101
100100100100110
000111111111011
001100010001000
110010011101011
011111110100000
101000111000111
011010100111011
000000110101001
001100011000010
111000101110001
110101111101110
100011011011101
001011000001011
101101001010101
100110100101101
010000010100110
110101000111001
111001110111101
101101001011011
111011001111111
101011010010101
110111001001111
100111101000011
111110110010100
100001101110101
000001100101101
011111110000010
010100001010010
101111101101001
011001111011010
110010101111101
101101100100000
011101111010100
011011001010010
011010001001000
001001111000000
101011000010111
000001001111101
011101100010100
101001101111101
000101001111010
111111011110101
111000000111111
000010011001110
111001110100101
011110100100100
100111001111100
011001010011010
010011001010111
100101011011001
101011111100100
100010000101111
001011001001110
101101110010010
010010000000111
100101101110010
011010110111111
110010100000110
111011100011101
001000000100110
100010001110011
100110100000011
011010011110100
101100010011010
001010011010111
010111111100101
010011000010001
100001100001111
001100100011010
000100100100111
111110010001111
011110110000000
001100001001011
100000111110001
001011000011111
001001011000011
101100000010101
111101001011001
000111111111100
010000011011101
110000011011000
110111110001101
110010110010001
000100010101001
110010011100000
001000110000011
010100001110110
000000011010000
011011010111011
101101001011110
111110110001001
001100111110010
011001100011101
111101011110011
010100110101110
100111110111011
001011101000101
110111001101100
101010111101000
100011010100010
100010010011001
110010101110100
011100001010111
010101001010001
101101000111101
000100010010100
011100111000011
100000011010000
101000011010000
100000010010011
011001110001100
000010101010010
001110001000011
100010011111011
001101111110100
111110010111111
000101001101001
100010001011001
101100111000010
001111011011001
111100101010011
010000101000100
101000001010000
011101110001011
011111010101011
111111101101100
101111000010100
101111001111111
001111101101000
000011010010101
011111100110001
110000010110000
101100101011100
001001000011010
000001100111100
011100011110011
001111000011101
100110011110100
000111110101001
101101001010101
100111011111000
100100001000110
100010100100001
111111011111011
000010000110011
011000110101000
001111000000010
001111011001000
000000100100100
011011101011111
011010101100101
110010110100110
001101111000000
010100110100011
100011111001001
011001111111111
110011101011000
000010000100100
000101001100111
111110000110100
101011001010111
101011010010010
110010001101011
101000001010111
000010010010000
111101011110110
100010001000101
000100001100101
010100010110111
010100110101100
100000100000010
101111011000011
000100101010000
101100001001001
010011110111011
001000000010000
011111111001000
111000010010000
101100100011110
000111100101110
011001100100100
100010111000100
101000011000011
101001100001110
101111010000011
101111011101010
010010000101000
010100100111011
000001010010010
010111100100001
111001001110110
000000011011000
000110101100100
101110110001001
001010011011110
001010110100100
100110011111100
101110011010111
000000011100001
110001011110111
010010111110101
010001101110001
110001000001110
000111100000110
100000001110001
111011000101000
000010100000001
101111110101101
110010101100000
110010001011010
110111010001001
001010011010101
011011101110101
111011110111101
101001101001111
110101111010011
111101101101000
000011001100110
001110101110100
111100001000000
001100101011100
010111100111100
000011101110110
111011011110110
010111101111100
111011110111000
001111100101011
011111000000010
101011011111100
010110100011001
010000101110000
011001000111011
111010010101101
100100110010010
010011101000000
101110011111010
101011010101100
100110110110001
110110101000111
101011110000000
110001011101111
011001000010011
011010100110110
110111101100001
011010001000110
000001100010010
011101101101110
000000110011010
101110011000101
110000101110110
100001000101101
100000100111101
111111101110111
110011001111011
011010011100110
101100010101010
000010101011101
100010101101011
100101001101100
010100100111101
010001001100101
100001100010101
011110101000111
110111010010110
100011100110111
101010000000110
001100011010000
111101000010010
100111011110001
011011001111110
111000001110010
101011110000110
111011001101010
000011010011010
110111110001000
001011001011110
111110110111111
101101001101101
110001110010011
110001000011010
000101011100110
100011010001010
111100010000100
011100000110001
010001101000111
100010110010010
010100100010010
011110000110000
000110000101011
110110010111100
010111001100110
000010000011100
110100000100000
011000101100001
100110000001100
000011010001110
110110010001011
001000001101100
110111110001000
001111000110001
010111000001111
110101111101101
111011110001010
101110111101111
101101000011110
101011110100010
101111011001000
100001000100000
001010101010000
000001100101001
000011000101100
001100111100010
100011000100010
011011000011100
101000000000000
110000100101110
110001100001101
110101111001001
111010001101111
001111101011000
101011101011100
100110011001011
001011110011000
001100001100001
110111100101011
101001101111010
010011100010000
110001111011001
100111100100110
010001011001000
010111010011111
001100011100110
110110011000011
111001110100111
011110101110101
011100111110011
101110000000110
100101001010001
000110111010101
010100111111010
010110010000101
000111100010010
000101101000100
001110110001010
100110010101010
000001110101100
011100001001011
100000111101011
010000010101000
100110110010010
111101111010110
100010010000100
010110101010011
101000100101110
100010111000000
100001111110111
110101010001101
010001010010011
001110110111000
010000010111001
010111101001000
000001100011001
001010100101010
100101000101100
111010110110110
001101100100010
111001101011001
010110001010111
011011100110001
101011000001010
110110010011001
100110001010000
011100100110110
001110010110110
101100110111111
010111001011110
011010001100001
111111110101110
100000110101000
101001110010000
010010001110100
011101101111111
100001010101101
010010110001010
000111111101100
000100110000010
000010001100110
000010000100001
110111101011110
101111011100000
011100100010111
001000010101001
001111011111011
010011010011000
101111101100000
100001100010001
001001010011011
000011000101010
010010000111100
110001010100001
101011001010000
010011111010010
011011100100011
010010111111101
011000111111111
001000110011110
111001101010110
000010111011000
001000101101001
111100110001010
101100001100000
011011000101001
000100101001100
011010001000001
100110111000110
101011101001110
101011000011011
000011110101000
100100110101101
001101101110101
111100010111011
011110100111000
100010110001111
111010000000001
111001011101010
010110111110110
000110100101110
100101010000110
111110001111100
101110001110000
011010001100001
111111011011011
000111000011101
111000011100011
001010111111000
101110010111000
110000110111000
100000100101101
011011100011010
111100011001011
001010101101100
111101001111110
000011001001110
101011111001100
111100110101011
001000011000110
001000010001100
010110111110101
111001011111011
100010111000000
001010010010011
101100001010010
000111011000000
100110111010101
101101011100100
011110100100101
011111110101100
001010110111111
011000011010000
100101010111100
010011110101010
011000001011101
001111001000111
111100011010000
110000010111001
110100001111000
011100110011000
100100101110001
000101011001010
100010110010001
000011011111000
101101100100010
110001010000010
001100000000011
000101110000001
110010100011001
001101110101000
011011001101111
011100100111101
010001111010111
010000010000010
110101100111001
101100010000101
011100111010000
011101110001000
001100011100111
010101101000000
111001111100101
010111101101100
001110110000110
010101010110011
111101001111110
111011000110101
010100010110101
100101110111000
010011001010111
010101010100100
010101001110110
011111100110110
111011101000010
111010100111100
011110011100110
101000011100100
001001100001011
111110011011100
001011110000101
101100111101100
100000111110010
101010110010110
010010101011011
100001101110001
100010011000100
001011011110110
000110111100111
110010001101101
001000100111001
101101010011100
111010111111001
110100000111000
010010001010011
001111101111000
101101101000110
010000101000011
110010101110010
100111001011000
100110001111001
010101010111110
000101101010111
010000000100100
001001101111111
010111001010001
000001000111110
110011011100111
100101011110001
101100110010100
000000010111001
001100111111101
101111110100000
111000110010011
000011100111110
010111110111000
011010011000001
101000010110011
100001011110000
100100101111001
101000111110111
111111000010100
100011110100011
101010100010001
111111001101110
111001100000001
000111011100101
010011000000101
000101010000101
101110000110110
011111110110010
011010000010100
010100110100110
100010001100011
000100111101010
010011011101101
010000100011111
100000110010011
011111000111110
100010000000001
111101001000001
100001101110000
110101001010001
110011000011010
100101011111011
100101101100011
000111100110110
001011010111001
111010010111011
100100101011001
100100101001011
001101100100000
010001000000111
011110101001011
011101100000001
111000110010101
110100000101010
001111001010010
110110110010100
100011101010000
100101101100011
001100011100111
101110101001100
101101010110001
011100111000100
111011111110111
001111000010110
001111100111100
100010110101000
110110101010111
110011001111011
101110110110110
011111010111111
010110100011110
011000101011000
111000010000111
101101101010011
011010001010001
101011100000000
011111001010011
111101010001110
011010011000100
100000010001001
100101100011000
001010010111001
001111001111011
100110110001100
000110100101111
110000000000101
111010011000101
001011000010111
100111111100011
010111110110110
011001110100000
010101000111001
100010101011111
111011011111101
100100000001110
111111100100011
100000001101000
101101100001101
111111010011000
110001011111111
010011011001101
111110010000111
011000110000111
001001011111101
001100110111100
110010101010101
000110110100111
011011001001100
110101010001101
001011100000011
100000001000000
000001000011101
100101111000100
000110111010100
111110001000110
001000110100110
101111101010111
011000100111011
011011001011111
001110110110100
111110110110000
111000001010000
011101000001110
010100111010011
000110100111101
110101000010100
101010010000111
010001110110110
000010011000110
100110111001000
001110111100000
111000101001010
101000111011100
101111111110110
010000101000000
101001001010110
100100000111001
111010000111101
011010111010100
001010110011110
111000001100111
101101000001110
001010111010011
111011010010101
101111000111000
100010011110011
110011101111000
001011100111011
011010100001101
001010101111110
001111111100010
100011001001101
010010000011110
110001011101111
100100000100101
100110100000010
001011001100001
101110010001110
000101101100110
100001111010111
100110111010111
000000110110110
000101100111100
101011011100010
101000101101110
101100110100010
110110001111011
110000000011110
001101101011101
010000111010110
111010110011100
101000111100100
101001100010011
011010101111001
001100100111100
011100001100110
111010100011100
011100000101100
000011110010000
101111100101101
100001101011111
011010110011000
011111110110001
110111100110111
001010101110110
110110111010001
100010101011010
100011111011000
101001010011111
100010100110001
010000001101011
011110010110011
001001001100110
010110111001110
011010000110010
110101101110001
111000111001010
011100101011110
100011000100100
001101011100011
110000011101110
011000101000100
001100111000111
010000010001010
010101001110110
010010001100000
000000000110100
000101101110011
011011001111010
001000010111100
110010110101011
111011001001101
101110011111111
010110100101111
010000100000110
001110001101000
111001101010001
110001010100101
111010111101101
001111000000001
000000110110111
101100000011111
001011100010100
110101101010101
100110101100110
010000000011011
000111010011110
100000010111111
001110000101011
001100111001011
010100010100101
000011101011000
010001100010111
101010100110000
101010001011100
011011111110000
101000010100101
111000111000101
010001111101100
010010110110000
100100100000111
101101111111011
110111011110101
111111011110100
001111011111011
000101010011010
011101001001011
110111100111100
001001011100000
110110100111011
011100100110001
110010010010100
111000011010000
011011011011101
011101111010110
001100010101111
100010000011000
000001100111011
101000101101011
000000011110111
010010101101000
100010101101010
100111110100110
011100101110101
111000011010011
101011110000100
111110001111111
001001110001100
100010110011010
001110100100101
101110111001110
001000111111101
001100111010101
111010011011100
100101110011011
011001111000101
000111010110010
011100010110011
100010110110110
001000111011011
011110111110110
110111100100010
000000111111101
111110010110000
110111110111101
100110110000010
100010011100001
101101010101110
101100101111100
110000010001010
110111110111010
011101010010101
001101110001011
010111101000111
011001000010100
110000111001000
110101011000011
111011001101110
001110000000000
011110011101011
100001110010110
010100101000001
001000011011001
000001101110111
100000111011001
011000111000001
010101011000101
111000001000000
011111101100001
000100000001000
111101011101001
011100111101101
011000111110010
000111101011110
110111101111101
101001010000001
100111111111111
100010010010101
100111110100111
010101111010001
000100110001100
110001101000110
100011011010110
010001001100110
100010100011111
001101110101101
101101001010110
000010001100000
001111011000011
011001011000110
110101111111111
001011110011100
111011010001000
101100101101000
000000001101010
001110001010101
100011001000111
110100101001001
001001001001111
101100100100011
111111110000001
101101101101011
110011101101001
101110100101110
010101100101111
110100111000111
101100000110010
111111100000000
101111011110101
011000111101110
111111100010001
010111111000011
000100111001111
101101011100010
001110101111101
000110010001101
111000011101101
100010101111011
110010111100000
000111100100001
101001111110111
100100000100111
101001011111011
011111101011001
101000110010110
000011100101001
001110110100001
110110010000010
111001100001110
000000000111100
Time = 51.49s
