n = 12, k = 2, l = 8, m = 118
Expect Resample Times = 0.577422
Result:
111011110001
111000111111
111011110101
100111001111
101111011010
101101011011
111111010110
011111011101
111101110111
111101001011
010011110111
110111110001
100110011111
110110011011
011101001111
010111110111
010110111111
110111101001
010111110110
111111111010
101011101111
101001111101
111100101111
111100101110
101110001111
110111011110
011101011111
111010111010
111101101011
110100111101
011111011100
001111111110
011110110011
010101011111
110011111011
101001110111
011010111111
011111011011
101010111011
111010101011
101011011111
110111101010
111110101110
100011110111
110111111011
100111101101
111101101001
101101101111
111010111010
011111111100
110111111110
011111001111
110110110101
110111100111
111111101101
101111010101
011011110111
101101101111
111001001111
110011011110
101010111011
111110011111
111110100110
101101011011
011100110111
101111110010
110110010111
000110111111
110101011101
011111001110
111101111101
101110001111
111100011110
111001011111
111011011101
011110111111
100111110110
101011100111
011001110111
111110011101
111110111010
001011110111
001111101101
001111101101
100111111110
011010011111
111001011011
111101101111
010111111010
110101101110
111111011111
110011100111
001111101111
110011111101
111011100011
111110110110
101111111010
111110100011
111001111100
110110111101
011111011011
011111000111
001011110111
011111110111
111011111100
111111100111
101101101101
010111101111
111011011101
111111111110
111110001011
011010101111
011011011011
110101110111
101111000111
101110111001
111110100011
101011100111
Time = 0.056s
