n = 17, k = 3, l = 7, m = 180
Expect Resample Times = 0.509318
Result:
11001110101101011
10100111000110100
00001011101111111
10011110111111111
00100011110110100
01011010000010110
11001100000101100
01101010110100010
00001101100111110
00111101010101110
00011000111001011
01001111011001111
00111001101000011
00110000001010111
01101010100000011
11001111101001110
10100010100010011
10101110010100001
11110100010010100
01001110010001111
01001011100011011
00010011101011001
01101011001100001
10111011011110011
11011001100100010
11000111100011110
01111000101101010
11011011100110000
11100111111101001
00101010011111010
00000011101100111
10011101010111101
10010111001100010
11010010011110100
00001110011110010
10011111010000110
11100101001100111
11101011000100101
11010100010100010
01001101110100011
01101010100010101
01111010010110111
10111110111011010
11010011010111011
10110111111110100
11110010101010101
11011011111010101
10101001011001000
11100100101011011
01001100010100110
11100111011111011
10100111010011101
11110011010111010
01010011000110110
11001100001011000
10011011101010100
01000110100111000
11001001101001010
11000101010000011
01100111011001110
01101010000100111
01011000110111011
10100110110111010
01000001110100111
01010011001101010
10110101110101001
10111011111011111
10100010100011010
01011011000010010
01010010100110010
11011000100101011
11100011011101101
01100010000111110
11100001100101100
10101001111001000
00110111101000001
11110101000100110
10001110110011100
01111100101010111
01100110101011111
10000101100011100
01101011111001110
10101001101110100
10011000100101110
11101000010000011
11011001010111011
01011010001000111
10101000010111010
01011110001011100
11001111111001000
11100111000010000
00101100011100101
11011111101111000
10001111100100011
11101100011011010
01100100110010010
11000101011100111
10100100110011111
00011001110110110
01011100100100010
10110010101111100
11101111110001100
11000100001100101
11111110101111001
10111100010101100
01110000110101001
00001110010001110
01010101110101100
10010000110001110
11001010011111011
11100011101100100
01101000011101101
11101010001010000
00111101010111110
01111111110111100
11101001010110011
01011000010011011
10010101110100000
10111100010100100
10010001100111111
11111010110011010
01010110100100110
11110011010110101
11111100001010100
10010101011111010
01101011101110001
01111001101000101
10000111001110010
00010100001110111
11000000010110110
00110100011100100
10101010001101110
11000011001011011
11101010001010110
01011101000011111
00011001111000101
01001110000111111
00001100101111000
00110000111101110
01110101001110111
11110100010010100
01010110100010100
11101111100100110
00110011011110011
01111001010111100
01011101011000100
01000011010011111
10110011100111110
11001000010001110
00111111011001111
00010000101101111
11111101111110110
00111011111011110
11000010111100111
01101000101110011
11010101111111011
11101111111110100
00100001111010100
11101101101010101
01011011101100011
10001111000011111
10111000111100001
11111001111100001
10111100000001011
01101000100001111
11001101010100010
00001001111011100
01101111100000011
01100001110111110
01100011001101100
01111100000100110
00101110001111101
11011101010110001
01011000111101010
01110101010001000
11000101000100111
10000111010010111
10101011010011101
00111000000011011
01111000001110011
Time = 5.363s
