n = 11, k = 3, l = 3, m = 130
Expect Resample Times = 0.391516
Result:
01100000101
10000011111
11001110010
00110110110
01111010011
10110101000
10101100110
11111100010
01111100011
10011010101
00100110000
10000100011
11100011010
00111101111
11010011001
00011100001
01100100011
11110010001
11001100100
11010001100
11011010010
10111101000
10011100001
01111000011
11100101001
01001111110
01011111000
11100001111
01011100100
01010010001
01011110001
11100001000
11001101001
00111011011
11000110001
10111100101
01000101000
11111100010
01101010110
01001010000
00111001110
00100111001
10101111011
01001110011
10100101111
00010100100
01100111000
11100100000
01111100110
01001111101
01101001011
01011000011
00001010011
11101100011
10110010111
10010111000
00101101000
10000010100
10011101000
10110001100
01011010011
10100010110
11111010010
10011010101
11011111000
11110100011
11000001000
11000101001
00010001110
01000010110
00111100101
11000110100
01111010100
10101101100
11010001100
10101000100
11100100000
11100101100
11001100101
10000110100
11111101001
10100111101
11110001100
11011110000
10011011011
11100111100
10010011010
11111110111
10110000111
00001101011
11110110000
00101010100
11111100000
01100000010
11000000100
01111100110
11100101011
00111111001
00111100100
10001110101
01000110111
00011110100
01010110011
11101100110
01111101001
11010011110
10010001110
11011101101
10001111101
00111010000
00000110100
10100111000
01010111100
11011100111
11100001010
01111001101
01111101110
01010010011
01011000010
00100111011
00101100001
01111010001
11010011111
11011010101
10010111001
11110011000
10010111110
01011111000
01111010110
10011001000
Time = 0.049s
