n = 15, k = 2, l = 6, m = 60
Expect Resample Times = 0.697483
Result:
011001100011000
100111110111101
010111000100110
111110000001100
011111100001011
111001010000100
010011110011011
111101001000000
001001110010111
110100011011000
110001001011101
001011101011111
010001111010011
001111011100000
101110001010011
010011100101110
110010101001010
011011100101100
000101011001100
001010001110101
010111110000000
110011010110011
001011110100100
001010001111100
100010011000011
001110110111011
000111100010100
001011001111111
110101000010011
011001011110010
000100100111111
011101111010110
100101010001101
101101001101111
110101011110111
111011001111000
101100111000110
100000111100110
101110001000001
101111111011000
011100011010011
111010010000010
001110110101111
111100011100111
110000000111001
100110100010011
101111100110011
110011010011011
101111011101111
101001011111011
010111010110101
001011011101111
110110100010000
011010110000100
001101011111010
010111000111001
111011111100101
110111111101101
100001001010011
010011111100111
Time = 1.949s
