n = 13, k = 2, l = 10, m = 245
Expect Resample Times = 0.618721
Result:
1011110011111
0111111111011
0110011111111
1111111011110
0110011111111
1111101101011
1111011011011
1010101111111
1011011111111
0111110011111
1110101111101
1111110011110
1101111111110
1111111001111
1111111111010
1111110011101
0111011101111
0111111011101
1111101111001
1111010111101
1001111111101
0010111111111
1111101101011
1011111110110
1011101111011
0111111001111
0110111111110
0110111011111
0111111011110
1110100111111
0111011110111
1111110111100
1111110101111
1111011100111
1011101110111
1011111111010
0011111011111
1111001110111
0101111101111
1110111110110
0011111101111
1111101110110
1111111111010
0100111111111
0101111111101
0111111100111
1110011111111
0111011110111
0111111011011
1111110110101
1111111100111
1010111011111
1101110011111
1111110111011
1101111111001
1111111101011
1111110011111
0110011111111
1111010111110
0111111101011
1111011101011
0110011111111
0111101111110
1111101011011
1101011011111
1111110011101
1111110111101
1011111111001
1111111001111
0111101111110
1101111011011
1100111101111
0111100111111
0111111101111
0101101111111
1101010111111
1100011111111
1111011010111
1110111111100
1011111101110
1111111100011
1111110001111
1101011101111
1011111110101
0111110111011
1110100111111
1111101110111
1011011111111
1111111000111
1011111110011
1001111101111
1111101111001
0001111111111
1011111011110
1011111010111
0111111110110
1101011111011
0111101011111
1111110101111
0011111111101
1111101110011
1111011101110
1110111101101
1111110101111
0111111101110
1101111111101
0111111111001
1111100111110
1111111011010
1000111111111
1111110101111
1111111001011
0111011101111
1111100110111
1110101011111
1111111101001
1100111111011
0111101111101
1111110011011
1011011111110
1111011101110
0111101111101
1011110111011
0111111111110
0101111011111
1001011111111
1011110111011
0111111011110
1111111011100
1111100101111
1010011111111
0110111111011
1100111101111
1111101111001
1011110101111
1010111111101
1111010111110
1011011111011
1101111101111
1110101011111
1110011111111
1110110110111
1101101111111
0110111111101
0111111011101
1111100111101
0111010111111
1110110110111
1011111111001
0111011101111
0110111011111
1101011111101
1111111110001
1101111111101
1100011111111
1101101111110
1111110011110
1111001111011
1111101010111
1101110111110
1110101111101
1011110101111
0111111110110
0101011111111
0111111111110
1110111111110
1011111110111
1110110101111
1111111100011
1101010111111
1110111011110
0111101101111
1111111010101
0111111110111
1111010111110
1111111001110
1111100110111
1110110111110
1111011010111
1101111111110
1011111101101
1111111011100
1111111110110
1111101110011
1111101011011
0111111110101
1101110111110
1011111011011
0001111111111
0010111111111
0111011011111
1110110011111
0111011110111
1011100111111
1111111111001
1101111111101
1011101111111
1101111111110
1111011111111
1101111110110
1110010111111
1111111000111
1111110101111
1111001110111
1111101101011
1111011111010
1101101110111
0101111011111
1011100111111
0101111110111
1110111101111
1011111111110
1110111111111
1101101111110
1011011111011
1110010111111
1111111011111
1111101111100
1101111011011
1101101111011
0111111100111
1111111111101
1111101101111
0111101111110
1011110101111
1110110110111
0110110111111
1111110110011
1110111011111
1110110111011
1101110111111
1110111111101
1101111011101
1111111001110
1111001111101
1010111101111
1010111101111
1011011111011
0111111110111
1110111111010
1111011011111
1111011011101
1110001111111
0110110111111
1111111111001
Time = 0.019s
