n = 15, k = 4, l = 10, m = 4728
Expect Resample Times = 0.400795
Result:
011111011111110
001011011111101
110110000111111
011010011011111
011101110110101
010111101011011
110111010111100
011110001011111
001110011101111
111010011111010
111110010011101
011110101110011
101111110110010
101111000111011
101100111101111
101101110111010
011100101101111
101110011110101
111110011011011
111111010111001
001011111011111
011111111111111
110010111111110
110101101111011
000111011011111
110110011111001
011110110001111
101111111101111
111011001111111
010111011111100
111011111001011
011111111111111
111011111110111
111111110000110
011111101001111
110110011101111
111111100011001
010111101111100
101011110010111
100111011111011
101110101111101
111110111101011
110111011110111
110011110101111
111011110011010
010101111011101
111011101100101
110011101110111
101111100101101
100111110111001
110011011100111
110110111001110
111101010111001
111110000110111
101110111101100
111111111010011
100110111011011
100110111101111
110110111111110
110100110011111
111011110101011
011011001111110
101001110110111
111101101001110
100011111110101
011111101011110
000011111111011
100110011011111
111010111101010
111011111110000
101010011111101
111111011000111
010010011111111
101011101011110
111001110001111
101111011100011
111110111101011
111111010001111
111101100111110
101111111011010
001110111011110
000110111111110
101111110011001
011011111111000
001111111010110
111101101001101
101110010111011
111110110101001
100101100111111
011001111111010
101110010111110
111110110110111
110111111011110
011011111010110
111101110010101
000011111111011
010111001111111
111101001101111
100111001110111
100011111011011
111111111010111
111111011101110
011000011111111
011110101101111
101101011111001
101111100110110
001111111001110
100001111111011
011101110011111
110111110111110
111100111101011
101101011111011
111111111000011
011101110101101
010110110101111
111111100100110
111011001111110
001100111101111
101100111111101
111010011111111
101100111111110
111110011000111
001101111110110
011011101111111
101111110111110
111111101000101
101011111111001
101101111111011
111111001101110
011111110001011
110111111001100
011101110011110
101101100111011
011111111100010
011110011111001
111110101101100
101101101111100
111101111011000
110011110111110
011001110110111
111101111011011
111011110110101
101010111101011
110011111111100
111010011111010
111111011010111
011111101111110
110101101101110
100101111110011
011101110111001
110111010110111
011100110101111
100110111111101
001011111110110
100010111111011
100011101111011
110111011101101
010111111001110
111011111000101
111011010111010
001111111100111
001101110111110
010111110011110
101111110001111
010111010111011
110010110111111
010111110100111
001111111101100
101100111111110
111100100101111
110101100101111
101000101111111
011011001111011
111001111000111
110111101111001
111111010001101
011110100111111
111011110100111
110011111110100
010011101111111
110111010110101
110101100011111
011011111101101
111110110111001
011101010111101
010111111111101
111101111111111
110110101011011
101111111100101
111010111110001
111011111001001
101111110111000
110011111010011
101101111111111
111111001100101
111101110111000
101000111110111
111100001111110
111111111100010
110010010111111
110011011011101
011010110111110
101101110111100
111100111101100
011111111010011
110110111110110
111100110101111
111001011101011
011110111111100
001101111101101
011011111110110
111111101000101
110101111101110
110101111101110
111110001011101
111011111010101
101110101101011
110111001100111
111111101100110
111101110110001
100111101011101
011110111111010
101111110101111
110110111100101
101111111100101
111111011010011
111110111110010
100111001101111
001101110111011
001011111101110
000110111110111
110011101111011
001111111101111
011101011101101
001110110101111
101111010110110
110111110101011
110101011111100
011111011001101
110110101111011
110101111001101
011101111101100
100111111110001
100101011011111
111111001001011
010111100111101
111100010111111
001011111100111
010011111111010
111010111110100
100111111111100
111100111110010
001111111011101
110110110001111
011111110000111
101110001011111
111001111110010
100001111111111
111011101001011
010011010111111
110111010111001
101100100111111
011110111111001
111010011110111
011111010101011
011111011010101
111110010011110
110101101111110
111000111001111
111110111100111
110111111000111
001111111001101
111000010111111
111011101101100
010001011111111
001101111111111
101110101111010
011011111110101
010101111011110
011110110011111
101110011100111
110011111110101
110111011010011
011001100111111
011011111111100
111101101111110
111001111110001
110001111111010
011111011100101
110110111001101
111000101101111
111111111101000
110101111011101
101101111100101
101100111011111
011001110011111
011011101010111
000101111110111
101110111101100
110111101101100
000111110101111
110111011010011
110101100111110
010101111101101
111100101011011
100101111101110
010111110110110
100111011101111
111110111000101
111000111111111
110110100111110
110110001111101
000111101011111
011011110011101
011101111101100
110110111010111
111101011001111
101010111111001
101111111100011
000111111111110
111111101000101
111110110001101
101011111111100
010011111111111
010111001011111
001111111110011
111011111010010
101111011000111
101111001111010
111011101011101
011011010011111
111001111110100
111001111111000
111111111010110
101110110111111
100001111111110
001111110111110
010111111101001
101001011011111
001111011111010
111010111010110
111011010101101
011111011011010
101111011101101
011011111101110
111110101101001
000111010111111
011101011101101
011101110011101
011001110111110
011010110101111
101110110110110
010111110111100
101110100111011
110111111100010
111111110101011
111001001011111
110101111100111
001111001111110
111111101110010
101011011111001
101101111010101
111010110011101
111010100111111
111100110110110
111110111000101
111001110101011
110101110110111
011111101111100
010111110010111
001010111111111
111011100011101
111101111111100
101110111111110
111101010011110
010110011101111
110011111110110
111111110111100
110111001111001
111011111111101
111110001011101
011110101110110
111010111111111
001001111111011
011111100011101
011001101110111
111111011100110
011110101110110
011111111110111
111001111001101
111101001111101
111010111100110
110110101111001
110110110111110
011111101010101
101110011011110
001111101111010
111100111110100
011011111101111
011100111111011
100010111111111
110011110111001
011101101011110
011111111010010
111110111101001
010011111111101
111001010111011
111101011011011
011100110111101
000010111111111
111111010010111
111110001111001
100011111010111
011111101110110
111101101000111
011111111111101
101011110101101
111111001110001
101110100110111
101011011111001
111111011100111
101011011111101
101111001110110
101001001111111
011111011011001
101101111101011
101100101111011
110111010111011
110101111100011
001111100111110
010101101111110
110110111101011
010111111010101
001101111110110
101100110111101
010101111111011
111000011111110
111101110111011
111110001110011
111110110001101
111011111111001
111110111101011
111000110111011
011111110000111
111110110111111
110111111000110
101110110101110
110001100111111
111001011010111
010110111110111
111011111001010
100111010111101
011111111110000
001011100111111
111011101100111
110110111001101
111111000011111
001111011101011
011110101111111
110111111011000
111001110011011
110011010011111
101111011101111
011110111010101
111011111100101
011100110111110
101111111011010
101101011011111
011111110111001
101110101011110
101011101100111
110101111011001
100111100111101
101101110111111
111001111001110
101111011110011
100110110101111
011010111100111
111111011111001
011110011110011
011011011111110
011111001111111
111111010111110
010011010111111
110010111111001
111110010110101
111000111111100
011111111111010
001101111111011
011101001111110
010111011111111
110110011010111
111111110001010
110101101011011
110011111101010
011000111111110
100010101111111
110110000111111
111100001111111
101101101110110
111111001101011
110111111111011
011011111110110
111010111110011
110100011101111
111010011110111
011111110101110
111111100111001
111001101111010
111101101101010
111111001101100
011111100110111
001111110111011
110111011110110
101111001111111
011111001101111
111101011011110
111111111000010
101100101111110
111001011111110
111010010111011
111001011011101
100111100111111
110111110110110
011101011111111
111001011111010
110101111111010
010101111101110
011111100011101
100100111110111
011100110101111
110111101101011
010111011111011
010111111111100
100101111001111
011011110101011
101001110111110
111010011010111
111011011111110
101101000111111
110100111111010
111110111110111
111110011111011
011111101010101
111100110110101
011110110110111
101101111111000
100001111111110
111100110001111
110111010101101
101011111001101
100101101110111
110101100111101
111110010111100
100111101111111
100111000111111
110111001111110
111110010110111
100011011111110
010101111111110
111101100110011
001111111011111
111010011111111
100111100110111
110101011111011
011101111011101
111010111001101
111110110011110
111100111011110
110110001011111
111110110001011
001000111111111
110111001101011
101111001101011
111110111110100
010101110111101
101111111101111
110111111001010
111100110110101
111111101011110
011101111111010
101001111001111
100101101011111
111111111000011
111011011101111
111111100111101
111110111111100
111110111000101
100011111011110
010101111011101
010111101111101
100111111011001
111111111001111
101101011101110
001001111111101
111110011111110
111011101101011
011011100101111
101101101111100
101101101111100
100101011101111
100111111100110
011111011011100
111111101110100
111100101111111
001111111010110
101010111011011
011110110101101
101010011111110
101101100111011
011011011111011
100111011010111
111010101110101
011111010101110
110001101110111
011000111111101
101010110101111
111110101111011
111110111101111
111011101110111
111100111110010
111111111011111
111101111101101
110100001111111
011101111111001
111100101110011
111001110111111
010111011111100
111101101101110
110100111110101
111011111110111
111111110001001
011001100111111
011111011100110
111100101010111
101111110001111
001110111110101
110111011111101
111101010100111
111011110000111
111000011011111
101011111100110
111101101110100
000111101110111
111101001111010
011101110111101
011111010111100
010011011111011
111111010001011
111011110001101
111111111100110
001101101011111
111101111110010
101001111101111
011111110100111
010101010111111
101111101011011
101110100111110
000111111111010
011011110001111
101000111111111
011101011111101
001111001011111
101111111100100
110011111011001
001011111111001
011011101011011
111111010111001
011111110110001
000111101101111
111111111000001
111111001111100
110011101111001
111101101110111
100111001101111
110111011001111
101001101111011
011101111110101
100111110111101
010101101111101
110111110100111
100011111101011
110011010101111
000101111111111
110110101110111
011010101110111
100111011111111
011011110110101
110110110111111
110001111101111
001111011111001
110010011101111
111011101110001
001111011110111
110110100011111
111011111110101
111110111010001
101111011110110
011111011101110
100110111101110
101101010111011
101011011111110
111101111011110
111110110011100
011111100010111
100111101011101
001110011110111
110110111100110
011111101110001
101010111111110
101111101001111
000111101110111
011001111100111
010111110101011
100111011111100
101111100111110
011111101101101
111111100111100
100100111111101
010111111111011
111111010110100
111111111111011
111100111000111
011011111001011
111011110111110
111001011111100
000111011111110
001101110111011
101111001111010
111000011011111
111111111001011
101111111100110
001111111101101
011111101011011
111110110011100
001101101011111
111010110111001
101111001101110
111011111101100
011010111100111
011100110111011
111111110111001
101011111100111
001010111110111
110011101011101
101111110100011
111011011011010
101101001111011
111110110011011
101110110111001
001110111111100
110111110011101
101010111101110
011110011010111
110111110011001
010110111111001
111110110110001
110110111111100
111010011101011
111110101100111
110111101111100
111111011110010
111111001111101
111101001111111
001101111111100
101110001111110
111010110111101
101001101111011
101111110001111
110011011001111
111100011111001
011011111111000
111111011011000
001110110111011
010111101101011
110011110100111
011011111001011
010111111011001
111010110001111
110011011101111
001111100111101
111100101011111
011110010111011
011100011110111
100111011011110
011100111011110
110110011100111
100110111110101
111001111001101
010111110101101
111101101100110
111101110111101
101110010011111
111011101111000
011000111011111
111001011111001
101011101101110
001011111111001
011011101111011
101101111011111
101101111011011
111111110101111
010111111011011
110111100011110
111101100111010
111011100011111
110110011111011
110011111011011
111100110111001
101110111110101
100111110010111
001111111010101
011111101101011
010111111111110
100111111010011
100110111111001
011111010101011
111111101110101
111100001111111
001111011111010
100011111111110
100011111010111
101101010111111
101011110101110
111110011101110
111110011111101
111111001011001
000111111101011
111101101101101
111100011111001
111110111001011
110111101011111
100111011101101
111101001110110
100111000111111
110011101111010
100111111110011
110111110111111
011110101110110
011111011110100
010011101111110
011111111000101
011011111110001
001011110111110
011111111010011
111001011101101
111010101101110
110111001111100
001111111001011
011011111110010
111001011110101
010101101101111
111010100111011
101110110011101
100110111011111
011111111000101
101111111000101
111100111011010
101101110101101
011111011101101
011111111110011
110101101101110
101001011111110
011110010111101
101011101110110
100101101110111
110011011110011
011101111110110
111111111110010
111011110110011
010111101111101
010101111011011
011010111011111
011110111101101
111111011010011
111111110111001
010110111111001
110111110111001
111011011111101
100111110111010
111100101001111
111110011011100
011101101101110
101001011101111
111011101110101
010101111011101
111101110010011
011101011011011
110111111101111
101001011111110
110110101111101
110101011011110
000111111111110
010111110110011
111000110110111
111101010111011
111110010110011
100010111101111
111011010111110
011111110101010
111111111101001
111111101001010
011101111011100
111001101111100
110111001101111
111101111110001
101110111111110
110111110010111
111111000100111
011011010111110
101111011110001
110111110011001
110111111011000
110111110100011
100101011111011
110011101101011
011110010111111
101111001100111
110011011110111
101110111111110
111111000111111
111011100100111
010011111101111
111001101111001
011111001110101
000111011111011
101101110010111
111010011110011
100101110011111
101101011010111
011111001111100
101000110111111
111010011110111
111001100111110
100111011111111
100101111111111
111110110100101
011000111111111
110111011000111
111110110001101
100111110101110
101011111111000
111110111111011
001000111111111
101101011111010
110101101011101
101111011011100
011111101110110
111110011110010
011010011101111
011100110111101
101011011111001
101100011111011
100111111011011
111110110101100
011100111111111
110010111101011
101111110111011
110101010111101
111100010111111
111010101111111
111110011010110
100111110001111
011011001111110
110111011010110
100101101110111
111111101001100
100110111111110
101111011101100
111011010101111
011111011110001
111111111110011
011110101110101
111111001100110
111000111111110
011111100101011
001011011111110
011100111110101
011100011101111
011101011011110
111111100100110
111111111101110
011110111101100
111110111101101
111101110100111
000111111101110
001110111011110
101110010111110
111011111010110
111101111011001
001111111100011
001111101001111
111011010111010
110111100011110
011011101110101
010111011111011
001111000111111
101010111010111
110001101011111
011011110111001
001111011110101
111101101000111
001111110101111
111110111010101
111100110011101
111110101101111
100111011001111
101110011010111
111111111101010
110011110111001
011100100111111
011111111000111
100110100111111
111001011111100
110011111111011
101011110110110
111110000111110
111110101111011
110110111011111
111100101011101
001111110100111
101111011011010
111110001111010
111001011011011
011101111010011
111110101110011
010101111101101
111111101110001
101111111111110
101111110110100
000101111111011
001111101110110
110110001111011
011101110101101
101110111000111
001110111011011
111011100011110
100011011111111
111110110111011
001101011111101
101111000101111
101111101011100
110110011011110
011001110011111
110110111101110
110111001011111
101001111111010
101011111100101
011011101111111
110101111100111
110101111011011
111001011110111
111010001011111
111111000100111
110011100110111
111010110111110
111001111111011
011011101011111
011111011001101
100111101011111
111101101110111
101011011110101
111100110111100
011011010111011
101011111011110
110101101110110
011101100011111
110111011100111
111110011111001
111110001100111
101111111100111
101111110111111
101000111101111
000110111101111
111111000111111
101111101110010
101111001001111
111110111101101
001011010111111
111001111100110
111101111100001
111100010111111
011111111000110
111011011110101
010111011111001
011010111011011
001111101111100
011110110111010
011110011110110
011110101111110
011101110101101
101110011011011
111100101110011
111000110111011
100111111111011
011101111111100
100011111101011
111100110111001
111011100101111
100111110011101
101011001111101
101111111101111
101111110111011
110011110110110
100110010111111
101011111111000
010011111101111
011011101101101
010110111101011
111101101101111
011010101101111
101000011111111
101111110011110
110011011111111
110100011111110
001111101101111
111111110010110
011111110111100
011110111110111
110101101111110
101101011110101
101110100110111
110110101110101
111010011101110
111010111011101
111001100111011
001111100111011
100111010111111
101111011010111
111011001011111
101111111101010
111011110111001
111101111111000
111001001111011
111011000111110
111111100110100
110111110110001
000111010111111
110111001111001
010011111101101
101011111011100
111111111110000
100011110111111
111111000100111
000001111111111
111011011101011
111111010111010
011101111010110
110111110111110
111101001001111
101011011111100
111100011110111
101100110111111
100010110111111
111100110101101
111110100101111
110001101111011
111110101110010
111011100010111
101010101011111
110110111101011
111011110100110
001111111011101
110101111110110
001001101111111
101011111011011
111111101010101
111100111001011
111100110100111
110111101110011
000111010111111
011011111100111
100101011111011
111001101111100
111000011111011
010001110111111
110001111110011
111010101110111
111000111111111
001111001110111
101110110011101
110101111111010
101111101111100
101111100101011
101111111100111
011011111101100
101101100111101
011011011111100
011110101110111
110101101101101
101010111110110
101011111101111
010111010111110
111011111010100
100111111110010
100111111011011
011011111101111
111010011111111
111111000101111
101110111101110
111011110010111
010011111011011
101110111111011
101111101100101
011101001111011
101100111111010
101111011101111
011110111011101
111011011010110
101111111100100
011011111111000
101110101110101
111011001111111
011110110100111
101011101011111
111001011111111
011101111001110
001101111111100
111101100111101
101101111001011
111111000101011
101111011101010
110111101000111
010111001111111
101111011101111
011101111010011
011001100111111
001111100111110
011111111011001
100110111001111
111100111001011
111110010111111
101110110111011
011101110011011
110011111100110
101101100111110
010100011111111
001101001111111
101101111011101
111101111111110
110010101111011
111101110000111
110011001110111
011111010101011
011011111011001
100111110101110
101101101011111
111011001111001
111111101110001
111010111111001
110011110011101
111101011111010
110111110100101
111101001101111
000111110111111
111101011010101
100101111110101
011111111001101
110101110111101
110111111101011
111110111101011
011110100111110
011111111001011
101101011111001
111100010111110
100111110111100
110101111011111
100111101011011
101111110111111
101101111011111
101011110101110
101111011100101
111111011100110
111110001111110
101111100110101
010111111111001
011111110001110
101100111111101
111101011011010
011111111111111
111100110011110
111010101110011
111000110011111
111100111100111
111110001010111
110101110111010
011111100101101
010011111011110
011111111110110
110111110101111
110101111101001
101011011110011
111110011101010
011010011111101
101110110110111
001110011101111
001101111111101
110111110110011
011111111110111
111011011111011
011110010110111
001111011111001
010011111111110
111110110100111
101111101101101
101101011111011
101111110111011
101100111111001
010111111110101
001010111111101
110110111000111
111000111011011
101110111110001
101011110011011
100111110101111
001011111101111
001101111100111
110111111101111
001111011011111
001110110111011
011111110001011
111101100111110
101110111110110
111010100101111
111001101111011
110111110110110
000110111111011
111000111111101
111001111010111
011111110010111
111001110101110
011100111011011
011111110101010
101100011111101
011111111010111
011101010101111
101011111011110
110111001110111
111111111100000
110110111101100
110111111010010
101001111011011
001110011111101
101111000111011
111101101100101
111011101101100
011111011001101
001101101101111
110110011011110
110110011101101
101101100111011
111101101101010
111011110101110
100011111111111
111011011011001
111110110011010
101111111011011
010110011111110
011110111111101
011111101101011
101110111101010
011111100011110
011111000011111
110111111110011
111111101001001
001011110111110
101111101010101
011100100111111
011110111110011
001010111111110
011111001110101
101111011110001
101111011101111
110100101101111
111001111101110
011110101100111
000111101110111
111110101100111
111001010111111
101111111000111
101110111010110
111101010110101
111011111111100
111111001011101
111100010111111
111011111011011
111110110011100
011110111110110
110111011111000
101101011110101
100100111111110
001111011110101
101111111001100
111111110011010
001110111010111
101010011111110
011011111010110
110001111011111
101001110111011
001110101011111
101011111111110
001111101110011
011001111111111
101110100101111
111100011111011
111111100100011
010111101110101
110110111110100
110001110111011
011101110101111
100111110101101
101010011011111
101111111011110
110011101111101
100110011111101
111100110111010
100111110111110
100101011111101
101100101101111
101011001110111
111011111111101
110110111011100
111101111101100
001111001111011
101011001101111
011000011111111
101111110111101
110100011111011
110111111110000
111110111111100
011110010111101
010111111010101
011011111011100
110101011111110
100011111101011
110111101001101
001111011011011
111011101101010
111011001101111
001001111111111
111001001111111
101101100101111
001101110111011
011111011101010
111010111100101
110111010111110
011011011110011
001100111111101
111110111001101
111111010011001
010111010111101
101010111101101
011111110001110
100110111011011
000011101111111
101111111111000
010001111011111
110101010011111
010011101011111
110001111101101
111110011111110
010111010111110
111110111000011
111101111001001
110111000111101
111111010110110
011011110101111
001101011111101
111111111101110
010110001111111
110101110011011
101111100001111
011111010011011
110111011011111
010111010111111
001010101111111
110111101010110
111000101111011
111100011011011
111100111100011
101111111100011
111101101101010
010111111011100
111011110110101
000101111110111
111011110011111
011010111110101
011011110100111
111111111101110
111001011011111
111010110011111
011011011110111
111101100111010
010111111110110
110000111111111
110111111011000
011110110101110
110111001110111
011001011101111
100101111110101
101111101101110
010101100111111
010111111001110
100111110110011
101111011011011
011010111001111
101111101010111
100111101100111
001110111101011
111111011011100
101101110011110
011011110011101
110010011111111
110010011110111
111010110110110
011111101111011
111110101100011
101101101111111
110111011100011
001011111011111
111111001100111
111010101111101
111110110111110
111011011110010
101111011111000
111010111001101
111111010110100
111110101010110
111100011111010
110111110110011
011011111001110
111100011011111
111001111110001
011111101100101
001100011111111
011011111111011
111010111111110
111001100101111
111111010111110
111001001011111
110011110100111
100110111011101
111100010111101
110101101111011
110011111100110
111111101011001
011111011111100
000111111011011
101111011011110
101111001011111
101101101111010
011011101111110
111011110111111
001011110011111
100111111110010
110110110111100
101011011111001
110001111111010
011111110011111
011001101111110
111101011011001
111110110110110
110101101011111
011111011011110
101011010111111
011110111111110
001101110011111
111011111100110
110011110111111
100011101111101
010011110111110
010011110111011
111110110111101
111101101010101
111010110111011
110101101011101
001011101111101
111110100110011
111000111011011
101101101111101
011111101111000
010111011111111
110100101111101
011011001111101
010111111011001
011001111110110
011101111010111
111101110011011
111011011010110
011011100111110
111011010110011
011111000111101
101001111100111
110101110111101
111011011110110
101101111101100
110111110110010
111111001110001
110111001011110
101101110111001
010011111111011
111001100111110
110111110101010
011110010111101
011101110101111
001111111111011
011111110111011
110010011111111
111101101101101
110101011011111
010011111011011
011111100011111
011111011111110
101011011110110
011011100111011
001101011111101
011101111010011
101111011001111
011110101101101
101010111011011
011011111011100
100111101101110
111111011001101
100111111010101
111010000111111
101111000111011
011110011101110
101111001111011
111011110011111
101111001011011
000011110111111
111010111101010
011011100111011
010101100111111
000111110111101
011101101011101
111101001110101
111011110001110
111110111001100
011100110111110
001111011011111
011111010111010
111100001101111
111110011010111
000111101011111
101011011110110
010111001111111
110101111101011
001110011111110
001101001111111
111110110010110
101001111011011
100111101111110
111110100011111
101110101101011
010111101101111
010111011111100
111110111100110
111110111111000
011111101101111
011111001010111
100100111111101
110111110101011
011111011001101
100110110110111
110011111010011
100011111111100
011111100011011
111011011001111
011010101111110
111101011110110
001111111011111
010111011110011
111101000101111
110111101001101
101110011101111
011011111010111
100111111000111
001111111101011
111111111001110
110011011011110
101111111010001
011101110101011
110111011111100
111011111100110
111110100011110
101101111010111
011010111011111
111011101100110
100111111011101
111011111100110
110111110111001
111100101011110
011111111111101
111111101010100
110011010110111
111111101110010
111111001101001
111111111100111
001011101111110
101111100011110
111110000011111
101110011100111
101011111001101
011111101010101
010101111100111
011111111110100
010110110111011
101111110011110
111101110101001
011111101011101
101010111100111
101111001111100
011111101111100
110111100110011
111111110110100
101011110101111
011101111001110
101110011011101
011110111001011
001111111011101
111100110111100
010110101101111
101011101011011
011110110111100
011101111100011
011000011111111
101011110111001
101011011010111
101110101111110
111111010110001
111111001011001
101101011001111
011110011011101
001011011111110
111110111101010
011111110110111
001011111100111
110110111111101
111001101110110
111010110011101
000110111101111
000110011111111
111101001110011
111111001001111
010110110011111
111110011111000
011011001110111
011111111101000
111000110101111
111001110111111
001101001111111
110110001111110
010111011110101
111011101110111
101011111000111
111001111111100
110111011100111
010001111111011
111000111111101
101011111011110
101110101111010
111010101111110
110110111001110
010111110110011
111100011110101
110110011111100
111111111101010
111010110101011
110000111111110
010110111010111
001111111100101
101110111010110
011111100101011
110101111011100
111111101010011
010110111101111
111111101110100
110111111110111
011111001111011
001011111110110
101111101111000
111010110001111
111101111011011
111100011011111
111110110111010
101111111100111
011110111010111
111100100111110
111011111011101
111010111111101
111111100110101
110011111111101
011100101110111
101111011111100
110101111000111
101101100110111
100010011111111
011101010111111
111011100111001
011110001110111
001110101101111
001101111101101
011110100111101
101001011111101
110100101111011
110111110001111
111100111110110
111010101111101
100111111101101
111111100011011
110101111101111
111110110101001
111101100101110
001101111110101
111110011110001
100011111110111
111101110110100
010111101011101
111101110110100
101111110111111
111111110100110
110001110111111
100111110101011
100101011011111
011011000111111
010110011111011
111010111111110
111111101001110
111111101101101
011001100111111
111101110011011
001110101101111
111000111111110
111011111001010
101100101111111
101101011111110
111010101101111
011011111110011
101110111011100
100111110010111
110111010111011
111011100111010
100110111101011
111011111000110
101010111110101
110101111001111
111111110001010
011011011010111
110111111000011
110101111110011
101101110011111
111011011001111
110101110111010
111101010010111
111010011111110
010101101110111
111111011100001
000111111011111
111111101011010
111011111001010
111101111010111
101111101011101
011101111100111
100111001111101
110110111101101
111111110000011
001100110111111
001011110111111
111111110110100
001010111111111
110010111101111
011110011011101
111111011000101
100111100111111
111011110101100
110011101001111
101100010111111
111100110111111
011110101101011
111011010111011
111011011011100
101101011101110
101101010111110
001101111101110
011010111110011
100110100111111
011011100011111
011011101011110
111101110111111
111111100010111
110110110111001
111101101011100
001111101001111
001100111111011
111101110111001
111111011111111
111111011001011
111011100011011
111111001111001
100111110101011
111111011110111
111101110110111
011011110111100
001111101101111
000111110011111
010111011110101
110111101001011
110111010001111
001011101111110
101111000111101
111011011101111
100110110011111
101011011111101
001111110101111
010111111101100
110101011110101
101011111100011
111101110111100
100100111101111
110111101110011
001111111000111
011011111100011
011111111110110
101011111110010
000111011111011
110111110100111
101101010111111
101111111010111
110111011001111
111011111010011
101111100101110
011010111110011
011101110100111
111011011111110
111110101110011
011011100111110
011101101110110
110001111110110
110110101011101
111000101101111
101101101100111
110111110110111
101101101111101
101101010111011
100111011111101
111110011010110
001110111101101
111011011101111
101101011110011
010111011011011
110110101101111
100111110011101
001010111111111
010101111101111
011111011010011
110011010111011
111101110101111
110001111111111
111100001111011
111011100101011
101111110101001
101001111111100
101111101001111
101110111001110
011011111011010
011111011011110
011110100011111
011111011011101
101011011011110
010101111011011
101111010110011
111010111101010
111100110111101
011011011001111
111011111010111
111110110111000
110011110111100
110101001111011
111110111011010
001011110111111
011101001111111
101111100001111
111010010101111
111110011001011
100100111110111
111001111111010
110010100111111
011010111111101
110101110110101
111111011001010
111011110110010
101100111101110
111111001110101
101111100110111
100010111111111
011111110110001
010011111001111
110110111111100
110101111010110
111100101011011
111110001101110
111011010101101
100011111011110
111111111011101
100111011111001
100110110110111
101010111011101
011111111101011
111101000101111
111110011001101
011001101101111
110111001110110
111101111010010
101111110011010
011010111001111
111111001101011
110010111111001
111101011101110
111110010100111
110101101011101
111011100111010
111101010111011
111000111111001
011011110111001
111011000101111
101110111110111
111110110011011
111011101010111
101010101011111
111110110011011
011110001111101
011110110110011
111100011101011
111010010111111
111101101101001
111111100001111
111111111010101
101111111111011
101111101101001
101100101111110
111011011011011
110110111111000
010011010111111
111111111111110
110101100101111
101011110110101
010111111100111
011011011011101
110111110110001
101111111001111
111110110101001
000111110011111
011010111111111
101011011011111
111101110010011
101111111010010
110110011111010
011110011101101
011101011101011
100011111100111
101110101010111
011011111111010
111011011100101
100011111110011
011101101100111
110010111001111
101110111011110
011110111111010
111100011111101
111010111111100
101101110111011
111001110110110
111101010101101
111110110011001
001101101111011
111110111100010
011110110011111
011010101111110
011111101001011
011111111001010
111101101111000
111101101001111
101111100111011
101111100011101
111111100101010
111011101111011
100110110111110
011111011011010
110011110111010
011111111011100
111011100111100
101001101111011
111010110110111
111010011110110
011011101111110
111011101100111
010111110101110
110111110110101
110101011111100
110010111111101
111111001111100
101111111101000
100001111110111
000101111101111
100110111111110
011101000111111
000111111110110
101100111110111
110111010111100
110111011111110
011010010111111
000101111110111
110111111101000
011111101001111
110011101111101
000110111111111
111111110010110
101010011011111
111110101011111
101111111110001
011111101011001
111110111001111
000111101111111
111111010111111
010111110101110
101011111011010
011011011010111
001100111111111
111110110111000
001110111011101
111011010111001
010111011111011
110110101111110
111001001111011
101110100111011
011101100110111
111101100101101
011111110011010
111101110001111
111101101101110
101011101111011
001011011111110
110110111011011
111101011011100
100100111111110
100101011111011
001011111110011
101101111111111
110110101011110
101110011100111
111111111100001
011111110101110
011111110101111
000101101111111
111011110011110
110111111011001
011101101111110
111110111001110
011011110101101
100111110110110
101101110101101
111100001111110
101100101101111
110110011010111
101111111111110
110010111110111
110111110010011
101110001011111
011011111111011
110110101111100
101110100011111
110111110101010
001111101101111
111101110010110
111010111001011
111111011100010
101011010111111
111101110001110
100111001011111
111110010110110
110101111011111
110011110110110
111101111100101
100101110110111
101110101011011
101110011111101
110110111011111
000111111011110
110011011011011
111010001111110
011010001111111
100011111110101
101110011111001
110111111111101
010111110110101
110111010111110
111100101011101
011110111100111
111100101111111
011111001111010
111101100110111
101001111111010
111011110010101
111101110111001
110110111001101
111111100010011
000111111100111
110100101110111
011110101001111
000110111101111
011011111010111
011111011111011
101110011101101
111111001110101
100111111010110
100111011111001
111011101101101
011011111111010
101111101111001
101111111000011
011111110101001
100111111001101
110111100111111
101000111101111
111011101011011
110110101011101
111111011010111
011101111110110
011011111110010
011110100111011
101100111111010
111010111010110
111101110111110
101110111110100
101110110110011
011010111101110
111101111110111
100010111111111
011100111110111
110111011101010
111110011101110
110011011101110
011100111101011
110111100100111
101111111110001
011110010111111
111010110011110
011011111001101
101111110110101
101101111101101
000011111111111
100100110111111
101111110011100
111111101001100
101001111101111
101110001110111
010111001111011
111011111101101
010001111110111
101111111000101
011110101011011
111011101111100
110011111011110
101110101101101
011111101110011
011010010111111
101111011110001
100111111101011
101111111100111
101110111101010
001101110110111
111001110101101
011011111101110
100111111101110
101111101111000
101111111000011
101111100111001
101111010011111
010111110001111
110011111111000
111110011011111
111011101111101
101101010011111
101110111111100
110011110011111
011101111111011
111101100101011
111010101101110
111000011111110
011111111000110
110011111011001
101011111110101
101110111010111
101110011111001
111110110101110
011111101101011
110101100111101
001111111110110
111111101101001
111010111010110
001011110111110
011110100111111
001101010111111
110111101001101
101011011011111
111110111110010
101101110101101
110010111111001
111111110110010
100010111111011
011111011010011
101111111101000
011011000111111
111010111010011
000110111110111
101111111101011
011101010011111
011100111111101
010111111010110
110111100111011
000011111111101
101101011110101
111111110001010
111011110010101
101101111110010
101110111011101
110011011111011
001011111101101
100111110110111
111011010101011
111111111101100
111011110101100
111101100110011
110101110111101
001111111011010
011011010111111
010111110011101
111110010111111
011100011111101
111111011101011
001011101110111
011011110111001
111000111111100
101011011110101
101100001111111
110111111011011
101111111010001
111101011011110
011011101011110
111111001001101
101101110101110
111110100110011
011111001100111
110101111001111
110111001001111
111111101001100
011010111110110
110101101010111
111111110101100
011011011111010
101100011011111
101001110110111
101110101111001
100101011111011
011111100101110
110011110110110
111010011101110
111011001010111
001011100111111
000111111011110
110101010011111
111111110010001
011101111100110
001111011101011
111011010111110
100011011111111
001111110110110
011011111001101
101110111101011
111000101111110
110011011110101
111101011100111
101001111101110
111100011100111
101101100011111
100111101111111
111011011110100
111100111011100
001111111100110
110011101110111
110001111100111
011010111111001
111011111011011
110101001111111
111101001110110
100111111011010
101011011110110
011111101110010
101111101010011
111110111000011
100101111001111
100101011011111
111110110101100
111111110001100
010111111111011
011010101101111
011011101110101
011011011111111
111111011101001
101110111001101
011101011101111
101011011100111
100111100111110
110011011111001
101101111100110
001111111111011
101110010011111
111111100011100
101111001111010
110110001101111
111011101011001
111101111011110
111110011111100
101011111011110
111111001111000
011001011111110
111111001011101
011111101101011
110010101111011
111111100011110
111001111110100
101101110011101
111110111101101
110111100011111
111110111011110
101011101011101
110110111111001
101010101111110
100111111101101
110011110011101
010111101101101
100011111011011
001110111110011
010011101011111
101001110111111
110101101111111
100111010111111
110111101111101
011100011111101
111111101001001
111111011110001
010101111110111
111011110101010
111101111111010
100111100111101
101110011110101
011010111101111
110111110011001
011100111111100
101101111000111
111101010011011
110101101111101
110010111110011
011110011011110
111011000101111
110111110111101
011001111101111
111100011111010
111100100111011
011110111111101
111111111000100
110111111011100
111011110010110
011011101101111
011111010110111
111010111100110
111011100011101
111101000111011
111111011101011
101101100111111
101110111100110
110101101101101
111001110110111
110111001110110
110111111011110
111111101011111
110111100111100
010010101111111
010111110010111
011111011010111
011011111101100
001011111010111
111010111110100
111110111100001
111111100101010
011101101011101
111111101111110
110011101101011
101110001111101
111101011110101
011111001011011
110110011111100
001111111111000
101111100001111
101111100100111
000100111111111
111111101101011
101111010101101
001101111110011
111001111101111
111100111111111
101010011111011
010111000111111
111111100101011
111001111010011
110101001111110
111011110010101
111101001111100
011101111011110
111111010010110
010110110111110
010110111011111
111011011111111
010111101111110
011011101001111
010111110101101
110111100001111
101101001011111
001111111010101
011001001111111
010001011111111
111111100101110
111010101001111
110010111111011
010111110011110
111011010101011
111100011100111
111111100100101
101110111001111
101111000111110
101101110111111
101101110111100
110101110111010
111111110011101
111001001111011
110101111001011
101110111001110
011101101011101
001111111111110
101111101110100
111011110111111
101110011111010
000111111111010
011011101111110
101111101011101
010100101111111
010010111111110
010011111101101
110101000111111
111111101101010
110110011111001
011111011100011
111011111110101
110111011101010
001111011111101
011101101101110
111101011010110
111001011111010
011110110100111
011011111110010
111110111010111
111110011011101
100011101111110
111101111010010
111111011100111
010110111110011
101110110111011
011111001011110
111101010011101
101111010010111
110011111011111
111101011101100
111011011101010
101011010011111
111010100110111
111101111111010
101101001111011
111110111000111
011111011011110
111000111111011
001111111101011
101110110011011
011111111110001
111011000101111
011011111110011
001110101101111
101111101101100
111111100010101
101111111010101
111011111001010
110010101111101
111101100111111
010011111101101
101111001111110
111110101100110
001111001111011
011010110110111
001111101111100
101111111000111
110011111000111
111111111100011
101011110111001
111110111111100
101011110101011
100110011111011
011011011010111
010111111101001
111110101100111
111011111110101
101011010111110
111011101010101
011111110101001
111101110111000
010111111100110
111111011001100
010111010111101
011111110110010
001010111111110
111110101011001
011110111111111
110111110001011
011101110101110
101111001100111
101101001111101
101011100101111
001010111111101
111111101000111
011111111000011
011100111111110
011111011001101
111111010010011
101111010101101
110101011100111
101010111010111
101110011111110
101110111001101
111110000111101
111101111101101
111010110011011
010101111110101
111111000111100
110100011011111
011011101111001
111101110011100
111111111110100
111010110101110
010111111001111
110110100110111
110110100011111
111011110111011
110101001110111
111100001111101
100111011011110
101011011100111
011110110010111
110110101011101
101100011101111
111111001110110
101111101101011
111001101111100
111011010010111
011011111011010
110011111010110
011111101111000
101110111001110
110011111111111
011011111010011
011111111001111
111111010011010
101110110111001
011111101001111
100111000111111
011111110111000
110111001101110
011111011111100
001100111011111
110111011001111
110101011011011
010111011111010
101101110111110
110110000111111
110001111111101
111111101111000
100101110111110
111111010001110
111110001110110
010101110011111
010111101111101
101111010001111
011110011111111
001011101101111
100111110110110
111001110101110
010111111111101
111101100011111
111111111110100
111101011101101
011111010100111
010111111101001
101110111001011
101111011011010
101111100110101
100111010111111
101101101110110
101101101011110
101011001111011
001111111100111
010011001111111
100111101111011
011010101111110
101100110111110
110110110111010
111010011110011
101111100011011
111111110111000
111001111101011
011100110101111
001100111111111
011110111001110
101111111111101
111011011101011
010011111111110
111011101101001
101101111111110
011110111010101
100111011011111
110001111101110
010101111011110
101011101011111
001111110110011
010111110110101
101011111111100
110011111011001
001111110111011
111011001011110
111010111101101
100101111110110
111011111110100
101111010110111
011100111011111
011011111010011
001111101101111
010111111110100
101110110111011
101111001111010
000111011011111
101011010011111
000110111111111
101111111001110
010111111110001
111011111100100
001011110111011
111001101111101
011101110110011
101001011101111
111100101111111
101101101111100
001010111011111
100111110110111
111000111111111
110111100101101
100101111111001
101110111110100
110110111011001
101001111111110
101110101110011
011011111110100
010011101110111
111111011100100
110111110101111
111100101101101
100110111110110
001011111110101
111011101000111
100111001111110
110111111110000
001011101011111
000011111111011
011011101110011
111000011111011
011101101111001
011010111011111
001101011110111
101111011001111
111101001010111
110111110011001
111110111101110
111111110111010
101100110011111
011110110010111
111011101011011
011101111111001
110101110011101
110100101111111
111001011110101
011100111111101
111110011111011
111101010101110
101110011010111
111111111110000
111011110101001
111110010101110
101110101111010
111101111000011
101111111101000
111011001110111
111110111100101
011110110110110
111011101101100
111111000111010
110111110110010
100111101011011
001111110101111
001111110111100
111010011110110
011111110101110
111101101100011
110100101111111
111110110100110
111011011111011
111110101011001
110111100001111
111010010101111
001101111110110
010101111011111
111110001011101
111101010011011
111101001011101
111110101111110
111100111101110
111010111111111
011111110101011
110010111101011
100101110110111
101001011111111
101101001101111
101011011110011
111101010111110
111110001011110
111010110100111
110101101010111
111111011111000
111011011101101
101101101100111
111101110011111
111111111011011
101000111111011
101011101111001
011011111111100
011111000111110
110101110101111
101111100111010
100001111110111
011011111111001
011101101101111
111011001011111
011011110111110
010011011101111
101111000111111
101001011101111
000111011111111
001101101101111
011101101111011
111010011111001
110101111010101
101010110011111
101101110100111
111111011000111
110101101111001
011111111000101
011011110111100
101111111110110
101101100011111
010111111100101
011101011110011
010100110111111
011111110110011
110111100101011
110111110010110
100101011111101
110101001111110
101011111111000
100011111100111
111111011110001
111011110010011
110111101101001
011111111011100
110111111010010
111011011110110
101111110011010
011111110011001
111111000111110
110101111011110
011111011011011
001010111111101
010101111110011
111111101000101
111111110110110
000111111011101
111010111111101
011101111111010
001111110010111
110111110110010
100111001111111
100111100111011
111011110011001
011101111010111
110011011011111
101011111100101
101111000011111
101000111111101
111010010111101
011111111011101
111010111111000
010011010111111
001111110011111
011110111110111
111011001001111
001111011111101
010111100111110
111010111111011
100011111011110
010101111101011
111011111011000
011111001111011
110101111100011
101101011101110
110101110011011
111101000011111
110101101110110
111111100101100
001111110011101
111001011111110
111111011110101
111111011000110
100011111100111
111011111001001
011101101111001
101010101111101
011110111010011
001111111011110
111100101110011
101110011011110
101101101010111
110011111111110
100101011110111
101111111101101
111101110011100
111101110110100
101001101101111
011001111011111
111101001110111
110101111111111
101011010111011
111110011001111
011001111101011
101100011101111
111111011100010
111011111010010
111111011101000
111011101101101
111110011101011
001111111100110
101110111000111
110110110011110
100111011110101
101110111101010
101110101111011
111110111001001
101111100101111
100101111110011
111011111010010
111011111001011
111101110110011
010010101111111
100111101111111
111101101111000
111101101111110
011101101101101
111111011101101
111111001001111
110101111010011
011101111110111
010110111101111
110101111101010
101101011111100
100101111111101
101100110111011
110111110011011
111110001101101
011111100110111
011011111000111
111011011110100
011101010111101
101001111101011
111000101111110
101110100111101
011011011111110
110110011110110
101001011111110
011111001111011
101111110011011
001111110110110
001111001101111
110001011110111
110111110110101
001011011011111
011110110110110
111001010111101
011110101011111
011100111001111
011110011101011
101010011111111
011001110111011
111011111101011
100011110111101
011111111010001
111011111111000
001111011110111
111001011101111
110100110111101
001110111111110
101011001111011
111101111101011
110011110111111
011110011111101
000101111111101
101111110101011
101011111010111
111001111101011
101110101010111
001101111101011
101111011101010
010111111100011
111111111111010
001101101111101
101011110111010
111011111100010
111110011111111
011001110111110
001111100111101
101011110111110
010011111110110
111111001010110
011110101011110
111111111010110
001011111111111
011111001101101
111010010110111
000110111111111
110011110110101
110010101111111
011111011011100
010101111111110
101110010111111
111101011111111
111101110101001
011010101011111
011110001110111
111001011011011
101100111101110
100001111111101
110111111001101
111101110111101
111110011111000
100101111110111
111011101110100
111011100110101
111010011110110
111110111110111
110101001111101
111110110011010
111011101001110
111010101101110
011111111000111
101110111011100
111000110111101
001111101100111
011011111101001
111011111110010
111011011011101
110111011100101
110110111110010
111111100011111
011110111000111
110011111100011
110111111010100
111111111001010
100011001111111
001010011111111
101101111001011
101110110101110
100111100111101
011111110011110
111011101111101
101100110111110
100111011101110
111001101101011
110111111111001
001111101101110
111100011010111
011101111111100
101100111111100
111101001111010
111001011101110
111101101110110
001111111111011
001011111101101
110001011111110
111011011100011
001111111101100
110110111101011
011111011101001
100101111101111
100111000111111
011101101111111
011111010101110
111110110101011
110011011110111
111110101100111
111111100011111
111110010110101
111001010111110
111111000101011
111010011110101
010101011101111
100101111011101
111111011111001
111010111110101
111110101101011
011111101000111
111110011101011
010101001111111
110011111100111
011011110111100
011101111001011
111101010111010
111100110111011
010111011100111
111111001110110
101111111001111
110101110011011
111111001110111
001111111010101
011010111110011
101001101111011
101101111110011
101111110011101
010111011011110
011100101111101
100111101011110
100010111101111
001101111011111
011011111011010
111111010101110
011100010111111
011011111101010
001111111110111
111101110010110
011101111001110
110110110101011
111111010011101
110111011111001
110111111011010
111111011001110
111111000110111
001101111101110
101111011001011
111101100111001
110011111010110
101111011000111
101011111110110
111110111101000
100110111011110
010110001111111
110111010111111
101110011101101
110111011010111
111100110100111
101100111110110
011101011110110
101111011101111
110111111100011
010010101111111
101011011010111
111111111111010
011111111111110
011000111111011
111101011000111
111110011101010
111010001111111
110101100111011
110110101111011
110011101111010
110101111101101
111111111011000
101111111001010
011110110110011
111111101000011
111101000111101
111100111000111
101010110111101
110111111110101
101100111110111
110010111011111
011111011101110
111110100111101
111111010001101
011101011110011
111111111101110
111101101010110
101011011001111
101111010110111
111101010111100
011111011110011
101110111111011
101111101100110
001111011011011
010110001111111
101111110010101
100001011111111
101011001101111
010111111001011
110011011111100
001111011110101
011111101111001
011111110111110
011010111011111
110011010111011
001111101100111
100111111111100
111100100111101
110011001110111
111101100101011
111110010111010
101011110110101
111101111000101
110111110100101
101011011011101
001101101111111
100000111111111
101111111111101
011101001111011
001101011101111
101100110101111
100111111111111
010011110101111
101110011011111
001111111011110
011101010111101
101110111010101
011011111111011
111100111011100
111111110111101
111011010101101
111110001111101
110111011101100
011101100011111
101011101111100
111101100111001
001111111101100
101111011101011
101111101111000
011011100111110
110010101111110
011111110111001
101111101110010
100111010111111
000001111111111
111101010111101
101101010111110
010101010111111
101111110110100
111101101100111
111101100111101
101110010101111
110101111001101
101010111110111
011010111111111
011100111111100
011111100011110
101100011111101
001101111110110
011110010111101
111011011011100
101011010111011
011101010101111
111010111101111
111000101110111
011111110011001
110011010111111
110011000111111
011010110111011
101010111100111
101011101111110
010100111110111
011001101111101
111100010111110
111100011110111
111100101100111
101101010110111
011110101111010
101011100101111
011110101011111
100111001111101
011011101100111
101111011101100
011110010011111
110111011101100
011001011011111
101011111110101
111100011101101
100111011111010
111111100110010
100111101111110
110111110110011
100111110001111
011110110011110
100111111001101
100111101111101
111111111010111
111101100111100
011001111011101
101111101111001
000100111111111
011101011100111
011111111111010
101111011011101
111011011010101
011111010100111
111100111111110
110110111111111
111001111011111
110110110011101
111100101011111
001111110111100
101111101111100
010010111111011
000110111101111
001111010111011
101011010111101
010101101111111
011111111000111
111110000111111
010111101011011
011101111110011
111100101101111
011100111111111
101110101111111
001111011111111
100100110111111
011100011111111
101101101001111
001111101111111
000111111110011
010110111111001
110010111010111
111110101101101
110111011101011
111111111000110
100110011111011
011001111101101
101100100111111
110101111111101
111011000111101
111111110111110
011101111101011
100111110111100
111001110110111
111101001101011
101001111111110
011011110001111
111001101110101
101101111110111
001111011110111
100011111111111
011101111100011
110111010001111
101110111101001
101101000111111
111010100111011
011111110101110
111111011010101
011111011110011
110001010111111
101110111110011
011111101001111
011101111100110
011011010101111
110010101111011
111110011010110
011111101100110
101110110011101
001111011110111
110110111010111
011011110111010
111110010011111
001111010111011
110011111111001
111101010111110
111010111110101
111111011100011
101100111111001
101111010011101
111011101110010
011010111111101
011111010001111
111010101110011
001101111110011
001111101011101
101011111011001
010011111101011
111110110111100
100011110011111
111101001101110
110111111111111
101111101010011
111111011110111
111011110101110
101110011100111
111100101111110
110011010111011
111110110110110
111011101001011
101110110111111
110010111110110
001110111111100
001111110110011
101101111011010
111110100111011
101111100101101
110010111110110
111100110011101
111001111101001
001110110111011
011011110111110
101111001011111
111011110100110
010111111010110
111111001111011
110010110111011
100101101111110
111100111101110
101110010111011
011010111100111
000111111111010
111101111011011
111000111010111
110111011101101
111100110100111
110110011101101
110101111110001
011000111111110
111111111101011
111001001111011
100111101101011
111110110111001
111100011111100
111001011111100
111111100110101
101111010111011
111110101111100
001111101111110
110101111110111
111101101100110
111111010011011
101110111101101
110101110110111
001110111011011
100011111111100
101101101011011
010111111000111
111111110111000
100111001111110
010111110111001
010111111110100
010111011101110
010111100111110
101100011111011
111010011101011
111111110010100
001101111110110
101111001101101
111111010110011
011011110110101
101011010101111
111100110111100
111100011111100
001110111100111
010111110010111
101111010010111
110111111110011
110101101110111
011101011101110
011111001110111
011111111110111
001111101010111
011011110110101
101111111000110
110110111100110
010111010110111
110001110111101
101111011111110
111111101011101
100101011111110
111011100110011
111111110001100
001111101101111
010001111111110
001110111111010
101011010101111
101010101111011
111100011101110
100110010111111
111100111101001
011011111110001
010110101110111
111111001111101
110111101011111
110110110111110
101110101111111
011101101111011
101111000011111
011101111100011
111011110110010
101011111010011
111110110101111
111010110011011
111100011011101
111010110101111
110111000110111
101111101111101
110111001110111
101110110011110
101111011011101
111111000110101
111110101111010
111110011011010
000111111011110
111011111101010
111111011001101
110111111111010
110111111101011
011111100111010
011111101100111
110111011110110
101001011101111
101011101010111
110111101111010
010110100111111
111000111110011
111010101011011
010011101011111
011100111111100
110110101011110
101110110111001
111110101011110
101011000111111
110011110001111
101100111110101
111101011011101
110110111101111
010110101110111
110100110101111
011101100101111
010111110110110
110111111101011
001101111111101
010111100111011
111100100111101
100100111111011
011011111110001
100110101111101
111111111111010
011111101100110
111111110100110
111001010111110
101111011001110
111101111111111
111101111011111
101100101111110
111011000111111
101001110101111
101101111111001
010001111111111
110101111100011
111110001111101
101011101110111
111101010110101
011111100001111
100101111101110
000010111111111
110010110111111
101011001111011
111111110011010
010101111111001
111010110001111
110010111111010
111111001100101
111110010111101
110110101101101
110011111110100
010111101101011
010110111110011
111011110111000
011001101111101
100110010111111
101101111101010
011101001111111
101111101001110
111010110110011
010111111110110
011011111001110
101111111110100
111100011100111
011010111110011
111100101111010
101010111011011
010110011111101
001101111111100
001011111011011
110101111111010
111110011011111
011111010010111
101110111111000
110111111001111
011111111000011
111011110111000
010111111110101
001110111101110
111011101011110
101010010111111
101001111110110
111100001101111
111110110100110
111011011101100
110110111100011
111011100110111
010111111001111
101110111111110
101100111100111
101011010011111
110011111111101
000111011101111
110011111111101
001110101111101
111001101111111
011111111101001
010011111111001
111101110001011
101011011011110
101111101011010
100111101111110
011111111011100
111100011110101
110011001101111
011101101101111
101110110010111
011111011010110
111111011001110
111101100101111
111101010001111
000111111010111
001011111011111
001111111110011
110111010011101
111011101100011
011110111101101
111000101011111
011111111011011
010010111111111
101010011111111
110010011011111
111011111001010
110011011010111
111101111111101
001111011101110
110100111111010
001101111101110
111111101100001
001110101111111
011111011010101
011010111101101
101111111010100
101101110111010
011101001011111
100111000111111
111110100110110
111101111110110
101110100111111
110001101110111
111011001101101
110100011111011
010101110111111
110101110111101
110010010111111
110100101111111
000111111101011
110101101011111
110111000111011
011111011101011
101011110111011
111110111100110
111110101111010
100101110011111
111001101111101
000111111011111
111111110100101
011111011111110
110101101111001
111101100110011
011010101110111
111011100110110
010110111011110
101111110011110
101111011001111
100111111001011
111011001011111
001011101111101
111011010110110
011011111101001
111110101110011
110110001101111
110111001011101
101011010111110
101110001111101
011110100111110
111110110011110
101100111111001
010010101111111
001111110111111
011111010111111
101111111001110
010111011111101
011100011111011
111111110111001
110111110101111
110011111110011
111110011101101
110111011011101
011111011111110
101111010111100
011011100111011
011101111011001
111101010101110
111011011011101
110111011011101
110100111111111
110011111101101
100101111111001
110111111111000
101111110101110
110101111101101
101101011110111
000111011110111
101011011010111
110010111111010
111001101011110
100011111011110
011101001111101
101011100011111
110100111101110
001110110111110
111111000111100
110111000101111
111111101001001
011101011111010
111110100111011
101111011101010
101111100110101
111110100001111
000111101011111
111001101111001
111101110000111
101111001111011
100111011010111
101101000111111
011111111111000
111110110011011
111010100111110
110110111111001
111011011001101
111001111100101
111101101000111
111110101111101
110110001110111
111110011100111
111111100010011
111101001011011
101001101011111
110111101101111
011111110011111
101010101011111
111010111110001
111101011111000
101011001011111
110101101011111
101001111111110
111010010101111
101000111011111
111011110001110
011101100111101
100110101111011
011111010101111
011100111100111
111011101001011
011011001111110
011111111010100
111001110101111
111101010110110
111110101110100
101011111011001
110001101111101
111011111111101
110101111101001
110110110111011
011111110011001
110011111111101
111010111110011
001101110111011
011111101111001
010111111110011
011111111011101
101111001111010
111010110110110
100101110111110
110101110110101
101011111101110
111011110001110
101101011010111
100011111111100
111100100110111
101111011110011
110011111011110
010111101111010
011110111101101
111011100110101
100011101101111
011101110010111
111111101001111
101101101101011
111001110110111
110110110110101
101111110011100
011111011011110
001111110011011
011011101110011
111011001011011
111010101111010
101011101111101
111011111111100
011010011111110
111011101110010
101111011111100
110101010111110
111011011001110
110011101111001
011111000101111
101111101100101
111110110111011
101111010011110
111111100011111
010110011011111
100101101111110
111110101110100
101011011111110
011110111101101
110010111110110
111110111001101
100110010111111
111101110111001
111110011111110
111010101111010
111010011111001
111101111111001
111011011001111
111110110110111
110111111110011
111011111110100
011111110010110
111000011101111
110111111111111
001101110110111
111101111111000
110111101010111
111111011001111
000111111101101
101110111101111
111100000111111
110110111000111
110011111100011
100111011100111
011110011110011
111001111110001
011111011110011
011011001111011
100101011101111
111011110100110
111111100011001
101110110101011
111111110101101
101011111111110
111010011101111
111110101101001
100111110011110
011110010101111
111010100111110
101111111111000
011110001111111
011111111000110
101111111111101
011111111001001
111110111110100
110100110111101
101111100111101
001011011111101
010111001111111
111110111000101
011110111010111
110011010101111
101101011111010
111110000111110
111100101100111
101101111101010
111010011011110
110110100111101
111001111111000
101001110111110
111110101101011
001100111111111
101101111010101
110111100111101
010010111111110
011011100101111
110110010101111
111100001101111
011011111111101
111010101110101
011011101110101
110011010111111
111101101100111
010101011110111
010111011011011
010111011110101
101011111011010
010001011111111
110101111011100
111110011000111
111111101011001
100110101111101
011111110001111
111110010110111
100101111111111
111110101010101
101101011101101
111111110000111
011111111110001
011101101111111
111110110101111
100111011100111
111111001011111
000111111101111
111111001101100
011001011111011
111111010101100
110011101110110
011111110111000
011110111111111
111101011101110
101011011110011
011011111111110
111110110011001
110111111000111
110101110011111
101110110111011
101101101010111
101111110110001
110110101111111
111111101111000
111011001110011
011111011111000
111111110110010
111000110110111
010111111011101
111111101000011
111011101010011
100010110111111
011101110110011
100011101111111
111110010101101
111111001111110
111011011010110
111100101110111
101111010110110
111011111011010
101111010101101
110010110110111
101111101101001
110001110111110
101111010101110
101110110110111
010011111010111
111110010011111
010111111010110
111111101001011
110110111101011
100111111111011
111110111100001
110111010101101
110011011101101
011111111111110
110111011111100
011111111100101
010111110110011
011100011101111
010101111111101
010111011011110
111110001011011
111011010100111
100110111010111
111111011000011
111101100101011
000111111111011
111101111111001
110111110111000
111101110111010
111001000111111
100111101111011
001101100111111
100111011011101
111101111110011
010011111111010
111100100111011
011011011011101
001111111111001
100111110110111
011011111111010
110100111110101
001011110111101
111001001111111
111011110101110
011111101010011
110000111101111
110011111111100
101001111111010
111110100111010
001110111111100
101011101111100
111001111001111
101111111111001
110111011101001
001111001011111
111011010110111
111110001110110
110111001010111
011111111111001
111110111111000
011110111011011
000111110110111
111011101100111
111011100011110
101011111101111
111011000111011
011111011011111
101101101100111
010110111111010
100111011111101
101111011101100
111110011010110
111011001011111
111100110011110
110111011011011
101111101011100
111101011111010
011101101111100
011111111011110
011111100110101
110010111011110
100101111100111
011011011001111
001011111110101
110111100010111
101101111101100
100101111111001
111111001010101
101011111100011
110110111101011
001011110101111
110110111111000
111011110100101
111110111110001
101110110111101
111111101100011
110110011111111
110111111111011
111001111101001
011111111100101
011001011111111
101101111110011
101011110110101
110111111000111
110111111010011
111111100011111
011000111111101
110111010011110
111000101111110
011111101110111
110101011111011
111111001011001
111001111110100
111110110101110
111110001101101
111010111110001
111111110110001
111010011101111
011000110111111
100001111101111
011110111101001
110010111101111
011110111110011
111111010101011
010110101011111
011100111111011
001111010101111
100100111111011
111111111111001
111110111110001
111101111010111
111010010111011
101111110011100
011101111110111
101011101010111
111010011111110
101110011110111
011100101111101
001111101100111
111111101010111
011101111111001
111010100111011
010111111110011
001101110111011
011111111000111
011110111101100
001010111111011
101001011101111
111010101111110
101111110100101
010101110011111
010110111001111
001111100111101
111111010010111
011100101011111
101101111110001
011011110110111
111010110011101
011110011111100
110111111010011
111011011010111
001011111101011
101101011111100
010001111110111
111111011101001
110010111111001
110001011101111
110110010110111
110110110111100
001111111110011
111011001111011
011111011010011
111101111111001
010011011111101
111010111011010
111111100011110
100101111101110
111010100111110
111011011100111
011010111011101
011100110101111
010001111110111
110110111011010
101110010111111
101111000111110
011110000111111
110110011110110
001111110101110
011111111000111
101110011111011
110011111111111
011111011101111
111011001111101
111001011111001
001101111101111
011111011101111
110011111001110
100111101011110
110011011101101
111111111101110
101011111001110
101110111111101
111101100011110
101110110010111
101110111111010
111010010101111
011011011111100
011111111011100
001101111101101
111101111101011
101110001011111
010101011101111
110110110010111
101110011011011
011110111100111
110001101111110
110010011111101
110111011101001
011101110011101
110001011111101
111111110101000
111110101010111
100110110111011
110100111101110
110010110111101
111111101111101
111110001100111
011111100110110
101011111100110
011100111111111
101110011111111
101111110010011
010101100111111
111101101110001
010010111110111
011101011100111
111011110110111
111001010011111
101011111011001
011110110110111
110100111110101
110100111101101
111101001111010
101101100011111
110001110111110
110001111111010
111110101001111
101111100100111
111101101010111
010011101111011
001111111011100
110011011101011
110111110001111
111001011010111
101110111010011
101010110111101
011111110001110
010111110101110
101111100111100
111011101110101
011010110111111
011101110110110
101101110111001
101111011111101
111110111010100
111111001101110
111111111111010
111011111000111
111111010000111
101101111010011
011110110110111
110111110111111
011111011001011
111110100111001
100101111100111
111010011101101
111100101111001
011111111010001
111111011010001
011000111110111
110111011011100
110101101011111
111011001100111
111110000111101
011111110011110
111001101101101
111111011110000
100100111111101
010101101111110
110111110011110
111111110101011
110011111110110
111110111011100
100001101111111
000011101111111
011111101111000
101111101111010
010011011111110
101111100110110
000111101111011
111011001101111
001111111011010
110111101001111
111101100111010
101110100011111
110111101011001
110110111100011
101111101001110
011111111011101
100110011110111
110111011111001
111100111001101
011011011010111
010110111101011
101011011111011
111111001111011
011111110111001
111111101010101
111111110111000
101001011011111
011111011111110
101111101010101
101111110111110
101111000111111
111101101001111
111100111011011
111110011101001
110011100111101
111011100111111
110010101011111
101111111010100
011110011111111
010101111101110
111011101111110
011011111111110
111111110011010
111001101100111
111001011101110
101111101000111
110101111110011
011100101111111
011011111110100
111110001111011
100000111111111
100011010111111
011111011101101
111101011101011
101101011011111
110101110111010
111101110110011
110111111001111
100001011111111
111011100011110
011011110111100
011111011001111
011011111110011
111111110100101
111111101011000
101010110011111
010100111011111
011111010110110
111011011111100
110110111101111
111010111110011
110010111111001
111101111111000
100011101111110
110100010111111
011111010111101
111111101011111
101011010111101
110100101111011
011110111111011
111110001110011
110010101111011
011111111111111
111111101001010
111010101111111
001011110111111
111111001110011
111111100100101
101111011110111
111010110011101
110011110111100
111110101011111
111011110110110
100111111111011
101011011111110
001111110111111
011110111111000
110110111110001
111111110011110
010111111010111
011001111110101
010111111101101
111111011111110
101101011010111
110110101110101
101111101110010
111011101111011
100010011111111
101110100111110
101010111110110
111101101101101
011110011101111
111010110101110
110001010111111
111011110001111
110011011011111
010101011110111
011011111101101
111101000111011
111111011100100
111101110010111
110111100100111
111111110100001
100111101101110
101110100111011
111111011111110
101001110111111
110011111101110
101100101101111
101100111111100
101110011111110
010111101101011
110110110101101
111111011000011
011111011101011
111111111111100
111011001111111
111011001101111
101111110011011
000110110111111
111111100111110
011111011101101
011111011001011
111101101111011
110101111100111
111110001100111
101110111100101
111001111110001
101101111100111
111100111111000
011110101101111
111011111010111
011011101110101
111000111101111
011111111101001
111110001101110
110001101101111
110110010101111
000111111100111
001100110111111
111111011100101
111010100111111
110111101010101
111111101100001
111001100101111
100111010111101
111110101011110
101000111011111
111101010110111
101101111110001
011001101111111
011111110100111
011111111001111
011111101010101
111100111101111
111111000111101
111111111100111
010101110111111
111011101110110
111101101111010
001111111100111
011011110011011
111110111010100
001111100111011
111011101110111
001111101101011
011110101011011
101100101011111
111101011110110
100001111111111
100011111011011
111110110100011
101110110100111
011111011011110
110111001101101
011111011011011
011101111000111
011100001111111
011011100111011
110011111111001
111000101110111
011110011111110
111101110110101
010100111111110
011111101100110
110011111011101
111111100110100
111110101101101
111101100110101
001111001111101
110101110101110
111100011110011
111110110111100
101100111110101
100111010111101
111000101111111
010101100111111
111111111110100
111111000110111
111001110001111
111111011111010
110100100111111
010110111101110
010110110111111
010001111111011
100111100111011
111101111001011
101111110110100
111001110111101
111011011111111
011011110111100
101111101001111
111101111010100
101101101100111
110111101011100
000101111111110
110010111110101
110111111011111
110110011101110
000101111011111
001101111011110
111111111010010
110100011110111
011101111010101
001111101111111
111111100110101
001111100111111
111011100111111
111001111111101
001111101111010
111001111100111
111101100111100
111111011110110
111101100101011
110111111101110
111110111011101
110100111101111
011101011100111
011010110110111
011011111101011
111100111000111
110111101111101
010110110101111
101011011111010
010001111101111
011100111110011
110111111100111
111110010011101
001111111110101
010110101101111
001111011111101
111010101111011
110101110111010
101011111100110
101011111101111
011110101011110
110111010110110
011011111001111
111011101101001
110010101011111
011101110011011
110001110111101
111011101011110
111011001110011
101111111010001
101110011101110
111111100110011
111100111110111
000111110110111
111101101110100
111001110101111
111110101011100
111110010110101
101101101110111
111010111001111
110101101111101
111011111001011
111001110001111
111111110010010
011111111011010
011110111100101
111110110011010
111011111011110
111001111101011
111110010101111
011110101110111
110110111101110
011011101101111
111001011110110
101101111110011
001111011101101
111101100101111
010110110111111
110110011011101
011101011110110
101111111101100
111111010101110
010100111111110
011010111111111
111010011011110
111011001111100
000111111001111
011111100101101
101100111011111
001011111010111
111111011110001
111001101101110
110001111001111
111101101011110
010101111111100
011111111011000
011100110111111
111000111011101
111110110111010
101111111001101
111110111100101
100111011110101
011011111101110
100110011011111
111110101010110
111111101110010
101110110111101
110001101011111
101111110110010
011111110101001
110110111011110
101101111111011
110011111101010
001101111111100
110110110011101
101010110101111
111011100101111
110011101101111
110100011110111
101100111111101
110011111110110
011011101011110
111110111000101
111110001101110
111110001101111
111001101111110
101001111101111
111001111011110
011111000111110
011111001100111
101011101011011
111111000011111
111111100001111
010111110110111
111011111111011
111011011101110
111100110101011
111110001011101
110001111110111
100111011110110
101101010011111
101110011001111
111101110011011
111010011101101
111011100110011
111110000101111
110010111011011
111101100111101
111001110101101
011010100111111
111110011001011
111111010111000
111001111101100
100110101101111
100111001011111
111010111010011
100111001111111
110111100011011
100110011111011
110011011011101
111111111001011
111011110011001
100011110110111
111101101110010
001001101111111
110001111101111
101101001111101
111101111111110
111001001111111
111011011010011
011111100011110
011110011110110
101011101111100
111011011111001
111110101100011
101111101101111
011111110111000
111111100100101
011111110001101
111110111111111
101101101111101
111110100111011
111110011100111
110101111111000
101011111011110
110111111100010
111111110011010
110111110001011
100111111001101
111111001101100
111111110011100
111001111110110
Time = 11.06s
