n = 15, k = 3, l = 6, m = 170
Expect Resample Times = 0.48415
Result:
000110110100001
000101100011110
001001001001101
011110111000111
111110001111010
111001000111010
000101001101010
110000100100011
000011011100001
011101101001110
010100110010100
111101010110101
110110111111000
101101010000001
111001011101000
001100111101011
110000101001100
100100110100111
111111000000010
111010010001110
011110111101011
111000100000011
100101110101001
101110011000101
001000110001101
011110001100011
001110101001010
110011010110111
001010111100111
100010101010011
111001001011111
011111011111100
111110011101011
000001100111111
000001001111110
011111010000011
010101111010110
100000110110111
011100011111000
010000111001111
111001101001111
110011000010101
001011100000101
011101111100100
101110000111010
101110010010011
110100011001001
011101110010110
000111111101100
111111100001000
010111101101110
011000010110110
000101110001011
101011000001101
001110011011100
110101001011000
001011110000010
101010011111010
101110000001110
000010011001011
010100001111100
011011011101010
111111111000101
111110000101100
001000111001110
101100100100100
111111011100101
110111000001001
100011001010001
111110001100011
100001011000011
111111101010011
110111100000111
000101101110110
111001100111101
110111110011000
101000011110110
001111011111010
110111011111100
101010010101111
100100111001001
011010110110111
101011000101011
101111101010111
011001100110100
110011101001111
110011100111101
000011001010011
110001010100101
110011010101011
000110111111010
110101010010101
110010000001111
111101110011100
111111011011011
010010101101101
111010100001100
010110111010001
101100000101011
111110010110001
010111111011111
110000011111011
010110010010100
001100101100111
000001011011110
010111000010110
010001010011010
001100110111110
011010110100100
001111100010010
010111100010100
110000011001001
100010100111101
001111011011001
101011001111100
101101101101001
111111000101011
001101000110011
100111111110101
100011111101101
110011011001010
111100101101110
001110111011011
110110111100110
111010110000100
100011101100000
001100111111100
110001101011011
111111111010011
110001110111010
101111111101000
011100101110011
110001110010010
100110111100100
011011011110010
000101101101110
001111111000011
110101001010110
100010110100110
111101101001110
111011100000110
011111100100010
011110110101111
100100110001110
011111101000101
110001111000011
101111100111010
111011111100111
110000011100111
001010001011010
000101110111011
110100001011111
001110110001000
000011100011111
100110101110100
010001011110001
001111000011010
100111000101010
101111100010100
000100001001111
111111000011011
100001001001011
100111000100001
110111111010010
111001100011011
110111011100110
101010000111101
101110101110100
110100010100110
011100110000011
Time = 0.041s
