n = 17, k = 2, l = 3, m = 59
Expect Resample Times = 0.77147
Result:
00010100000011011
00011110000010000
10111000100010011
10110010000000101
00110100110111100
00010011010110101
01110111010101010
10100001101011011
00111011101111101
01111010000000010
11001000101000011
01010101100000101
10001000000110001
00110100100100110
10101010001110011
00001110001101111
11100101111100011
01010001110110101
01000010001010011
10001111101100000
00011011101001010
11000101110000010
00101000110101100
10111100001111010
11011111010110110
00110100101110101
01101101001100010
10101100010010100
00001010100001110
10110110110110010
11010000010110000
00010110001000110
10010011001110001
01010000101111100
01100010011101111
11101110001011001
11001001101011101
00010101110010010
11000111110000010
00000101100000000
00111101101000100
01000000001010010
11010100010100000
11110010100100100
10100111010000110
11001110101000011
01010000000011111
11111000001010111
00000011111010101
10101000100111110
01100111001011001
01001010001111111
11100111001111011
11111000110010000
10110001101110000
00100101000011011
10010100100101101
01110110011101000
11111110110100010
Time = 2.36s
