n = 15, k = 4, l = 5, m = 378
Expect Resample Times = 0.39573
Result:
101111000101101
001010110001111
010011111000100
100110110111001
110110011110011
101100101111111
000010101111010
011110110101111
001001001110101
100101000100100
001101101000101
011000000110101
011011011011010
110000101111010
101011001111100
100110010110000
010111000111010
111000011000011
011111110101101
110010001110110
001111101111110
011011101011110
110110110111000
110010010101101
011001100101100
110100011000100
000011110001011
100110110110001
110000001101100
010011010101001
101000100111110
111010100001000
110110000110100
100011011111000
101011101111101
101011110001010
000111001101110
111111110011011
100000010111110
111001101110111
011001101101111
010011000001010
001001010000111
011100001100000
001001101110101
101011011010000
110101011011110
011111000101000
110000001001110
111000111111100
011100100101110
110010100010010
100000010110011
111111010111000
001001111000100
110101110101101
110011000011011
001110001111110
100101000101010
101101001010111
000101110111011
000111101011100
000001010000111
101010000011011
110001011011001
000110110111100
111101100011011
001011001101000
000000101110110
111000011010011
100100101101010
000010010011011
101010100011110
100011111111101
101110001011000
001001100101000
110111101100010
010011100101101
101110001011110
010010001001110
011000110111101
000110011110111
000000100110011
001101000110011
010001011111110
000011100010001
010110001010000
011110011101100
000101000111010
101111001110011
101111010011010
001101110100101
110011110000111
000001110001100
110110001110100
010110100010011
111000100001110
100000111110111
111110100101111
010010001001011
110011100000110
101110111011010
010101100100110
001110100010000
000011010101100
101001101001000
111111101011001
110010011101101
001110001000110
111010100110111
000000001101011
110110110111011
101111101100100
000110111011111
011101100101001
011110100011100
100011010001001
101010101111000
000011111010101
001011010001111
100011011110100
100010001110001
111010101101100
111100100101011
100100110001011
000000011011001
100000011010100
000101111110110
001011110100110
011000011100001
101110000110010
011110011010001
100011001010110
110100101111100
110110000101011
110101111010010
100111001111110
100110111100110
101111100010100
010011100110111
011000011111011
001101001000010
100010111000111
010100001110011
100100101100111
010100001000111
101101111110110
000101000111110
110111111111000
010101001111111
111100011111100
000111001110011
010100110110100
010111110111101
101100000100010
110011011010010
001011000010101
101010111110011
110011011100111
100010011001101
010001001111011
111110010001100
101110100010101
010011100110101
111000100010101
001011101000100
100110010000001
110010000111111
001100101011110
100011100001010
110000010000011
100001100010001
010011100100000
011111111101010
011011011011100
011000110011100
110001011000111
101101010010000
111001101000101
011101100001000
000001100101001
001110101101101
110100010011101
100111011110111
000011011011001
101110101000110
110011000000011
111000010010111
000111111001110
101101111101111
010100110101011
000101010111111
010010101100011
101001000011111
001000011100101
001111100001111
010000101011111
010111010011011
111000001101001
101000101100110
101110000010100
101010001111010
000110010001100
100100101110101
001011100101101
000010110111100
000100111000011
011100111110100
010110010111100
011001101101001
001110001010001
001100010011101
111001110011010
011001011010101
110000111001001
011010011010101
101100101101111
110011101010011
100011010101110
011011111110100
000101000111010
111111100110101
101100010101111
000110111011001
001101111110111
010010011101010
111010000100010
111111101100101
110000100100110
011110000010000
110100101100000
101011101011011
111101010011000
011110011100000
000110011010110
111100100100100
100000110001101
000001010110010
111101111010110
011110111000110
000001001000111
001100010110110
001011101010000
001111111111010
100100110110000
100100111100001
111001011000000
101000100100100
101011101011111
111000010010111
111010100101001
110111010010000
011011010001110
000111100111110
000010011011001
101010001100110
110001001101011
110010010001100
001010111100101
100011000111100
010000001001011
110110001010101
111111011000101
010010111100110
101011101100101
111011000011111
100111110101001
100101001011111
000010101001111
011110110000001
001110110011110
111111001000110
100011110101110
000111110010000
111010001101010
011000000011100
100101100010100
001100110110000
111110001001111
110000101111010
010011100101101
011100101111111
111011111101100
000010011001011
011001000010001
100100101110010
101100101111001
010101001110110
000101101001010
001100100111010
010110111101101
100101100110000
000101001110110
110011001000010
100110001001001
100010000110111
110000100111000
011011011011000
010101001101101
001101100110001
101000111100100
101000111011111
110101101100001
000011101101101
010110011101111
100010011111001
010000111111110
001011110100000
011111011000101
110100101010010
110111000111111
111011101010110
010101011101011
010101110110110
101011000111100
010111101100010
110110000100010
001010010001011
110110110100010
110110010001000
100111111001101
001010111011011
001000110101001
010110001010100
100011101101001
011100010001100
101001111001111
101100111010111
000010001111001
110001111101110
100010110010000
110011100000011
010011101010001
110010100010111
111011101010110
011001100110010
001000101001111
111111000011101
111101010011000
101101000110100
000010101101011
010101011101000
011100100101010
010110010001011
000100100111000
110100110101101
111101010011010
110111101010110
010011010011111
100011011100111
111111001111111
111001010011010
010010110010011
001010110010100
101011011111101
111011011000001
010010011100010
011110000110011
001101000001111
100001001110101
000111010111110
001111101000011
011001011111101
010011000110000
011000101000101
100001111101001
010001111001101
001010101101110
100010001010100
010101010111100
010111100100101
100000011101000
000001101101001
111111101110110
110001000001110
111000010010000
111010100110111
001111100001110
Time = 0.104s
