n = 8, k = 3, l = 2, m = 106
Expect Resample Times = 0.366079
Result:
00110001
01010011
01010111
10100001
01111010
11010011
11000111
00100101
00111100
11111110
10111101
10000110
01101100
10010100
11011111
00110001
10010100
01001010
01101110
10101101
11101011
10100111
11001010
01000110
01100000
10011101
01100110
10000111
10100110
11101011
10111101
10110011
10000101
00011011
00111110
00010111
10000110
00010100
10000010
01011110
00100111
11110000
00001111
10111001
10000101
11001110
00111001
00001100
01000101
00100110
00101101
00001100
00001001
11101010
11111111
11010001
11000010
01000110
10111011
10000011
00111001
01101001
10101000
11011100
10111111
11011000
10111100
10011111
01001010
10101000
11101010
11101001
11010110
11000001
00011001
11010111
01111011
01001101
00010001
11100010
11010001
10011100
00110100
10111010
10101010
10110101
11110001
01000010
00001011
10110101
11100001
11111110
11011100
11000001
10100001
00010100
01011101
01011001
01000011
10111010
00001111
01000101
11000110
10000011
10100011
01100010
Time = 0.017s
