n = 16, k = 3, l = 4, m = 150
Expect Resample Times = 0.496386
Result:
0000100010011110
0011111100011110
0110001001101001
0101000111100101
1010001100111010
1111111010111110
0000101111100011
1100100111111100
1001100100011011
0111011000001001
1000111100010011
0101000100110010
1110100111111101
1010111110000101
0001001101001101
1110011011011101
1101110101000110
0010000011110111
0011110000001000
1001000111100000
0000110000101000
1001100111101101
0101111100001110
1001111010111101
1000110111111000
0111010010110100
1111101000011001
0111011010100001
0100110010110101
0111110001000101
0001011110100110
1001111100001010
1100001000000101
1011101100100111
0100011001011101
1110000011100001
1010110110101110
0100011100000000
1001000100110001
1110110101011011
0100001111111111
1000100101010010
0010110101100111
0101000101100010
1101001111010110
0011100011101000
1100110100011111
1000010101001100
1110111100101111
0100010011111111
0110110100001111
0101011010101010
1011010100101111
0000100001011000
1011011101011110
0010110110110111
1010111001001111
0010101110110000
1100010011001000
0011101111111111
0010001111000110
1111000101000000
1000011011100010
1110011101001010
1000101010110110
1001100101110000
0101110000001011
0010101001011011
1101001111011101
0101001001100011
0001111110001101
0001001000100100
1101010010101000
1000000100110111
1010010110110000
0001000110011100
0111111011100101
0101100010110100
1010010010101110
0110110100110010
0100101010011001
1010001100101101
1110101011100100
1101110011101010
1010010001100001
0111111001110100
0001001000101001
1000001110010001
0101110011011111
0101010000111000
0001110011011101
0001010001101100
1011001001101000
1000010001011011
0000011101100111
1101101111111101
0010101000111011
0001001111011110
1100000110111001
1100000101110000
0011000001010000
1110000110011110
0011100011001000
0101100000001001
1100101110010110
1000110100111010
0110111010000010
1000100101000110
1101011011111110
1010100100111100
1000100011100001
0101101101001000
1001100101110011
0010111001100100
1101000001110010
1100010101100001
1101011011100110
0011101010001010
0010010101000100
0111110000011001
1100011100101101
1010000100000010
0111101100000101
1010110001101100
1011010000100010
1110001000010000
1001101000010000
1011010111001001
1100101111110010
1111100111011010
0101110000001010
1011101111100010
0010001110000001
0101101100000110
1101111011111010
0100111110010010
1110101100000010
0011101110110000
0110001100101000
1001000001110011
1000010000111011
1110111000110110
1101111111001100
0011111100111001
1010010001000010
0100000111001000
0000001110100011
1111010011010001
0111000110111101
0111111100101000
Time = 0.022s
