n = 15, k = 3, l = 5, m = 154
Expect Resample Times = 0.474757
Result:
110101100000101
111010100001000
101101101010110
011000011010110
100110111101111
110111110010010
010100011111100
110001011001100
010111110011101
011010110001011
100110100100111
111010001001010
110111110000101
010010110110001
000011110100000
001011101101000
001111100100001
000111010111000
011001001000010
111000110110111
011100110011100
100101010001111
101010110101100
110010001001111
011101111001101
011001100010011
000110100010101
100100110100010
110000110101001
010011010000110
110110011110110
110011001110001
010000000111011
010101100010101
010101101011100
100110011011001
101001111110111
101011100010110
011111101101111
111011010000000
001100000111111
010001011100111
000100001111110
011111111011110
010001111011011
110010101001000
111001011100110
010100111011101
110010010010011
010110101111110
110110111010100
111111111010011
000111110001100
001101100100100
010001001101010
110001010110110
001001001010111
010101000110111
101001101111101
100011101111010
010100111010101
011011100000100
001100101000101
010001001010001
000110010100001
010010000111111
000011000110101
010111110100000
001101111010000
100011001001111
100000101011111
101011101101011
010011110011100
010010111010111
001010100011101
101101110111111
100000001110100
111110111010101
010111001000100
010110111100110
110000101111111
001100100001101
101000101011011
110000000111100
000111111111000
100101001010001
001011111110011
101001001111010
111000101010100
010001110100111
101000101001101
001011111000010
101010100111010
100101000111111
111001101111111
011001111011011
011101010000010
111101001100001
011111011111000
110101101011110
001100000110100
101111010110001
110110110100001
110100100101010
001000011111001
110010111011001
010111001100001
110110100010100
111010001010110
110100101110001
000111110001000
001100110110001
001101011000111
000010111000111
010010100010100
001101110000100
101001101011000
010010110100000
000010011111111
010110100101010
001010111001010
100101111110101
111000011101101
111011010000011
101001010011010
000111111010111
101001000011001
001010100110101
100100111110110
001110111111100
101110100000001
111000001100111
100110001101000
111111100001111
011010110010111
000000011010101
001000011110001
010111011001011
111101001101100
110110100100010
001000100111011
010100011000010
000110110100100
110101011110001
001000011111110
010010110100001
101111110010011
011100011100111
110110001100000
001101001011001
100011001101110
101101010011011
110110111001111
110111000101101
Time = 3.839s
