n = 15, k = 2, l = 4, m = 57
Expect Resample Times = 0.685426
Result:
001111000100110
011110100001011
100000111111110
110101110010101
110001011100001
111001000001001
100011100010110
010011000010111
111000010101000
001010111010111
010101001111010
111101101001100
000110111110000
101011111101111
010101110010011
101001011101011
111111010100110
011111001011000
101010111111011
011011010110100
101000001100011
000110001000100
000001011000100
011110000010111
101101110001110
101101001001101
100011110111100
010010001111011
000101100111100
011010001101001
111010110010000
100110111010000
100100111001111
010111101000011
001000011010001
101110011100000
010011101000010
100111000001000
011111010001100
100011111111100
110100000010010
111100010111011
110011000000110
110110100110101
010110011011000
101100001010100
100010011101010
010111111010000
110101011000110
001101110001100
111111000001101
011011010001101
100101101100001
111101010110101
000101010111111
111010001110001
100110101001000
Time = 1.474s
