n = 11, k = 4, l = 5, m = 586
Expect Resample Times = 0.369598
Result:
01111011101
01111001010
00101101001
11111000100
11111100101
11010110101
01110011000
01100101011
10101110000
00101111100
00000111110
01110100010
10110111111
10000001111
10101010101
10111101111
00110011100
00101101010
10101000110
11100101111
11101010101
10111010110
01011101101
01100011010
01100111100
01100001111
11010100010
11111011101
11111110100
01111100001
11111001010
01110010110
11111100000
11110001010
11001000011
11101110000
11001110101
00100011111
00101101011
10111100010
10110001101
10110001001
00101101100
11110110000
01101001110
10110101010
11101011100
11001101111
00110111101
01110000101
10011110010
01001111000
01101010010
10001110001
11110111111
11111011011
11000110011
01101100011
01000001111
01001011101
01010110111
00101001101
10110010100
11011000010
10101010110
01010100111
11010110100
10100011111
11111001111
11100111100
01100100111
11111100001
10011001110
10110101010
01100101010
10110111010
11010101011
11001011101
10101101011
10010110011
01011110111
00111011101
11011010010
01011101001
11101011011
10010111000
00110111001
10101100101
11111011010
11010110000
00111011101
01010111110
00001110110
00111100111
01000101101
01011110110
01101101100
11111110001
11010001001
10110001100
11100101011
10111010110
01001111101
00011101111
01101001001
01101111001
00101100011
10111101001
11100110011
11011100000
11000110001
01001101100
01010011111
00111001001
01100001111
11011001001
01111011001
01010110010
10101000011
01111001010
10100111010
10000111101
01100001111
01110010101
00111110001
00111000101
11001001010
01011011010
11100111001
11100110000
10110110101
11100111010
10001000111
11100111110
00000111101
01101100111
01101110011
11101100011
11111110100
10000111111
00100111100
10101101011
01011011110
11011010000
11111000000
11010011100
10100011111
10110101110
10010100011
10101010010
11101111010
11001011100
11111101110
10010010101
01001111100
11110011011
00111011101
11101110001
00011101101
10100011011
11111001000
10111001111
01111001010
00001100111
00010110111
11010010111
11101011101
11111100011
11000111000
11111111011
01001011101
00011011110
01100101111
01010011100
00001101110
11101001000
10111010010
00101001011
11100111001
00011111100
10100101011
10010111001
00100001111
10101100010
10110000101
11111000100
10110001101
11101000110
00010101101
01011011111
01001100110
00100111010
10010011010
11000101101
01101111110
01101000111
11110001100
10101000111
01010001111
11101110000
10001111001
11001010111
01110110101
10011111110
00111010110
11001010110
01011000101
01101110010
11000101001
10100001011
01101110101
01101101000
11100000111
10011001011
11011111000
01011110010
01111001011
00000101111
00010110111
11111010010
11110001100
10011110001
11110010100
01111111101
00101101101
11101111001
11001101110
10101000110
11101101110
01100110101
01010011111
01110000101
11111010010
00110100111
00011001111
00010011111
00111001010
11100110111
01101111011
11101101011
00001101101
10011000110
01000011110
10001011010
10111111001
01000101110
00110101111
00111101101
10111100010
10011110000
11001101000
00101011100
00111100001
01111000111
00001011110
10101101011
11110110101
10111001010
00111110100
01101101011
11001010100
01111111011
00111001110
00111001001
11001010100
00111110111
10101010111
11010111100
10011101011
01010010110
00111001011
01010001111
01110011001
00110100011
11100001100
01111111111
11000100110
10111001011
11111100010
10001011010
11011101000
11100001101
10101001011
10001011010
11100011100
01011010101
11110111000
11101111101
11100100111
10111001010
10101101010
00011011001
11001100100
10101110101
10100100101
10111000010
10100001111
11011011010
11111001000
11011110010
11101100010
10101101011
00000111111
11111101101
10010100110
01110101000
11101010000
01010101010
11100011110
11111110001
11010101101
11010101000
11110100100
01111111111
01010100011
11110111100
00111001110
11101110110
00110100110
11011001011
11001000101
11001010001
01101100111
10001010111
10001100111
01111010010
10110010001
01001101001
10110010101
01011100011
00100111011
10010001111
00011000111
00100010111
00011000111
00001011101
10110111110
00001110011
01101011100
10111110010
10011101000
11011011001
01111111111
10110010111
01010011001
10001011110
11110101111
11000001111
00111110011
00100101110
00100101011
10110110011
11010100100
11100001001
10001101011
10011011000
11010000101
00001011111
11010101111
10101000110
11101101101
11111101111
11001001111
10010111101
11110100011
00100011111
00011110101
01101010110
10000110101
11000110111
10110011001
11001110011
11010010010
00001011111
11111001110
01010111101
10111100010
11101000100
10100111000
00010100111
11001011001
10011101110
11111101011
01101110100
01101111100
10010010111
11000011100
01101110100
11110110000
11110101110
11111111001
00111110000
10010101101
01111101110
10001111011
11100011000
10011010110
01111011000
10110101011
00110110101
10101100011
11110110010
01111000110
10111000011
10101111100
01100101101
11010100111
11100111111
01111110100
01101001111
01110001100
10001101111
10111100111
00100011011
10101110011
00011111100
00010001111
10110111010
11000011011
11010101111
10010011010
11010001100
10100101100
11001010110
11111000010
10010111001
01100010111
01100111100
11101011010
11010101010
10000110101
11111101101
11101010010
11001011001
10111110001
01101010110
01001111110
10001101111
10111000110
10101101111
00011111101
10001101011
11011111001
11001011000
01100100011
01111111001
11010011100
10010110011
11011001000
01010011010
00100011110
10011110100
00101101001
10010100101
01100000111
00101110111
11110010011
00010111100
11000111110
01010100111
11000111111
10100001111
11110100011
10110010010
11111100000
11001010110
01011010011
10001001111
10111010010
01111011100
00111001110
01001001110
00111111001
00001011011
11011010001
01111100101
00101101010
00001110111
11011001011
00110110001
11010011100
00011001011
10001010011
01111110010
10001110101
00011111001
01100111010
01101110101
01001100110
01101101101
11010111111
11001111110
11111001010
01111010111
01000011111
11101001100
10101010001
01110111111
11010111011
10110010111
10101001010
11100010010
10010001101
10011110001
11001001011
10100000111
10111110110
01010110001
01010010110
01011010101
00101010110
11010100111
11011110101
10110110100
11001100111
11111001010
10110110110
11110001101
11101101101
11110010011
10111011011
00110100111
11011000010
01000111111
10111110111
01100101111
01010110011
00111011010
01101110001
10111111100
11111111110
11001100001
00111100101
01010100111
01111011111
11110111010
01110111000
01111001000
01111011000
11001011001
11001100010
00111101101
11100110011
11000101010
11010110010
01101000111
01001001110
01011011000
00111011101
11111101110
11110011000
11010000101
10110101010
00011111011
10101011111
11010011010
01001111011
10001011011
00011100011
10010010011
11010110001
11101011010
11011110111
11010100001
11110010000
01101110110
01011011100
11011001001
10011111101
00110111011
01110100110
01010010101
10100011101
10011110000
01111111011
11001011001
01010011100
10101110010
10011000101
10100100110
10011101110
01111011110
00001011111
11110100110
00111111111
01111110001
Time = 0.018s
