n = 11, k = 2, l = 4, m = 53
Expect Resample Times = 0.545889
Result:
00011011000
11010111001
01010010100
11110000111
10001110101
10100100001
01111010101
11100011111
00111110100
11000111001
01010011100
01101000110
10001110000
01010001010
00010110101
01011010010
10101011010
01101001011
10110001111
01011000011
00010111110
00110001010
10000011110
01111100010
00010101111
11010100111
01101000101
01011100101
00011010101
01101100011
01110001101
10101010010
10101000110
10001110101
10111110110
01011111000
11000110110
01001101100
01111101110
11100011110
10001011101
00011100110
10110110000
11000010011
11001100011
01001100100
01011010010
11100011111
00101111110
01100101100
00111101101
11001101011
11001111100
Time = 0.037s
