n = 11, k = 1, l = 10, m = 54
Expect Resample Times = 1.01108
Result:
11110111111
11101111111
11111110111
10111111111
11111011111
11111011111
11101111111
11111111110
10111111111
11111011111
11011111111
11111111110
11111111011
01111111111
11110111111
11111111101
10111111111
11111111110
10111111111
11111110111
10111111111
11111110111
11101111111
11101111111
11110111111
11111111011
11111111011
11101111111
01111111111
11111111011
11110111111
11111110111
01111111111
11111011111
01111111111
11111110111
11111101111
11111111101
11110111111
11111111111
11110111111
11011111111
11011111111
11111111101
11111111011
11111111101
11111101111
11011111111
01111111111
11011111111
11111111110
11111111011
11111111111
11111111011
Time = 0.001s
