n = 15, k = 3, l = 4, m = 147
Expect Resample Times = 0.48145
Result:
100001000011111
000000111111011
100000110001011
001000010111100
101010100000001
001011100001101
100110111110110
110000100011110
101111110111000
101011000000111
110011110000111
011101101100111
100100101100001
010110011010101
011000101110111
011001100110111
111110010000010
100010100101011
101011011011101
010100001000010
101001010101011
101100001001100
010101001001000
010000011001110
101011110011000
101000001000010
111001101110111
101110000010011
100011111000100
001000000001011
101110101101111
001111011100101
001100000010010
100011100010110
101010101101100
001101100000010
111100111011111
001101101101001
111101010101110
011111111111011
110110010100000
110001101000111
011111110100101
010011001100111
001110111000000
110110111001100
101000100001101
001000110101011
000101011001001
110011010010100
110100001010011
111100110000000
001111100100011
011101001101001
000111000000111
111010011011100
110001100111110
111111000000100
101000100101000
110011100000111
100001010010100
010010111100100
001111001000100
101110000010001
100000011111111
010100011001010
110001010010010
011111011111100
001111001011101
100011001001010
100101010010011
101000011110001
011010101010111
101011001001100
100100100000011
001010001101110
101100100111011
010001000100011
100000101000001
010101010000101
110001111011110
101011000111110
000101110010100
111110110011110
101010101111111
011001000010111
100011011010111
101100010001000
100110110011000
011101011111111
110010100100100
111011100101111
000101010101100
101000001001000
110110100001011
010001001001010
000100111110000
001101001111000
101010101010010
000010100011110
011100000110001
110001011000101
100110001011011
101111110111100
100000100010110
010111100001111
000000010110010
000001101000001
011000011110100
101111101010111
011000001101100
111111100101111
011111000100101
000001001110110
111111000101001
010111111011010
101001111010001
101011011001001
100000010011001
110111101111001
000111101011100
001100001001011
011110010101001
000110011001011
010000011110000
111100001111110
110110111001001
111001011100110
011111101011001
001011010100010
101111001011000
010010110101110
010100111010111
101001101100001
110000101101101
110000111110101
101011100110101
110111001100001
001100101101110
101100011010101
011110111001000
110000010111100
011101111110101
110101011010011
010001010101000
011110011000000
000111110111000
Time = 1.863s
