n = 14, k = 5, l = 5, m = 982
Expect Resample Times = 0.370367
Result:
00101101100000
01111110110000
10000001101010
10101111110100
01110010110111
01111100110111
00101001101110
10101111111111
00101111000011
01111000010100
11100100101111
01001011001110
01001110011011
11111101101100
00010010101101
01111001111010
10010100111011
11101011101100
01100001101001
01000011010010
11000111011100
11100000110011
11100011000100
10100110001110
01101001011110
01111101111100
11111001101001
11100011110011
01001000110011
01000011101111
00101111110010
10011111110010
00110110001011
11000010001110
11111101001000
10000111110001
10000011011111
01001110110010
11001001000100
10100000111101
01100100111011
11011011000001
10101101110010
11001101110011
11110101101101
10110011011100
10010001010011
01001010001110
10110001110001
01010000001101
11111100011101
01111011000000
11101111101010
01111111001101
01110100010111
10100001101000
11111101011110
11011101100011
10010101110001
00110001011001
00010010010101
01010100011110
00111111010111
10001111001110
01101111001010
10110010001011
10110100000100
01111010111101
00010010111110
00100011111111
10101011100001
01111101101001
11010000101101
10000111011100
11110001110110
10110001011001
10100110101101
00001110111100
11010111000110
10010011000111
10110101110101
01101001001011
11110010001100
00011100111100
01101101010011
01011111001110
10011001001010
10001011000001
10011011010100
00110110111010
11010001010110
11010101000010
00110011101001
10001101110110
10001011101011
00001001101101
00001111101011
10101111011000
11001010111000
11011010110010
01000111110111
11011110111010
01110110100100
11111110101010
10000101110011
01011100010010
00011110001000
10101010100010
00011101001110
01001110001010
11111110110001
10010111001101
10011101111110
01010011111010
01100110111100
11011001000010
10011010010111
11101011000000
10100110110101
01111100000011
11100110010100
00011110001001
10010011110011
01100000111001
10010111100001
01111100000111
10101110010000
11001000110010
00000001101101
01100101000001
00000111101110
10100001001110
10101011100011
00101101001000
10111010001010
01011010010100
00100101110101
00100111100101
01110110000000
01011111010101
10100000111100
00001011001111
10100000100111
11101000001000
00101010100111
10110100100110
11001011000001
10100100001101
00000111101001
01001110010001
00010101101111
00011001101100
00010000101011
10000001011010
10000010111100
00101010110011
11100110010011
01111010100101
10111001100001
01001011101111
11001001101001
01101010111001
01100111001111
10101101100110
11010110010111
00101110100110
10110001111110
00010000111110
01100111010000
11111011111110
10000111001101
10101001001101
00011111111111
10011110010101
10110101111000
11010111011110
00011100010011
00011001100101
10011111010101
10100101011100
11011101101100
11000111101111
11010110110100
00101110000001
00010110011100
11101010111000
10010101100011
00111011110100
11110011011101
10111001001011
00110001100101
01110001101111
01001011100101
11010000110001
11010010110010
01100001011011
11001010001110
01110010101111
11001100100010
10001111001110
01010001101101
01111011110110
10111011101101
01011101000111
01100011000001
11001010110011
01101010011011
10001111100000
11011111110110
11101000101101
10101100010011
01101000010011
10101011101101
00011110000010
11111000100001
01101101010011
01010011111100
10010110001011
01010011011001
11010010010000
01000110010111
01001001110011
01110110101001
11100100001000
00100011100011
00001101001110
11001100110011
01111110111101
10110100011101
11111000011000
01101110111010
11000100010111
10011100101100
10010010010011
11110111010001
11101101011111
01010010010011
11101000010111
00101100000111
10011100010000
11010001011111
00011100110010
11101110111110
01011011000101
01111110001111
01010000101100
10111111101010
10101100010000
11110001101000
01111010100010
00010100101011
11011100110110
00101110100001
10110110011001
10010011001111
00000001111011
00100100111110
10101110001111
00000011101010
11111001101111
11100100000101
00011111101010
00000100111010
00001111101011
11111011101100
11010111010110
11110111011000
11111111101000
01101000000101
10001101111001
00001110110111
00010110011101
10101111010010
10100000111110
11001010001111
00100101100010
11000100101001
10001010001001
01100100001010
10000010011010
01011001001001
10000101110101
01001000110001
10001000101111
11011001011000
01100110110000
00111000101011
11011110111001
10011101001000
00011111001001
10000111011100
01000010100110
01111111000101
11101011100011
00001111000101
00010010111110
10111001011110
10101100101000
10110011111101
10101001111100
10010010001111
00001101110100
01101010010011
10010101011000
01010001101001
11111100010111
11011100000010
10101011011011
11001101100100
00110110100001
10001011100110
01111101011011
10011110001010
11110001101010
10111001100101
01110101010101
10100000011010
11101100101100
01011110110100
11101111111000
11010001011110
00011111110101
11100111010011
10010111101111
00011111100001
11111100001001
00110101111100
10010010100001
11000100001110
10001010000011
10101000101001
10011111010011
11110010000010
11011000111011
11111000010100
00011101001011
10111100100011
01100001110111
00001011100011
00000110111111
11101011011001
01010001110000
00110111100000
11100000000110
00011010110101
11001110110100
11010010010110
10111111001111
11000110111100
11000111101101
11011101110100
11001011000111
10011101101001
10110001010000
11110000011011
11101011000101
00111100011100
01001011101100
00110010010111
10000110101110
00111011101110
00011000110010
11101000110011
11111101110101
10111010010000
11000000011100
11111101011010
11101010011011
00101000111111
00100001100101
00011111101111
10000001111101
00011101001010
00100000100111
10000010011111
00001111110101
00000100101011
01100110100100
10001001110000
10011101010101
11111000111110
01111110011110
01000101101001
11111001000010
10100011010110
01110001010000
11010010001011
11101010110101
10101110001110
00010110011010
00010100011011
00011100110010
10010111100001
10110101111111
11011100100100
01100011100110
10000111110111
00001101111010
01110001010110
10001101100010
11110110110111
11000110000011
01000001100110
00110101101000
01101101001010
10000111111111
00100000100111
00000011101110
10100010111010
00010001110110
00001111100000
01011111100010
01010000001110
11101111001110
10011100011111
01001011001110
01011011110100
10001011110101
01100111010001
11101010100111
10111101110001
11110011001111
11101001111100
10101011111110
11110011001000
01100100111011
11111110000010
11110110110010
11101000000011
10000000011101
00011010011110
11011011011111
01111011000110
00100100110001
10110010101111
00110001001100
11011011110000
11001011100100
11101000001011
01011101001100
11001100000011
00110011011011
00100110001100
01000100101110
00010001001011
00001010100011
00111110110101
01111011010101
11010011100011
10111101000011
01011110001110
01101101111111
01110001010100
00100011100111
10000110110111
00101110111100
00010111010001
11000111101111
01100011010110
00110011000110
01100101010101
10010101110101
01010010000111
11011010011000
10000110111000
10000100010110
10110011000010
10110000101111
01011101100011
00110010100100
01011000110100
10111101111010
11001000111111
10111100010100
10111111001000
00110110001100
01001011011110
10001001110001
11110111001100
01011110101100
01011011001010
11110010100101
10001111111110
00000011101110
00110000100101
11000111111111
01011100110111
01001000110110
00111111101101
11111000111111
11110001101101
01010011111111
10011001100100
10011010100100
11010101000000
10011111010010
01010001100100
11001011001111
01100010001111
11011110001001
01100100111011
00000010111001
11011001000011
11001001111100
00101110010011
00011110111110
01100010111110
10010000101101
01100110100001
01101001001011
01001111100111
11110001110001
11111100111110
01100101001111
10000101000111
11010011000001
00011100011011
11001000011011
01110101101001
11110101111011
00111110011010
11100100010000
01101110111010
01110111001010
01001110100101
10110100111000
10011001011100
00010011111110
10001111001000
00110010111000
00100100111010
01101111110100
10110010001010
10011101001100
00100001101110
01111000110100
01101100110111
00111000101110
11011011000011
00001101011111
10000100110101
00100111010100
10100011101010
01000100100101
00100000011011
10101101011110
01000111011100
10000111010110
10101100110011
00100010001110
11100000110100
10010010001010
10110010001010
10111111000000
10001001011100
01111011011011
11011100101101
10000010011010
10010100010110
11010100111110
10101110001111
11101011011100
01001001000101
00111111101000
01001101010100
00100110001100
10101111100001
01010100100011
10001011010111
10111101000110
01011111000100
01011000011101
00000101111111
10011100111100
01010100110101
10110001001110
01100110011001
11001111011001
10010010010100
11101100101100
01111111111110
11110110110010
10101011001011
10011111000001
10110010110000
00110101010010
11011101101100
10010001011111
01000011101001
10100101110011
01101000010110
10010110001101
10100100010111
01001011110000
00011000111010
01001100011100
00101011101010
11101101011100
11110111110000
00101110001110
00100000110110
00101100011100
00011111111100
01011001011110
10000010100011
00000001101110
11011001000001
11111000000010
00100010111011
11000010001001
10001010010011
01011111101100
01011011010100
10101011011000
10111110100100
00100000010111
01101101011101
01100100101001
01011110100111
00110111001000
00100001101110
00011111000011
01100010011010
00001100111011
00011100110000
00011111111000
00100101100011
10011001100110
01110111100000
11100110110001
10101111010010
11111011101011
00000111011010
00100100011111
11110011110111
11001110001000
01001111110100
10110101000100
11000001110100
00101111111010
11111000001100
01100101001000
11010111010001
10001110110100
10101011011011
11111011101111
11110101111001
10110111110011
00111000010100
01010010101111
10101011011010
01110000001001
11101101001110
10000000111110
11011010110000
11000111000000
01110011111100
10101101101110
11010001100110
00101010101010
10011011101000
11011100011011
00001001100011
11111101111101
01100010010011
11010001001100
11101011001111
11010001100101
00010010011110
00101111101110
10110101110110
11100010110010
11101101011010
11011010000100
10110101000001
01000100101010
01110100001011
01101111011100
11000001110010
01010100010011
10111100100010
11111100011000
10010000101101
11100101101111
10110001110010
01110100001001
01001111011001
00100100110001
11001011011110
10000010000111
10011111111111
01111110100100
10101100100011
11101110001001
11010010001100
11100110100010
00011001001101
01001011111101
11100111010100
11111001110011
10011100010100
10101011000110
01010000111010
11100011011110
00101101110110
11101100101100
01111001101000
01111010100010
11000000011101
01101000110110
00011000111001
01001111101101
11111111011011
01100010101100
11001010110010
11011101001110
10110001011001
10111101100100
10110001110100
11101100011110
00001011001110
00101000011001
01110011111111
10110101101111
11110000110100
00111011100111
11101100110101
00101100101110
10100010100100
01110011011010
01000101011011
01111001111111
10000001101110
01110111011100
10001010110010
11000111000001
00001101111001
01100010100001
10010111011000
10010001001100
01101001100000
10000000101101
10000001010111
11111010000101
11001111111000
00000100110110
10011111100010
01101011100010
01111000101010
11111011010110
11011010000000
00101010011100
10001100110010
00101100111111
01101011110100
01101000011111
00010111010000
01011111100010
01010100101100
00111010001110
00010001001011
11011111100000
10110010111111
10101010100100
00110101110011
10010111110000
10100111111000
10011011110010
00101001010110
11111110000110
10001101110100
01100000110110
00011101111001
10111100011001
11111101111100
01100110111101
11001100110011
01010001001111
01010110100000
01111101100001
01111010100001
11100111101000
00001101101010
11001110100010
10110101111111
01000011001111
10000101001011
01010100111100
00101010010110
11110011100100
11001100001111
10000111110110
01111010001110
10000010101011
10001001110010
00111100011010
00110011100000
00000111110000
11111011000011
11010000011001
00000110100111
00111101011000
01100100110001
01111001000101
10010110010010
01010000110101
01100111100100
10000011010101
10100111100101
01010011111111
11010010110110
11010000011011
00000100110111
00101011010101
01011000111011
10111110000101
00101001101011
00011111010000
11011100000011
01011011101101
11110100011101
01000000110111
01100001100110
10011110000010
01000011011110
10010101100111
00000011100110
10000110010011
00100000101011
01010110101100
00000101110100
00110010110010
10110110001110
10100111011010
11010111011101
00111010000101
11011011011111
01011010000100
11010111011100
00101011111010
00101100000101
01110010101111
11101001001101
01001111101001
01011100101010
10110010011100
01011110000110
11110111101101
01101010110111
11001110110001
01011011011000
01110001100111
11000000101010
11101010100000
00101100110010
00110101101100
01000011100101
00011100011110
01111001101000
10100110010000
00001100011011
01011001100010
01101010100001
11000001111111
01110011001101
00011110010010
11000100010111
10110100110100
11101110110010
11010101100001
01001111100000
01100100010101
11101000111000
01011010100000
01000011001111
10000111101010
00011110000011
00110011110110
00010011101001
11100010011100
00111010000110
01010010010101
10101010011100
01111101100001
10110100100111
01111111111001
11110100001001
10111000010111
10100100111101
11101000011101
10110000010001
00101000111000
00011001010011
11000011101001
00011111010100
10100010011001
10011000101011
11100011011110
00110110001011
00111100010101
11110111101001
00010010011001
01111010000111
10101100111001
01001010111111
11110110001110
11010111101000
00000111101001
01110111000001
01000111000111
01100001011001
10011100111101
11110011011111
01111111101101
00111001101100
00101111000110
00111110111010
01100101011111
10110001010100
10110010110000
01011011101101
10101110110010
01001011101001
11101000101111
11101111001110
11011100100000
01011001110110
10101100011010
10101100001110
00011001010011
11000100100110
00110011110001
00111011001111
11111100000100
01100100001010
01100000011001
00110010100101
01111111101110
10100000111001
00000111000110
00101001010110
10100100111001
11011000100101
10101100111010
10011101100101
00010011001010
10010011010111
01111010010010
11000101000010
11111111010111
11111001000011
01110010000100
10110110000011
10100011001101
10111111000110
10000111001010
01011010110011
00011110111100
10001100100011
10111101001010
11111101111000
00011100101000
01101001011000
00000000111011
10010111000100
01110111111001
11110000110011
10111111111100
01110010001110
11011110010011
10000111010100
10010111011111
01011001000110
01101001100001
00111011100100
01011000010101
00001000011011
10000011101010
11010000111011
00110110001000
01101110100010
01001010110110
Time = 0.21s
