n = 16, k = 7, l = 1, m = 3205
Expect Resample Times = 0.367093
Result:
1001101001001011
0101001000010001
0101001111110010
0001001110011110
0011101011011011
1001100100000100
1001101100001011
0000000101100000
0001000111010000
0110001100110010
0101010010100101
1100000111000000
1010100101010010
1110101000101101
1110110001000110
1001010001101000
1011110001111101
1001100010101011
0000100111110101
1101001001101101
1111110101000000
0011010010110110
1110011110010001
0100010011010110
0111101100010101
0001000110011001
1010011001001100
0010000011001100
0101110100010100
0001110110011110
0011101011011100
0001011100110110
0000101111101110
1110100001010111
0000100001100000
1111010110101100
0001101100111001
0000101111011111
1101011010111010
1001001101100001
1111110101010010
0000110010000000
1011000110001001
0010111010000000
1101111110000000
1010111110000100
0100010111111100
0100010110010100
1001000011100000
0101010101101011
1111101110001001
0011001001100001
1100000000101011
1001111101010100
0101111101011001
0111100001011111
0111110010000101
1100110100011011
1111000110100111
1010011110100000
1110100110110100
0111101001010100
1110100110110101
1111001101001011
0101001111010111
0110000101011110
0010111100101100
1100000110010101
0011100001011011
0111000001001111
0010010111001101
1010010100110001
0001011110111001
1011111001011101
0110100010110110
1101000110000000
0001110000100011
0011001010000111
0010110011001110
0010000101100110
1101101001001111
1010110110111010
1000100111100101
0110000111111001
0101001011110111
1001101000001011
1100101001010000
1000110110110011
1110110011000010
0011111100001011
1000011001101110
0111110110110001
0010100010110110
1101110111111100
1011000000100001
1111001101110011
0011000100101111
0101111111101011
0111000011010101
0001100110001011
1100010000101010
1010000001110110
0100011001001110
1110000100001011
1111010110100000
0111110000000001
0100000111100001
1111111010101100
1010011001001010
0001010011111100
1001001011001011
0010010110011010
0110010100000100
0011101001101001
1111101010010110
1010011001111000
1010111000001111
0011000110011011
0000001111010010
0000010111000101
0001000100101110
1011101001001110
1010111001110000
1011110100001011
0100000110011010
0001101111000010
1000101000111011
0011011000101111
1000101111011000
1000000110001000
0011000000001010
0011001010100011
1111010010010101
0001011110010011
1100000010100001
1100101111100010
0100000100001111
1000011000011010
1001011100011001
1110111010110000
0101111110011001
0111100000001101
1100111001101001
0110010010001100
1111111000110101
0110111010011000
1001000011011000
1011010011101100
1011101101010001
1011111010101100
1011110100101011
1011010001000011
1111111101001011
0001000100100000
0100100000011110
0011110101100011
1001000000000111
0000111010001111
1101101110010101
1000011100101010
0001101110111101
0111011011000110
1110111000001100
1000000101100001
0110110111010001
1100011110110111
0111011101001010
0110011110101000
1100110010000001
0011110101011011
1001110000000101
0010101111101101
1111100101001111
1000100000000110
1000011010110101
1111000100101110
0100011101000110
0101001110110100
1000000111111001
0110111110111001
0111000000010111
0110101101111010
1101100101110110
1010000011011010
0101101110101000
0000110101000010
0111101110110000
1011000111000001
1100100110110000
0110000100110001
0000111001100011
1011011101101000
0011100110110000
0011100000001011
1101010001101001
0101010010001010
0110110111100000
0110101100101100
1000111100000110
0000011101111101
1001010101111010
1010011110100101
1000010010110000
0000100000010011
1010000110111111
0101001001011111
1000011010010111
1010001010111111
0101110111000010
1001011100010101
0101010111110001
0010001011010000
0101100011110100
0110010000101001
0100110000110011
1111100101100111
1100100010101000
1111011110001100
0001010000001011
0101011011000011
0001101110101100
1010010011011100
1001000001010111
0100011100111010
0101011101011011
1000000101100011
1110010100110111
1111010001111001
0101110010001111
1010000001010111
0101111110000101
1100100100010001
1010000010100101
1001011110011000
0101110101111101
0101010000000001
1010101010110110
0011011100011010
1010111110100010
0010110000100110
0011001000001111
1110010010011001
1100010111100000
1101111100011100
0011110010011011
1010000111000111
0100111101100001
0101110111100011
0110110011010110
1010100001100000
0101111101011010
0010001101101101
0010010101111101
1000001110111010
0011101110100110
1110000010001111
1011000011100010
1010001101100010
1110101110011011
0010111100010011
1100000010100110
1001010011010011
0010010011111001
0101100100101000
1101001000000101
0110111000111110
1000111011000111
1100101001010101
0111001100010111
0110011100101011
0110000001001101
1111000010111001
0100100001111110
0111111010101101
1000110011011010
1110010010111001
1111001101010010
1100010100111011
1000010111010100
1110011101100011
1010000010010000
0001100100110111
1110110000110100
1101111001101110
1000100001010101
1100101101111101
1010011100101111
0111110101011000
0001001000110100
0001010011011010
0110101101100101
1011001000101110
1000100010100110
1111001101111000
1101000000111010
0111101000010010
1001011101101000
1000000101110011
0000011000100100
1001100011001100
1000010100110011
0101101101111000
0001001111111111
1100100001011001
1101100011101011
1101011001101000
1100011000110000
1011101100101110
0000100011101001
1101111010000100
1110011001000110
0100101001001111
1010000001101111
1111101100101100
1100101110001010
0101100100111001
1110100001100011
1110000011001100
0010000110100101
0000001011011110
0001010100100110
1111011101101101
0100110000100011
1000101111101011
1100010100101100
1100010011100011
0001011101110010
1000101000000001
1010011000011111
1000110011101111
0001011011010110
0010111000100100
1011011011010001
1100001011011111
1100101110101000
1001001110100110
1001101010000000
0111011100010011
0100001101010111
0001110001100011
0110100111110110
0110000101011100
0000001100011100
0001100001100100
1001011101110000
1000101000000011
1000011011110111
1000100011111010
0000011100111100
0110111110010101
1011110110001001
1100010001110001
1011110011011001
0111000110110110
1001001110101011
1010000010000010
0100000011011100
1001111101010111
0101011011001100
0101100001011010
0110001110100110
0000111011110001
1010101110000011
1001011111110000
0110100000011110
0110110100111100
1101000101000110
1100110101001100
1011110001111000
1011111101101100
0000110110001001
0000011101100111
0001111100011101
0110111101010011
0110111101001100
1101010000010010
1101110101011111
0100000111001101
0011011011000011
1000110011110111
0000010110010001
1111001000111010
1011110001011001
0110111001000110
1110011101011001
1101001011011001
1010001110000000
1010101111111110
0011011111100000
0001011011100011
1000000011100111
0110110011001101
0110111010000100
1111010001101000
0110101011100100
0100010101011100
0101000001100100
1110011111001100
1010100101101100
1100011101101111
1001100011110010
0101011000010000
0000110111011000
0111101111010011
1110001100001111
1110001100111110
0101001010010101
1011001011000111
0111001101100011
1111111101001011
1110011110100111
0010010001001101
0000000100010001
1000110000011010
0110000110011111
1111010000001110
0110000011001110
1100000001010000
1101011110101111
1101010100011011
0100011111111011
0010110010001110
1000011010001100
0100110001001101
1100011011101111
0111010010010010
1001101001000110
0000101011110111
1111101010110100
0010101110010101
0100000000100010
0001010100001111
1110010001101001
1000010100010010
0011010111101101
1110000111110101
0010111111001011
0101100110001001
0001000011001110
1011010110110001
1110010100100101
1010110000001011
1001110000100000
1011100001111001
0010010011111010
1110111111010010
0011000110111010
1111000101100100
1100010011001000
1001100101000011
1111011000100010
1001100111011100
0010011011101110
0001100011011110
0110010000000100
1011110010111011
0110111100110001
1111001010011111
1111100011011101
1000101010100001
0011110111001010
0001101101000001
0111000001011111
0001110111110100
1010001110100011
0010101010101111
0111100010000000
0111111100111011
1100001100110101
1010111100100100
0010010011000110
0110100111001111
0100101111110100
1101010010111010
1110101011100000
1010001010011001
1011000101001011
1010010110000010
1100111111010111
0011111111000010
1011000101001010
0100011111110001
1000001011100010
0100010101111000
1010000000100100
0010111001011111
1000000111010001
0001111001011001
1010000011010110
1001100101010111
1111011001101111
1011001000001111
0101011000110100
0110101111010000
1001111001000000
1111011001110010
1001111000000111
0000001011010000
0111101100111010
0000100011000011
0111110010111001
1100000111101001
0101101010011110
1000000011101100
0000100101100011
1010111010000000
0001111110100010
1010011100000110
1110110101001011
0110011110010101
0110100011001010
0100101001000100
1110101011110111
1101101011111001
1110101011001000
0011011010111100
0110011110100110
0001001101110010
0011111011100111
0001010111011110
0011010100110010
0110001000101000
0010001100100011
1111001011101010
0000100001100000
1001101111110010
0010101110110011
0110100001101001
0111100000001110
1110111010111101
0011100110001010
1111111111000001
1111010111100100
1001000000101100
1100111000100011
1101010101111011
1001110010111111
0000010010011010
0100010011010010
1100000101110111
0000000010011111
1101101001100001
1111000010101010
1100011111111010
0110011100001111
1100010111000000
0000100101110111
1001011110100100
0111001101001101
0000000111101010
0110011011000101
1100101010111011
1011101000111001
0101010100101010
0100101011101001
1000100100000100
0010011100001010
1000111111000100
1011101001111010
0101111010111000
0100111000111000
1011011100010110
1100100001010111
1100000100010101
1101011000111101
0010110110111000
0110101000111100
0000000011010111
1111010110010010
1011010000111001
0000111001011111
0011100100010111
1101011000000010
1011011111011011
0100011001101100
1010001100001100
0010101100100001
1101101110100000
0111111001011100
1000010011100101
1110011010010101
0011001100001111
0001010100001001
1000001110000001
1010000111111000
0011001111100001
0010111010111110
1111100110111101
0010001000010000
0111111100111100
1111011001011010
1101110011001000
1010100001011000
1110110101011110
0111111100010101
1101001100001110
1101110110111101
1011001111111100
1111110100001001
0111011000111000
1010011111101100
0000001010100100
1100001011111110
0110010100000111
1111011011111000
1101010111111111
0111111101101111
1011111110011101
1010010110010100
0001111101001100
1000100010110000
1010111000111001
0001000011000000
1111110000100111
0010001001000111
0001011111101111
1010011000010010
1001011001000101
1011011110000110
1110010010011100
0101111001101011
0000000100000001
1001011011100000
0011010100110011
1111011110011010
0000110101010011
0000001000111000
1010000010010011
0100000010010110
0101110001011111
1100111011100101
1000111101001101
0010110110010011
1100011101001011
0001011000001100
0110001010011100
1000110011110000
0111000010000001
0111111000111010
0110000010101110
1000101100000101
0001110110110010
1101111001101101
0001001011110110
1110001011100101
0010100010011001
1000101001010010
1111100100110101
0001001001001101
0110110000110000
1110010001110110
1011100011000100
1101110111000100
0011111000000100
0011101000000000
0000001000100000
1111000111010111
1011011001101010
1100101010011111
0100110000011111
1100011110111110
0001101001110000
1110011110111000
1110001010000101
1110110110010101
0000101101010110
0100000001111111
1111000001110000
0000011001111001
1111000000111010
1101100111011100
0111011000111000
1110110000100110
1001011010001010
1001111111000110
0000111100101101
0110101011000101
0100111111001001
1010010111100011
0011111011000100
0110011011110010
1011010111100100
0001110111001010
0001010110111110
0110000010001110
1100100101101111
1000100011111001
0010111111101100
0101100111111101
0010001110000101
1001111110000011
0001111111110111
1011101010110100
0001000100111011
0010000110111011
0010111111111010
0000001110000000
1111110000101000
1110001101000010
0001011001101110
1110101001100001
1110010110001110
0010010100001110
0011111101000100
1101001100111111
1101011110011011
0001010100101000
0100110110100000
1000110001011100
1101001000001000
1110001111110110
1111000000001001
0000111011000110
1110010001001011
0101111101010111
0101111100110110
0100011001111110
0110010111111111
1000001111001000
1001110101001100
0000001001000000
0000000010011111
0001101110111000
1010010011010010
1111100111111011
0011110011110000
0111011111011010
0000110010000101
0110100011001111
0010100001100100
1001001001011101
0111110001010010
1110100001101011
1011110001110010
0010101011000000
0100010001111101
0000000011110000
0111010100100011
1011101011100001
0011011110101100
0011000111001101
0100001111011110
0010111100010110
1001001010111011
1011100001110111
1101101110011111
0110010111000101
1110111101011100
1000000001010010
0010100000011000
1110100001001110
0100010000001111
0100001001111110
0010101111100100
0100110111111101
0111111011101010
1011101000110110
1000001011001101
0101000001011010
0011000011111101
1010111100111011
1001001001100011
0101000000011011
1111000000010001
0011101000011111
0010000011100100
1010000010011101
1001000001100010
1001000001011100
0001101101001010
1110100001110000
0000001100110111
0100100001001001
1111010100001110
1011111000010001
0101110001100010
1101001111001100
1101001100110110
1110010001010001
0001111011100011
0010110111111011
0110110100101111
0010000011010010
0011110101100000
1111010000111111
0110111110111000
0000111001011010
0010011011110011
1001001111001001
1111100100110110
0011011001011000
1000001000100001
1010100011010111
0011000010110011
0000000100000010
1010011001100110
1101100010100001
1011110101111100
1101011000111001
0010001001000110
0101001111011100
0110100111100000
0110101001010000
1010110111101101
0100110011101010
1100101010011110
1000111001001011
0100010011010001
1100010010100111
0011101010100100
1110111011101101
1011011001111011
1101010001001000
0110000100000010
1001010110101010
1110110001101011
1000010110110010
0110110110000010
1101100110010101
0110010011100101
1010001010110000
0110010111010001
1011111011011011
1101001000100111
1010101101100000
0100101111001001
1110010100011100
0110100001001100
1100101110010101
0010100010100101
0111111100010111
0010110001000001
1110000010011010
0001001010100111
0001100011110100
1001001111110100
1010110100010111
1101100010011110
0001101001100011
1100000111001111
1110111110101000
1010000101101000
0000001100010000
1101011001100001
0010010011010101
1000111001101101
1010000110001101
0110110010010101
1111000000010001
0111000100011001
1010011001110101
1001100101000101
0011011110110000
1000111111000101
0110101010010011
1000000100011010
1000111110110110
0111100011000100
0001110101111011
0011100100010011
1011100110011101
1101100110010100
0001110001001010
0001001011011001
0011111011111011
0110010101001011
0011111111011010
0100110011001001
1111110111101100
1011111001101110
0001000100001101
0001101100111001
1110000101101000
0110000001010111
1111101110001010
1001101100110101
0001001011110001
1010110111000100
1000011100001000
1101000001110000
0110000100101001
0111110000111001
1100000001110011
0110101010010011
0000000111011011
0000101101111100
1111100010111010
0100101001101111
0101110011100101
0111111011101000
0011111011011010
1010001010011110
0000110111000011
0111100010111110
1001101111011110
0110110101101010
0001110111101101
0011100001001100
1010100101100110
1100010111000000
0011011100000000
0010101000100101
0110111111011010
1111000101001100
0000100010000000
0100101111000110
0101011010101011
0101011111101111
0011010110100100
1110111010000000
1111000000001000
1010001100100010
1001001101110000
0011111010011100
0110100001110011
0001101101001011
0011001010000111
1110011000000011
1000110101101000
1111011111110010
0100101111011010
0000111111110010
1010010000001001
0000011001011100
1100010011111010
0011110111001010
1100101101001100
0010101001010101
1111001010101111
0111100111100100
0010000101010110
0101111011110101
0111101001001010
0101010110010011
0101010111011000
1011110010111111
0101001011101101
1110001000111011
1101101011100000
0100101101101101
1000001010000101
0100000100000011
1000100001111011
1011110110011101
1100111101110010
0000110001000000
0100100100010101
1101111101001101
0111111111110110
1100101010100101
0000100111000001
0101011001000100
0000001101110111
1011011101000011
0110011111110001
1100011110111001
0100110001100101
0001101001101011
1100110011110011
0101000100100011
1010000010110100
1010110001011010
0111010110101100
1001000111100111
0101101110101010
1111110000001101
0011010011101100
1011100111000010
1011110101111110
1111101101110111
1100000110010100
1101110111011100
0010000001010101
0100011001110010
0100110001110010
1001100000101101
0110100011001100
0011110110000000
0101000100101100
1100101000010000
1110111000000100
1110101101110110
1101101110100011
0101100110001110
0001110110011110
0100111110010010
0100101011101100
0011010101101001
0011011010111110
1001111010001000
0100010101100100
1001111010100111
0111001111110111
1001001111110100
1111110000000111
1001001110001010
0011111010101110
0101111101010111
1100100011010011
1111010100100101
0010001110101100
0010110100100101
1111000101110011
0111001111110100
1101110001000110
0111110111010111
0000100011101011
0011100111111110
1110011110111010
0011111100111001
0100010010010111
0011000000000010
1101011001100110
0111001100011011
1110111111010010
0111000010101101
0001010000101011
0110011000000001
1100010101111100
0110100011011110
0110011100011111
0111000011001000
0010010100001011
1110100000101111
1000000101110001
1110100011010011
1110011001001111
0101010100000000
0100000011111011
1001000011011001
0110000110111111
1011110100111001
0001001101011111
0001011110111110
1111001111010100
0101011000011011
1000000001011100
0000001110001111
0111000001101001
0110111001001111
1100101110111000
0111000011011000
1111100010000100
0100100100100101
1000000000011001
1001001001101110
1110101100100010
0111110111001111
1011001001110101
1111000111101110
0101100011100111
0011010000000101
0000010011111001
1010110101101000
1101101010100101
1110001001111101
0011101011111001
0011100110111110
0100011101011010
1000011001001001
0110010001111101
1000001001001000
1110100101011110
1101001001101100
0110100001010111
1101011001000001
0001010101111110
0100101100111111
0001111110011001
1010001100000111
1000101000111011
0100100011111100
0101100110100100
1100101110011111
1100000011101011
0101110011111100
0101110001001011
0011101001101011
0010000010011101
0010101101100111
1001110111101000
0010001101110011
0001001011110000
1100010000101110
0111101101101101
1101011001010010
1100100011000110
0011010110100000
0111001011111101
1101010000111101
1111100000100010
0101111010110000
0001111111001100
0101110011011011
0010000010101100
1010100001100100
1011011010010100
0111011110101001
1110101001110111
1111101110111111
1001111110000110
1100000001111101
1001001011111001
0101101001110110
1001011001101001
1111110110100111
0110101100111101
1101100110111111
0110101011011011
1110000001001101
0110100001101111
1101110111010010
0011101111010010
0111101000000000
1110111100010001
0010101000100100
0111001111100011
1101110111100101
0001101001100110
1110000001001011
1000000000110010
1010010110100110
0110111000110110
1110110110101111
1101101110101011
1011100001101100
0010111100100010
1001011111101000
0100011011011110
0010000000010111
1000011100010111
0011010101110101
0101000000010000
1000100100000010
1000110100000111
1011101101111011
0000010010011011
1011010100111111
1110000000000000
1011100101010101
1110111100101100
0110110111101110
1011111011010001
0000100110010010
1010010111010111
1111100001001101
1001110111000100
1000111111101010
0000110000010001
0010110010011001
0110100100010111
0011110010111101
1101010000111011
0110000110111100
1111100100111010
1000101101011101
0111001000001010
1011011011100101
1000101111001110
0010010010000100
0111011001100001
1111000000000010
1011101110101001
1011001011001111
0110111011010100
0010001000010001
1100100110000001
1110101011101100
1100110000000100
1001111101001101
0001001011011110
0110110001011001
1110010010101001
0000100001100100
1011011001111011
1000000001111110
0100001100111001
1101001100110100
0010101001101001
0001101101100000
1110000010111100
1100001000111001
0101011101000100
0110101001010100
0110101110100011
0110110000110011
1110101110001111
0000100001110110
1110000010111111
1011011111110011
1000011110001110
0010111010101100
1100001010011011
1110111001111101
0001110100000111
1111001001000100
1010101111011110
1111100000111011
0111010111011001
0101110011011010
0010000110101111
1001011110110011
0100111100101011
0010110110110010
1001101111110101
0011001011101001
0010111100100010
0011100110111111
0100110011111110
0000110011110111
1011010010001110
0010110111100001
0100100111011010
0101010000110011
1111110100101110
0011011110001010
0110000100100101
0100011100101111
1001001010111101
1001100000000000
0000000000011111
0010000100110100
1000110101011111
0101101100010100
0100001010110111
0101101011110010
0101001011001110
1100001110100111
0010000111000111
1001111001001100
0111100000000010
1111111110100010
1100110101111101
1101101000110001
1110101001110100
0111100010101100
0011000011001100
0000101010001000
1011100111000011
1100110100100011
0111100110111100
0100011111010000
1000100111000011
1110000001000100
1101100011111101
1011011000010110
0000001101011111
1001010011101110
1001000011010001
0101001110100111
1111001010000100
1110110110010101
0111000010100000
1111101010001110
1000110001100110
0010111010011111
0011010110111000
1011101000000110
1001100101001011
0010101001111111
0010001000011100
1111010111111111
0011111101011100
1100011111110111
0011101101000100
1011000111100011
0000001100010110
0101111010101100
0000101010111000
0010101110110000
0110111000001000
0011011101101010
1010000110100000
0101011011100111
1111010000001010
1010111010110111
1110011011000000
0011000001000111
0001011011000001
1110000001110111
0010000110111000
0011000011111101
1110010011110000
0111111111110110
1100110011001001
0001011000011100
1000101011111111
0110001101011001
0000011111000101
1000101110011000
0010100001000011
1100000000100010
0011100100001000
1011000011101011
0100101010000101
1110111101111001
0000011001101100
0100001110101101
1010110010111101
0000100000011100
1011110011000100
0111000110100111
1111111101010000
1010010001001000
1111101100111110
0011100100110001
0010010101110011
0100010100011000
0001111111110111
0101100001010100
1000011011001101
0110111010111110
1100010100110000
1000111000001110
1000101011101011
0010101001100000
1010101111001100
0010011100100110
0000000101010101
1010101010101011
1000001111011000
0111000100010000
1111110010001101
1000110100001111
1000011001000011
1100010100100001
0001001111001100
1000001101110001
0100101100001001
0000011001011110
0010000111011011
0101001101101110
1111010010100111
1000111100011000
1111111010011011
1001011001110010
1100101011001010
1011011101010100
0100111000100111
1010100011011100
1101100010000001
1011101111100011
0111100010010100
1100101010101101
0111111010011010
1111111001001110
1101000011100011
1111011111100001
1101111110000011
1011111100111000
1000000110010010
0100000100110010
0010010100011010
1000100111010011
0000110100010111
0111100101010010
1101010011100011
0100000001101101
1011010000001000
0011001000011101
1101011011110011
1001100001101110
0110101100110000
0001000100111100
0000100100010111
1101010101010110
1101010110100011
0111010001001010
0010111011101110
0001101101011101
1110000111110001
1101110111110000
0101110100111000
1111111001000001
0011111111001001
1000101001001100
1011001010100111
0101001010011010
0101110000001101
1101001110111001
1010001000101110
1000001101011001
1000101100100110
1110100100000111
0100100101010101
1111100101101001
0100110111101111
0000100001000110
0011110000111111
0011000001100101
1110010000011101
0101111000101110
1101011111101011
0110000000111101
1001011110101000
1011010100010101
1011001010111001
0010101011000110
1111010111111001
0001110111000111
0100001010000011
1111011010110101
0111010011110000
1110010001101000
1100110111010010
1100101110100101
0010010101011111
0010110001010100
0011011100001101
1101001101101011
1000111010110111
0101100010000011
0101011101000101
1011101110010011
0010001011110111
1111011010110001
1111111110010010
0001100010011110
0000000011110001
0010110110100011
0010000111010010
0111110010110111
0000010001011011
0000001001011000
1110111110001101
0110001000101101
0010101011111100
1111101100010000
1011001101001110
1001110100101010
1010101001011101
0011010110101011
0001111010011111
0110010100101001
0010011111100111
0011000100000101
0111001100101111
1000101010001011
0000111000101100
1000101100111010
0101000101000001
0000101101000111
1110110011001111
1100011011011110
1011000100010010
1010011001000010
1100111101100110
0101010000000010
0010100010110011
0001001100110011
1100101110011111
0010001100101000
1101001110111001
1001010101111110
0000100111111000
0110100111110010
1111010010100010
1110011111011000
1010111110111001
0101110111011000
0110000110010110
0001111111101110
1100001011110011
1101010000110001
0111011101101111
1011100111110101
0100101000101110
0001000110000001
1010100100011111
1111010001111011
0010011011100010
0111011010101011
0100100011001101
1010000101110110
0110100101100010
0111111010010100
1100010101001010
1101100010110110
0110111000010101
0101011000000101
1001101000100110
1001110011011011
0101110000010101
0100100011110010
0101100011010110
0011101100001010
1010001110110001
1111101111011011
1100111001010110
0001111010111011
0110110101101111
1011101100101110
1010101000110100
0111010111100010
0000111011000110
0100110001110110
1100011111000110
0101100010111011
0100100110101001
0011110100010101
1001000111111110
1110101101000111
0110010111100111
1000011111110001
0111101100000000
0011000011101011
0000101101110110
0011100111100000
1001000101010110
1011110011000011
1111001100010110
1110011101101001
1111100110110110
0001000010000001
0001100010010010
0110110011001010
1010110101011101
1111011111101101
0101011101101000
0111000011110001
1010101010110101
0011001001100111
0001000011000001
0000101100010100
1100001110100001
0101101011011110
0101111100100100
0011110101110001
1100010010101110
0100010010011101
0001100111000011
0011010011001110
1010111100001111
1010001001001000
0110010110100100
1101011001110000
0000011001100101
1011011101000111
1000001001000101
0011000010101011
1011011000100000
1001010111011001
1110101010011011
1100000001110100
1011100110101110
1000001100100010
1110000011001101
0011000110001110
1110011100011100
0111000110110100
1001111101001011
0100100011111111
1101001101110011
1001011111010011
1001011010010110
0110011000101011
0001011100101100
1011101111010100
0101100001010101
1101101100010011
0001001110001110
1010101101011000
0110101100101111
0101101101001000
0101011100011100
0001001000001010
0000011011110000
0001100011100111
1010101000101100
1100101011100001
1100110111011101
1001001011000001
1111100000110001
1000101110110011
0111110011101110
0001101011101101
0010000010110001
0110111110110010
0000111000110100
0100010100101101
0011010100010010
1111100101000111
0110111001010111
0100011011011010
0110000011110001
1100011110111001
0110111000100010
1010110101110111
1110010110101011
0110001110101000
0100001111010111
0001000010111100
1001000111100001
1001101001001010
0101001001000101
1101101111010110
0010101001010000
1001110010100010
0101101010010000
1110110100011100
0110110010011101
1110010000000011
0010111010001000
0100010011100100
1000001011100101
1001111100010011
0110111101100110
0011000110101001
1001000011000100
1110010000000011
1100100001000100
1000001001000001
1101100101010101
0110110010001111
0000100100111111
0010000110100010
1110111000001010
1110001100001111
0101110001000110
1001101101110111
0010001010010011
1001100110010100
1110000001101010
1101110001110101
1000001110011010
0111101111100010
0110111101110101
0110111110111111
0111001101101111
0110101010010010
0101001000100111
1010100110100111
0111100111000001
1101001111001010
0100010110110010
0110010000011111
0100110000011010
0100100000011001
1011101011110001
0110001010010110
1010100000100101
1011010011001101
0010100110010101
1001000000111000
0100101010000111
0011111010010111
1100011000001110
1000001000111100
0111010111000111
1111111100000100
0011110001110010
0000100010100111
1101000111000011
1101111100010000
1000101001011011
0101010000001010
1110000110010100
0001011000010011
0100001111101100
1110010110101101
1001010110001111
1000011111111010
1001010001011101
1110100001000000
1011101000001101
1000001001011110
1001011100000101
0100101101101100
1001101011001100
1110101101100011
0100101011000111
0011100011101110
1111101100100100
1111000111010001
0011110101110110
1111110110100101
1110101001111010
1111001010001110
0111011010100011
1111101101010010
0001101110101000
1101110000001110
1110101000011001
0100101111110001
1111000011010111
0010111000011000
1000100100100011
0111110101000000
0000001101101000
1000110110001010
1010111001001001
0000011101101011
0000011110100110
1110001010111101
0001100010100000
1100001011001111
1001101010101001
0000101001001011
0110000000111110
0111101101100010
0100111111110011
1100011110101101
1000000010100111
1011101100111011
0101110111111001
1000110101010001
0011100101000110
1101000110000111
1011011000010101
0010100010011110
1010010000000010
0010001011110000
0100111000010000
1010011000101101
1001100101111101
1001110100111010
0100100010011100
1000001000010111
0000010110100100
0110001000101011
0101011110110110
1011100001110101
0010000101001000
1001100100000110
0011110100010111
1011011101100001
0101000101000111
0010010110011010
1000001010011111
0011001011010100
1111011111100001
0110001001100010
1100110000000001
0010111010000010
1001111111101110
1101110110010011
1000110011001100
0110010101100100
0110111100101110
0001011011101011
0111001010110010
0010110010111011
1111001011110010
1000100000111010
1100111001001011
1111000011010110
0000000011010111
0111010010111001
1101010100101000
1100001001001100
1101000101011110
1010010111111100
0000111011110000
1110101011101010
0100101011100100
0111111011101010
1010110010110100
0010000100101001
1000111100000000
0011111100001110
0010110000101011
0110000011110100
0110110010010100
0111110001100010
0001011000111100
0111000000110100
0100011101111100
1000101000101111
1010101010011000
1011100000001000
1011011010111011
0011100001110001
0011011001010100
0000011001110001
1101111011011010
0101111001111100
0000001100100110
0000001001110110
0100100011000111
0001000010110110
1100011001001001
0100100100000110
0001111001100000
1000111111011111
1100110111110011
1011010111101011
0011001110010001
0010000000010100
0011001110010010
0100111101111101
0001011110111111
1111101101010111
1000001100101110
0100111101100110
1110110110000010
1110011000010010
0100001001001100
1010110010001000
0100110010101101
0110110101000101
1101101111111011
0100010110001110
0101110110101111
0011111000110001
1000110011110101
1110000011110111
0100111110001111
1011010110010111
0010010011000000
0010100101100010
0010110001110111
1010010111101110
1000010110010010
1000100100011011
1010000111101011
1001111111101000
0000101110001000
0101001110101010
1101001000011110
1000001000010010
1111000010000010
1101011011111000
0101000001001101
0010001010111000
1100001000000110
0001111110110100
0110110111011011
0111001101001100
0000111001100111
1010110101110110
1001011010001111
1000000010011000
0110110110101100
0111001000111100
0110100000001100
0011011101011000
1001001101100111
1110111010100010
1001010010110011
0110111000111000
0000000111100010
0010110110110110
1011010100101100
0110110011000110
1100011101001101
0111001100010010
0111110011001010
1101000101110011
0110110000101111
1000010001100100
0011111010010011
1100100110011110
1101100001100011
0101010011010010
1001100111111110
0000001101101001
0111001110001000
1110010000000110
0111101001111101
0001110111110101
0111000111111111
0111001001100001
0100101000100101
1100110100100011
1001001110001110
1110100000010001
1001100111000001
0100010101001110
1010111101001111
0110011010001100
1111101011111001
1110101001010000
1010111111000111
0000101111000100
0011010111001110
1010111110110111
1000011010010000
0100110111010010
1110100101011111
1001110110111111
0101010010110100
1100111111101110
0101001010001101
0100000000001101
1011011001000101
0101001100101011
1110010110010100
1000000110011101
0101010101001001
0100110001000011
1100000110110110
0000010111010111
0000110100011110
0000101011010110
0000000110001111
0100111011001001
1101111100010110
0010111110010001
0101001100101010
0100111111001111
1101011010001001
1110110001111001
0100101010011110
0001100110101000
0000110100011111
0000000011111111
0111000001001111
1101011011010110
0010111011011110
0100111100001010
0111001001001110
1000011101010100
1000001000110011
0001100111011010
1010000011110111
1011110110011101
1000100111100110
0111111000000001
0001000101001101
1110100110010000
1001001101010101
1111100101011011
0011111111111001
1110110100101000
1100010110001010
0001001010001110
1101001110001100
0000001000010101
1010110010000110
0010111110010111
0000110111110101
1110010101101101
1010000110010011
1100110111110110
0100011101011000
0111110001100011
0000111001110011
0000001100101010
1101110100010101
0110001110110101
0011010101110011
1010001111000010
1110111010000010
0101100101001100
1101011111100101
1000010000010101
1101001001011000
1100111000110101
1000000111001011
0001111101100111
0101011110010010
0111000101010101
1111010111100011
1011010111101110
0000010010110100
0111110100101000
0100110011101000
0110100010111010
0001011101100110
1000011001110111
0000100010001001
1111110001001010
0000101110011000
1001001011001001
1011111011110101
1111010110010011
0111010010000110
0100110001010001
1010001110011101
0100110001110101
0111000010010111
1111011000010101
0101101110101000
1000110111111000
0101011001011111
0001110011100001
1001100100111000
0000000101101000
1010101011001011
1100000101100110
1101010000011001
0100101100011001
0111101100001000
0111110101110010
1101010110001110
0001000010101011
0100010010001110
0111011011001001
0010110101000010
1011100000110010
0111111111100010
0100011000110101
0101110110001001
1001001101110111
1110000010001110
0101001010010100
0110010100101101
0010111010010010
1111010010000001
1101000001101111
0111110110111001
0000010001011100
1100101000111000
0101100000111111
0101011110100001
0100100001100010
1010111111011001
0101111110101110
1100100101010110
1000110100000000
0101001011100000
1101100100111011
1001001110111011
0001110110000101
0111110001111111
0101100010011011
0101101011001101
1001111000010000
0101101000110010
0010011000101001
1110011100100111
0001101010111010
0011110001000001
1101000110001110
1010000111100011
0100001111110110
1101100010000010
0000100000000000
0011111011000010
1100010011100100
1010110011100100
1110000010110100
0110011010011011
1111010100010001
0110101111101000
0100101001011001
1101001100100110
1100001100011011
0000010100100111
0000101011001110
1011111000010101
0000100010001100
0011111100000011
0110101100000100
1110001101010111
0101011001100010
0110011011001001
0001010011001000
1011101101000011
1011111110000001
0011001110100010
1100001100011111
0101110100100010
0101000000010010
1011110011000000
1000000011100010
0000110001010001
0001111000010000
0000100110010111
1100110010010001
0000100011000110
0000000100111001
1100010010001001
1110100111111111
1111100011100111
1001001011110110
0011000111001010
1100011001100100
1101100100001111
0100111010100111
1101111100010001
1111001100011100
0100011110010100
1111111001000001
1001101010111000
1011000101010101
1111000110000010
0001001001000111
0000001010100100
1100010010001111
1100100111111100
0001011100011101
0000010101001010
0111001110000001
0101000011100111
0010101101101010
0101101100100010
1111111100011000
0010000011101101
1111001100010101
1110101010001110
1101111100011111
0010000010010000
0010010000000000
0110001101011101
1010001110110100
1010110010011010
1010110111010010
1001111010011100
0000001101000101
1001111111100101
0110111000111000
1100110111100011
1011111001101100
0010110110111110
1110101000010000
0010011111100000
0101111110011110
1110100010001100
1011100100101001
1111100011010010
0100111101110111
0001010001010000
1101011011110010
1111101001000011
1011010110101001
0100110001001010
1101101101000110
0000010111000100
1011000011100101
0100001100010110
1111110001100110
0110000110100100
1111010111100110
0001010111100010
1110000110111011
1011010101010010
0010111110101110
1110100100110100
1111010000010000
0110011010111111
0000010010001000
1011011111101001
0000101101110111
1001110001111101
0101111011000101
1101100001110010
0101011101001110
0010100110011000
1011111010000000
1100100000010100
1110010000010101
0010100110101111
0001010000011001
1011010011011000
0011111111001111
0000010001100010
0100100000011111
0001010101111101
0110100001000001
0111010100100100
0110101100011011
1011110000111000
0111001110101110
0000011100001111
1010011000000110
1101011000111100
0110100101011011
0010100011010010
0000010110001011
0101001100000100
1110010000100100
1000111010011011
0000001001111001
1101001111110110
0110010101000000
1101111011101110
1001011000000100
1101000000100000
0010011101010110
0100111101101000
0000100100000001
0101110010001000
1100110011111010
1000100100110010
1010110010111010
1010101001111010
1111101001111110
0000010100010111
0011010000110001
1101011011000010
1001100110010001
1011111100001000
0110000000101101
0101110011010000
0101101100101100
1111011011000010
1110001110011110
0100100001011101
1100000000011010
1110001000010001
0001000010100110
0011110101111000
1110111110001010
0101010110000110
0110001100011001
0111100010100101
1001000101000100
0000110101011011
0011010101101011
1100100101110100
0110100001010010
0000110010110111
0111011110101110
1010101000110000
1110000000100010
0000011000011010
0101100100011011
0110010010011010
1100010000000001
1101001101000110
0110000011101110
0101110010110111
0111011000011001
1101110000011011
1011010000100101
0000101110111001
0100000110001101
1110000100001100
0110010101100011
0010101100100110
0111011011101110
0000010010011011
0000111011000100
1001111100101101
0100110001111001
1111100011001010
0000000100111110
0111010111010100
1101000101010110
1010011000111000
1110101101100101
1000010100110000
0001100111111010
0000010111010110
0101000101010001
0101001101100101
1110111101111000
1100100001010001
1111100110101010
1000111110100111
0100001001000011
1010000000101011
1100110100000001
1101010011011100
1110101101011100
1100000111101001
0111001101101001
0100011100010100
0110000110110000
1100111010000100
0011100000101110
1011110100111011
1100100100010011
0000001101001101
1101100001101101
1101101000110000
0111111011110001
1001101011110110
1001100011001101
1011001011011000
1100100101110100
0100010111111110
1001100011101000
0011010101011110
1101101011110101
0100100001001010
0101000001100110
0000101111101110
1101101000100001
0101001011000010
0011111010100001
1000000011011010
1101111100011110
0001101111100011
0000011010100011
0011011100011110
0111100010100010
0100011111011000
1100001011001010
1101000101010000
1001011110000110
0110000111001111
1100010110010010
1001000101111010
0110010110010110
1111110001100010
1101010100010011
1111001110111101
1111001010001011
1100110001000001
1011111011010000
0100000111110101
1000111001111000
0111011011000010
1010111010110111
1101011000000011
1100001111001001
1101000000101000
0011011101100101
0111101110100110
1100101111110100
1100111001110001
0111100110011110
1110000001001001
1101111100011111
0010010100110001
0101001111101010
1111110011111110
1101010000100101
0011011011111111
0000001011100111
1010100111101010
1111000111101000
1011110010101100
0010110010001111
0100011110001011
1011100011011100
1111000011111111
1111110010100010
0000010000001111
0001100011011111
1100100011010101
0011110111011100
0011110001001100
1110010000001111
0101000101101110
0000001001010111
1001001101001110
1001010000111001
0001011000100010
1101001010001111
0100110100101011
1000101010011110
0100000110010000
1000100000100110
1110111000110010
1001000111000110
0101001001110110
1011101000100010
0101011111111000
0110110011011101
1011010111101000
0010111111000100
0000001110110010
1100011011100001
1010011101100101
1010001011101110
0010000010000001
0101110010100010
0100000100111011
0001101011010010
1010111010110011
1010000110111011
0100011010010100
0000111101010100
0010100111100010
0111000111011101
1000000111110101
0001110010101100
1101100000000001
0101110010110110
1111001111111011
1011110010010000
0001111110001111
1111111110011010
0010110101111000
1111101011111100
0101011001101100
1011100010010011
1101000011001011
1110000100010101
1110110001100100
0001101110110001
1111010010101001
1010010100000110
1101011100101100
1010011001011100
0010111010110000
1001101111000100
1110110101010100
1001111110100110
0110100011100000
0110011001101110
1101101100110000
0111111100111101
1000010101000100
0101001011010010
0001011111001101
0011011100011110
1110001011110010
0101100011010101
0011001001101101
0001001001001101
1001101110000111
1011001011010000
0110111010001000
0001110010011101
1110001110011011
1101001011001011
0001010110100110
0110110001000111
0011000010111011
1001001111000000
0111010011100101
1100111000101100
0100100011100101
0000100011100000
0111101100111000
1010010011110001
0100000001001111
1010001010000011
0010010111011001
0111100001001000
0100000111001011
0010101010010101
0100110111011111
1100000100111101
0000110000110001
0011101011111100
0011011010110000
1111111001101010
0011110100000001
1011111111100111
1011000110101001
0011001011010111
1001111110101001
0101001111100111
0010011100000101
0100010001100000
1101011110110100
1101001111000010
1001101011100011
1110011011011100
1011010100111010
1101110100111111
0110101011111011
1111001011000110
1011101111001110
1110111001110011
0111111110010100
1111111000010011
0101000011000000
1101011001110101
0110100101010100
1110111100000001
1110000010111010
1100101111110111
0101100000110110
0100000010101111
1111001101010110
0101011110010000
0011000000011000
1100010101010010
1000010110101000
1101100100101111
1001001000111001
0010101011001110
1100110111010100
1001010101100011
1001000110010100
0011101000011110
0010101001111010
0010000010111011
1111011010011001
0011001111001111
0100000110011001
0011110101011010
0110001000000111
1001000000111001
0000000101110000
0011001101111001
1001001111011111
1001101001111111
0010111001111010
0000010001110101
0100011110100000
1111010110010001
0100010000010110
0100101010110111
0111110000110000
0110000011111111
0000011110110111
0011100111111010
0101010110000110
1001111101110001
1101100000111111
0111001000000100
0000110001101000
1100111010011011
0001010111010010
1101101111100101
1100101111010001
1000000110000011
1011001110000110
1010001111011100
0110111100001011
0000010011000010
1011110011110100
0000101101001001
0010011111100001
0111011101000001
1001110101111010
1001110110001011
1001101001110000
0101010100110111
1010101110010101
0011100101010000
0000010100010111
0010111011111010
1100011101010011
1011000100010010
1110110101010110
0011000010010100
1010010011011110
0110110101101110
0000110100011100
0000001000111000
1011000111100001
1001100010010000
1001101010100100
1011100000000110
1010011011000111
1000000011110011
1100100000111110
1011010001000010
0101010011011101
1101011110110010
1000000001011000
1110001111111101
0011000011011001
0101001011101001
1001011101110010
1101000110001010
0100110111000010
0101111110110010
1101100010000011
1001010111110101
0111000101111011
0001010010111100
1110011001111110
0111000001010000
0011000110110011
1000100110011101
0000010100011111
1110101110010111
1001000000010111
0010000000100010
1110010100111101
1010111101010101
1010101111100010
1101111101000011
0010011010010110
0111001110001100
1010010011100110
0000101111011001
0111110010010110
0111111101111001
0011111111010010
0100000000000011
0101000100110101
0101000010010100
0110010011011001
1010101011000011
1011001111001100
0000110100011001
0001110010000001
1110000101011010
0101010000110000
0111100010000101
1010101101111111
1111101000110110
1101100000000010
1010111001100110
1110011110101011
1101000000011110
1101111110101111
0100000111100111
1010111110000010
0110100001101100
0011001010001000
1011100000110111
1101011011111011
0110101000010010
0101100001001101
0011011111111100
1001100100100101
0011010101011100
1011100110001101
0111010011011110
1110111000111110
0000110111100010
0100100001010100
1101101010001111
0010000100100010
1011000001011010
1010010100100000
0001110111011100
0100011001010100
0100111010100011
0001110111010100
1101101110110001
0100000000001000
0101010001011010
1010101010000111
0100011000110111
1001110100101001
1010111101000000
1011001110000000
1100011011000000
1111001011010011
1101001110101101
0011010110100101
1100001010000000
1010010110100111
1011001111001001
0110101100101100
0000110111100000
0111011111110101
0000111100001111
0100100011011010
0011010000101001
1110010011101011
0100011111001010
1101111110001000
1111100110001110
0111100101001011
1110011001010100
1101100010000111
0110010001001110
0011110010100100
1001100111100101
1011111101110011
1000001100010001
1100010011000000
1100001101011010
0000001001111010
0100000110000111
0010110000001001
0010111011101110
1011010111101110
0111100010110110
1110000110111000
0001000011010010
0110111101010111
0001101010110000
0000000100010010
1011101011001001
1011100001000001
0001000010000011
0101011100101101
1000011010110101
1111111001110100
0101101101111110
0011110101101100
0111111000000110
0010101011010000
1011000001110001
0101110110101110
0111101001011101
0011111101110110
0000011010001001
1011010000100111
1010110101011111
0101011011101101
0000000001001101
1110000101010101
0100001010010011
0000111001100010
1000010010101001
1001110010001101
0011000101001010
0010001010100101
1010110001111101
0011111011011110
1011011101000100
0001101110100000
0000100100110000
1001101110101011
1001011000101100
1100100110011001
1101111000001100
0001110001000110
0111001101111000
1000110000111110
1001111000000111
0010011101101011
0111010110010101
1000110010011111
0001100000100100
1110001011001000
1100101100001101
0111110111100000
1111011001000111
1010011111010111
0001100111000100
0010101100001110
1100011010010000
1010111001101111
0011110100010011
1000100010111011
0100101010011010
0000010100010011
0001111010000000
0000000111101010
0111000011100101
0000100101111010
0100100011001111
0001101111011010
0100010100111000
0000001001101111
1000000000010011
0101111101010100
1001011010001101
1101001000001111
0110111000111111
0100010010100111
1111001001111000
1100000001110011
1001110101001110
1101101101010010
0101010010101010
1101001100100100
1000110110111100
1101001011010101
0001101110011110
1000001100111101
0011110011011011
0010101111110000
0111001011110100
0011001001100101
1000110110001010
1010110000010001
0010010111110110
0011110000110000
0001010010011111
1100110010001001
0100110111001101
1110010101110101
1101100010100111
1110000101001101
1000110010101111
0111010101010010
0111111100000101
0011010110101001
1100101100001101
1111101110011000
1010101011101111
1001010110110010
1101101011101101
1010100000001000
1000010110101000
0000000001111100
0110100001101010
1110011101110101
1000100010101100
0110101011001101
1111110111001111
0001100011111010
1000100010011010
0001110010110101
0100011111000111
0011111100101011
1000001011011101
1101001111100101
0101011111111000
0101101110111101
0100000010010111
1111101010110100
1000100110101000
0010011001111111
0110101111101010
1110100101101111
1111001101100110
1010001010101000
1111010001101111
0000010001111110
0000000010011111
0011011001001000
0110001111101001
1111001010011010
1011110001101111
0100110011000001
0010101100110010
1001110011010010
1011011010011011
0011000001001100
0111110000001111
1000001010100110
0000111011111100
1111100100111000
1101011100000111
1000010100011101
0000011001101001
1101000010111111
1000001010000001
0010100110011011
0010100001100001
0110100010010000
0111001101001111
1011101001000001
0011100000000010
1000110110011101
1000000010011001
1010000010100010
1110100010000110
0101010011111100
0111011001101000
0110001100000001
0001111000011100
1001100100011110
0000101100010110
1001110110100011
1011011011001011
1111101011001001
1001011100000001
0111110110001010
0101111001000101
1100001001001011
1001100010110011
0011110101101001
0001010001101001
0000110000100011
0111111111011011
1101000111000101
0111101010101111
1100000000101111
1100110111101000
1000000000000011
0110011000100001
0110001110101111
0000001101001100
1111111011011010
0100010010100001
1101011011000010
1000000001110011
1101110110100010
0111111011010110
0111101001110011
0101110100101001
1100111110000110
1101011101001001
0001000001100010
1011100011101101
1111100100110011
1101001100010010
1101011010100101
1000101001100110
1101100000111001
1011001110010011
1011110101101011
1000100110101101
0000000111010101
0111101001011101
1011100001110100
1110010110100000
0100100110000001
1010010100100001
1101101010111000
0010000011000001
1010110100010000
1011011111100000
0010101000111001
0011001100011101
1010101010001101
1010111001000111
1111101101101100
1001110101101011
1001011001001111
0010011011010100
0001100000000111
1000100000000110
1010100101001101
0001000011111011
1010001100001110
1100011100000100
0001010010110000
1101010010011110
0100011001000001
1100000001101000
0111001101010111
1111111101101110
1001010110001111
1010110101100101
0000001111000000
0101010110011111
0100010101101100
0111011011100100
1100000100100000
0001001011101010
1110011100000101
1111010111111001
1001001001110110
1110111011000010
1110110110000110
1000100100101010
0011111100010001
1010111000111101
0110000010010011
1000111100110110
1001001100000010
1000011011110110
1011101111110000
0101010010000000
0001011001011100
0001110111001010
1001101001110000
1011110110110110
0111011110001010
1111000000110110
1110001011000001
1100000010000101
0010011001111100
1001100101001110
1001110010100111
0010100000011101
0000001110010011
1110000111100001
1001001110000001
0011011110110100
1001000100111001
0011011011010011
0100100101000000
1111010100001110
0101101101010010
0101010100011110
0001111010000100
0010001001010111
0100111011000101
1001001110010100
1101010000001000
1111100100100011
0110110000000101
1101111111001101
0010111000001011
0001000011110010
1101100010011100
0111000111001000
1100101100001101
0111000001111110
1001001010101000
1100100010101011
1011101100100111
0000010011010110
0011100101011101
0100001000000101
1101001010101010
1111110111111101
1100011100101110
0110000011101010
1010101000000101
1100101000111100
0011000111100000
1001010101110100
1010010110001010
0110011101000001
1101111100011000
1100100001011010
1101000101001100
1111000000101100
0000111111111111
0100000111110001
0010101001010010
0011101111110100
1111010101011101
0010101110010110
1001110000110110
0011010010010111
0010000010011100
1110101101100111
0000100000111000
0111011000001001
0000001111001001
1010011011000001
0100101001101011
1110010011001000
0101110101001100
0010011001001001
1010011110110010
1001111011100111
0001111111010001
0100001001010100
1110001011110100
0111001110100100
0101000110011101
1100010000100110
0011000111001111
1010000000010110
0011000101110001
0010010100100010
0100101111100000
0110010011100100
0100100101000011
1110000100100101
1000001010010010
0110000100101001
0010111010110101
0111000010001001
0110111100000010
0111100001100100
1101001110001111
0110001011100110
0011100110101000
1011110101010000
0110001101011000
0010001001001011
1110000100000111
0010001000000001
1001011010001011
0001100101101101
1101101010110101
0101001101000000
0010101110111110
0101111010011101
0011000011001011
1110001010000100
1010110010100110
1101011111101001
1000010010001111
0000100101100011
0111111111000001
1000011000110111
0011100100001011
0011000001001100
0000101011000111
0010000011111111
1110000111100100
1111011101100011
1110011101100110
1011110000010011
0101011011000000
1100100010000111
0011000000100101
1101001001001101
0010101100011110
1100000010111100
1010101000100111
1100001010101010
1010011001101111
1000011001110011
0011110000010101
1011010001001110
0111111000100001
1011010001110000
0001111000101010
0010110111010110
1100010011001100
0110000110110010
1101111110001011
1111100010110000
1001100000000011
0010110000111111
0010100000011100
0101100101110111
0111110101010001
0000011100100001
0010011010011100
0100101110110110
1001101001001010
1010011100011011
0100110001110010
1111110010001000
1010011111011001
1100000000100010
1101101110110001
1101100000001011
0011100110011100
1000100110111000
1010111001001100
1011010010101011
0001010011010011
1000000001000000
0010010000100101
0001101001101110
1101111001100101
0110001001101011
0010110110100110
0010111000010100
0000110010101111
0011000111011001
1101100100110100
0101111111011100
0001010101100011
0010111011110010
0010010100100000
0101101000010110
1111011100010111
0001001010011101
0000001010111000
1011001101010001
1110100011111010
1100011100110000
0110001110001010
1010000111100110
1011010001001111
0001111001110011
0111000001111110
0101111001001110
0001101110111000
1110001111001101
1011100011110010
1110101111111110
0000100000000111
1000001010101001
1001110100101100
1011010000101010
0001110100101000
0110100101011110
1000110100110010
1001011110011000
1101110101110001
0000001101011001
0011100111010111
0110100100100000
0000111101000000
0100000001110111
1100110111100110
1010000000110101
1111010011010111
1111111000000110
0011011110110010
1100010010100011
1111100001100001
1001100011001011
0011011000111111
1001011011000110
0100011101100101
1010011100111010
0110000111011010
0100100101101111
1000100111101010
1100010110001000
0001110000100111
0010111111110011
0001001101111101
0010010111011000
0111001110100011
1110111101001100
0110100100111111
1001001110100000
0011010000010001
0110011100001110
0001001101110101
0100001100000110
0101011000011101
0110101001100100
1110100111010011
1010001110101111
1111111101101011
0010110101011101
1011100110001100
0100001000101001
1101100111010110
1001110101111010
0111111100111011
1011101011011100
0100110010111111
0011000011101011
1111111110010010
0011011101101010
0011100100110110
1011000100100111
0111000101000111
1100110100010110
1110101100101100
0001000100011110
0110100101000101
1010001010101000
0101101101010000
0101011011000110
1101010010100011
1111100101110101
0110001001111100
1111000001111110
1110000010010010
0011011110011101
1100111011111100
1101010101111001
0001001001110100
0100111011101110
1010001000110100
1001001010001000
0000011111010111
1000100110000001
1100101011011001
1000000110010111
0101110010100101
1011000011110111
1100011010101101
1100011011101001
0000001001111111
1001101001101110
0101100101110001
1010110011100011
1001111110101000
0100011110110001
1000110011110110
0101001101010011
1100001010100000
1011011110011000
0010111011001111
1110110000111001
1001111101001101
1110111110111011
0010001101110000
Time = 58.512s
