n = 13, k = 5, l = 3, m = 686
Expect Resample Times = 0.368082
Result:
0111001000110
0110001010010
0010100111011
1101110010001
1110110001110
1000111010011
0010011111010
0011000100011
0111100001011
1101111101011
0001011011111
1001101001011
1010111011011
0101001101101
0010100010010
0011001011010
1010010010101
0100011100010
1110111010000
1110111110011
1110100011001
0101110001101
1101010011101
0001010001101
0000100110100
1010101100111
1101001111111
1110100011100
1000111111010
1011011001110
0111011001111
0000000101011
1110011101011
1101110100111
0100110110111
1110111000111
1101100111011
1111110011011
1010001010011
1110001100010
1011000010111
0011111000100
1111100101101
1010111000111
0110011110001
1100101100101
0100110010100
1001110100010
1001111111110
1001000100110
1011001001001
0010101010100
1110000100110
1101111111101
1110001000111
1010100011010
1100010100101
1111000011110
1111111010101
1101101010001
0001100011110
1110011001001
1001111001110
0110101101100
1110111011011
0011010100010
0100000010010
1101001010010
0100011101101
0001011101010
0001011011001
1100000000110
1011010111110
0101110100101
0110001101010
0000010101001
0000110100101
1010100101110
0011101011101
0010000101011
1111000010001
1010100101111
0101011010101
1010111101101
1011110100000
1110111001100
1010010011100
1001000001101
1010100000111
0101001111010
0111111100110
0000000011110
0010011011011
1111000101111
1101100011110
0000101110111
1000111110110
1110000000010
0110000101011
0110010111000
0010001010000
1110110000111
1110101111101
0100011010101
0101100010101
1001000100001
0000101011111
1011000010010
1101111110011
1001001101000
0101111010110
0010000111001
0100011111111
1101100010100
1001100111111
0011010010100
0001011010100
0101011001110
0110011100010
0000111001000
1100000011010
0000111011101
0100010001000
1010101101001
1001000100001
0010000101000
1010110100110
1010011010011
1010110111110
0110011000000
1110000110001
1011010101110
0101010010010
0100010111111
0101110100101
1011110101011
0100011100101
0111110011000
1110010101100
1110110000001
0101110101100
0010101010100
1110111010011
1110001011011
0110010011100
1100011110111
0100100101011
0010110010100
1001101001010
0101100101000
0101100010111
0111011010111
0010111110000
0101001100110
1000010100000
0011010101110
1011100010010
1001001000101
0100010110010
1110110100101
0100000111001
1111111101100
1101010100000
0000111111110
1111001111011
1110111101011
0111101111001
1101111000111
1101010010111
1001110011100
0110110010111
1011111010001
0001100001100
1010011101110
0001001111101
1101011100111
1100111110010
0011010110101
1010100001100
0001101111010
1010100110100
1110101100011
1000100100010
0000001010010
0101011000101
0011110101011
0110111101101
1000000110001
0011010011111
0111110101010
1001101101011
0111111001000
1101011000000
0101110011010
1101001101010
1101011111111
1000100010001
1011001100101
1110000001111
0111100101111
1110011010100
1100000001111
1111000100011
1111110111001
0001001101010
0100001000110
0010111101010
1011001001100
1110011111001
1010110001000
0100000011010
0011110000010
0001100011111
1110010110100
1000100101100
1110110011000
0000111110000
1110011011110
1100001011101
1110001110010
1010101101011
1101111011011
1001001111111
0010101001001
1011100110000
1101100110010
0001110011111
0101011011110
0110100110010
1010101001011
0100000100100
1011101111000
0001001000111
1101111011000
0111101101110
1100001110001
1101111100101
0111011010001
0101110101010
1111110110111
1101110111110
1111101110100
0001111111101
0011110100010
1111011011011
0101111110011
0010001111001
0101110111111
0001101011011
1101111000011
1101111101110
1110011001110
0100000010100
0000000100111
0100111100001
1011100000101
0000101010111
0101101001001
0110000000001
1100111010110
0001111011000
1110100100001
0000010011110
1010101110000
1001001000101
1111100001111
1011010101000
0001111000111
0010000000101
0010110101010
0001100000101
0001100111100
0100010100100
0000100101010
1010001110101
1101010001010
1101000010101
0101011001110
1011111110000
0000101111111
1010101111100
1011101101101
1000110011100
1000111101111
1000110110010
1111001111000
1101101000100
1000000010111
1011000110010
0100100111001
1100110110111
0011101011011
0010010101001
0101010110110
1111000010110
0010111110100
1111011010100
0011111110110
1000000011001
1011111110100
1111111011100
1010110000101
1010100100110
1100011001011
1000010100100
1011000010000
0011100110000
1100110101111
1100001000011
0111000111101
1100011100001
1111010000011
1101011101001
1000011000100
0110110000110
1101010110011
0011111100011
1010110001110
1000100000101
1001111111100
1001010111110
0111110000101
0111001010110
1000100100001
0010101111110
1110100101000
1111110100101
1011001000110
1000010111011
0001010010000
1101101110010
0110110100111
0100000011000
0011011111000
0101101101110
1000010011010
1100010110001
1011110110010
1011001011010
0101101000001
0100010100100
1000010001110
0001101000111
1111101001111
0001011111011
0111001100100
0101111001110
0111011001001
0000101011100
1111001101001
1000111010101
0101000101100
0110100101101
1001100010111
0000001100011
0001001010000
0011101010101
0000110100101
0110100000000
0111011000000
1000000001010
1011101110101
0010101100011
1010001100000
1101001111000
0111100010110
1110100000100
1111110001001
1001111111001
0010100100000
0010001001101
1110011111010
0011110110110
0000010010101
0111000110110
1110010000111
0010110111101
0101011001111
1111000001101
1001111011000
0101001111010
0111011011001
1111101010101
1000000110001
0101100110100
1111010100011
0101100010011
1010110000011
1110011100100
0000101111000
1110101010101
1010000011001
1100000111101
1101001011100
1111010110011
1100000100111
0001000010001
0101101000011
0111010110110
1100100011010
1001111101010
1001101000001
0001111110111
1000010101010
0101010010110
0100011010011
0101010111001
1011010000111
0111000111000
1000111101000
1100100111110
1111100101001
0001100101101
1111001001111
0000110011011
0111011100011
0111111111111
0011010001110
0011111111010
0010110110111
1000110001100
0001101001001
1001101010001
1001101011010
0100011000110
1000001100011
1000011000001
0001111001011
0001010001101
1001000001100
1000000110010
1001000010010
1011001111100
1001100110100
0111100111000
0011111011010
1010110010110
0101001111011
1111001100011
1001000001000
1011101101100
0000100100100
0011001110100
1100001110000
0110111001011
0110001001110
1001011011001
1001110101100
0100111010001
0011000101100
1100110011010
1101001110100
1111000001010
1100000100100
0110000110101
1010101101110
0011001011001
0100001001110
0110010001011
0111000011011
0010111011110
1000110111011
1110110001100
1100101111000
1011001110110
1010010111011
1011010110010
1101111000000
1010001110101
0100111000001
1100111000101
1001010110000
1110011100100
1101011000100
1011111111101
1100011011010
0100010011110
0010011011101
1000100000011
1010011110101
0101000110001
1110111110101
0001001000111
0101011101010
1101000010000
0111011001100
0111010101111
1010010011111
0110111100110
0111010010001
1111111000110
1101011011100
0111011000000
0010010001010
0010110010000
1000011101011
1010011000101
1011000011100
1001000011100
0010001011110
1100011010101
0010110101100
0000000110010
0001110000011
1010100011011
0110110101111
0011000100100
1111010100100
1010101010110
1101100001000
1001100111010
0001100101010
0001001011100
1011100100010
1010110100110
0101101111011
0000011110101
1000101010001
0110001010010
1010110010011
0011010001100
1111010010000
1000101100010
0100100010100
1001010111111
0101111100100
0010100001101
0000100111111
1110001101010
1011000011011
0001010011110
1100110101111
0001011110101
1111101011111
1111011001011
0101011001101
1110000110001
0111010101000
0110010000101
0100001110111
0111011000100
0101001000010
0011101101110
0011011000000
1001010111000
0010111001011
0000000110010
0111010100001
0011000011011
1011110110101
1111010111010
1110000001010
1010101100010
0001011110101
0110100001000
1100101011110
0111001000101
0011101001010
0001000001111
0011111111101
1101100000101
0011110110110
0001111001101
1110011101011
1100110101010
0100101010011
0101100000110
1011111100100
0010101010101
1101100110111
0101100111110
1110011110000
1100100001010
0110100001010
0111111101110
1001101101011
0011101110000
1110111100011
0001111110111
0000011101101
1100001101011
1000010100101
0111010001110
1001111000110
0011010001101
1010010010000
1101101100110
1110101000011
1111001110010
1111110101011
0111110000110
0011011011101
0110000100001
0000011001010
1001101101001
0001111110001
0111110110100
1100111100000
1110101110010
1011001110010
0110011010010
0001010100001
0000100001001
0001011010111
0010100011111
1100000100101
1111000111001
1010000010101
0010000010001
0000010001101
1001110111101
0110110101001
0001011111100
0110111111101
1001001110110
1111010110001
0001100111100
1100110011101
0000111111010
0011000001010
1010110100101
0110101010101
0110001011110
0100001111001
0100111101001
1100001001110
0111110001101
1010101110100
1001111001010
0100110100010
1111001001010
0110100100010
1101100110111
0001101110100
1100101010011
0000110011111
1110000111100
0001110100011
1011111001000
0011001001010
0101100111011
0010000010001
0011101100100
0101100000000
1100110000001
0110100111000
0101110100101
0011101001010
1001110110011
0111110101000
0110001111111
1101100000000
0000111010011
1101010100110
0010000110100
0110111010110
0011111010110
0101101001110
1110011001011
0001011001101
0101000010000
1011000001010
1001101011100
1001000101001
1001001011000
1011011111010
0001101101001
0101001100110
0011111011100
1110101011100
1101001101101
1011111111011
1111010110001
1001010011110
1110111101001
1101011000010
1001101010001
0000101011110
0001101011010
1111011010110
1111111111011
0000010101101
0011100101000
1000101011110
1000110110101
1010001010011
Time = 0.17s
