n = 15, k = 3, l = 12, m = 5369
Expect Resample Times = 0.484815
Result:
101111001111111
110111111110111
111111110111100
111111111100110
011111111100111
111101111110111
001111101111111
111010111110111
111111010111011
111111011111101
111111111110011
111101011111011
111111101110111
111111011011101
111101101110111
111001101111111
111111001011111
111011110011111
111111010111110
011100111111111
101010111111111
111110011111110
111110011111111
101111101011111
111111110111001
110111111111101
110011111011111
110111110111011
110110111111111
001111111101111
110111110111110
011110111011111
111011011101111
011101111111111
101011111101111
111111110101011
111110101111110
111110110111011
111111100011111
110111111110101
111111111110011
110101111101111
111101101111110
111100111101111
111011010111111
111111111111000
111111111001111
111111011111100
110111111101011
111011101110111
111111001111110
111110111011110
111101111111101
111011001111111
111111111110001
001101111111111
110110111110111
111111001110111
101111101110111
110111111101110
001111111111101
111111110111010
111101111111010
011111011111101
101111111011011
111110111110110
111111100111101
111110111001111
101111110011111
110011111011111
111110111011101
111101011110111
101111100111111
110010111111111
111110111111111
111101110111101
110011011111111
110111111111100
111111100111110
111011111111100
111111011011101
011110111111111
111111011111001
111001111111110
110111011111110
111101101111101
101011111111111
111101101101111
010111111111110
111110110111111
110101111111111
111011011011111
101111110111011
111111010111110
111100111111110
110111111011111
110011111101111
110011111111111
011110111111111
111010111111101
101111011110111
111111101110110
111101011111101
111110110111011
111110110111111
011101111011111
111110101011111
011111111111101
110101111111110
111011111111010
111110101101111
111111110100111
101110110111111
111110101110111
111000111111111
111111011110101
111110101101111
111111001110111
011101111101111
101110111111011
111111101110110
111101100111111
111011011110111
101110111101111
111111101110111
111011111111110
111011110111110
111111011010111
011111101111111
111101110111111
111111011111110
111011111110110
111101111111001
011111111011011
110101111111101
111101111111011
110111110101111
111101111111001
111110111010111
101111111111110
111111011111100
111101111110101
110111111101101
111111101011110
111001111110111
101111110111110
110111111111011
111111101100111
001111111111101
111111110111011
101111110011111
111111011101110
111111110111111
111111100111111
110111101111011
110111110011111
110111111111111
011101101111111
110111001111111
111111110110011
100111111111111
111101011110111
111111110010111
110111011111011
111111110111011
101111111101110
111001101111111
110111111100111
001111111101111
110111110110111
101101111111101
111111101111010
111110111011101
111101011111110
110011111101111
111101111111101
011011111111110
111111001111111
111110111110101
101111101011111
110111110111101
111111011010111
111110111101110
101111111011111
110110111101111
001101111111111
110110111111111
101111111110111
111111111111101
110110110111111
111101111110011
101111111100111
111011111110101
111010111111101
111111001111101
111111110110111
011111011011111
001111111111110
011111111111011
011011111110111
101111110111101
110011111111101
111101011111101
111111111111100
011111111011110
111011101110111
010111111111110
011101111111110
111110111010111
111111100111011
101101101111111
011111011111011
111111110001111
111011111100111
111101100111111
111111010011111
101111110111110
110111111110011
011111111110101
111111111100011
111111000111111
110111011111101
111011111100111
011111011111101
101111111011110
110101111110111
111011111101101
110111111101101
110101110111111
111111101001111
101111110111101
111010111011111
101110111111110
111011111110011
111111011111001
111101111110011
111110111011101
110111101111101
111111110111111
011101111111011
111010111111101
110111110011111
011111111111100
111010011111111
110111111111100
111101101111111
110110111111111
111011111110011
111111111011101
110111111110101
011111111101011
110111111111011
111100111101111
011111011011111
101111011110111
010111011111111
001111111110111
111111001111011
101101111111110
011101111011111
101111110110111
111111111110100
101111011111101
010111110111111
111111011111001
011111101011111
101110110111111
111110011111111
111111101111010
111111111011001
011110111011111
101110111111011
110111011011111
111111101110111
101111101101111
011101111111111
110111101111101
111011111110110
111111101110101
011110111011111
111111111011101
111111110110110
010111111111101
111011111110101
010111011111111
101011111111110
001111111011111
011101011111111
110111111101011
111101111110111
111101101111110
110111111111110
101111111001111
011111011111111
111111101101101
111001110111111
111111111111110
111111111111110
011111111110110
011011011111111
011101110111111
110111011110111
111111110111010
110011111110111
111110110111011
110111110110111
111100110111111
101111001111111
110111110111101
110111011111110
110111101011111
101111011111110
111111110111100
110111011110111
000111111111111
101111011111011
111111011011101
110111111011111
110101111110111
111111100110111
001111110111111
111011111111110
011111111111010
111011101111101
111110100111111
101110111111011
111111111011011
110111011111110
111011111010111
110101111111110
010111111111101
101111111011111
101111111011111
010111101111111
011111110111011
111111011010111
111111111101110
110111110111101
101101011111111
110111111100111
111111101101011
111111111100110
110101111111011
111110111110101
111111011111100
011111101111110
111111011110111
111111110110101
111111110101111
111111111101111
111011111101110
111111111000111
111111110011011
111001111011111
111110111111100
111101101111011
111111100111111
111010011111111
010110111111111
011111111111111
100111111111011
110111101111101
110011111111111
111111011110011
111010111011111
111011101111111
111111111011010
111110101111111
100111111111011
000111111111111
110111011111101
111001011111111
111101011111011
111111111011101
111011111101111
111111011011011
011111101101111
111111111111110
111111110111111
111010111111101
011111101111101
111111000111111
101101111111011
110011111111101
111101011111110
011111101111110
011111111101011
111111101101011
111111101111111
101110101111111
101111111111011
011111111011110
111111011110111
111111101011101
111111011111100
001111110111111
011111111011110
111111011011011
010111101111111
111011101011111
011111110110111
001111111111011
111110111001111
111110011101111
010111110111111
111111011110011
110101111111111
111111101011011
110101011111111
001111110111111
111111110101111
011011111011111
111010011111111
111010111011111
111000111111111
101111111111101
111110111111011
011110101111111
110111110011111
101111110101111
111101111111011
101101111111110
111111110111010
110001111111111
111110111001111
111111111101110
111111111100101
111111111010101
101111111111011
111100111011111
011111111101101
111110100111111
111110101101111
110101111101111
011110111101111
101110111101111
101111111111010
111111111111110
010110111111111
101111111111101
111111111110010
110011111111101
111111111100110
110111111111111
111111111011101
111101111101111
111111001111111
101111111001111
101111111101110
111011110101111
101111111010111
111111101111101
110111111010111
100111110111111
110111111110110
110111111011011
111100111111101
110111001111111
111111100111111
111011110111101
111110010111111
111011101110111
111111110101101
110100111111111
111011110011111
111111111111110
101111011111110
010111011111111
111011111110101
110110111111111
101101111111011
111111111111101
011011111011111
110101111111111
111110110111011
110111111110011
011111011110111
111111101101101
111111110101101
101111111111101
111001111101111
111110111001111
111101110111111
111111111011010
111101101111111
011111111011101
111011110111101
111111010110111
101111111010111
101111111101110
111111111111000
111011111101101
101101111111110
011011011111111
111111111110110
111111011011110
101111101111011
111101111011101
011111111111111
110011111111111
110011111111110
011110111111111
101101110111111
110011011111111
110011111011111
111101011110111
111110111111100
111111111010111
101111111101011
111111101011011
011111111101101
101110111101111
111111000111111
001110111111111
111111111001011
101111101111110
010011111111111
110101111101111
111101001111111
111011111111001
001111111111111
111101110111101
110111100111111
011010111111111
111111011111111
101111111111011
111101011110111
111011011110111
111111100111101
111101111011111
111111111101010
101111111111110
111111111010111
110111101111101
111010110111111
100011111111111
100110111111111
100111101111111
111101011111110
011111111110011
111110111011111
111111011101111
111100101111111
111111011010111
101111111111101
111111101100111
111110011111011
101111111101101
111011111011111
111100110111111
101011011111111
011110111111011
110101011111111
101111110011111
111101111011110
110111111001111
111100111111111
111101111111110
110111011111101
110111101011111
111011111101111
111111001110111
101111111111001
111101111101101
101011101111111
101111101110111
011111111110111
111010011111111
111101011111101
101111011111110
111111101100111
111101101111011
111111111111111
111110111101111
101101111101111
101011111101111
110011111111110
011111111011011
011110101111111
111111111010110
111111101110110
111111011110011
111101100111111
111111011111010
111111101111111
111110111111001
111100111011111
110111111111101
011111100111111
111111111111001
110110101111111
101111101111110
110110111011111
111101110101111
111111101110011
111110111110011
010011111111111
110111011011111
111101111111011
011111111111111
111101001111111
110111101111110
111011111110011
110101011111111
110111011110111
111101111111110
111111011110101
111111111111001
111111010111110
101101111111110
001111111110111
111101111101110
110110111111101
111111010111011
101111111011011
111111011011111
111111001110111
101111001111111
101101111111111
010111101111111
111111001111101
010110111111111
111111111111101
111111110111100
111111101111101
111111111011011
111110111101111
111101111111100
011111111011111
111111101111110
011111111111011
111101101101111
011111111111111
111010111011111
011111110101111
111001111111011
110011111101111
110100111111111
111111110101101
111110010111111
110111111110111
011111111111001
111101111111101
101111111011011
110111110101111
111111011111110
011110111101111
111111001110111
011101111111111
111111111101011
111111111010111
011111110111110
110111001111111
111011111110111
111111111001011
011101111110111
101111011111011
111111001111011
111111011110011
011101111101111
111111001111111
111011111111010
101111111110110
111101111110111
010111111101111
111111011001111
111101011111110
011111111110101
111111101011111
111111011111110
111011111110101
101111111110111
101011111111011
010101111111111
111111011110110
111011111110110
111110111101110
110111011111111
101011111111011
011111101111101
101111111110111
111111111011001
111111101011011
111101011110111
011111011111111
111101011111111
111110101111101
011110101111111
110111101111101
110110111110111
110111011110111
100110111111111
111110111111100
111011111100111
101111110111011
110111110111111
111111110111111
111101101111101
101111101110111
111110111111011
110111101111111
010111011111111
101001111111111
111111111111100
101101111111101
111111100110111
111111110110111
101101111111110
111111001011111
011111011110111
111111100110111
101111100111111
110111110111101
111111011011101
110111110111101
111011110111011
010111111111101
100110111111111
011111111101101
111011111011011
111111011011110
101111111101011
011011011111111
011111101111110
011110011111111
011111011101111
111111101100111
011101101111111
111001111011111
110110110111111
001111111111101
110111101110111
110110111011111
110110111111101
101110111111011
111111111100011
111111110011101
110111111110011
110111111101111
111101111001111
110110111111111
110111101111110
011111111100111
101111110011111
111111011110011
111100111011111
111111011011110
010111111011111
111111111101001
101111011111101
010111111101111
100111111111111
111100111101111
110011111011111
111110101111110
111101110111111
011111111111111
101111101011111
111011101111111
101011011111111
011111111001111
111111111111011
111111111100110
111111111110001
101011111110111
111110110111101
111111110111100
111110011111011
111110111001111
111111110111010
011111001111111
111111110110101
111110101111101
111101011111011
011110111111110
111011111110110
111111010111011
011011111111011
011111111111001
101111111111101
111101111010111
011111111111110
101011111101111
111011110111111
011100111111111
111110101111110
011101111101111
111111111111010
101011101111111
110111111111010
101110111110111
001111111111011
111011110011111
111101011111101
111101111101101
111010111111011
111111101111100
111101101111101
001111101111111
111111111011011
111111010111011
111111111111011
111111001111101
111111111011111
111110101111110
111111111111100
111111111001111
111101111011101
101101111111111
011111111111100
101111111011011
111111111010110
110111111101111
101011111101111
101111011111110
111111111011111
111110011111110
110111111100111
111011111011011
101111110111101
101111110111110
111111111110101
111111101101011
011011101111111
111010111111011
011011111011111
010111110111111
111111100111110
100111111111101
111111111101111
011011110111111
101110110111111
111110111101011
111011110110111
101110111111110
001101111111111
110111110111101
010111111101111
111101011111011
111100111111101
111101111101101
111111101111111
101111111101110
111111001011111
101110111110111
110110111111011
111101011111101
111011111110101
101100111111111
111111111110011
101111011111111
111111111110001
101111111111101
111101101101111
110111011111011
010111111101111
100111110111111
111101110110111
111110111110011
101111110011111
011101111110111
011111110111110
111111100111101
111111111100011
110110011111111
111011111111001
101110011111111
111111100111101
110111111001111
110011101111111
110111111010111
110110011111111
011111101110111
111001111110111
111110111110011
111011110111110
111010111011111
111111110001111
011111011111101
011111101011111
111111111110111
111001111011111
011101111111011
011111111111100
001111101111111
110110111111110
111111111001011
011011111111111
111111111110111
111111100101111
111010111111111
110101111111011
111101111111110
111011111010111
110010111111111
111111111100110
111111101110110
110110111111011
111111111110001
011111111111001
011111110111110
111001111111101
111100110111111
111111110111011
110101111111011
111111111101101
110111111101110
111011111111001
111111011011111
111110111101111
110110110111111
111111110110110
101101101111111
101111011011111
011111011111011
110111110111101
111111111100111
011110111101111
111111010110111
101110111101111
111111110101110
111110111001111
011110111111110
110011111110111
011110111011111
110111100111111
011111111011110
011111110110111
001110111111111
011111011101111
111111010101111
110101011111111
100111111111110
111111110111001
011111011111110
110111111001111
101101111110111
111011110111111
011110111111110
111111010101111
011111110111011
111111101111111
111101110111101
111110101111101
110011101111111
011011111111101
111111111101111
111100110111111
111111101111101
101001111111111
111111011110111
111101110111111
111111111010101
110110111011111
100111111110111
101111110111101
111011111100111
111101101111111
111111111011111
001111111110111
111111101101110
101111101111011
011111111011110
111011111011011
111111111001011
011111101111101
011111110111101
111101111011110
111101111101101
111011111011111
111101111110111
011111111011110
011101111111011
011101011111111
111011100111111
101111111011101
101011111111101
111101111100111
111011111101110
101011110111111
110110111111101
111111011111011
111111011111011
110111111001111
110110111110111
110111111101101
110111011101111
110111011011111
111101110011111
001111111011111
011110111011111
110111010111111
111111110011110
110110111111101
011111101111110
001111101111111
111101111111100
111011111100111
111111111110100
111111100111101
111111011011110
101101111111101
101010111111111
101111111110101
110111111111101
111101110011111
101111110101111
011111111100111
111101111011101
101111100111111
101111011101111
011111101101111
111111010111101
111111101111001
011111111011110
110011101111111
110101110111111
111010111111101
110111101111111
111101111101101
101101011111111
010111111111110
101111011101111
111101101111111
111011101011111
110111111010111
111111001111011
111101011111011
111101011111110
101111011110111
111101101111110
001111110111111
111111110010111
011110111111111
111111110001111
111100111111110
111101010111111
111111111110011
110111111011111
101111011101111
111110110111110
101111111111001
111001011111111
111010111101111
111111010111011
111111101111010
111001111101111
111111101110011
111111011011011
011101111110111
011111101111101
101110111111111
110111011111011
110111111101011
001011111111111
101011111011111
110111111100111
111110111011111
110101110111111
111011111101011
111110101101111
111101110111111
111111100011111
011101101111111
111110101111011
111111011101011
110111111101101
111111101011101
111011111111010
111001011111111
111111111100111
111111011101011
101010111111111
111111011001111
111010011111111
110111111010111
111101111110101
100111111111011
001110111111111
011101110111111
110101111101111
011111111011111
111110111111011
011111101011111
101110111111110
011111111011110
101111110011111
101111101011111
110111110111110
110111101111111
111011011111011
111011110101111
111110111101111
111110111110011
101111011111011
101011011111111
111111100110111
111011111110111
011111101111110
111111101111110
101111111110110
111101110111111
111110111100111
010111111110111
110101111101111
110111101111111
111101111111110
110111111110110
111110111011101
111110110111110
110111111101011
111000111111111
111010111110111
101111011111110
110101111110111
011110111111111
111111011011110
111111110111011
110011111110111
110101111111110
111101111111011
111001111011111
110111111111111
011111011111011
111111011011011
111101101111111
011111110101111
111111101101111
111111011011111
111111111010110
011111111011101
111010111111111
101111101111011
111110111101011
110111011110111
100111011111111
110101111111110
101111101111011
000111111111111
101111011111110
100111110111111
011111101111101
011111111011110
110111110110111
111111110111011
111111011111110
011101111101111
110111011111101
111111111110100
111110111011110
111110101101111
110111111101011
110111111101101
101111111011111
111111110101101
011111011110111
111111111101001
111110101011111
111111001110111
111110110111110
011111101111011
011111100111111
011110111101111
011111011111011
111111111110001
111111100111011
100111111101111
010111111111110
111011111101111
111111101011110
101110111111110
111111110111100
110111101011111
101111111010111
111100101111111
001111110111111
100111111111011
110111011111011
111011111111110
111111111101100
101111111101011
001101111111111
101111111111010
010111011111111
111101111101111
111111101010111
111100111101111
010110111111111
111101101101111
110111110110111
111110101111011
111111111111100
111101110111111
111111110110110
100011111111111
110111111101111
111110111111111
111111111001111
110110110111111
011111011111111
110111101111011
101011111111111
111011110111111
011111011101111
111101010111111
111111111001011
110111101111110
100111111111101
011011101111111
011110101111111
111101101111110
110111111111100
110111101111110
011111100111111
101111101101111
101111101111111
101111111011011
110111111011111
110011110111111
111101101111110
011101111110111
111111111101010
101011111111110
110110111111011
011011111111101
111111101110101
110111011110111
111111100111011
111011101111101
011111110111101
101111011111101
010111110111111
111111111110111
111010011111111
111111011110110
111010111111110
111111111001011
111101111100111
111011110111110
011111110111111
111111110110011
001111111110111
111111011110101
110111110111110
111111001110111
011111111111100
101101101111111
101011111111111
111011101111111
111111110111111
101110111110111
111111101111100
111011101101111
110111111110101
111111101100111
101111011011111
110111101011111
100111111101111
111110100111111
100101111111111
101111101011111
101110111011111
111111010011111
111111011111110
101111011011111
100111111011111
011111111111011
111110011111111
011111110110111
111110110111011
110110111011111
111111111110001
111011110111110
111111111101011
111101110110111
111110101111101
011111100111111
111011110111101
011101111111101
111110110101111
111111111010110
111111011011110
111111010011111
111111011011101
010110111111111
111101111110111
011111011111110
010011111111111
110011111110111
111111011011101
101111111111100
011111011111011
111101111110111
110101111011111
111101001111111
011101011111111
101111110111101
111111111101101
110110111111101
101111001111111
001111011111111
111110111101110
100111111111011
101011011111111
101101111111110
111111010101111
110111111111011
111111101100111
100111111111110
110111110101111
111111111011011
111011111111111
110110101111111
101111110011111
111111100111110
011111111111101
011101111011111
110011111111101
111101011111111
011001111111111
111111011100111
011110111011111
011110111111111
011110111111110
001011111111111
111110110111101
111101111111010
111111101101011
101111101101111
111101101011111
110011111111101
111011011101111
101110111111110
111110011111011
111110110111101
111101011111011
111111100111011
110110111101111
111111110101011
101111111011110
111110111010111
111111111110010
011110110111111
111011101111110
111110111101111
110111111010111
111101111111111
111011110111011
111011101011111
111101110111111
010111110111111
101111011111110
111111111111111
111111100111111
111111011100111
011011011111111
110101101111111
101111111111101
101111110111011
110111111010111
111011001111111
101111111110011
111010101111111
100111111111110
111101111111011
111110110111011
011111011011111
111101111110011
010110111111111
011111101110111
111111010110111
010011111111111
110111111101110
010111011111111
111011111010111
111111101100111
101111111011011
101101111011111
111011101111011
110111101111110
011111111111001
111111111101111
111110111011101
111101101111110
110111001111111
111011001111111
111110111111010
110011011111111
111111101110011
111111110101011
111011111111101
111111110101111
011111111101111
110110111101111
110111111110011
111011111111101
101011111101111
010111111011111
010111101111111
101011111111111
111110111011111
011111111111001
111111111101010
111011011111011
111101111111111
111111101110110
110110111111110
111011111111010
111111111100101
111001111101111
010111110111111
111111111101110
011111111101101
111111111111000
110101111011111
111111111011110
101111011111101
011110111111101
111111110101101
110111110101111
111111001111111
111111101101111
101111100111111
110111101111011
111110111110101
111011111111110
101111010111111
011011111011111
111110101111011
110111101110111
111111111101100
011011110111111
010111101111111
001111011111111
110111111111101
111111001111011
111111011111011
111110110111101
110110111111011
111011111111101
111011011111110
101111111101110
110111111111001
110111111111011
111101001111111
111111110101011
111111101111011
101110110111111
101101111101111
111011101110111
101111011111111
111111100111011
100111011111111
111101101011111
101111011101111
110111111111001
011011111111110
111011111110111
111111110100111
111011111110101
111010101111111
111111110111101
111101111001111
111110111111110
111111100111011
111111101101011
111111111011001
110011111110111
110101111111111
001111111101111
101111010111111
111011101011111
101011111111111
111111010111101
111111100111110
110110111111101
101011011111111
111111011101110
011111111110111
110111100111111
001111111110111
111101111011110
111111110011110
111111111111100
111011111110111
111011111110101
110111111011101
111111111001111
001111111011111
110111110011111
110011111110111
111111011011101
011101111111110
010111111111011
111011111011011
111001111110111
111101100111111
111011110110111
111111111111011
111111010101111
111110011111110
101011111101111
010111111111101
011110011111111
010111011111111
111111110011110
111011110111011
011011111110111
111111111110110
111111011011101
111111111101111
001111011111111
111111110111101
101111101011111
110111111010111
001110111111111
110111101111101
111101011011111
110110110111111
110111111110111
110101101111111
110101111111111
111011111011101
110111101110111
110101111111011
111011110101111
111110110101111
111001111111111
011010111111111
101001111111111
110111111101111
111111011101110
111101111011110
111011111101110
111101111111100
111111111000111
111111101101110
111111111101111
111111110111101
110101111110111
011111111110101
010110111111111
110111111001111
111101111101011
011111110111011
111111101100111
101110111101111
111111110101101
101111110111110
111111111010011
001111110111111
111011111101110
001111111110111
011111110111101
101111111101101
111111010011111
101111011110111
011011111111101
101111111111010
011101111011111
111111111001110
111111011001111
111111111010110
111111111100110
111111101100111
001111111110111
111011111001111
111111110111100
110111111011111
111111111111101
001111110111111
011110111111011
111111110011110
111110110110111
011111111111001
011111100111111
111001111111011
110111111011110
111101101101111
111110111011110
111011011101111
111111010111110
011110111111011
110111110110111
111011010111111
111111110001111
111101111111111
111110111101111
100111101111111
110011011111111
111001111111011
111111111010101
011111111101111
110011111111011
111011011101111
111001101111111
111110111110101
110101111011111
101011111111111
110011111111101
101110111111111
111111001110111
111111010111101
111101011111110
111111101110101
011111110110111
111101111111100
110111001111111
111111011111100
101011111011111
111110100111111
011111101111101
111111110111010
011110111101111
111101110111110
100111111011111
111111111101111
101111101111101
111111011111101
011111101111111
101111111101011
111101111110110
111111011111010
110101011111111
111111111110110
001101111111111
111101100111111
111111110111101
011110110111111
101101111011111
011010111111111
011111111010111
111110011111011
111111011101101
111011111110111
111111111101101
001011111111111
101111111111010
111011111010111
111111011111110
111111110011111
100011111111111
011111111110011
011111010111111
101001111111111
111111001111111
110111001111111
011111101111101
111111111110001
111110101111110
011111111101011
111111110101101
111111110011011
110110111111101
111111100111101
011111110111110
110101110111111
111011011111110
111111110100111
111011111110111
100111111111111
111101101011111
101111101111111
101111011101111
101111110111111
111110111101110
101111110111111
101111110111011
110111011110111
110010111111111
110011111011111
110111111001111
101111111011101
101111111111001
101111001111111
111111110110110
100101111111111
100111111111111
111111111010110
111011111101011
111101110011111
111111111101111
111011111001111
100111101111111
111111110101111
110111001111111
111111101110111
101111100111111
110111111111001
111111101111110
111111011110011
101011101111111
111111111001111
111111111011001
110111101111101
110111101111011
111101111110101
011111111001111
111111110101110
111111010111011
111110111111010
101011110111111
111001101111111
001111110111111
010111101111111
111111111111011
111111011011111
110111011011111
110110111011111
111101111111100
111011110111011
111101111111101
101110111101111
011101111111110
111101111111101
111101111110101
111110011111011
110011111111101
011111111011110
011111111110110
101110110111111
111111110111010
111110111001111
001111111110111
111110101101111
111111100101111
111111111101010
101110111111011
111100111110111
111111101110110
111101110111011
111101111111101
010111111011111
110111111011011
101111111011101
111111111010110
111110111110101
010111110111111
011110111111111
011111110111101
111111111100111
010111110111111
001110111111111
111101111101011
111101011111110
111011110111111
111111111110011
011011111011111
111101111001111
111101110011111
111111111011111
101101111101111
111111011110111
111101001111111
111010111101111
111111111011110
110111110101111
111011110110111
010111111101111
111111111111101
101101111110111
111011111111001
011111111110011
101111111011110
011111111111110
110101111110111
111111111011100
110111110111101
110111111101111
111110111001111
111111111011001
111011110111110
111111101110101
110111111111110
101101111011111
111111111110111
011111111011110
110111011111111
011110111111110
111111110101101
101011111111111
111101101110111
111101011111011
110111111011110
111110111101111
111010101111111
110111111111101
011101110111111
111100111110111
111111110111100
111111111000111
111011110111011
111101111101111
100111111110111
111011111110111
111111011101011
010111011111111
110111111111010
101111111011011
101111101111101
110111011110111
011111101111111
110111111111110
111111111011111
101111111010111
111111111101111
001111011111111
100110111111111
111111101111110
011111011111110
111011101111110
110110110111111
110111110011111
101101111101111
111111011001111
111011110111111
101101111110111
011101101111111
111101111110101
011111101111111
011101111011111
111101111110101
111010110111111
111111111000111
101111011011111
011111011111101
111001111101111
000111111111111
111001101111111
111101101111101
110101110111111
110110111101111
010111011111111
011001111111111
111111101111101
110111011101111
110111111100111
111111101111010
111101111110110
111011111001111
011011111111011
111111101111011
101111111110101
101011111111110
111101100111111
111111011011111
111011111011110
110111111111111
111111111010111
111111110001111
111010111111101
111111110101101
111111001101111
011110011111111
111011111110111
010111111110111
111110011111011
111111111101100
111101110101111
110111101011111
111111101111101
111101111010111
101111110111110
101111111111101
111111111011110
111100101111111
011111111111001
110110111111111
111110011111011
111111111011101
111010111101111
111111110101011
111101111111100
110011110111111
110011101111111
011101111111101
111111110110101
111011111011011
011111110111101
111111111111001
111110110111101
101101111011111
111011111111110
111111011101110
111111110100111
111111111111001
111101111101011
100111111111111
111111111011010
010111111110111
101111011111101
111111101100111
100111111111101
101111111011011
011110111111101
110111111101111
011111011101111
011011111101111
011011111101111
111111001111101
101111110111101
111011111111100
111111010111011
111111110011011
111101111100111
100111101111111
010111111111011
111110111100111
111111111110110
111111101011101
111110111111010
110101011111111
111111010111110
111111001101111
100111111111110
111011111111011
111111010111110
110111011111011
111011111111101
111111111011100
111111011101101
111101111001111
010111111110111
110111111110101
101111111111001
111110111111001
111111001111110
011111011111101
011110110111111
101111111011101
111110111101011
011011111101111
111011111110101
011110111110111
010011111111111
111110100111111
101111011110111
101111110111111
111110110111110
110111011111111
111111001101111
101111110111101
111111111011001
111101011111111
111011111111011
011111111011011
111001011111111
111111111111110
101110111101111
111111011011011
111111011111111
111110100111111
111111001111011
111110111101111
111111011111001
011111110011111
111111110111001
111101111100111
110110011111111
111111110111110
011111101111101
101111111001111
111110101111111
011110111011111
110011111111101
111011111111111
110110111111101
110111111111101
111111110110011
101101011111111
111100011111111
111011101101111
011101110111111
111111111101101
010011111111111
111111111011010
111110111010111
110111111101101
111111111110001
100110111111111
111111110110011
011111111101110
100111111111110
101111110111110
111001111111110
110111111011111
111111010011111
101111111111011
111010101111111
111011101111101
111111111110011
111111101110011
011111101101111
011111111110101
011111111100111
101111111011011
111111110110111
111111101111101
111001111011111
110011111111110
111011101111101
011110111111011
011111110111101
010011111111111
111111111011111
101111111010111
111110101111110
110111001111111
110011011111111
111110111110110
110101111111110
111111111101011
111101111001111
011101111110111
011111011111111
111011111110101
111101111011110
111101111011101
111111111101011
111011110110111
011111110101111
111111011101111
111111011010111
111110101111011
111011111110110
011111111110011
110111100111111
101111111011110
111101111011011
111011111100111
111101110111111
111101111101011
110011110111111
111111111110100
111111111110001
100111011111111
111111101011011
011101111110111
110111110111101
101111110111110
110111011110111
110011111101111
101111110111101
111101011101111
111110111100111
111111011111110
111011011111111
111011101101111
011011111111101
111111111101100
111111111011010
110101111111101
110111011101111
110111110111101
111101111111001
111111101111010
111101111111110
110111111011110
110011111111011
111100111101111
001111110111111
111000111111111
111010111111110
011101111111110
001111111111011
110111110101111
111111111110111
110011110111111
111110111111111
111011011111111
101110011111111
110111111110111
111111101111001
111111101101111
111010101111111
111111110111001
110111111100111
111100111111110
111111111110110
111010111111101
111011101111111
110110111111111
111111101111111
111101111001111
011011111111110
110111111001111
111110111111100
101110111111011
101011111111110
101111111011101
111011111100111
111111111111110
110111101111111
111111110110101
111110111011111
111111001111110
110111111101111
101111110111011
101011111110111
110101101111111
011111110111110
011101111111110
111011111111101
011111111110101
011111111011111
111011111111011
111011111111111
111110111111100
101111111101110
110111111001111
111101111011110
110011111101111
111110111111100
110111101111011
111110111011011
111111110100111
111101111111110
011101111111111
011011111110111
111111100110111
111110111110111
111111110101101
111011011011111
110111111110110
011111111101011
101110111011111
011101110111111
111111100111101
110110101111111
101111101111101
111111111011110
100101111111111
110111101101111
111001111111011
101111001111111
111101100111111
111111101011101
011111011101111
111110111111101
101010111111111
101101111111111
101110111101111
111111111010110
111011110101111
111111110011111
110111111101111
111100110111111
111111010101111
111111101101110
111111110101011
011111111110111
111111111010110
110111111100111
110110111111011
111111111010110
111111001111110
111011011111110
110101011111111
101101011111111
110011111111110
111111101111010
100111111111111
110111011111101
111011111101110
011111111011011
101110111011111
101111111111111
110110111011111
011111101110111
111111011101111
101110111111110
101111111110110
101010111111111
111011111111101
110111110111111
111001111111011
101011111101111
101111110011111
111111111101011
111011110011111
111101111111010
111111110011101
110111111110110
101111101111110
111101011101111
011101111101111
111111111011110
111101111101011
100111111011111
110111110110111
001111111111011
101111110110111
110100111111111
111101011110111
111011111001111
111010111111011
110011111110111
111111011011101
110100111111111
111111111011010
111110111101111
111111111110110
111001011111111
111011111110111
110011111110111
111111001111011
111111000111111
101110111101111
111111010111110
111011111111011
111101111111110
111011111100111
010101111111111
111111011110111
111110111110111
111001111110111
111011011011111
111111111101101
111010111110111
110111111111001
111111110111110
011011011111111
101111101111110
111111001111011
111111011101110
110111011110111
001111111111011
111100111111101
111111110011110
101111011111101
110110111111110
110111011111101
111111001111111
011111110111101
111010111011111
101110011111111
110110110111111
111111111111101
111111010111110
011111111101110
111101011111101
111110111111110
111111110111010
101111111110111
011111101011111
111110111111111
110011111111111
111101110011111
111010111111110
111101011111111
111111111001011
011010111111111
111111110011111
111111011111001
110110111111111
110111110111110
110001111111111
111111111011011
010111111011111
111101101101111
111111100111101
111111111110010
110111111111100
100111111111110
111111101110111
111110111111110
110111111001111
111111111111100
111100111111110
011111111110011
011111011011111
110111110110111
101101011111111
001111111101111
011011111101111
111101111011111
111101101101111
011011110111111
111111101011011
111110111111111
111011110011111
110110111110111
111111101101101
011110110111111
111111011100111
110111001111111
111111011110110
011001111111111
111101110011111
111101111011110
101011111111101
111110010111111
111011110111101
101111111001111
111011110111011
011011111101111
001011111111111
111111111001110
110111111111010
111111111100110
100011111111111
101110111011111
111101111001111
110111101101111
110111010111111
111101111101101
111101111011111
111111110011111
101111110111110
010011111111111
011011111111011
111101011011111
011110111111111
101101111110111
110111011111011
111111101011101
111110110101111
001111011111111
111101011111011
101011111111110
111101111101011
101111011111111
111111101101111
011101111111011
011111111110101
101111111011110
011111111101111
110011111111110
111111110111101
111110110110111
111111011011110
111110111111111
011101111101111
111111001011111
111111110100111
111011111101111
111011101110111
111110111111010
111110110101111
001111101111111
111111101100111
111011110101111
111011111111110
111001111110111
111111011101101
111111111101100
111111011011101
111111111110001
110111111110011
111110011111110
111011101011111
011011111111111
111111111111000
011111011111111
111111110101110
011111101110111
011110111111110
011101111111011
101111111010111
111111001111110
111101111001111
111111101011011
001111111111101
110111111111101
101010111111111
111111011100111
110110111111111
110111111111100
011100111111111
111111111101100
111111111111011
110110111111111
111111111101110
111100111110111
110011011111111
110111010111111
111110011110111
111110111110110
110011011111111
111111111100101
101111011110111
110111111101111
111111101111100
111101101110111
111111010101111
111101111011101
111111001111101
111110110111110
111101011111101
101111111101111
111111110010111
111101100111111
111111110011101
111011101111110
111110110110111
011111011101111
111111111010101
111101110110111
101101101111111
011111011110111
101111111101011
111111101111101
111111001111011
001111111111011
111110011111111
110101111110111
110011111111111
111111101111001
110011011111111
101111101011111
011111110011111
011111111101011
110011111111111
111111101111010
111111101010111
100111111111101
101110110111111
111111111101100
011111111101011
111110100111111
111101111011011
011001111111111
111111000111111
101110111111101
101011111111110
111111110001111
111011111110111
001111101111111
111011100111111
111111100111101
111111111011001
010011111111111
111101110111011
111110110110111
111111111011011
011111101111101
111110110011111
110101111111110
111111111110101
111111110110011
001011111111111
111110111111111
011110111111110
111111010111111
110111111111011
111111010111011
011111011110111
111111001101111
110110101111111
111001101111111
110011111111011
111111110111001
110111111011110
111101111011111
111110100111111
111111110010111
110111111101011
111011111101101
011111111111111
111111011011111
111011101011111
111111011110011
111111111111101
101111011110111
110011111011111
011111011101111
111110111111111
101111100111111
111111011010111
111111101110111
111111111110111
011111101110111
110111111011011
111111111110010
111101111110111
111111101101101
111011110111111
111111101011011
110101111111111
011111111011101
101100111111111
111111100110111
011010111111111
101111111011110
111011111110101
110111011111011
111111101001111
101011011111111
111111110101111
100111111111111
111101111111001
110111111110101
111110111101011
111001101111111
111111111100111
111100111011111
111001111111111
011101111111110
100111011111111
110011011111111
111111101111111
111111110111010
100111111111011
111111110101011
011100111111111
111110111110111
111011101111101
111111101111101
111101110101111
111111100011111
111111011111110
111101110011111
111011111110101
111101111110011
010101111111111
011101011111111
111101111111110
111011111110111
111101110111011
110001111111111
111111110110111
111110111101011
011111101101111
111111111011100
111011001111111
111111101111100
111110111100111
111111110001111
110111111111111
111011101111101
100110111111111
111111101010111
111011010111111
111111110111101
111101100111111
111011111110011
111111110011111
101111110111011
111101010111111
111110111110110
111111101011101
111111111100110
111111110101101
110111101111011
101110111111011
011111111111010
111111011111101
111110101111011
111101111111010
111011011110111
101101111101111
111111100011111
011111111011011
110111110111101
101101011111111
111110111101101
111011111111101
101110111111011
111110111011110
101111111010111
111110111101011
111111110111111
101110111111011
111111110111001
111110101111011
100101111111111
010110111111111
011111111111110
111011111010111
111111111001110
111111011101110
111110011011111
101111101011111
111011111101110
101101111110111
111111111001101
001111111110111
111011011111110
011110110111111
111101110111011
111011111011101
111011111011101
101001111111111
101111110111111
111111110110110
011111111101011
100110111111111
011111011111111
111111011001111
011010111111111
110111111110111
101111011111101
011111111110111
111111101101011
111111101111100
111111101101111
010111111110111
111011111111011
110101111111111
110111011011111
111011111110111
110111110111101
111111111001110
101011111111110
111011011011111
111101011101111
110111111011110
111101001111111
101111011111111
111110111111110
110111111110011
111101111111100
011011111011111
101111111110110
111110111110101
111111110110110
111011011110111
111010110111111
100111111101111
111110111111010
111101011111111
110110111111110
011110111101111
110110101111111
011110111111101
111110101111101
011111111011111
111110111101111
011111111011101
110110101111111
011110111101111
011011110111111
010111111111111
001111111111110
111111101110101
111101110111011
001111011111111
001111111111111
111110011011111
111111110010111
101111111101101
111111011001111
111111001110111
111111001111111
010110111111111
111111110111011
111111110111110
111111111101101
110110111101111
111011111011110
111101111110101
111111010111110
111111111110111
111011111110101
011111111111110
111101011110111
111011111100111
101011111111111
101101111110111
010111111111101
111010111111111
011101111110111
111100111011111
111101011101111
111101111011011
111110010111111
010111101111111
111110111110111
111111011101011
111110011101111
111010111111110
110111111101101
111111011111111
110111111111001
101011011111111
111111011111001
111111101011011
110011111101111
111111101101111
111101111111001
111011011011111
111011101110111
111111111110111
100101111111111
011111111110110
111111110101110
101110110111111
111001111101111
111110101111110
101111101101111
111110001111111
111100101111111
111111001111111
111111011111110
011111011101111
010111110111111
111111110011111
111011111111011
011110111111110
101111110111111
111111110011110
111101111011111
111111101011011
110111111111011
111110101101111
111111010110111
110111011111011
111101111111001
001111111111110
111100110111111
111110111101111
111111001101111
111001101111111
111001111111011
110011110111111
111110011111110
101111111011011
011111110110111
011011011111111
111011111101011
011110111111101
110111110111110
111011111110011
111111010111011
111101111101111
111111111111111
011111111110101
110111111100111
011110110111111
111010111111110
111111011111001
111111111111011
110111011111101
011101111111111
100111111101111
111101110101111
101011111111110
111111110100111
011101111111011
011111111101111
101111101111101
011101111111011
110111111110011
101111111101110
111010101111111
101111100111111
111001111111101
110011111111110
111011111111001
111111101110111
111100111011111
111010111111111
011110111111011
101110111111111
111111011111100
101011111111111
111101111111001
011011101111111
101111101111110
011111101111011
111110111001111
111111111001111
111011100111111
111111110110101
111011111111100
111001101111111
111011111101110
111111011011110
111100110111111
111111111111100
111111101011011
111111001011111
110110111110111
010111111111011
011011111111111
111011011111110
101101111110111
111011101101111
111101110110111
110111111101011
011111111010111
100111111110111
110111111110011
111111101111111
111111110111001
111100111111111
011111111011111
111110011111101
111111011111010
111101101101111
111111011111110
111111101100111
111111101111100
101101111111110
011110111101111
101111111011101
101110110111111
011111111001111
111001111011111
101111111110101
111010111111110
011111110101111
101111011111101
111010110111111
111011001111111
101111101111101
011111111101111
111100111101111
110111110111110
011111111001111
010111111101111
111010111011111
110111101111101
101111011111011
111110011101111
111110101110111
111111001111101
111111001110111
010111111111101
010111111111011
111111111001111
110101110111111
110111101111011
101111101111110
011110101111111
110111011101111
101001111111111
111010111101111
101111111110011
110110111110111
111001111111111
101011110111111
111111111001110
111110101111110
111111010110111
011010111111111
111110111111111
110111011111101
111111111001111
111101011110111
101111101011111
111011011111111
101100111111111
101011110111111
011010111111111
111111111110011
110111111011110
111111101011110
011011111111111
101111111111111
110110110111111
011111111011101
101111010111111
100111111111111
111110101111110
100101111111111
111111101110101
111011111101111
110111111111001
111110101011111
101111110111110
110011111111011
111111110101110
111011111011111
011101111111011
111111101111100
011111101111111
111101011011111
111000111111111
111111110011110
111111011100111
111011101011111
101111111001111
011111110111011
001111011111111
111111011011110
111110111111011
111111011111101
111110111011011
110111111001111
111110111111001
010111111111101
110101110111111
101111111110111
111011011110111
011101111111111
011011111111011
111111110111110
011011111111101
101011111111110
111101111110110
111101110110111
111111111110100
111010011111111
110111111011101
110111111111110
111010111101111
101111111110111
111001111011111
111111110111100
111100101111111
110111110111111
011111111101011
100111111111111
111011010111111
111001111110111
111110111111101
110101111111111
111111101011101
111101111011011
111111111110010
101111101110111
111101111101011
111110110111011
101111111110111
111101110111111
101111111111111
111011101101111
011110111111011
111111110111101
111110011101111
011111101011111
011101111110111
111111101110101
111101001111111
111111101111100
111101011111101
101111011101111
101111111011111
110101011111111
111111001101111
111111111010111
011110111011111
101111101111101
111110110110111
111111111001110
011111101111111
111110111111001
111110111110101
111111111011010
010011111111111
111111011101110
101111111111011
111111011111101
001111111111110
111011011111101
111101111111011
111110111111101
111001111011111
111111011110101
111111101111101
010110111111111
011100111111111
101010111111111
001111111011111
100110111111111
111011011111101
111111011101110
011111100111111
111111101110011
111111101001111
111000111111111
111111100111110
101111110111101
011111101011111
110011111110111
010111111011111
011111111011110
111110011011111
011111011101111
100111111111111
001111011111111
111101111111010
111101011101111
111111110001111
111110111110011
111111111110001
010111101111111
111101111110110
011011111110111
001111111111011
011111111101101
011111110111011
011111111111001
110111110111101
110111111100111
111001111011111
101101111101111
011111111011011
111111010111101
111011111101111
011111111111100
111111111111101
111011101111101
111110111011110
111101111010111
011111111011110
111011111111110
011110110111111
100111111111111
011101101111111
111111001111111
110111101111011
101111111100111
110011111110111
111101011111111
111111011101110
101110111111011
111101100111111
111111111111010
111111001110111
111011010111111
011111001111111
011111111011111
111101111111100
101111111011101
111011011011111
111011110111011
111111101111011
011011111111101
111111111111010
010111111101111
111011101111111
111110110111110
011110111110111
110111111011011
011111111111001
111111101111010
011111111101101
111010111111111
011111101111110
111111111111100
111101111101011
011011111111011
111101111101101
110111111111011
111111110100111
101111001111111
110111111111010
011101111111101
111110011111101
111110111110101
111111110111101
011111110110111
011110111101111
011101111111110
110111011111101
110111110011111
111111101111011
100111111110111
001111110111111
101111010111111
111111111001011
101111110110111
010011111111111
101111111011110
111011111101110
111111011101111
110111111110011
111111011100111
111111110111001
111111110001111
110011011111111
110111111111010
101101111111011
111111111101100
111111001101111
101111110110111
111111100111110
111011011110111
011111111001111
011011110111111
111111010101111
111110101111011
111111010111111
101101111011111
011111111101110
111101111100111
111010101111111
110111011011111
110111011011111
011111111011111
111111001111110
110011111110111
010111111111011
111011111100111
111111011111111
110111111011101
110111110011111
011100111111111
101110111111011
101101111011111
001111111111011
111111111100110
111011110101111
110111111111111
111101101111101
111111111011111
011111111010111
111111011100111
001011111111111
111111010110111
110011111111111
011111011111011
110101101111111
011111011111011
011101111111110
111011111110011
011101111110111
100111111111110
111010111110111
111111010011111
110010111111111
111011101101111
101010111111111
111111110101101
011011111110111
100111101111111
111111101111101
111101100111111
011111111101110
011110111111110
111011110111101
110111111110101
101111011110111
111011101111101
111111011110101
110110011111111
111111101011111
101111111011111
111111101111011
111111011111011
110101101111111
111111100110111
111011001111111
111101101101111
101111011011111
111111111110001
010111111111101
101011111011111
111111011110111
101111011110111
111011110110111
111111110101111
111111101011101
111011111101110
110101110111111
110011111110111
111011111100111
111111011110111
110111011110111
111001011111111
111110111011101
111110111101101
111101111101101
100111101111111
011111101111111
111111010111110
011111011011111
101011111111101
101111011101111
111111110111011
111111011111101
111101111111111
110111111101110
111010110111111
011111111101110
111111011110011
110011111101111
101111111011111
110110111110111
111111011110111
111111011110101
111011100111111
110111111110110
011110111111110
111011111111011
111111101110101
111111110011101
100111111111101
111110110110111
101101111111011
111111111011011
110111111110011
111110101111111
101110111111111
011011111110111
011011111111101
110011111011111
111111100111101
111110110111111
111011011111011
111111001101111
111011111011111
111110001111111
111111011111010
011111111111100
111100101111111
001111111111111
111100011111111
111011011111111
111100011111111
111111110101011
111101101101111
111010110111111
101001111111111
011001111111111
010111111111101
111111011011110
111111110111111
011111110111011
111111111111101
011111111111011
111011111101111
101111111100111
111111101101011
011111111111110
110111101111011
111111011111101
101111101111101
101111111010111
011111011111011
101110011111111
111010111101111
101111111001111
111011101110111
111111101111100
111111111110010
111011111111110
101110111011111
111101110011111
011011111110111
111110111101101
111101101111111
111111111110001
111111010111111
111111001101111
111011111111001
111111111100101
111011101011111
010011111111111
111111111110110
111111011011111
111111110110110
010111011111111
111010111111110
011111111111111
011111110011111
111111011101110
001111111101111
101110111111111
111110011101111
011100111111111
101111111001111
110111110101111
111111111111001
011011101111111
111111011010111
101111101111101
010110111111111
011111101111111
110111111111011
101111111100111
111010111111110
110111101111011
111110111111010
111110111111011
111001111111110
111111000111111
111111110111100
111101111010111
111110111011011
101111111011111
111011111111111
111111111100110
111111111001101
101111100111111
111110110011111
011011101111111
110111111011101
011101110111111
011111101110111
101110110111111
111111111000111
011111111011101
101111111011011
111111111101100
110111111101011
111111101010111
111111111001101
100111111111111
111111110111010
011111110110111
101111110111011
111111111010101
011111110111111
101111101101111
110110111111011
111110101101111
011111111101110
111111010111110
111111101110111
111011101110111
111110111010111
111111011101111
011011111011111
111111011111001
111101011111111
111011110111011
111111110101111
011101111101111
101111011111011
110111101101111
111111010101111
001111011111111
111111101100111
110011011111111
110011111101111
110111111101101
101111111010111
111101011011111
110011111111011
110111011111111
111101111101111
101110111110111
110111101111110
111101111010111
011111011011111
111111110101101
110101011111111
011011101111111
111111111101111
100111110111111
101111011111101
110101111110111
111011111101011
011111101110111
111011111011110
011111111110101
011110111101111
101101110111111
101110111111101
011111110111011
111111101111100
011011111110111
111111101011101
110011111101111
111111101101101
111010110111111
101111110111111
111011101111101
111111010011111
011011111111111
111111111100110
011110111110111
111011111111010
110111110111011
111011110101111
110110011111111
111001111110111
101111111111011
110111110011111
111110101111111
111111111010011
011110111011111
111111101110101
111011011110111
111101001111111
110111111110011
111111101111001
010111110111111
011111111010111
111111100111110
110100111111111
111111101110101
011111111010111
011111111001111
111111011101101
011111101111110
111111101101110
101001111111111
111111111110110
110111111011111
111110111111011
011111101101111
111011111101110
111111110110011
111111111010011
111110101111011
101111111111101
111101011110111
010111011111111
111101011111011
111111101011101
111111110101111
011111011011111
110110011111111
111101111011101
111011111111001
111111111100111
111011010111111
101101111101111
010111110111111
111110100111111
110011111111110
110101111111101
101101111011111
111100101111111
101101011111111
110111100111111
110111111111010
111011101111110
111101101111110
111011011110111
111111011011101
110111111110011
101011111111101
111001111110111
110111101011111
011111011111011
011111110111110
111101101011111
111111110111111
111101110111111
010110111111111
110010111111111
110011111101111
011111111011111
110111100111111
111111111011011
011111111111001
101111111111011
110111111111100
110101110111111
101111111100111
111101011111111
111111100110111
011011111111110
111111011111010
110111110111111
101110110111111
011011111111101
011111101111011
110111101111101
111101011111011
110110111111110
111110111101101
100111101111111
111111101011110
111110101111101
110111111111100
111111111110110
111111100110111
011111111111101
111111011110101
111011111110110
110111111111110
011110111111011
111001111111011
111111111001101
111011111101110
111111011011101
111100011111111
001110111111111
111111011110111
100101111111111
110111100111111
100111111011111
011111101011111
100111111011111
011111111111001
111101111111101
001111011111111
111111010111110
110111111001111
110101101111111
111101101111011
110111101111111
111111110101101
111110111001111
110111011101111
111100111111110
111111011011011
111010111011111
110111101101111
010111111111101
011111110101111
101111010111111
111101110101111
111110111001111
101111001111111
111111101100111
011011111111111
111111110101110
101111011111011
101010111111111
111011011111101
111101111111011
101110011111111
011110111101111
111111110111111
101110111111101
111110101111111
111110111110110
111010111111111
011011111111011
011111111111111
110111111111101
110111111100111
111101111111010
111111110101011
111011011110111
110111110111111
110110111110111
111001111011111
110011111111011
110111110110111
110111011111011
111101101111011
111110011111110
111110011110111
111111110101101
101111011111111
111111011111100
011111111001111
011011110111111
111111011101011
101101111111110
111110110111011
011011111111111
001111111011111
111111111111010
011111011111111
111011101111011
111101011111110
111111100111111
101010111111111
111111111011101
111111110101110
001111101111111
111111110001111
100111111101111
101110111111111
110010111111111
111111101111110
101110111111110
111111001111110
110011111011111
111001111011111
110111111101011
110111111011011
100111111111011
111100011111111
111010111111110
111111111001011
101111011110111
111111111110010
101111100111111
111111110011111
110111111011101
111110111110110
111110011111110
010110111111111
001111111110111
110110111111101
111011011111011
111111001111111
111101011011111
111011110111110
111111101001111
111111111010110
111110110111101
010111111011111
111110111101101
111111100011111
111001111111101
111111101111101
111101101111011
111111110111011
111111011111101
111101110101111
111110110111110
111100111111011
111110111111010
111111011011110
110111111101101
111100110111111
011111111111001
111101111100111
011111011111101
011111111011111
111111111001011
111111110001111
110111111111100
011111111111010
101111110111011
111110111110101
110101110111111
101110110111111
111011110110111
111111111001111
110110101111111
111111111100101
101111101110111
111111100011111
010111011111111
111011110011111
110110011111111
110101011111111
100111110111111
110110111111111
111011111111010
111111011011101
111110001111111
101111111100111
111111110011011
111111110111111
111011101111110
101011111111011
111101101110111
100111110111111
001111111011111
111111100111111
010110111111111
111101111110111
111111001111110
011011111111110
111111001111101
011101101111111
111111110111010
111011111001111
111100111011111
001011111111111
011111001111111
111110011110111
100011111111111
011111111101111
101101111101111
111111011101110
111111111101101
101101111111011
011101111111111
101111111110111
111111111011100
110111111011011
111111100111011
011111111110110
111101111011011
111011111110110
111100011111111
110111110111110
111011111101101
110011101111111
111110111111010
011101111110111
111010111111111
011111110111111
111011111110101
110110111111110
110111111001111
101011110111111
111101111111011
101101101111111
011111011111101
111111111100110
111101011111011
110111110101111
011011111111011
010111110111111
111111110101111
111111110101011
101011111111011
011110111011111
110111111110101
011111111111101
101101011111111
110011111111110
111111011101111
111110011011111
110111101011111
011111110101111
110111111111111
110111110111011
110011111111110
100111111111110
011111111001111
111101111101110
111101111111110
111111111111011
010110111111111
011101110111111
111011010111111
101111100111111
011111110110111
111011111101111
111101111111001
111111111110110
110011011111111
111110101111111
111111011010111
111101111101111
101001111111111
110011101111111
101111111011101
111111111101101
111011110111101
110101111101111
111110111011011
111111001101111
101011101111111
111011111110111
111111110101110
101001111111111
001111011111111
001111111011111
111111101111100
111111010011111
111111111001101
111111110011110
111111111100110
110110111111101
101110111011111
111111111110101
110111011111101
101111111111001
111111111011101
111101110011111
111111111010110
110111111010111
101111101111011
110110111101111
011111111011110
011110011111111
110101111111101
010111111111111
011011111111011
111111111011001
111111110111011
111110011111101
110011111011111
111100011111111
011111100111111
011111110011111
101001111111111
011101111011111
111110101011111
101111111110110
111111011110111
011111111101011
111111011011011
101111011111011
011111011111110
111110110101111
011011111110111
111111110111110
111110111011101
111111111111100
111111100101111
011110111101111
110101111111011
111101111100111
100101111111111
110110111111111
011011101111111
110111111011110
111111101111111
000111111111111
111110101111111
111101101111101
110111111110111
111101101111101
111110111110111
101111100111111
101111001111111
111011110111011
101110101111111
101110111111111
111011111111011
110110111111111
011111111110101
111101101011111
111101011111101
111111111001110
101111111011011
110111101101111
111011111101011
111110011011111
011110111101111
110110111111110
101110111011111
111110111011011
111011110111111
111101111101110
110011111101111
111111110110111
010111111011111
111110010111111
111100111111101
111111110100111
111110011111110
110011110111111
111101110111011
101111111111010
001111111011111
111110110111011
111001101111111
111110110011111
111010011111111
011111101101111
101111110111111
111111011101110
101111101110111
110011111111101
001110111111111
101101111101111
110010111111111
110111111111011
111110111011011
101110111111110
111111011101110
110111101111101
101111111111011
101101111111101
111111101110101
101100111111111
111111011101111
111110110101111
110110101111111
010101111111111
111101111111001
111111110110111
111110111111001
111111111001111
101111101111101
111110111111111
111110111111100
101111111111101
100111111011111
110111111101101
110011110111111
110111011111111
111111011101101
111111110100111
100111110111111
111010111111011
011111111010111
111110111110101
011110111110111
011110111111101
101111110111101
111001110111111
111111111111001
111111101110110
011111111101111
111011111100111
111111111101101
001011111111111
111100111111101
111011010111111
110111111101110
111110111110011
111111011111001
110001111111111
010011111111111
111110111011110
011111111001111
100111111111011
111101011111101
111110011111101
011111111111011
111111111010101
111011100111111
011111111011101
100111111110111
111001111101111
111111111011100
110110011111111
011101111111101
001111111111011
111010110111111
011101101111111
111111101101110
011111101011111
101011111111111
110111110111111
111001011111111
101110011111111
111001111110111
110111111011111
111110110110111
011111111011110
111011110110111
111111011110101
001111110111111
111111011111100
110111101110111
111111011111010
011111011111110
111111010111011
101110111111111
101111111111001
100110111111111
111111111011011
111101100111111
011110011111111
111111110010111
011100111111111
111111110010111
111110111011011
011111011111011
111101110111111
111011111011110
011011111011111
011101111111101
111101111110101
110111111110011
101111111111100
011111111011011
111011110101111
101110111110111
111110110111110
111111011011011
111111101111010
101111111110011
111101111110110
111110111111101
110111011111011
111111011111011
111101111101101
111011111011110
111111111111011
011100111111111
010111111111110
111111001111111
111110101111111
011001111111111
111111011111010
111110101110111
110111111010111
111001111111011
011111111100111
101111111111110
111101110111011
111011111111001
111101110110111
111111011001111
101111111101110
111101111110011
111110001111111
111111101100111
011111001111111
011110011111111
111001111111111
011101111111110
101101111011111
101111110110111
101101111111011
101110110111111
111111100101111
111111010111110
111111111100111
110111101111110
110101011111111
011111111101110
111111010101111
011111111110110
110111110111101
010111011111111
111011111111010
111001110111111
110011111110111
011111011111110
111111110110111
001101111111111
111111110111010
011110111111011
111101111101110
111111011101011
011101111111110
100111111011111
111011110111110
111110111110101
111100110111111
111101110111011
111111111111010
111111011011110
111101111101110
110111001111111
101111111111001
111111110111100
111111011110111
111011110101111
111111111101110
011111110111110
111011110110111
111011110011111
101110111111101
011011111110111
111111111100101
111011101111101
101110111011111
011111111010111
111110011111101
111111101101110
111111110110011
010111101111111
111111010110111
111111100101111
101011011111111
111111001110111
111011111110101
010111110111111
111111100111011
011110111111111
001111111111011
011110111011111
111111010111110
110111110111110
010111111111111
111101001111111
110111111001111
111110011110111
111011011111111
111111011111111
111110011111111
101101110111111
111011101011111
111110111100111
111110111101011
111111101011011
101101111111011
100111111011111
111010111110111
101111101111101
111011101111011
110110111111101
111111101011110
111111111011110
101111101110111
110111110111101
111101111110101
111011110110111
111001101111111
001111101111111
111001110111111
110011111101111
011111110110111
111110111011011
111101110101111
011111110111101
111111001111011
011111101111110
111101111111110
011111111011101
111110101011111
101111010111111
111111111101001
111111010110111
111111110111001
111001111111111
111111110111101
111100101111111
111110111101110
111111111011110
111011111101111
111011111110111
111111101101011
110111011110111
101111011111110
111011111100111
111111110001111
111111111100111
111110110101111
101111111011011
101111111110110
111111111011100
101110110111111
011011110111111
111111001011111
101111101111101
101010111111111
110111011111011
111110110111011
111011111110101
111011111101011
110110111111111
101011111111110
111100111111011
011111111110101
100111011111111
110111111110111
110111111111011
011101111101111
110110101111111
111100111101111
100111111110111
001111111111111
111011101110111
011011111111101
111100110111111
111110111111111
111111111101100
111110110101111
100110111111111
111011111011101
111110111110101
001111111111111
111111111101111
011111111111110
111110100111111
110110111011111
111101011111110
111100111111111
111101110011111
011011011111111
110111111111001
111110010111111
101111111101111
101111101111110
011011111111110
011101111111111
111110111111101
111111111010011
100111011111111
101101111111111
111001111101111
010111111110111
101111110111111
110111111111111
011111011111111
111110110111111
110101111111110
001111111111011
101111111011110
111111010111101
111111111101001
111111111010011
011111101111101
011111101111101
111100111110111
101011111011111
110111011011111
101111111011111
111110011111111
111101111011111
111101110111110
101111111011111
110111110111111
110111111010111
111111111011010
111111110010111
111111011011111
111111011110110
111101011101111
101111111101101
111011111111010
111111111111001
110111111101110
111111011111010
011111111110011
101111111111101
110111011111101
111111111010011
011111111011101
110111110111110
111001110111111
111011111101101
111011111110101
111101111111001
011111101111101
111101111111100
111111110110111
100101111111111
101110011111111
110111111111001
111011111001111
101111011011111
110011111011111
110111111010111
001111111111111
111011111010111
111000111111111
111011011111110
000111111111111
110111110110111
111111101101110
111101111111110
111100011111111
101111100111111
110110111011111
111100111111110
111011110111110
011110011111111
110110101111111
011001111111111
110111110111111
111111111101101
111011011011111
111111111010101
110111011101111
111111010101111
111111111001101
111110001111111
111111011011110
111111110011101
011101111111111
111111110110111
111011111110011
110110111011111
111110111011011
010111111101111
111101111011011
110111101111011
111101111111001
111111110101011
111100011111111
110101111011111
111101110111011
001111111111011
111111100011111
111101111010111
111111101101011
111101111110101
111111110011101
111011011101111
111101111011110
111101111011110
101110110111111
110101011111111
111000111111111
111111111001111
110110111011111
101110111011111
111111011101011
111111111100110
110111111110101
111001111110111
111111110111010
111111111011111
110101111110111
110110011111111
101111111100111
101011111111101
110110111101111
111101110111101
001110111111111
111111111010111
010111111111111
011111111011111
111010111111110
111011111110011
111111111100101
111110101111101
110111111110110
111010111110111
111111111011001
101010111111111
111011110111110
111111011110101
011110111101111
111011111110101
101111111111010
100101111111111
011011111111111
011111011111111
101111101111110
001111111011111
001111110111111
101111010111111
011110111011111
011011111011111
111011101110111
101101011111111
111111101111110
101111101111110
111101011101111
111001111111101
101111011011111
111111011111001
011101111111110
111001111011111
011111111010111
101011111110111
111111111010011
011111111111101
111111111001011
101111010111111
110111010111111
111101101110111
111111101110110
101111101111101
111010111110111
110110111110111
111111111111001
111111111110100
111111110111100
111111111100101
111111111110110
111111101111111
011111111100111
011111111101101
111111110111100
011111101111011
111110111101011
101111100111111
111111001111101
111111011110110
011111111110101
111011111110101
111011110011111
011111111001111
111111111101011
100111111110111
111101011011111
111110111110011
111111101101110
101111111111100
101011111011111
111110111101011
101111111111111
111101111110110
110110111111111
110010111111111
111101111011110
111111111110010
111110110111111
110111101111111
101111111010111
111111110101101
011111011101111
001111111111101
100111111011111
101111111111011
011111110011111
110101111111111
011111110111101
101111111110011
111111101111101
001111111101111
111101011111110
111111011110110
111110101110111
111111111101100
011111111001111
111011111111111
111011101111011
111111111011101
111011011111011
011111111111100
111011111101101
011111100111111
011111101101111
111111111111011
011111011111101
111111100011111
110111101111110
111100101111111
111111010111111
111100110111111
111110101111111
101101011111111
111111111100110
101111111111011
110111010111111
101111011110111
101111111010111
111110110111111
111110111101101
111111011111001
101111111001111
111011111100111
111101111101101
111011101111101
111111010111101
001111111101111
110101111011111
011111111111111
111111110010111
011111111101110
111010111101111
111111111001110
111101100111111
111111110011011
011111011111111
011111011111110
010111111111111
111110111111100
011111011111111
111110100111111
110111111101110
111111010111111
011110111111011
111011111101011
011110011111111
111101111111011
101111011111101
010111111111111
110111100111111
111101011110111
111111101111101
011111111110011
111111110010111
111110111010111
110110110111111
101111111001111
111111111111011
111101101101111
101110111011111
101111110101111
111101101111011
101111111101101
011111011111101
111111110011011
101111101111101
111001011111111
111010111111111
101111111011110
110111101110111
110110011111111
111110011111110
110111011111011
111111100101111
101111111100111
101101110111111
111101110111101
111111010111101
111111011111010
001101111111111
111110110110111
110101111111011
011111101110111
111011111110101
011110111110111
110111011011111
001111111111011
101111011111111
001111111111110
111111110110111
111110101011111
111111111011111
101101111111011
100111111111101
111001101111111
110011111111111
111111111110110
101111111011110
011101111111101
111111100011111
111001110111111
111100111111111
111010111110111
101111101111111
101111111011111
111111110110111
101111111011101
110111011011111
110111111110101
111111111111000
111111101101101
111110011111011
111011111011101
111101011111111
011011111111011
001111111111011
111010111111101
101111111011111
111101111011011
111111101111010
011111111101111
111101011111111
100111110111111
101111101011111
111111110101111
111111011010111
101111111101011
111011111001111
011111111011110
110111101111110
011111101011111
010111111111110
111011100111111
011111111111011
101111011011111
011111101111101
111101011011111
111111110110101
111111001111101
101110111111011
110011110111111
011011101111111
111111101011111
011111111100111
110101111111101
110111110111011
110111110101111
110111111111111
111101111111111
110111011110111
111110111110011
101111011111110
110011111111111
111011111010111
101111010111111
111111110110111
101111111011101
011101011111111
111110101011111
011111111101110
011011111111101
101111111001111
111111111111000
111110111111010
111111011110110
001101111111111
011100111111111
111101111110101
101110111111101
111111111011010
111101111101111
111111011111101
100111111111101
111111111111110
111111111110011
111101101111011
111111110111101
110111110111011
100111111111111
101111110111111
100111111111011
110111111100111
111101110111011
111011011101111
101110111111101
111101111011111
111110111010111
111111111111101
111011011011111
110101111111111
111101011101111
000111111111111
010111101111111
101101111101111
101111111111101
111110011111011
111011101101111
111111101001111
101011110111111
111111101110110
111111110111100
111101111001111
101111111101110
100111111111110
111110111110110
111111111010111
011111111111001
111001101111111
111011111110101
111010111011111
100111110111111
010111110111111
101111111011111
111100111111011
100111111111111
010111110111111
111010111101111
111100111101111
111011111111001
010111011111111
110110111110111
001111111111110
111011111111100
110111101101111
110111111101110
110111111111111
111010101111111
011111101111101
011111111011011
111111111010101
111111011011110
111001111111111
111111111110101
110110111110111
111111111111100
101111111011101
110111110101111
111100110111111
111101111111001
111111111111111
111101110011111
111111110101110
110111111001111
111101110011111
011101111011111
010111111101111
111111011011111
110111101101111
111011111111010
101111011111111
111110111011110
111101111111110
111101110110111
111111001111111
111101101011111
101011011111111
111101111011111
111111111111010
111111011001111
111110101111101
110110111101111
111101101111101
111011111111011
011101111011111
011111111100111
111111100111101
111110110111110
111110110111011
111101111101110
101101101111111
111110110111110
111111110111011
111011111110111
100111011111111
100110111111111
111111001110111
111011110111101
111111111111101
110111111110110
111110111111001
110111101101111
111111111111010
011011111111101
111101011110111
111111111100111
011110111111101
111111010110111
111111011110110
011111101111011
101111110011111
011110101111111
100111111111011
011111101111101
011101111111111
111111111111010
111111111110010
111110101111011
101111111101110
111111011111110
100111111111101
110111110110111
111110111101011
111110111111001
111011111110110
101111110111110
111110111101101
101111111111100
110110111110111
011111111111100
011101111111110
101111111011011
011111111010111
111001011111111
111101110111110
101111011111111
101111111111111
111011101011111
101111101101111
111111110101111
111110101111111
111110011111011
101111010111111
001111111011111
111101110101111
111001111011111
110011111110111
110011111111011
111111111011110
111101011110111
111101110111111
111111101111101
101111110101111
110111101011111
111111010110111
110111011111011
111001111111101
111111111110011
111110111111010
111111110101110
011111011110111
111101111110110
110011111110111
011111110111011
110111110111101
011111111110101
110111111001111
111011111111001
110110110111111
111110011111111
101111111101101
001111111111111
011101101111111
111111111110011
110111110111110
110111101101111
110010111111111
011111100111111
101111111010111
110111011111101
011111101111111
101101111111101
011111110111110
111110111101111
011111111111111
101111111111101
111110110111111
111111011111001
111011111110101
100111111111011
111011101011111
100111111110111
110110110111111
101111001111111
111110111111111
111111111000111
111011011011111
111111100011111
111111111001011
110101011111111
101011101111111
111101111101110
011111110111011
110100111111111
111111110011101
110111011110111
011111111111101
111111111111101
111110111111110
111001111101111
111101110111101
001111111111111
111000111111111
011111110011111
111101111110110
111111001111101
101110111011111
111011111001111
111110101110111
111001111011111
111101111111010
111101011101111
111111001011111
011111111101111
111110110011111
111111110110110
110101111011111
011111111111101
111111110101110
111101101110111
111111110100111
111111011100111
111111011111101
111011011111011
101111111111101
101110110111111
111111101110110
001111111101111
111111111101001
111111111101100
011101011111111
111111011011011
111101011111110
111111011101101
111110010111111
011111100111111
101111111110110
010111111101111
111111011011101
111011111011111
111101111011110
111101101011111
111110101110111
111101110101111
111010111111011
011101111011111
111111111110101
111111101111110
111111100111101
011111111101101
110111111011011
111101110111101
111110001111111
111111010011111
111110011111110
111111111000111
111110111111011
110111101110111
101111110111011
001111111111011
111111111011111
101011111011111
111111011101110
111111011111011
101111111010111
111011110111011
111111111110101
101111011111111
111110110111101
111111101111111
101110111101111
111111111001101
111011111101111
111010111111111
011111110111111
101101110111111
011111111111011
001111111111110
101111011111011
011110110111111
101011111111110
111111011101110
111011011011111
001111111111011
010111111111111
101111011011111
110011111111110
011010111111111
111111110011111
111001011111111
111110110110111
111111010101111
111110111110111
111111101101101
111101001111111
110101111101111
011111011101111
111101110101111
101111011110111
110111110111110
111011001111111
110011111110111
110011111111011
111011111110110
111110111101111
111111111001110
111111111110100
111101111111111
011111110101111
001111101111111
111111101011011
111100111111110
111101111110101
111111111011110
111111110111010
101111100111111
111110111010111
101011111101111
111110011011111
110111111011110
111011101111110
111101111011011
011110111110111
111110011101111
011111111110110
011110111111111
110111101110111
111111111011001
011101111111110
111111111101001
111101111011101
101111111010111
110110101111111
111110110111011
111111110011111
011111101111111
111001110111111
110110111110111
111111111010110
111111101101110
111110111101101
111101111100111
111111111111010
111110111101110
111111110001111
111100111111111
100111111110111
111111111010011
110111011101111
111011110011111
101101011111111
110111111111111
011011101111111
111011101111111
111111100111011
110111011011111
111001110111111
110111111110110
101101110111111
111111000111111
010111111111110
111111111110011
111110110111101
101111111111100
111110111010111
111111111111110
011111101111101
110011111101111
110110111011111
110111111111010
111010011111111
111110111101110
111110111010111
001111110111111
101111011101111
110100111111111
110111101111101
110011111011111
011111111011101
011111100111111
111011111100111
001111111111110
111111110011111
110111111011110
001111111111101
011111101011111
011101101111111
111111101010111
110100111111111
111111111001110
111110111101011
111011111110111
111011011011111
111111011101101
101101111111110
101111111111001
110101101111111
011011111111101
011110111110111
111110011111111
111011011011111
101011111111110
111010111101111
111100111111101
111011101111101
111111001111110
101111111101011
111011111110111
011110111011111
111111100111110
101111110110111
101110111011111
110110111111111
111010111111110
111110111101110
001110111111111
111101011111011
111110111011101
110111011111110
111101111011110
111110101101111
101101111111101
111111111110100
111011111110101
101111011101111
111111100111011
111110111100111
011101111011111
101111110011111
111110101110111
011111101111101
101111101111111
110111111111011
111111011011110
111111101010111
101101011111111
111011101110111
111101011111110
111110100111111
111001111101111
111110110110111
111011101110111
111111111011101
110011110111111
001111111111111
111111111110010
111101101111110
111111101110011
111011111101011
011111111111001
111100111110111
111111011111011
111110101111101
101111011111011
111111111010011
110111111111101
111111011111010
111111111110011
111110111011101
001111011111111
111101011111101
111100111111011
011111111111101
101111011111110
111111101111001
111111101111001
111011111101110
111101111101110
101111101011111
101011011111111
100111111111110
111101111101111
111110111101111
110111110111110
011011111111101
101111111110101
111111101111110
101111111101110
101111111110011
011101111110111
101111001111111
011110111111011
011111111101111
101111111011101
110101111111111
111101011111110
011111111110011
111111111100101
111111111111000
101101111110111
111110100111111
111100111111111
111101001111111
101100111111111
111101101101111
111001111011111
111110111100111
111111101110111
111011110111111
110111101111101
111111011101110
111101111010111
110011111111110
011001111111111
111111110111110
111110111101110
111111111111101
111100111110111
011110110111111
110101111111111
111110101110111
011111100111111
011111111101110
111101101011111
011101111101111
101111110111011
111101111100111
011011111110111
011111111101101
110011011111111
111100111111111
100011111111111
111011111011011
010111101111111
011111110111110
011111111111110
111011110110111
111111110101111
111111011001111
111011111110101
101110111111110
111011111101101
011111101111011
101111111111010
111101111100111
011111110111101
111111111100011
110011110111111
111111101111110
110110111111110
110111110111111
010111111111101
110111111111001
101101011111111
111111101011111
101111111111111
011111111111110
110111110101111
111101101111111
111110111111001
110110111101111
111111011101111
011111101111111
111111101100111
111111101001111
010111111111111
011111110111011
111110111111100
101111111101101
011111111110110
101111100111111
111110110110111
010110111111111
011011111101111
111011011111101
111111111111000
111111110011110
011111101111011
111111010011111
011111100111111
010111111011111
110001111111111
101101101111111
111100111101111
100111101111111
111111101110110
111111011010111
100111111011111
101110111111111
110111111101101
111111101110111
101111111011011
101101111111011
101011111110111
011111011111101
011111111111101
011111101111101
110111111101101
110101111111111
111111100011111
110111101101111
111111111111010
011101111111011
111111111010011
011111101101111
011111101011111
111111010110111
111111111101001
110111111111011
111110111110011
101111101101111
101111101011111
111001011111111
111111101111010
011110011111111
111110111110011
111111111110010
111010110111111
111110111001111
111111101101110
110111111111101
111011111101111
110111101111110
111111011010111
111101011111111
101110111111011
110011101111111
111101111111001
111110110110111
010111011111111
011111111110110
111011101111011
111111101011101
111111110101101
111111010111101
111110111111101
011111101111111
110110101111111
011100111111111
110111110011111
111111101111010
110111101011111
101111111011101
111111111010011
011011110111111
110111110011111
011111111101101
110110111011111
111101101110111
110111111011111
110111111110111
111011110111110
111000111111111
110111111110110
111101001111111
111111001011111
001111111111011
011111111111010
111011111110101
101111111010111
111111110101011
111100110111111
111010110111111
110111111111010
111111111111101
011101111111011
111111010101111
111111010111111
011110110111111
111111101111001
011001111111111
111110111111010
111010111111011
110011111111110
111111110110101
111001111101111
110110111101111
110011111111011
111111110101011
101111111110111
111111110111010
111011110011111
011011101111111
111011101111110
100111111011111
111011111011011
110111111111111
111011111011011
110111111111001
110111101011111
110111111011110
111111111101011
011111101111111
110111110111110
110011111111110
101111101111110
001111111101111
111111011011011
111111111010101
011111011111101
110011111101111
110111111001111
011011111011111
111111101011111
110111111111001
011111011111101
001011111111111
111111001111110
110011111110111
101111111110101
110101111111110
101111011110111
110110111111101
001011111111111
111011101111111
111011111111111
100111111110111
111111101111001
110111101111110
111111100101111
011110101111111
111011011111110
111000111111111
111101010111111
010111111111111
110001111111111
111111111001011
111111101110101
101111101111111
111110110111011
101111110111101
110101111111101
011101111111111
111111111101101
110111101111101
111111111110110
111101111111101
001111111111111
111111101011111
111110010111111
101011101111111
111111111011110
111111101111101
111111111101110
101111111111010
011011111101111
011111101110111
111111100111101
110111111010111
111101111110110
101111111011011
111111110100111
101111111111111
110111111011111
110111111110101
110011111111111
111111111001111
111011111001111
111111110101110
111110011110111
110011111111011
110011111111101
111001111111011
101111011110111
110111111111010
100111111111011
001111101111111
111111011101111
101011111110111
111011111111010
110001111111111
111101111111011
010101111111111
111111111010111
110111011111110
111111111111000
011111101011111
111101111111011
101111111011011
111011111101011
011111110111011
011100111111111
101111111110011
111111111010011
111111011101110
011111111101110
011110111111101
110111111111001
011111111101011
111111110101111
110101111011111
110111101111011
111101101111101
110111111010111
111110111011111
011111011011111
011101101111111
111110111110111
101111101101111
111111110101110
111111011011011
101111011111110
111111110011111
111111110110111
110011111111110
111101011110111
011111101011111
110111111011110
111101100111111
111111011111011
110111101111011
101101111110111
111011011111011
110111011111110
101010111111111
111111011111101
110111101111101
011110111111111
111111111101110
111101110011111
111101111100111
101101101111111
011111111001111
111111111101100
001111111110111
110111111011101
111111011101011
111010110111111
110111111100111
011111011011111
111111010110111
110111101101111
111111111110111
101111111110011
011101111111110
101011111011111
110011111111110
011010111111111
110101111101111
111101101111011
011101110111111
111101101110111
Time = 0.457s
