n = 12, k = 5, l = 3, m = 674
Expect Resample Times = 0.363557
Result:
100011110111
011000111001
000100010100
101101110111
101111111000
000111011111
010010001111
111101000100
011001001001
010010101010
000100011111
111001101100
010110110101
010100100010
011111101101
011011011111
000101010110
111110000001
011101001110
001110010011
001100010000
000110001100
101010000010
100010100101
101101100101
010110011100
111011001110
111010011010
100100100010
110000010010
111000000110
100111010100
010010000111
000011111010
011011010111
111011011000
101110001111
110000101000
110000111010
110000110111
011011000000
101101010010
001001100000
000111101110
001000011100
011011100100
000101101001
000100010110
111111000111
101101101001
110111011110
111111111100
010110011110
011111000010
101101011000
111111111101
101101000011
111111111000
011100001100
011101101011
111011111101
001000001111
110111101011
100010001011
001011111100
010011010001
100000011110
000001101100
001111111001
010000100010
011100101010
010101111011
010000010111
110101010100
100100111101
111010111011
011100001000
001111100100
110100101100
111101001110
111111011111
101111101100
110011000000
010011000010
110101111000
011100110000
001110011101
011111001101
011110010100
111101100001
110110001011
111001000011
010000100100
100110110000
111100100010
110111010000
100000110010
011000101110
000110100101
101110111001
011000000001
100100110100
101010101010
100010110101
101010011001
001110110001
011001101000
010010110010
100000010011
000111110000
111110100110
100100010000
110110010100
000000101011
100110000111
010011001011
001011000110
010111000101
000111101111
000011100001
001111000100
110110001100
000111010110
011000001001
100010111101
001111111111
001001011100
111100001100
101010000000
111111101011
011111001110
011110001010
000111110110
010100011111
010111010010
110011000111
110100010001
101001010101
000000101101
001110100101
000111100111
110100011100
000100110101
011100000110
100010010110
110111000011
001100101100
111110101000
010001100110
111110011010
111111100011
100100010110
011111100010
101111110001
000011111000
111111000010
010011100101
100101110011
011000000110
000101010001
010000101001
001001100000
010011110100
111100000000
001110001110
001001101111
110001101011
100000001100
111101101110
001011011001
011101001000
010011001011
111011011001
110101101111
001101100111
011000100000
001011001011
100100100011
001111100000
001101101100
110111011010
011101100001
011010100010
010001000101
011101001101
011010000111
110111000100
011100110001
110010111011
110111110000
000100001100
111011110011
101100100001
011100011001
001110100100
100101111100
000001000101
010111001011
001100111001
010111001100
100110001010
110110110010
001000101011
101100110111
100100100100
011100000110
100010001110
011001100010
000101100001
001001011010
100101100100
100110111100
101010001000
001011101110
111101011111
000000110001
101010001010
000100111110
000110001000
011100000001
010000010101
000001110111
001011111101
010000101110
001011111010
010001100111
010000100011
111110000010
000000011010
101011001000
001010000011
101111000010
001101101010
110110010100
001001011001
100000111110
110010000001
001011111101
001101111000
000101111100
001011000110
100110010110
000100101101
011100000001
101011010111
001100110100
011000100111
111011011100
010110010011
000010101111
101011101101
100001001111
100100100010
001101100010
000101011000
000010100100
111110110000
001010101000
111010010001
001100010111
000010101101
111111000110
001100100110
010010011000
111110000110
101110100101
010101111100
010000010001
001110100100
100111111110
010001001101
001100010100
110000011011
111100011100
011000001001
111111110100
111010111100
110001101011
100100011110
001100011010
101000011100
000010111111
101011111100
000110100010
001111010100
101110000001
010010010011
101100000011
000010111100
000111110001
010101101011
001110000000
000011010100
111011010001
111001101010
010000010110
000010100100
011111011101
010011011001
110011101101
001111001111
111110101000
010110011110
010100001000
100010000101
010101110110
000001001100
001111011010
110011100110
100000111100
011111010111
000100100010
001011001000
001101011101
110010011010
010011110100
110001000101
010100000010
111111101000
011001111000
100100100100
010011100101
011011001000
101101010001
010100100100
001010101110
110101010110
100101001111
101000010011
010001010111
010100110101
000101100100
100101000110
110001100101
001001000011
001000101001
111010110101
000100010110
111011011000
100011000100
011100000011
101011010001
011110111111
110011100001
000110000011
110111010011
101010011000
001111110001
000101010110
011000101100
011000001000
011000010110
111101110001
100010101000
000101101011
111011000100
110101110010
000011000010
001001010110
010111001110
010111011100
010111110000
001011101101
101110011011
110000010011
101010110000
000000011101
101101001101
001100010110
110010111001
110111111011
011011111110
001011111100
010110010111
101100001110
100101000001
111111100001
111100011111
101011000110
110011100100
101110001001
110101100010
111100000010
110101100010
010000111011
100000111100
111100110111
111010010001
000100100001
010110000110
011101000101
100100101110
001011101111
101101000010
111001010110
000010001100
110110001100
010101010001
101001101001
101110111001
011011001111
110001101110
101001100111
000010001100
000111111111
100000111111
011100000100
001001100101
111010111000
001101101111
001110100100
111111001011
110111010000
101011111011
001101000101
101110010101
001000100010
100011000001
100001100010
011011110110
111010011011
111011011000
011001100001
110110001111
000010111101
101011110000
011101000001
011100101100
011011001011
101001001010
010010110000
000110110101
011011011011
001011010100
000001010010
011100111111
000111101111
100111010110
111100010100
110010111100
100101110101
111100001101
100110100101
101101110001
001111101000
000001101110
110001010110
100111000110
110110101111
111001011111
010101111110
101110100100
010111001110
011111111100
101010000111
111001101000
001000010101
010010100110
011011111011
011010100011
110010110001
101001101011
101011010001
001000100110
111001100000
010111000011
101111000001
011011001011
110111111010
001111100001
001000100010
001100111000
100101000101
001001110100
111001000100
110101001001
001010100101
111001101111
011110000101
101010101011
101010111000
001101101001
011101101110
001011011110
011111100011
001000110010
000010011001
001011001111
101011101001
001111100111
101110011101
000010001001
011001101100
001011110010
010001110111
010000010100
110010100000
110000001001
100110000000
001111011101
000000010011
011100110100
011010011110
010111011000
001001010111
100010010011
100011110110
001010110111
100010000001
011101001001
001001010100
001011001001
101010110001
101100011101
111101011011
000001010011
111001011101
111110010100
000010100011
100001110001
111010001111
000000011100
000100011101
011101110101
011000101010
111001111011
100110001000
101111111100
101000010110
000011111011
000011100001
001110000101
000011010101
010010000110
110011001100
110111011110
010101000110
010001100101
110110000111
110110101100
001001101111
010000010010
010111101100
000000111010
000001110001
000000101001
001010001010
100000100010
010100011011
101111010101
001010000100
110110111110
100101011111
111000011010
100110010100
011001000110
100111001100
001100010111
101110111101
000010100100
010000110111
111000101100
011001001111
100010010011
110010011010
010111000010
100110110110
110110011011
100010000001
111100110111
100101001100
000011101001
101010100110
011111011111
011101011111
100001101110
110001110010
100011011011
000011001011
100101111101
111000010010
011010100110
101000110100
111101100001
000111110110
010010110100
110110001011
000101010110
000010000110
011110000101
111001111001
011100100010
001011100001
100000010011
010010101001
000100101010
011111000001
110011101111
001110011101
010010101001
110000000011
011010011000
111111011010
100110111000
111001111001
001100111100
110110001000
101011010000
101000101101
011110000000
101111101001
011000100011
001111010101
010010001001
001001111110
100010111010
001001011110
111110010011
011110110000
110110001011
001010011010
111011110110
101110011110
111110111100
010001011001
110110101000
110101000010
111100101000
110101000001
101000100101
001110100111
101100011111
110101111110
101101100010
001110000101
101110011010
110000111100
001000001111
001111110010
111111111011
011001110011
010100000001
010011101011
110001000100
011001111010
010111100000
001010100000
011110010001
000101100100
010011000000
101011101001
000010010010
011010110100
101110011101
110000111010
111101011101
101101100111
000011110111
101010111100
111000100001
111000111100
000000001101
001011000110
110111011111
000101101001
100001001111
001100011110
000100100101
010101111010
101101101001
011000101011
000100100010
001000110101
111010110100
Time = 0.047s
