n = 15, k = 6, l = 3, m = 1543
Expect Resample Times = 0.366793
Result:
001111010000000
001111111101110
001110100101001
000110001000101
010011100100011
100010001101010
100101110001010
100101011001101
010110110101011
111000101100000
111010110111111
000110101001000
111100101100010
111001101100101
010101110100000
111110101110100
001100001100110
000110000010011
101001110110111
011001000000000
101100110110000
110010011111101
100111110111000
100001101011101
111011110011110
110000110000101
101011000111100
001001010011100
111011111110000
010111101100100
101101100100110
000010111110100
100011000100011
101111010100111
000011110011110
010000111100111
101010100001101
010101111100101
110011011010011
000100101110010
011110100110110
010111010000101
011110100011011
011111110111010
011011100110100
000100000010110
001001110110011
000010111111001
100100010101010
100011110110100
011101000000000
001001100101001
011110100011110
001001110110000
110110111010011
001111000000100
111100000000001
110110010010100
101000111100101
100010101100110
011101001010010
110101000000110
111110110010110
101010011101100
101001100100001
110100100100001
010010111110001
010010001000000
010100110010001
101100110101000
110001000110001
100100101010110
001001000000101
010111010110100
010100001011011
111100011011001
100101100101110
011110111100010
001110000100111
011111101001011
111110111110000
011010000111011
001111000101111
110000101100100
000111111101001
001100100000100
111011010101110
001100110111011
000111110010111
001000100110010
000110101110010
101011111101001
110101100010110
101100001110010
110100001110111
001010001000011
110110100000010
010110011010110
011111001111011
001101000101000
111000101010011
111110100000110
001011011101110
010001101100111
000011111010100
100100000010111
010100111111100
001011011100001
101001100101110
111101000111010
011010001101110
001100010101101
111000111000111
110001100010101
010010101110111
001001010101101
010111001010110
001110110100101
011000100011010
010001110011110
010010100101000
101100110101010
000000001001010
010001001001010
100101001110101
110101011000111
110111001010100
010110010000010
111011101111100
100110000001011
011001000110011
010100011101110
100010111101111
110111100010110
011010011000001
100110000000000
011000001001001
011010100010011
011010011011001
111101011100101
011111111100011
001111001000000
110000110101001
011001111010110
111000101001101
100000110001110
011011011010110
000100111101101
000000011111010
001100011110101
100110101011110
101000011001110
100001011101011
010000101000001
000101001011000
111110111011111
111110010011011
111001110011011
011100000100110
101001001011111
101001011010110
101001001010010
011000100111011
110011100100110
011101000101010
101110011011110
011000111010011
000111110111000
011000010000001
111000001001001
101000011001101
111001010111110
000111100110101
011010011010001
100010010100101
000001101111111
110110100000000
111101111010101
111111001101001
010111001111001
110011111101000
101101010010101
101010000111000
100100100011010
110001101101010
111010010101111
110000100011100
010000101100100
110010000111010
100000101101010
010100011100010
101000010111001
110010001101011
101000101101110
011101111011011
110010001010111
101110011000101
110011011011001
110101001000101
001000000101010
101010010110111
100000011010100
110110001101000
011001110110001
001010001110111
010110000010111
100110001110000
011110110010011
101001100010101
000110100001010
101110101010001
101100001111011
111011111101001
111101011011101
111011011010100
110000101100111
110100001011111
111101111010000
101000011100110
100010001100110
001000000111101
000110110011111
111100111000010
011101101001101
000010101110001
110101001011111
000100001010000
110101001100010
001011010000111
001010110000010
100100110010011
011000101010100
111110101101000
111011010011000
011100010000010
111000101110001
100111001100011
100010010110001
110111100000101
100110011101011
011001000110110
110100101111111
000000110011010
010111110111001
100010001011001
001101110100110
010110011100010
000011111001111
000011011111001
101100000101111
111011011111100
000010111000001
101100110000110
001111010110110
001111001010111
000011010110010
110101001111011
010111000101000
110100101111010
011000100101100
100001011101001
101111001001101
101100100011000
010101100111000
111101111011000
100000001001111
111000010111000
000010101110011
110010110101110
010100010110000
001111011011001
101100000101110
100000100101110
101000011100010
100011011100101
101010010100110
110010011011010
001010011101000
010011011000011
011100101101010
000001001111001
100000111010011
010101010110010
011001011111011
111000100010010
011110010001111
100011100011101
000111111110010
100100110100110
001101000101100
100110110101001
011100100000110
101110101001011
000100010101011
011000110000001
010010100110100
100110001101011
101001011000111
100100001000110
111100000000111
110111010101000
111001110011111
100111010111010
000100001011010
000110100001110
100101010011110
010100110110100
001001001011001
101111001011000
100100110100001
000101111001111
010010101100000
011100110010010
001001001010110
110001011111010
111001111001100
111000011010000
010011000001001
000111000011000
111000011111010
100011001000011
110001111000001
000101000110110
011010011101100
111011101100001
000111001100010
111101100000000
001111010111010
001011001011011
110111110100001
111111000000110
010010011011001
000110100000110
111000111011011
011100100011101
110011111011000
101000010101011
101000011001001
011111100101111
111101110111100
000001000100011
000110000001100
000000101011100
110100110010011
110010100110000
110011101100001
000001010101001
111001011010001
000100110110000
111000100100111
000011100000101
111111011001011
110010101010000
010001101100000
001001101111100
000101011011000
100111101011001
011111001100101
101100110101011
011100000110110
010101101001010
101111110111100
110000110101111
000001111101011
001110100100000
110110110011100
001001010001010
100000001001110
100011101001000
100100010000000
100101001100010
010011110110101
000001101011001
000000010101111
000010101111000
010111101000000
100001010001101
111100010111001
011000010101101
101110111011000
111011001111101
011001100101011
000000010110000
100000000110100
001100001111001
001001010010001
100111000110111
110000100010110
011101101111001
011001110000111
011000111101001
011100011001111
000000101100011
011100100100000
111000111101010
111110010101010
101010101011101
100001001000101
100100110100110
110100011010111
101000100111001
000100111100101
001110110110001
110110111100001
010011110000100
100110111011101
011100010010101
000001001101011
101011000100101
001100110011100
110001011001101
101010011100011
101111000101110
101100100000011
011100110000011
010001111011111
011110000110000
110100011001001
011110000001000
011111011010111
111101100000010
000111011010111
000111101110011
000101011111110
100101101000001
011001110000110
101010101110100
010110100110000
100001001100111
000011000101101
010101110011010
000001111101110
101100111101001
110000000101010
000001111000011
101111100110000
100110100001111
011111011100000
000001100011100
100011000010000
110100010100001
011100010000010
011110011111000
000000011110000
101100011000011
001101001110001
000100101000000
011101110111101
110000111011011
100110010010100
001101111110010
000001000101101
011000100000001
011111001000011
100110001100110
111011100111101
110101010001100
011101010100100
110000010000000
111110011111010
000010001000111
100101011010100
000111101010101
001110110001110
100000110101011
010000100110110
100101010110100
011000101101101
110101101110111
110110101101100
111101111111001
101110101000000
101010011011111
010110010010100
001011111010111
000110001100011
011010001011000
111011101011101
000110011010000
001000101101000
111011000001111
001100010001100
011000011001011
000100111000101
000101001011101
100000001001001
001100011000011
010010001110001
111001000101101
110101111001000
111011100000000
111100000001001
010010110111001
000101101111010
000011010000101
000110101000101
100101101011111
100101110001010
111101010011110
011111101010010
010110001110010
100001111001111
100100001101100
001001111101100
101110000001111
100110000010100
000110011000000
000011010101001
011101110000000
000100011010001
110101100010100
001001101000100
110011100111111
111000110101101
101011000111001
100000101010011
010111001001001
001110010110001
111101101111101
001101001101010
100000001100001
010111001100000
101000101111110
000011000110011
001110010100111
111000011010111
100001001010110
111100010010111
110010110011010
101010111100101
010011011000010
011010101001100
111100010111010
010101010101111
011101101011001
111000101011101
011101001010010
010001001000011
101101011110110
100011111101101
001100111100001
111011100100101
001101110011010
001100100101000
000101001010010
101110000000001
010101001000101
010101110001111
110110011001101
101001010011010
111101000000100
111000111001001
110010110011101
100001000010110
000100100100011
110000100100011
000101010111110
000000100101111
001100000110011
001011110011100
100111011111001
010110111011001
010010000100110
110110111110100
110000000100010
011010000010010
010000110010101
111101000001010
001010111111011
101110111011000
111010011100101
011000100001011
111101100111011
101000100010000
100110101110101
010110101001101
000111101100110
000011010110100
010111010011000
101100111100111
111110101110000
010100010000011
110011000011010
111011001101110
010010101000011
000010011000100
110001001011111
100000111111010
111100001000011
100001110101110
000100011101100
110111001001111
110100100100100
110110010101111
011101001000010
110110001011001
110011011101000
011100000110110
000011110000011
101001111001101
001110110100101
011110101111011
001011001011101
101001110000101
110101001010110
010000010001010
110000110111010
111010000101011
100111101000010
101100111101011
000010010010101
110110110001110
110010111010001
011100110010111
000100000001011
010110011101101
101001001111011
110101101111100
010011101001110
101100001001011
010110100001111
111101101101000
101100011000101
001110100011101
000111110110011
100000010010000
100010010001000
010010001110010
100101101001101
100000011111100
110100000000111
110110101111100
101101111101011
001111000100100
111101001001110
110000011100011
100011110000111
011101111001101
101111010000110
001011101110010
110010110001001
111101001100101
010100101100001
110011101110100
101011101100000
110001001101011
001111010011101
001110000011111
100010110111100
100100100111000
010101000010100
000010110111011
011111000000110
100000001100100
111101101101000
001001011001011
100011101001100
011111101110001
010010101100100
111110000111110
000000100101000
110101100000011
010101011100110
111111101110101
100110101110000
011000010100101
100100010011000
001110001001111
011111011110000
111101111011111
001010011000111
010011001001011
011100011110101
000100100100110
101011000100010
110000011110111
110000011010100
111110010110101
010010001101011
101010111101000
100110010011001
010110011010100
111110000000011
101011111101010
101011011001011
000111100011100
101000111010101
011111111111111
110110111110011
011011111100110
011000000001100
000101111101110
110110111101110
100011001011110
111101010111011
000101000111110
110010001111001
000011001000001
110011000001111
010111010001101
001101101010101
001111110100111
011000111010111
110111111000100
001110011110101
000111011101001
000011010111111
101110000000111
100101010000101
000111010110101
101010110110011
111010101110011
011101000100101
110100001101000
010001101010111
000100011101000
100000111001101
101001001000001
100010100111111
110011010100111
111000000100100
110100000110010
100011011110000
100111101101000
100011111110100
110100011101100
110101100001000
100101101001110
111001011001101
001101111000010
101111010110110
011010000001100
101010010011010
001100010011011
111010010010001
111100110101111
100011110110111
010010001001011
100111010110111
010010100100010
010111101000110
110110011010100
010100011001100
000101111101010
010010100111001
010000101111001
101111011001100
111101110101011
010100010101101
000101110111010
010101100010101
110011101000000
101001110110000
111101101011010
001010111000011
110000011010011
001001110100000
011011010010000
010100010000001
110101011100001
010101011110110
110110110100101
010111101001110
101111001001011
110011000110111
001010001011001
110011011100001
101110101111010
000000010111000
010000001111010
010111001110001
010001100000010
001000001100010
100010001011010
000101111011101
000100000011111
111111110111011
111011101011010
100011100100010
000110101101100
011001011101100
100111010100000
001100100011010
111011100000111
001011110000101
101100010010110
101000011101010
010000100011000
000100110111001
000101101001010
011100101110111
111100111110011
000011101001001
010100010001010
100010111100100
110010111010000
111110111001010
100100100100101
001111110001011
100100000011001
100011101011110
100110100000001
101100101010001
000010111010010
111101111110110
100011111101011
111000110000100
110001101100111
000001010011101
101011000011010
100111111110111
011100010111011
000111000110111
111001010110111
000000101101001
001001111000001
010110100111100
001011001010001
111110101011011
001101000100000
100100110000010
111011011000111
000101111011110
110111101001101
101001100010110
000111010000111
001100101011111
110010000010000
111010010101100
111011011010100
000110011000110
010101100010001
011001010011100
101111101011101
110000000111010
111111001010111
101111110000000
101011011001011
110000101110111
100000100111000
010110000101101
100110011011110
100100010101111
101011100010001
001011100000001
010111011110010
111111101001011
001100110101000
111100100010011
101111101000010
010000011101111
001101001101010
111110110111010
111111111111010
001001010011001
011101010111010
101010000110001
010100000111011
001011101101100
100101011101001
100011011101110
110110000101010
110001100110100
000101000110111
101101111010011
100010011000111
000101001111110
000011100001100
111101101000101
110001110001001
010111011000010
100000010010000
011100011011101
000101101000010
010011110101111
011110011101100
101110010001110
011000000001000
111000101100011
011101110110101
110100010000110
011001010110110
110010110111001
011001101001010
100101011111101
010101111100000
100001011011000
000011101001000
111111001010100
110000000010001
001000100010010
111010001000001
001100010011110
110001110110000
111110010110010
011101111111000
010101111011010
010100100101100
111101001110101
001001000010101
011000011111010
101010010011010
101000100000000
100100001010011
100100011111111
000100011111100
010111010010101
100111101011011
100010000100101
001111101110110
011111001111010
010111011011001
101001010010100
110110011011011
011100011101110
100101111100111
011001011001101
110110000110001
110110101010010
111001101111110
110010001110000
011000011100110
111010100000010
111011100001001
101101110100011
111000001011110
100111110010010
110110110001010
100001101111111
011100101000010
100101101111100
100100001000100
011000011100110
000010100110010
010100101111101
000101110111000
011101010000101
000101100111001
010100111111111
011011100010101
111000000001100
110010011011000
100111101011100
110010110001010
010110100110000
111101001110011
010001100110110
010000100000110
001011011010110
101000010010111
101110010111001
100001011111001
110000000101000
011110011010001
100101110101001
010011010110010
100111100011001
111101001111100
000101010111000
101000100011111
101011101011011
111000111110011
011001110101101
110000101101110
011101011110001
011001101111111
110000001001100
101101110111111
110101000101010
011111111011001
000011100111110
111001111101010
001101101010001
000011010110000
101000001100001
010111100111111
101001111011111
010111001101011
000110100001100
101000010101000
110000010011011
010010101100110
000010010011101
000110100010010
001001100100110
000100000111000
100100110001010
111111100011011
100110001000001
011101110101011
001100110010010
111101000000000
011111001110100
001111111010000
101110011010100
010111110010001
110111101010010
000101110101011
111001000001111
000011000011101
100111101110001
011101101010101
100010111011010
001111101101100
100000001010100
101001001001111
000101000111000
011010110111100
100110011110000
000011110111010
101011011101100
001010010111100
001000110000111
001111101100010
101011110111010
110000111000100
101010011100001
100000001001011
111011101100101
011101011100000
001100011011110
101101101110011
010110001001000
011010001100010
111100001101010
000110110011111
100101111011010
110100010100100
110000111101101
101110101111110
100000010111001
110110010110011
100110100011011
010001100110100
100011111111100
100001010001011
001010000001110
101110100001110
001111000100001
010111111001011
111010000111101
110111001111110
100100011111011
111111010101010
111010111100000
110001110100000
111100101000010
001110000111001
110111011001101
010101110010110
111010000100100
110000101111011
110010000011000
110011001100110
001000010011011
110100100010000
111010001111111
001001010000100
110110101010101
000101110101111
110110100100010
000000001010010
010010100001110
001011101111110
010111000101111
000111111000111
101001011010111
111110110110110
101111000010000
111111110010110
100001100011011
010010001011100
001100010110101
100101010111100
100101101111000
111000111001000
011010111101110
000011000011100
101000010001010
000110110001001
010000000100010
001111101111110
111100011100111
111100110001000
010110011101000
110100110011101
101111000010010
111011000100111
101010010100101
011110011111100
000000111000101
101111101011010
100100111111111
011011010101011
100010100100101
001111110011100
100110101001110
101001100011100
101111010001000
000010111000100
010010010001010
111010111010010
110100100011001
111010010111110
111101111101110
001001100100000
111010110001101
001011001110011
111010000100011
010100001100111
101101101010011
111001111010110
101011101000100
110111000000111
001010100111111
111011001001001
100001101000100
111000011001000
111011110010110
111010100010001
100100000000110
111001010011111
001010000000011
010111111111001
101000100011110
100010100001001
100010011101010
000101101011011
101010100010101
100111011110100
001101010010000
111011100010111
100010111000110
110010000011000
101011001100100
000100010001001
000001111001000
001100000110111
001010010011011
100000011001110
011100010001000
001100100110011
111110101111000
001011010101001
001011011100111
101001101111111
100010101011010
010010001100110
000010111110101
100101001100000
000110111111100
111110100010110
011111111010100
000011000000110
001001101001101
011101110000000
101011101101000
010100111010001
101000101100011
010000000111001
010000111001010
001101101001110
000010010110110
101011001110010
110111110000101
011000110111111
110000010111001
110111100111100
001101100100010
111010111000111
101110110101001
010000010111101
010001110110000
000000010011101
001000110000100
110011010100001
100111001101100
101010111010010
010111001000110
101000011101111
010100110010000
010010000101001
110000101110010
010110101000010
010110100011011
000101010101100
110011000000101
010001000011010
100111111011110
111001100001010
111010011000110
110010110110101
011011001000110
101100110111011
101111001000000
111001100011110
111000001101000
010011110011010
001101101000010
100101010111110
111111001000100
100110111000001
010111010100100
101110111000011
110001110110100
100101000010011
010000100110101
000011101011100
110111011110101
110110110001011
000000011011000
111100101101010
111001010001101
010010101001101
110001110110100
100010010111010
111010101111001
111010100000010
110101100000100
000011101011111
101010001111100
111000101010000
100101100011101
110001100011001
010010011011010
010111010111101
011010001010010
000001111001110
100010011001001
011011001110101
001001010011110
001101110000001
010011110101111
111001110101011
010101110000001
000000110100111
101010011011010
010110001110001
110001010001110
111011001011011
111000101101110
110011100111111
010100100000101
001001000001011
100010010101111
010010111110101
011011111101100
001111001110000
011001111111001
100111001010101
011110000000101
000011000000011
111110000000001
111001110000011
011110101000011
001110101010101
111100101100101
101111001100001
101000111000101
111000101100100
111010000100010
110011101101110
100101011101100
000111011000010
001010000111001
100001011000000
111111100110011
010001110101101
101111001101110
111001011000010
011101100011111
011110000110010
001001100001111
100010000010001
010110011010110
011101110001000
010101010110000
000110100110101
011001111101011
110010001011011
110111000010001
101110011110101
110010011110010
010101000111110
100111011100110
100110000011101
000000001001100
000011011111110
100110010110101
111100001011101
111000101000101
111000111011111
001110001010101
100110101111001
001100001010111
111101000101101
000101010101000
100000010100110
001011110101101
011000111101011
001101011111111
100110101110110
111011101000110
101101100100111
101111100000111
100001100011000
000000111110011
100101000111101
111101011110100
000010110100011
000001010101001
100110100001010
100001101111011
110100001101101
111101111110010
011010011000101
011010100011001
111111110110111
011000110001001
000000100110000
000000110000001
111110111110011
011001101110110
110001110111110
100100001110011
111011001000011
000000110110000
010101101111101
011000101001000
111101010110010
101111000001010
100111110010100
011101010101001
110101000010010
100111110011001
000010101101011
010001011000111
011101000100110
110000111010001
001001011011001
010001100101100
001111110110000
110100111100101
110010011000110
100010010000010
101110000000111
000000010001111
110111111110100
010000001100110
011100001010111
011000000110101
100010111100110
100100010110010
001101101110111
110101010100111
110000000000010
110100000011111
010111011011011
110000111111110
111100110000111
101001101101001
100010011110000
100110101110101
010100010011000
000100110100111
100000000100001
100100011100100
000100011100111
001011110100110
011111000111101
001100111010010
111001100010101
110010001011000
001111010100101
101110111000111
101010000001010
000010000100010
000101100001111
101010100000010
100110111001101
111101010101010
110101000011101
000001101011000
110001001000010
110000111100010
111100101111011
011010011000110
101000111101011
000000010010010
001101101110101
010000111100101
100010110000011
100011100110100
001011011010010
101000011111101
111010100001011
110011110111100
010001100001011
110111011001001
110010001100110
010111101001000
101111100100011
010110011101010
101011100101101
010100100111101
011110001110011
101011101000000
101000101011100
111100110111110
100101000101111
110101101010110
100100110100000
101010101011110
011110100001000
100010011110001
101011110011111
010011111010100
010101100100001
011010111111001
001000100101110
000001110101011
110100100001101
011110010100011
110101011010001
101000010010110
011111000010010
100101000110100
011011110010110
001010100000000
111100010010011
101110101000101
001001000100111
000000011001010
111101001000110
110001010000111
001101000010000
100000100001111
000001111101110
100000111101111
000001010110001
001011111111011
010010111100101
110001110110001
100101101111111
100110111101001
100000101000101
100010110101001
001100101101011
111110111111001
010010000001111
010011110110001
110100001101110
011001111001101
101000110101011
011111111110000
101010100001010
011110111111110
100011110011101
011110000100011
111101010000111
001011101110111
001011100111100
010011011011101
101100000110001
101100001001000
010101000010111
011011100001100
000010101100011
100000111111100
001100000100100
011111000100111
110110011010111
010101111010101
011001010001101
011110100010010
101100011101101
000010101101110
100010010100000
001011100100111
010010010001111
001101101110110
001100101111110
000101011000001
011101100110000
010110000011011
100111111101000
001101101111111
111001010000001
101110000000010
000010011001101
111101101011011
111010100101111
111111011111100
100000011000011
010111111000010
100111111101001
010000101101011
110011001111010
000001000001111
011000101111110
001111010111101
011000111101101
001110010111000
011000101010000
001111111010100
011011000101101
110011111101011
010110001000101
101001100001000
000011001001100
111000000100111
001100100001011
010101111000111
011110001111011
111100001110100
101010010011000
010011000001010
001011000111100
110001010001011
011011000000101
110101101101001
001011100000001
001010110011010
100011010001000
000000111011000
001100001001101
101000101101110
000100100011111
010110011111100
010011101000011
000010100000001
011101110111001
110010101101000
011001101101110
010010101000001
010100100100101
011100101000101
000110100111000
011000110101010
001110011111010
011110111111010
110111000101111
110001101001000
Time = 40.125s
