n = 14, k = 4, l = 5, m = 392
Expect Resample Times = 0.382649
Result:
00110110010101
00000111011010
11001001001110
10110100010101
01011101010110
11000100111010
01011000100101
01000110101010
11001101001000
10101101100111
10111000100011
00101110100100
10110011001010
10001001101000
11011111011001
01011000100011
00001001011100
11000011000110
11111011110000
11010110101000
00101010111001
10010011101111
00110101111001
01110101010000
00000101011011
00111011001010
10101001011011
00110111111011
10010010101001
11110110100101
11010000011010
10010110000110
11000010111000
00000011000111
10011001011110
10010110100111
11110000101011
11010001100011
01001111011010
00011011100010
01101011110011
10101000011111
00100011101011
01110100101011
01001101101010
11001101100110
11011001001000
10010101100000
00001110011111
10111001101001
00001000101101
11110100101101
11101001011111
00001011110101
00100101101101
00001001100110
00000110010111
00100001011110
10100001111111
10110101110000
11000110010101
11111111110110
01010101000011
11000111110110
01100111110011
00100010001110
01010100011011
10001101011101
10100101101000
11110001111110
00110111010010
10100110010001
11011001011100
10101111001101
01111100101001
11011011010001
00101111001110
11100111100101
00110100001101
11111010010100
01010111101110
00011111101001
11110000100100
00111001110011
01000000100111
10111010000010
01001101111101
00011010111001
00111110101011
00010111111010
00011111111000
11001011110110
00110010000111
01101001111010
11101010101101
01100011101110
01101100011001
11111100110000
10101011010110
00101001101110
11111010110101
00111001011101
10010100010111
01110101001001
11101001100100
01000111100100
01100111000100
01100011000101
00101101100010
00110011010111
10110000010100
01101010110010
10010010000011
10000110000101
10110101111001
10010000111011
01010011111111
00011111010011
01001111000111
11110100100101
01100010101101
11010101101101
00001001100111
01110100010001
11011010001000
10001100111111
00100010001011
11101010011100
10111000101100
01010010010010
01100010110101
01010001111101
10011001011111
00010011111001
01011011110001
00000011101010
10000111100011
11000101011111
00101001001100
01000010100101
01011000101000
00110000111000
11110110010001
11001110110101
00101101010100
10111011110010
00001111110000
11001101101100
11011110101100
10100000110100
00110100011100
01100100010101
01000001101110
11011000010000
10111011011001
01101111000001
00110011011101
11010100000111
11101000000111
11001101001001
10111110110001
00110001101101
11000001110101
10100011011100
11101100111001
11100001000100
11100010101101
10010001001101
11111011101101
00111011001011
10100010000111
01000001101001
01101101100100
10000101111010
01010111101110
11111011010001
11111110011001
01110001100010
11110011110000
10000111011110
11000111011110
01100100010111
10010011011100
10100001101110
11110010001111
11000101100001
11100010100011
10010110110110
00001110110100
01101111000010
01011011010010
00101101101101
00011010011010
11110011001011
11000010111000
11000011011001
11100101010110
10011100110010
01111001111101
10010110010110
01011000111100
10100001011011
01110001001011
01011011100111
00100010110111
11010001010010
00110100111011
11101001111111
10011011010101
00100101011111
11011010101000
00111000100100
11110100100010
11001011010110
00001110101100
01110010110001
10110101011100
10000111100101
00101011000001
10011010001000
00011101100010
00011011001001
00010011100011
01100110100000
11001000100001
11001011001001
00001001011011
10101100110001
01100100101011
01010101000100
11001101000110
11011110100000
00111100000010
11101000100011
10111001011000
00001110111100
10110010100100
10110000010111
00101101101101
01101101100001
11111000100101
00110111100001
11110011110100
11011111101000
11110100100011
11100111010001
01111110000001
00010110001101
11011100110011
11011001111000
11000001010110
00111010111010
11001000110100
10011011100010
10011111011110
01100110010011
11110111111110
11000010001010
00111101101101
11111111110111
00111011001011
01101100101011
10110101101010
10101001101010
11001101110110
10101101001001
00111010110100
01000111001001
10010110000101
01110000111111
11011001001001
01100000011101
11010100010001
10010110010011
01010110100011
11001011101010
00110010101101
01011000111001
10010110101011
01001110110001
01001101100100
10101101101100
11110101000010
11000111110101
01001110011001
01100011100010
00000010101110
11000101010011
11101011111110
01111100111001
01111100011010
01001010001011
01110011100010
01110010110101
11110110001101
00110001111101
01000010101110
10101101011110
10111001011101
10110010111011
00100001101010
00001110100110
11101111011001
00000100101110
00101010000101
10110101011100
00011110001111
01010111100111
10011011000011
01110101100010
01011010000011
01010111101101
01001001100111
01001010010111
10001000001101
00011110010111
01001010000110
10110000110101
00011100100111
00001101001100
11001100000100
10101110000011
11101100000010
00100110110111
11110110011101
10110110110011
10011011001100
11011000000110
11101100110110
10110000001001
11010111100100
10011010100011
11100101001001
10001011100011
11011101010110
11011001010011
10110100101010
10001101000001
11110100110000
01010100111110
10111101001100
10110100100001
10101100100011
00101011000011
00010000111101
11101110010011
10100110001101
01110000000101
01100001000111
01100101001101
11111111111100
00010111010001
00100001110001
10001101111011
00011101101001
00011011101111
11111111111010
00110001110110
11101101101011
00000110100110
10111110011111
00101001100111
11000100011100
11011100010101
11100000000101
10001111110010
00001000001111
11011101001000
00010111110000
01011101110011
10110000101100
10011011100010
11110100101101
11100000011100
01010001010001
11010001101110
00001110001011
01001100001011
11011101010010
01101110000010
01111011001101
11011101010010
11000011010101
01000000100111
11010011100000
10111010111111
01110101101111
00001110111010
10011001101101
11010010101100
00110100101001
01110010000010
Time = 1.336s
