n = 17, k = 3, l = 1, m = 152
Expect Resample Times = 0.522711
Result:
00010010001111010
10101001101000100
00000100000000110
10101001100010111
11001101111011001
00101100101111001
10110000010000010
10011100001000111
11001111000001100
10001111001111011
01101111010110000
11100110000111001
01001010101010100
01111101100110101
01010110011100100
01001100001100001
00011011001010111
00011010111110000
01011110011010010
11101000100010111
10011101010100000
00010001111101001
00011011010111100
01010100011100000
00001111000001110
01110001010001110
01110010011110101
11011110000010001
00111000001111010
11001100001010110
11100101111110010
01010111101111111
00010010100111010
01011000000101101
00111000010101100
01111000001011001
01111000000110111
01001100101001011
11111111110011011
00100110101001000
10010000111011000
10010100011011100
00010100011011000
01110100101100000
01010011011100100
01111011100010111
00001101100011011
01011010001111111
10111010101110100
11011100000010110
01011101101011000
01110010110110101
00100011100111000
11110110110101001
10110010111111101
01011101010111001
01101111000110000
01100010010101111
00000010111111111
00111010011111001
01010111100010100
00111010011110000
01111110011010100
11100000111110010
11110111110100010
10101011011111100
00101100111110101
01110000000111010
01111100001101011
11001100111000111
11110001110011110
01100001100110100
01001001001101000
01000110100000001
10100010100000101
11000110110110011
00111100110011000
00010011100100110
10111011100011111
00101010101100101
11001100011011011
00100000101111101
00110010000100000
10101110100010101
11011011101110110
01110100011001101
00011101000010011
11100011011010110
10010000011110111
00011001001101110
01101000100101001
00001000101000101
11111111011000101
11000001101100011
10111110110101011
11001111001100101
00110101011010101
11111011110101101
11111000111001010
00011100111000011
11110001101000101
11111010010001100
11101000001010100
11001011110011011
00011101011001100
11111101111000001
10110100011110111
00111111110111100
01011010111011001
11011011001011011
01110001100100010
01011110111110111
10111000010101000
11000111101101010
10110100010100110
01101000110110101
11001000101100100
11010011001100001
01100100100010100
01000111111101010
00101001110100100
11110100001100101
10010111000101011
01000000111101001
10000100101100011
00001110111000000
10110001011101000
10010001001101001
00010011111111101
10010011000001001
11111110011011111
11011011101100010
01011110001101000
01110010001101011
00111111010111001
01101001010111000
11011100011011111
10110000010001101
10001010001100111
11001000111000110
11001110011000110
11110011001010010
00100000010110010
11101111100010000
11110001110000110
00000010000101100
10110011110100110
01000101011011100
01011101111101001
01000011110100000
11000110001110111
00010001010000100
Time = 5.522s
