n = 9, k = 3, l = 1, m = 112
Expect Resample Times = 0.360726
Result:
110001000
111011111
011100101
101010001
110111111
010101100
001001000
111011100
000000111
100011010
100100101
011111111
100011000
000100001
101101110
111100111
011010010
000001010
101000101
111000000
001000100
100000001
010111101
000000011
110100011
011111110
110110000
101011010
001100010
001110010
101101101
110111011
100000100
010000100
111100010
101000011
000100011
101011000
011010001
110101110
110101001
011111101
111011101
110101111
100110011
000100001
000011010
110000111
111001111
111100101
011100100
010110101
100110110
000101001
010001001
011000111
111100111
000010100
001110100
011101010
100111111
001110011
010110110
100001100
000101011
101010101
001001000
011011000
010001100
110110010
010110001
011100000
010011101
000111101
001010100
010011011
101101100
011011111
100010000
110100011
010111011
101000010
101000000
111111001
010010100
011111100
100100000
101101011
111011011
101111110
100100100
110110110
001011100
100010010
110110011
000010010
110001001
010100111
101011100
011010101
011000001
001111111
010000111
011000011
100111011
001110100
110000011
101010100
100001111
110001001
100101101
110001100
Time = 0.011s
