n = 13, k = 6, l = 3, m = 1472
Expect Resample Times = 0.367348
Result:
0001011001000
1111010101111
1111010000011
0111011011001
1001001011100
1111001100011
1101111101111
0100110000001
0010111100000
1001100010100
0010000010011
0000001001100
1010010000010
0000110011000
0011110001010
1110101110011
1000011001111
0110001110011
0110010001011
1110000001001
1111010110001
1110111101101
1011000100101
1010101001001
0101111011110
0010101100100
1011010011101
1011001101100
0101010000001
1000001110110
0011101010010
0011001110111
1100011010001
1100011011111
1001010000010
1101001011101
0001100011100
0101111001001
1001000011010
0100001001011
0001000110100
0011111010011
1111111001101
1110110010110
1001110101001
0001100000110
0010001001101
1000011001101
0101000101000
1010010001110
0001101111111
1100000010011
1111000001011
1011001000101
0110110110010
1101010111001
1100000000101
1101111000010
0101001100011
1010100111000
0001000000101
0001111101001
0111011101101
0010101000000
0101001100101
0000100100111
1010010111100
1111001100000
0001101100110
1110001001100
0110100011000
1100001101001
1011100101001
1000101110000
1011110110001
0101101000101
0011011101111
0001110110100
0110011010100
1011011110101
1100110101110
0010101101010
0011101011101
1100000110010
1100010011011
1100100111110
0010010001011
0011000100100
0111000001010
1010110010010
0001010000101
1001010101011
0111110001010
1000111010110
1000101111111
0101001001011
1000001000011
0010011010001
0001010010010
0111101111001
0110100110000
0110000010011
1101101110001
1010101111110
1001011010001
1101110110100
1100010110111
1111101111110
0011011000111
1001101011001
0101000001100
1100010011101
1101111110000
0110010111001
1011000000111
1101001011010
0111100100100
1111000110101
1110101011000
1100111110000
1010010001111
0000111100010
1000101101010
1101001001111
1101110001001
0010110011001
0000000111111
0011110111001
0010001011001
0011100001101
1011010110010
0011010100111
0101011010000
1111010100101
1110001111000
1001011010110
0110101010110
1111001001000
1110011001000
1000101111000
1010100011100
0000011000010
1101110011100
1110011010010
1111000001001
0010101111111
1011001100110
1010001010101
1110011011000
0101111101010
0001111110001
0011000110101
0111100011000
0110111010011
1000111110110
1011001111100
1001001011010
1001011001010
1001011000010
1110101111000
0001100010100
0110010111000
1111100001100
0011110101011
0001011100011
1111110111001
0111001010101
0011111101001
0010010001000
0100101101100
1101001010100
1100011001110
0011110110111
1010110110011
1010000000001
0100100100001
0011000111110
1110011010101
1100001001111
0101011000100
0000111001001
0010000110000
1000110111010
0001001110110
1011010000001
1010010011000
1000010101011
0011010110000
1100011011111
0001111000011
0111100000110
0011011001011
1101110100001
0101110011101
1011100000010
1010001011111
1100000100110
0010111100110
0101111001110
0011011110000
1000001011010
1011001011001
1110100111100
0010110111111
0100000110011
1101110110001
0111110001011
1011011010111
0010011001011
1010100101001
0111111000010
1111100110110
1000110111001
1101010000010
1001010000100
0010100110010
1101101001011
1001001111111
0110100110010
1011100111001
1101110101000
1101110011100
1001001110100
1010000001110
1001111101010
1111101110100
1101111101010
1001010000100
0001010000011
1000011010001
1000001001111
1100100000111
0010011111110
0101011010110
1011101100000
1100010000000
0001110110011
0000001011000
1010011000101
1100011110010
1000111001000
1011110011101
1000010010111
1001000010110
0110110001101
0001100000111
1010010000111
1111011011000
1010101100001
0100011011110
1101111010000
0111100001100
0000110001110
1011100011101
0101100110111
0110010101000
1001110100110
1010101111110
1010101110110
0101011001000
1001011100110
1111110010100
0010010101011
1010110101000
1001010100100
0100101010010
0101001100111
1111101100110
1001010010111
0101010001010
0011001101101
1010101110111
0000000011111
1000101001111
1111011101100
0010111100011
0101110001110
1111001011101
1000111110110
0101110101000
0010110101100
0011000001111
1100010010010
0000110101100
1101110111111
0000001110001
1111000011010
0010111111011
0010100010111
0000010001110
1110001000000
0010010011111
0001101011111
0101101101010
1010000111011
1110010110100
0010001110011
1011111001010
0101101011111
1011101101011
0110010011111
1011101100000
1111001101100
1011001000110
1011101100100
0011110100001
1001010010001
0010011110011
0010011000101
0101010110000
0101010101010
0011100010111
0010010110010
1011001000110
0010001110101
1110001101100
1001000101011
0101100101010
1000010010100
0100001101011
1000010011100
1100000110110
1111000100011
0101001011011
1010110100100
1001000100011
1011001010101
1001011001001
0001011101000
1000001100010
0100111011101
1111110100001
0111010011000
0010111010111
0001001110101
1011110011110
1010110011101
1110001100011
1100011101010
0011001010000
0100110011101
0010101100110
0010110110101
0101011100011
1110011000100
1111010100100
1001001001000
0110000101110
0000100110011
1101110101100
0110010111110
0001101101011
0101010100000
1111001101001
1001010000000
1111101001001
0110111011100
1011000001011
1110100111101
1001111110010
1010000101000
0101101111001
1100111111101
0110100010011
1110000100110
0100011000110
1110011100011
0011110011001
0001111000010
1110001110100
1111011010010
1101011011110
0011000001110
1010010110011
1011010111010
1111111111010
1011110111010
0001001001001
0000001110001
0111101101111
1001000001110
1010001110011
1111011111111
0111101110111
0111111001101
0101100111110
1000100100100
0101101110101
1011100111101
0001110011001
1000000011101
1010110000011
0111110111000
0001010101110
0101001110000
1101000011011
1000110111110
0001100010001
1001100010001
1001100011101
0110110101000
1101101001110
0101011100000
1010110000011
1001110010100
1111000111100
1110100001101
1001011101001
1011010101000
1010110111001
0001011110100
0101011000000
1111001000000
0100010001101
1110110110000
1100110110010
0001001011111
0001111101000
1101101010011
1001000111011
0101100110110
0001011001010
1011101101110
0000101011111
0110011011000
1101011001000
1110001111100
0100001110010
0011100001111
1000001000111
1000100110111
0010011100001
1001101111010
1110111101111
1111000011011
0110101101111
1011000000010
1011010111100
1000110101000
0110001111111
0001100000001
0101001101001
0101000110100
1000101100111
1101110101010
0100011100111
1110111010010
0011100111111
1110010000101
0011000101000
1000001010000
1111110000111
0101010010001
0011110001010
1010010101111
1110101000001
1111111001001
1111110111100
0010111010101
0111101110110
0111100000001
0011001011010
0110000011000
0001000001111
1001110111100
1001001000001
1111101001001
0101011110100
0010010011001
0100110010010
1110110101001
0111101011000
1011111011010
1010011000001
0011010001010
1100111011011
1100011100101
0101101101100
0111011111000
0111000011001
0110110101110
1000011101100
1111000010100
0111100000100
1101001110000
1010000011011
0100111011111
1000111001011
0101100000000
1101001011010
1010100110100
0101110111000
0101001010001
0100110101110
1100001010010
1100001000111
1001100110000
1011011011011
0011001111011
1100001010011
0001010000001
1010100000100
1010110110000
0001101001011
1101011110100
1010110000101
0011011001011
0011101101100
0110011001010
0100001001101
0101100000111
0110011111111
0101011101000
1011000101001
0111010001010
1010101101100
0010001011100
0110101000011
1011110101111
0011101000011
1110010010010
1000011101100
0101111001011
0110000010000
1010111010100
1010000110001
1110110100110
1100101101000
0011111100011
1001001001001
0010011011001
1111101001000
1101100101101
1111001011010
0010000011100
1110111011011
1110111011101
1100010000100
1011010111010
0010101110000
0000110100101
1011101100101
0000110010110
1110001011110
0010011101110
0100100101111
0011110100001
1111100000111
0000111001110
1110100011111
1110101111110
1011000000110
0001000001101
0000110010110
1101101010011
0110100110110
0111000110100
1001011001111
1101101101101
1101111000001
1110001011100
0000010100100
1111111110100
0010010101110
0000100110110
0111100001010
1011111101010
1000000101111
1100010111010
0001010101011
0010101111000
1010111011010
0111101001001
0100001110001
1110000011010
1110101011011
0111010111000
0100100101000
0000101011110
0010010111000
0000100001111
1011001010110
1010111101100
0101010110010
0111110001011
0010101111001
0110010111101
1111100101101
0001110011011
1111100011111
0110000101110
0111010010111
0011110011100
1100001011100
1110001110111
1001010100011
1001001000101
0011111000111
0011010011011
0001110110101
1100000000010
1000010110110
0000001101000
1110101000000
1110111000101
0101001001000
0111010011001
1111010011010
1111100000101
1001001001000
0010010111000
0111111001110
1001110100000
0100101010101
0001111100100
1100000011010
1010111000110
1001100010001
1000010011110
0101101100110
1000101011010
0010001011101
1100001101010
1100010000110
0011010100100
0010111010110
1010011101111
0010011010110
1001110100010
0000110101100
0011101111110
0111101001100
0110000011100
0001001100001
0100100000110
1000000111111
1111100111100
1100110101111
1101100100001
1010011010100
1011100110011
0011011111101
0010110000111
0101101000010
1011111000000
0101000110001
0011111111011
1000010110111
1010110101111
0111100000110
1100000111011
0011011000100
0100100001010
1100100111011
1000100011100
0011101110110
0101100100011
1101111010110
1100111011110
0110101111011
1011110101110
1101110111011
0000110001111
1101101110000
0110000110100
0110011101001
0000100110111
1001100100000
1011110101101
1011010101011
0110001100111
0001011001110
1000111100111
0001010110111
0101100110101
0011000010001
0101111011100
1110110111101
0110010100110
1010110000000
0001100100000
0111010001111
0001011011001
0101101000011
1111010010011
1001000001111
1011100101000
1100111001111
0100100011000
0010100000011
0010001010100
1110001100110
1000000010001
0000001101000
1101001111101
1110010001101
1010010010111
1111110101100
0101110001010
1101011101111
0011011000001
1110010110010
1100001001110
1111001011000
0011111011101
0001110011001
0010101010110
0101000110000
0110011110011
1011111110100
1010111001101
0110111011011
0101101111111
0010100110101
1000101001011
0011111010110
0000111100111
1010100011010
0011010000101
0110111100110
0100110100111
1111000101000
0000001011011
1110001001111
1100110001110
0110001011010
0010101101110
1111110011011
0111100000011
0010111011111
0010110011101
0011011011010
1111110010110
0011111001000
0110000000100
1011100100110
1010110110011
0011110010001
1001101110101
0100010100010
1101011011011
0101010110110
0000110101001
1011001111011
0011001010101
0111101100001
1111010011011
0011011111000
1100100110100
0001101010000
0010101011011
1011001110111
1111000000011
0001111001000
0011110111010
0111000010011
0010001000110
0011110111101
0101001100011
1100110101001
1011001010001
1010101001110
1011000110001
1010110100111
1001111100000
1110101101101
1100100110010
1011110101110
0001101110111
1001111100110
0101111111100
1000111001001
0100110000111
1010100001000
0000000001011
0101100010100
0111111011011
1010100000000
1100101100111
1110101101111
0010101100010
1011001101110
0100001010101
1011110101111
1101000001010
1110100011101
1101111001110
1010111010000
1101100110001
1001111110011
1110010001011
0101111101111
1001111101111
1010010101011
1000100110000
1110111101111
0101111100111
0000100011000
1011110001101
0111011010101
1110010011011
1001110011110
0001101010100
1110001111101
0000101011010
1101011010111
0110010010011
0011010011100
0101011111101
0001000101110
0101100000010
1011110010101
1100011011011
1101000100010
0000100011001
0110100001100
0110111000000
0010010100110
1110010111111
1110111001100
0000111100001
0001011001011
1010011000001
0000001100110
1010010111011
1011010100110
1100101001010
0001010101100
1101111010011
1010001010001
1111000000110
0010100011011
0010010010100
0110000000101
0011011110101
0101001000000
1111110100011
0000101010000
0001011110011
1110000011101
1100011100101
0001110100010
0100010001001
0100000010100
1000011000111
0101011001111
0100111011011
0001010011100
0010010110110
0110111001110
1111000011100
0111011011111
0011100101111
1111000010101
1111010110101
1110011100000
0100011001000
0000101100010
1001111000111
0100001000010
1111110101101
0100111000110
0101001111110
0100110011001
0000011111100
1100111111011
1000101000011
0000010011101
0111011111000
1011010011110
0110001111111
1100110000110
0000001001010
0101111010111
1110001111111
1110111000001
0000101110010
1110110001110
1011011001001
0010000110101
0001101010101
1010000000011
0100111111001
0000100101000
1111110111100
1001001110001
0111011111100
1001100111010
0110011001110
1110011101110
0010001011111
0010110100100
0111111001111
0011010110111
1001011011001
0110100000000
0011101100100
0110110110111
1111110111000
1101100000000
1111010110110
0110110110001
1010001010010
1010110110111
0001101111111
1000000010100
1000000110000
0011100100111
1011100011101
0010000100101
0001001011111
1111101011111
0011100101110
1001010101010
0010100101001
0111100111111
0111001001011
1100110101001
0110000110000
0100001110011
0011011100110
1110101010011
0000101110010
0010011000101
1110001000001
0110110010111
0011110011110
0010100011010
0011011110110
1100001110110
1001000011100
1000100001110
0011101000000
1101010110110
1011101011010
0000011001100
1100011111011
1011010100110
0111000101111
0101010000101
1101010010101
1010101010000
0000110100010
1111110000111
0111010100000
1100011101110
1000100011000
1101110111001
0010110001000
1010111110001
1001110010000
0110011100100
1000110011100
1011100101100
1010101001100
0001000000110
1111000101010
1110111101011
1011100000001
0111000000010
0000011001101
0111111100011
0010100010101
0011110001110
0110000011000
0010100101110
1000011111000
0010010101000
0100101100001
0101100100111
1100001000001
1111000011101
1010111001100
0000011011110
1011100000001
1011000001000
0111110100111
1010000001110
1011010101101
1001101001010
1001001001000
1001001110101
1011110001110
0101110001111
0000010011010
0010000100010
0010011011011
1000111100101
0001111100001
1011100111001
0110100011010
0100010111110
0101110110011
0001010100001
0101000110011
0100001001011
0000110011110
0010000001010
1100010011010
0000001101001
1001110010100
0111011001110
0010001000011
0100011100100
1000111111010
1111011111101
0001100100011
0111010010010
0010000111100
1011011100000
0000110001000
0000111011110
1101000010010
0000111001100
1001001100111
0100111001101
0001000001100
0100011011001
0001110100001
0100101111110
1011110111101
1110001001010
0101111110011
1000100001010
0101011110101
1111000011011
0001001000101
0111100100001
0011010000011
1010111001111
0010010011100
0110001110001
0100111100111
1111101100111
0100000110010
1110011001011
0010011100011
0010000101111
0110011100101
0001011000110
1001010100011
1101000000010
0000000001011
0110100010000
1011011010001
1010000111101
0110101101011
0011101111001
1100110111000
1101100101001
1011111000000
0110010101100
0100101011101
0111010111100
1010010101011
0100110001100
1101001010011
1001110010100
0100010101111
1000001000100
0101110111011
1000011010110
1100100010110
0100011100100
0111110101010
0000111001100
0110100111011
1010101010110
1111111000111
0000111101000
1100110101001
0000100100101
1110100101101
0000110001010
1010011110001
1000101111011
0010101011101
0010000011001
0111110001100
1101000011100
1011100110101
1000001100010
0111100000111
1000101110001
1001100111101
1000100101101
1001010000001
0001100001111
1001010100110
1101010110010
0001011110000
0000101111001
1000011111010
0011000101000
1000100000110
0111111101001
0100001000010
1010100100010
1110111101111
1001001100110
0011001010100
1111110100110
0011111111011
0111100000110
1010111101100
1100010100011
1110001000010
0111010011100
0111011101001
0011110111001
1110100110111
0010001011101
1010000011111
1010101110010
1110111001110
0101111101010
1011010101001
0101111000001
0001001011011
0101101010010
0010101100011
1101101010101
0110111011101
0010100000011
0000101100101
1011111101100
1111111110001
1011101010001
0001100010110
0010001110001
1110100010001
0010011000100
1010010100101
0110011110001
0010011010001
0000101001110
0110011011010
1001100000111
1110001101001
1100000101001
1101001011010
1110100010000
1011111011010
1010001101010
1100011011111
1111100111100
0010001001000
0001101111101
0000111011101
1111100000101
0111000011000
1110111110110
1001100111100
0101001010010
1000001011110
0110001010110
0100011010100
1011111101101
1110110111110
0011101011011
1001001100011
0101001111110
1001101111011
1100011010100
0110100001010
1010101000101
0010100110111
0011010000110
1110011010111
0000010110011
1010000010111
1010011100110
0111101011001
1100101001110
0001100101011
1011101010000
0011001010100
1111110110101
0111010001110
0111101000111
0000001000101
0010110011011
1111100100100
1111100111111
1001111010001
1001111111110
0101001000101
0100111101100
0001010010111
1100101000111
1111101111000
0001111111011
1111001111000
1100111101101
1010001010001
0010110101011
1111100000000
0010111111101
0110010110110
0101101001101
1110110011110
1000010000111
1110000110000
0100111101110
0001101001011
1110000111101
1010110011110
1110001010111
1000111111000
0001011011000
0101011010100
1011101110101
0110001010010
1101000001001
0011001010101
1101110100111
0111011101010
1101111010111
1000011100110
1110111000101
0100111101010
1001001101111
1110000000000
0000101000010
0110001101010
0100001010011
1110010100100
0111010000000
1011001000010
0001100000001
1110000101100
0100000110000
1000010010111
0111101010100
0111110010101
1011011001111
1111110111101
0001010110110
1011101001110
0010011100001
0100110110000
1001011000100
0010111101011
1010100011110
1000011111101
1101001010100
1001010010110
0000101001100
0100100100111
0010100101010
1000100010110
0001111110001
0001000001001
0111111100001
1010100000101
1001111101001
0011110001111
1100101010110
0111010010110
0001001000010
1011000001110
0011100101111
0111111100100
1011010001100
0011101111010
1001111001011
0100110100011
1001101011010
1110110100001
0111111101010
1001101001100
0111101001000
0110011010110
0100001001010
1010000110011
1011001001100
1111010001001
0001101001100
1100111011000
0111110010010
0001111101001
0100000110001
0001100010010
1010110100111
0100101101110
1100110001110
0101111001101
0110110000011
0001010001000
0111000111100
1111110000010
1011000101111
1110010001011
1001100001100
0000110011111
0010101011101
1000000100011
1101101011000
1011010000001
1000000101010
1011110001110
0010100100010
1000111111001
0011100001101
1111011110000
1010111111010
1010010011011
1110101111011
0010001010100
0101010101110
0000100001011
0110110101100
1011000101000
1101110100101
1100101010100
0111100101110
0110000101111
0111100100001
1001111011010
0000101111100
1110010001100
0010011100011
0000100100101
1001110111000
1001101001010
0101010111101
0101110001010
1001001011001
0101000110010
0111101110000
0101001111101
0000110010011
0001011001111
1010111101010
1111011110000
1110101111011
1010000110011
1011100111000
1011000011000
0101100110001
1100000011011
0100000000110
1100000100011
1111001101001
1110100000110
1001110110100
1010111110000
1100001110010
1111111010110
1011111001010
1111011001110
0101010111100
0110111010010
0110111101000
0100011111101
1000110111101
0100111101100
1011100110110
0011001000111
1000111101001
0010000010110
0110011010010
1001111000011
1101100001011
0001111000000
1011011101011
1010011101100
0110111111100
0001110010010
0000011000001
0111010010001
1100001110011
1010011011000
0110100000100
1100001100111
0011111101111
0111111111111
0000011001101
1100001110010
0101000111100
1101110011010
1001011111001
0010110001110
1110100011011
1001001010110
1000000000011
0101101111000
0110110011001
0110100001100
1001101011101
0001000010101
0011110011100
1101100100111
1100011001011
0010011011110
0110011111110
1001000110011
1111011001111
0110100111011
1100101100011
0011001100010
0010000010010
0000001110101
1000100101111
0110111000000
0101001100101
1101001010001
1001101000101
1111010011101
0100010011011
1101110000100
1010100011110
0001011011001
1101010000000
0101101111111
1001101100000
0011110011011
1010100111011
0100110110111
1100000000101
0100110001100
1011000101010
0100000110110
1110110100010
0111101000101
0100110111101
0011011100100
1011111111011
0011111110111
1011011001110
1000011011111
1001101011100
0101100111010
1011010100101
1000010011010
1000011110010
0110001000110
1001001000101
1011101000011
1010001110101
0000100111110
1000110111000
0010100100101
0101011110011
0101011110101
1011010101010
0100001000010
1011101100010
1000010011101
0101001011101
0100110100110
1010100101111
1110111100110
1011110100011
0000111101101
0101000101110
0010001110010
0010110101000
0001100101001
1010010001001
1100111010001
1101011011010
0101101010011
1100000000101
0011001110100
0111011000000
1111011011100
1101010011110
1111111000100
1011110010100
1100100010001
1111100100111
Time = 0.286s
