n = 12, k = 5, l = 1, m = 611
Expect Resample Times = 0.366383
Result:
000100101001
101000000101
110001000010
110001000100
101000110010
110110101010
101111011101
110100101100
010010101101
111110010001
011001110100
110111110101
101111111111
010101011001
000100000100
010010000111
001101000110
011101110000
010010000101
100011111001
111101011111
000111011000
111010001111
101110001011
111100001000
101101100001
101111010100
011010011111
101000010100
011111111011
011010000100
100011011010
000100010101
000101010100
111101111101
010110011001
110101101001
100100011000
010001011001
101111011011
101011110011
111011010111
010100101000
001110111111
101011000111
000110100000
010010101011
100100110010
010111000101
111110111011
011101010000
000110000010
010000000100
000000100000
011111010100
110111101111
100111001110
000110111000
100000100101
100110000010
101100010100
001001011101
010000101101
000000000011
111001011101
000110100100
000101111011
011100011000
111101110000
010100101110
110011010000
100010011011
000101110010
000001001111
011101001101
011101110011
000100111010
100010000000
101001110101
101000101110
000101100011
100101001100
101010111001
111010001010
111110100011
100110010001
100010010000
111111001001
111110111001
100110001000
010111010001
101100001101
100011010001
010000010010
010100100110
101101011000
101000000010
110011110010
101101110000
100000001011
001011000000
101111001101
101001111011
111000110101
010110011101
010010101111
000010101111
101011010100
110111110111
011001011100
011011100110
011001010000
110101011101
010111010111
100010011010
010110011111
111111010001
011001010010
001011001010
110110100101
010001111100
110101001110
110111000011
001011101111
110001011111
010010111011
001010110001
111111001010
100001100110
010110110110
101000000001
010100011000
010110110101
001101001100
110100101001
011100011100
001110110000
100111110100
011000001010
101001101011
011101100101
011011110010
001000110111
010111001111
110001010101
110111000001
111000010101
001001101000
110110010011
101001101100
110101100110
100001001110
111111000111
101111110010
000010011011
000111110111
110101100101
000101001110
011101000000
101101101010
001101000010
110111100101
100010101001
111110100000
111001010100
100100111011
100000001010
110110000000
111111000010
011111010110
000001111101
100011011100
000001111010
100001100100
011111001111
111001111110
001100111011
100000001001
011111010011
010010011111
111111111110
111010010111
000011111111
001001100101
101101011011
101101111001
011111000011
011111111011
100110011010
111010010110
101101101110
010100100101
010101011011
000000011011
110101011110
100001000010
101110010000
110001101011
000111101010
100101111110
110111110100
111101110100
010010000000
110101100100
110011000000
111110011000
110000010000
100011100110
010010001101
111000100000
000010000111
011001111001
011101110010
001110001000
101111110111
001110001000
011000011100
000000100110
101111111001
011111001011
111111100101
110011011111
001111000000
010000001001
100110101100
001010100111
111010001100
110101000010
001101100100
001000001011
011101100011
110101101100
111001101111
100001011011
001100010100
010001101010
001011101110
111101100011
010101010100
110001111001
010000101000
000101000100
111000100101
101101101110
010011001010
110010101010
011101100100
011111001111
011000101110
100011110111
001000101101
011011000011
110110011111
000000100100
110101011010
001001111111
001000000001
011101100101
110101001011
110011100111
001001101111
010010110111
101111111001
101101010000
010101101000
001101111000
101110010010
110001000010
000100000110
001110110010
011010001101
101101010110
001001101101
110110000001
111000100000
100001110110
001001110011
101100000110
100000010000
111110011110
100010110101
111100001111
010000100011
111101111011
110101001110
111011101100
001000101011
101000101001
111011101000
000101001100
011100000010
010001110011
100000011010
000101000010
110011110000
100111000011
100101000000
100011100000
011110111001
111010110110
100111111100
011110000100
011101101000
011110000101
001000100110
011110001011
010101110011
101011000000
010110011010
011000010101
100111100101
101010100110
111001001111
110101011010
101000110110
100111001111
000011110101
011011010011
010000111001
000001111011
000011010100
101001001110
000111000110
011111111000
001101011010
100101011111
010001010000
000011011110
100100111011
101001100000
110100001010
001101100111
111101000011
010000100100
001101000100
000000000001
010000000100
110101001111
011111110010
011010101000
110000000110
100000011101
100111001110
100001110101
011011001000
000101011000
011011101011
101111001110
110101111000
001001011000
110110011000
110010110001
000101110100
010100110000
100001011000
010010010110
101101011011
001110101100
110100010001
110100111000
110010011101
010110011010
110100010010
111101010110
110100010001
000111011001
010101001100
000111100100
000010101010
100100000100
100010111111
101011100110
100101000100
010011100001
100100001001
011010000000
000110111110
101101110001
100001011100
010000101000
011111111100
101101011011
011110100111
100011001100
110100100101
011000010111
000101100111
110100100100
011101100010
111011010001
111101000011
011010001011
000101100010
110010110000
011101001000
010001100000
010010110011
000000010000
010000100111
000010111010
101000001010
000101111001
101011011010
101010101110
000010000101
100100110001
110100111000
101111101000
000001010101
101101010011
001100111010
001101001110
101011111101
101110111011
100101010111
110011011000
010010100100
010110000010
001100001010
001010000001
011100100110
010011100000
001101000010
111000010111
011001000100
110000100001
010110101100
011101000001
010101010010
101000100000
110011111101
010101111011
110011110100
010000000110
111000111111
010100011010
100000001001
110100000100
111100100001
011000100000
010001000011
010010001101
001001111000
000101010110
010100001000
110011111011
011011011001
101000011000
111101011001
111011000100
100110000101
001011010001
000100001000
001011110111
100000110110
001100001001
000000101101
101100101110
111110001000
111101110001
110011100110
101000011001
011110111001
011010110001
111100100100
001001001100
101100010011
010101111101
111001101001
000111111111
100010101000
010000111000
000000111001
100101111010
010000011010
111000000010
000010000100
011111000110
010100011000
101111010100
100110001101
110001101101
101011011001
010010001000
000011111110
100110011010
101000110010
110010001101
100001001101
110011000010
011011110001
110011101110
100100001110
011000101111
011101101100
010001011101
000101011111
100101001100
111111010101
111110100001
010010011100
110100100101
111110001111
011100101110
010111010001
101011010100
101001000111
110011010011
011111011010
100010101111
100100001110
111101111110
011011000010
010000101001
100000011111
000000101010
101001001010
000000100100
001010101101
010100100101
110010001100
011111001110
000101110001
111001011101
100110010011
010010101100
100111101100
110011010101
100100000110
100110110010
100110000011
011101110110
011010010100
011100110011
010001001000
111110010010
100000000010
011001101111
101100110101
101000001100
001110010111
111101000011
010000110011
011001011000
100110100011
001011101111
111001111000
001001111001
010010111010
111001001011
010100010100
101100101010
011111111011
000000000001
110011000111
101111010100
111000100011
011000000110
000010100010
000001100100
000101010111
010110000111
011010001010
011110100100
001011100110
100010101101
100011001010
001101011010
001010010111
011111001101
111111110000
110010010101
110101000101
101100111010
100000111010
011000100011
110110011000
100011001000
111010010011
000001100110
100111001010
110100100010
101101100110
001000000110
000001110101
000110101110
010101110000
100000110011
000011011000
100011100010
011001110010
011100010111
010000100000
000100101110
011000100000
100000011100
100001000100
001111001000
000010111001
101100101011
101110000111
001110111001
111000001001
010101100111
101111110110
110010000110
100101011111
100000111100
110111110000
101101011000
000101000000
Time = 0.042s
