n = 11, k = 2, l = 9, m = 452
Expect Resample Times = 0.553527
Result:
01101111111
10111111101
11111100111
11111011011
11111111001
11010111111
10111101111
11011111101
11111011011
11011111011
11111110111
01110111111
11111100111
11110011111
10011111111
11001111111
01111111101
11111110101
11111111010
01011111111
11111111111
10111111110
11011110111
11111101111
11111100111
11111111001
01101111111
11111010111
11111011111
01011111111
11101101111
11110111101
11011111011
01111111111
11111101101
10111110111
11111001111
11111101111
11011111011
11111101011
11011101111
11111101110
11011011111
01111110111
11111110111
11110110111
11101101111
10111111101
10111111110
11011011111
11011101111
11111011111
00111111111
10111111111
11111111010
11111101011
10111111011
11001111111
10111111011
11110111110
10111111110
01111110111
11110101111
11110011111
01111111101
01111011111
11110111110
11111110101
10111111011
10111111110
11101111110
01111111101
10101111111
11111001111
11011110111
10111111011
11111010111
11001111111
11101111110
01111111101
11101011111
11011101111
11111011011
11111101110
11100111111
11010111111
11110110111
11111111101
11110111110
11111011101
11111100111
11111111100
10111111011
11111101111
01101111111
01011111111
11011011111
11110101111
11110111011
11111110111
10011111111
11011111011
11111011110
11110011111
11111011111
11111111010
11101111111
10111111011
11011111110
10111110111
10011111111
11111101011
01111111101
11111101011
11111111110
11101111011
11101110111
01111011111
11011111011
01110111111
11111011101
00111111111
01111111101
01111111111
11111100111
01111011111
01101111111
10111110111
11111011111
11111101011
11111111011
11101111110
11011110111
10111111111
11011110111
11101111101
11101110111
10011111111
01111111110
01111011111
11011111011
01111011111
11011111110
11011011111
11111011101
11111010111
11111111010
11111111010
00111111111
11111011011
11011111110
11110011111
10111111011
11110111111
11011101111
11011101111
11110111011
11110111111
11111011101
11111110110
11101111110
00111111111
11011101111
11111011110
11011111101
11101101111
11110111110
11111011110
11111011110
11111011101
10101111111
11111110101
11011111101
01111110111
01110111111
11110111011
11111110110
10101111111
11101111011
11110111111
11111110110
10111111101
01110111111
01111111110
11101101111
11111110011
10011111111
11111011110
11101111011
11111011011
11101111011
01111110111
11010111111
11111110101
11101111110
01111011111
11111011110
11111100111
11111110101
01011111111
11110111011
11101101111
00111111111
11111101110
11111101110
11111111100
11111001111
11111011110
11111011110
11110111110
11111111011
11111110011
11111111111
10111111111
01111111110
11011011111
11011101111
01011111111
11101111101
11111011101
11111011011
11101111101
11111010111
11111111101
10111111011
11111011111
11110101111
01111011111
11110101111
11111111001
11111111001
11111111101
10101111111
01011111111
11101110111
11111110101
11101111110
11011011111
10110111111
11111010111
01111111011
11111110110
11111101011
11111110101
11111011110
11110110111
11111111100
11101110111
11101111101
11111111110
11110101111
11110111111
01111110111
11111110110
11111011101
11101101111
10111111111
10111101111
11111111110
11111011111
10101111111
11110110111
11111100111
11110111110
11110110111
11110101111
11011101111
11111011101
11111110110
10111011111
11101111111
01111111011
11111011110
11101110111
01111111110
11101111011
11001111111
11110111101
11110110111
11110011111
11101111011
01111101111
11101111101
11111011101
11110111111
11111011110
01111111110
01111111011
01011111111
01111110111
01011111111
11101101111
11101111101
11111011111
11111111001
10110111111
01111111011
01011111111
10110111111
01101111111
11111001111
11011111101
11111100111
11101111101
11111101101
01111111101
11011111011
01101111111
11111110101
01111111101
11110111110
11011011111
11011111101
01111111111
10111111110
10110111111
11011111111
10111111101
11111101111
10111111101
11111101111
11111010111
01111111101
11101111101
11111111101
11011111101
11111111100
11111011101
11110110111
10111111111
11111111011
11111111011
11011111110
11110111011
11011101111
11111110011
10101111111
11101011111
11111111111
11110110111
10111101111
10111111111
11111001111
11101101111
11111011111
11111011110
11111011011
11111101111
11111010111
11111110101
11110111111
11101101111
11111110111
11110111011
11110011111
11101111011
11111111100
11111110101
11110111011
01110111111
11110111111
10110111111
11111111010
11111110101
11101101111
10111101111
11011111011
11111100111
10101111111
11101111111
11111011101
01111101111
11111110111
01111111110
11111101101
01111111101
11101110111
01011111111
01111110111
10111011111
11111011110
11011101111
01111110111
11110111110
11111011011
10101111111
11111011101
11101111011
11110111101
10111111101
11111111110
11010111111
11011111101
01111101111
11101111101
01110111111
11110111110
10101111111
11101111101
01111111110
01111111110
11101111110
11011111111
11010111111
11111010111
11111111100
10111111101
11110111011
11111111111
11101110111
11101011111
11011111101
11111111100
11011011111
11011101111
10011111111
11111111001
01111111101
10101111111
11111111100
00111111111
11011111101
01111011111
11101111101
10111111011
11101101111
11110111101
10111110111
10111111011
00111111111
11111101111
11101110111
11111111010
01110111111
11101111111
10101111111
11111101011
11101101111
10110111111
11110011111
11100111111
10101111111
11101011111
11110011111
11111101110
10111101111
10111011111
11111100111
11111011110
11111110101
11011101111
11111001111
Time = 0.004s
