n = 17, k = 3, l = 11, m = 560
Expect Resample Times = 0.525167
Result:
01111001101110011
10011111110111110
11010111000111111
00111110001111011
01111011111011100
11011011111010110
01110110110111111
11110101010110011
00111111111100110
10111011010111100
11111110000011011
00110111101111011
01001111101111101
10111010101110011
11010001011111111
11011010111110100
01101111100111001
11111100100101101
01110110101011101
00111101011111110
11100101010011111
11011111011111010
11111000101011101
00111101101111101
10111010010110111
11101110010111010
10011111111111001
10111011101010110
01010101110011111
11111110111010110
01110001110011111
10011111111001010
10001111111101110
00011010111111110
10101011001110111
11101110011101001
01101110111111111
11011011111100010
10100111111101010
10111111000111001
11010011101111101
10011101011111101
01011011101101110
10110101101101110
11100111001110111
01101101011101101
00111000101111111
11110111110101110
11100010111110011
00110111111101111
01111011010101101
01111101001001111
01100011101111111
10101011110010111
01110011111111011
11101111000110111
11010111011010111
10101110101101011
11110101111001011
11110011101111101
10110101001111110
00011101111001111
11001110110110110
10010110111011011
10000110111101111
11110010011011011
11001101110011110
11101111001010111
11001101011101011
00111100101111110
00111100111111101
11111111101011111
11100110100111110
10111111101000110
01101101111100110
11111101110100010
11010111110101010
00101101111001111
01101110101110101
11001111111011010
11011001110111110
11001101110101101
10011111001111111
10110111010011011
10110110111011010
10001111011101110
10110011011110101
11001111010101101
11111100111001111
11001101011101011
11110110100001111
10111101101011011
00111011011110011
11011111011111000
11001001110111111
01111111110011001
10111111111001100
11111101000011110
01111011101010110
10110111011110001
01111111010011110
01101101110110110
01110110101111110
10100011111001111
11001110111001111
00101101111110011
11001111110101011
01011111110011110
01001111111011100
01001111011010111
11100011111001011
00111101011011011
11100111110110100
01001110110110111
10111110010111011
11001011110100111
10011110101111110
01011011101101011
11101111110011000
00111110100111101
11101110010111011
11101111110111101
01011011101110110
11110111110010100
10101111001111110
01111001110101011
11101000111010111
00111010111101101
11111100011010011
01111011010101101
11011111100100011
11001010111101101
11101101010111111
11110111110101111
10111111000011011
01110111011110011
00110110101011111
01101101111111111
10111101110101001
01110001111101111
11011111111001010
01100101011111110
01111101001101101
11101101111111011
11110001111111101
11100111111100111
01111011101001111
00100111110110111
10111001101101011
11011111011111010
11110011001111101
11111011101100101
11110010010111110
01111111101001100
11011010111101001
11000011100111111
10111010111101110
11110110110001101
11011001111011011
10101101110111101
11110011011000111
11001111011010101
00111111110110011
11101111110111101
01110010011011111
00111100100111111
11011001011100111
01011011110111001
11001101110011101
11100111111001100
11111101010110001
11111011111001011
11101100000111111
01101101111101111
11111111000010011
11001110111101111
11111111010111001
11010010111011101
11111100100110111
01111010011101110
10010111110011110
00101111110011011
11011010110111010
01111111011011111
10111011101100110
10111101010110011
10111110110111011
01100110111111011
00001111111111011
01111110000111101
01111101110100101
11100111101001011
00111110011111111
11001101101110101
11100111100010111
11111000011010111
10011101111110100
10111010110110011
00111111011111111
01111011111011011
00101010111011111
01110111001111011
11111101111000010
01111101010001111
11011011111010110
10110111101011010
10101110111011001
01111101111110101
01011100111111101
11100101111101001
01011111101100011
11111000111001011
11001011011111010
11111010001110110
11011110101001011
11111010111000011
11101111101110110
11010110110111110
11001101110111010
10111111101101000
11111010110001011
10101011110111101
01101101110110011
11011110110001111
10101100110101111
11101111100011101
10111011011011011
11001111111001100
11110001101001111
11111011011100011
10101001101110111
11110101000110111
00011110111110011
01111111111001010
11000111011111100
11011100111110110
11111110110101111
10011101010110111
01111101110100111
00111101111100011
01100111111111100
11011101001101110
11110110111111010
11001100010111111
11100110011011011
11011000100111111
10011111011011010
10001011111100111
10101100011101111
10011110011111100
01110100110110111
01111111110000110
10100111100111011
11111010110110011
11101101011001110
10110010011101111
01111000111110101
01011101011110101
11000011101111011
11100101011011011
11101111001010111
01001101111011101
11110101011101100
11111101011110100
01000111111111010
10011011111001111
11100011111101110
00111101110111011
10011100111110111
00110111110111111
01111110001111110
11111110001011111
00100111011111101
10111100101111111
10111011111001110
11101110111111101
11101110011011010
10110001101011111
01101110110011110
10110111111000110
00010111111011011
10010011010111111
01110011000111111
11001100101111110
11101110011100011
11001001111101101
10101100111100111
01101111111001100
10011101010011111
10110101011110101
10001111111101001
11101111101010100
10110101011101011
01110011110100111
10101111010010111
01110111101101010
01111111011010110
00111110100110111
11111110100101101
01011111001110111
10011011111011001
10101111100001111
11100111010111111
11011110110011001
11011111110101100
10010111001111110
10111100101001111
10111101101111101
00111111010110011
10010111111101001
10111010111001110
01111010011001111
10011111001110110
11101101110001111
01111110110001101
11111001111011111
11001111111001010
11010100011011111
10011101001110111
00110101011111111
10111110001011111
11101100011110110
10110101110111011
11011101010111010
11111011100100111
11110111110111001
10011011111111111
01001111110101011
01111110011011011
11011110110101101
10111111001101101
01101011111110110
11011110101101100
01100111111101111
01011110011011011
01111110010110110
11111001011011001
11010111100111011
10110111001111001
11101111001111000
10111101111101111
01111010011111100
00110111111101010
11110011101011100
11001111100101101
11111000101101110
11011101011100011
10111010111101001
11111011000011110
11110111001011111
00110111010101111
01011111100111011
00001110101111111
11111000101111100
11010111000101111
10111000101111111
10101111010111100
10110110011111101
11011010111010110
11111111011000001
11001110100111111
00110101111111110
11101100110111101
11111011001100101
00111111001010111
11100111101111100
00101100111110111
10100101111110011
01111101110110110
11101111110001001
00111111001111111
11000001101111111
01111011011111100
11110100011001111
01101101110111101
11111000011011011
01011010111111001
11101011110010101
01001011111001111
11101100111110011
11111011111100100
10011011110101101
11111101110101010
11110111011100100
01111001101110101
00110101101101111
00011011101111110
00110111111111010
01101110111100011
10001110011110111
10011111111011010
00111111111100111
10111011010011110
00111111011101011
11101011111010110
11100111101111000
11111011001011110
11110110111110000
10100110101011111
11001100111001111
01011111110111101
10011110111101011
10100011011111011
00011110110101111
01010110110111011
11011110111111110
01111101011010111
11011110111100101
01110011111010110
01111110111101000
11110101111001101
11111111110000101
01111101101011110
11011111110010110
01101011100111110
10100111111001111
10011110010111110
11100101111110110
11010101011011110
10111101111001110
11001100011111011
01011111111111010
10110011011011011
11101110001001111
10110101111111001
01101110100111111
11111101100010101
11011111001101101
01000010111111111
01101011011111100
01001011111101110
10010110101101111
10111001011001111
11111010100011111
10000111011110111
11111010101101101
01111110110010111
00111111110100110
01111011111100011
10011111110110010
10111011001110110
10101111111010011
10110010111011011
11110010110001111
01111100101001111
11101001011101101
11000000111111111
01101111101100101
10111110111100101
10101110101111110
11100101111110111
10111001111001101
01111001110111100
00011101110011111
00111011011101111
11011110010110011
10111001011111001
11111111110111101
01110110101101110
10101101001101111
10111001111011111
11111100001111011
01101111001111110
11011101011010101
10111101011110010
11100001101011111
11100111001111011
11111111011100110
10100110111011110
01110010111110011
11101011010110011
11101000111001111
00111010011111111
11011000011110111
11110101101111000
11101011100110111
01110101111011110
11010101111100110
00110111111010111
11101001101110101
11011111100101001
01111101001011101
01101111101010011
11001101010101111
11111000011110111
11100011011011111
11110110111100101
10101110011110111
10111100111100111
01111011000111101
11001101111011001
10101011101101011
01001111011011111
10101111111000011
10110100011111011
01010101011101111
01100110011111110
11111111110001001
00011111101101101
11101111011011010
11111011010001111
11001001011110111
00111111011010101
01101011110110101
11010001101111110
11111001110110010
11111100101010101
11110010110111011
10010110110111110
11110111000100111
11011010101101110
11111001111111011
01011111111001100
10101111111101110
10011111000110111
11111101101001100
11101111011100011
11110111111110000
11101001110111001
11001111110110101
11100101101010111
11100111010110011
11110000111011011
11011011101011110
11110011110110010
11010011011110110
11011110011011111
10001011111111101
11000110110101111
10111101011101100
10110101111110010
11101011110011110
11110110111110110
10011111110101010
01101011110100111
11110101011111111
10011011111111110
11100111000101111
10101111110110100
01110101111110111
10101001111100111
10011101011111100
10111110111110110
01111011101110110
01111110101011100
01111011011110001
01111100111110011
10111111111011011
11111111101110000
01001110110111110
10110010110011111
11011101111100110
11101011111110000
10111101111001010
01111010011001111
11011010100101111
10111111110010011
11011101100110101
01101110111011011
01011001110111101
Time = 3.425s
