n = 11, k = 4, l = 4, m = 374
Expect Resample Times = 0.365601
Result:
01101010001
10011100111
11111001101
00111111000
01100000101
11111110011
01010110110
11100010011
11011010011
10000100111
10101101101
10001001010
01001001100
01001101101
01111101111
01001011010
11011011100
01100010100
10001010111
10000011011
10110011001
01101111011
11011110100
10010101001
11111111100
11010100111
10101101101
10110111101
01011011010
01001011111
00011110010
01010011101
00111101010
00101001010
00001011010
11000001001
11011101110
01110111011
01110101111
10011001100
10001000101
01010111011
11011110101
11100100010
11111110011
01110101110
11011001011
10001110011
10110111111
11100001100
11001000011
10111101101
11011000111
11111011011
00111001001
01101111101
10000011011
11110110010
00000111110
10010101110
01011000100
10011101011
11000110011
11001010000
01111001100
01101110100
01010111011
00110111010
11000100010
11111000010
10010000101
10000101011
01010101010
10100111010
00011001001
11011100100
10010111110
11001001000
10101110011
00011100111
10011101001
01001111101
01110011011
10101110110
11010101101
10011101000
11100010010
11011011110
11011001010
11111111001
00011101001
00011011000
00101111110
11110000010
01111101101
11000100100
00110011100
01001010101
01011010101
00001011111
00110110100
01110000111
11100001010
01000011001
00001101110
10010110110
00111100011
11000100010
10111110110
11111100011
11111000101
10111011011
00101111100
10010110110
01011000101
11111001111
11001011000
11110001111
11010000100
01010111110
01001111001
10000110101
10100101101
10100010111
11011000101
11000010110
10111101001
10110001110
01001100110
00000011101
11111100110
10101001001
11011100000
11010100000
00011001011
00100010111
00111011100
01001000110
11000011010
10101010001
00110011110
00011011001
01101011001
01100101100
11111111100
10111000100
10100111101
11100001001
01110010111
10000100111
11010110110
01010110111
01011001111
00010110011
11010100010
10111000011
01111100011
10010010001
00101001101
01001110001
10111100101
10110010111
10011100100
00000101011
00110100010
00111111011
01000011010
01111011100
01101011010
01100101111
01001100101
00110011001
01110010111
01001010010
10101100001
01000001111
10001011100
11010111100
00010110100
10011100011
11100100100
11011000100
00111001001
00011110100
01101110111
00011010110
01010011010
11111110110
11001001100
10011010000
01010110010
01110000100
11101001000
10100001110
01010011010
00101011010
10001011111
01100111111
00101110010
10011100110
00100011101
10000110100
00110110010
00011110000
01100110101
10110011110
11111101111
10110010010
01011010010
00001110101
00111001011
00101010100
10111110111
00110000101
11100100110
00101100111
00101010010
01011011101
00100110010
01011110100
10100101100
00101101110
11100110110
00010101011
11111100101
11010000011
11111110001
10001101100
01010111110
00001111001
01110101010
00011110000
11000000111
10100000111
11111101010
01001001110
01100110001
11000101111
01000110011
00110011001
10111000101
10010111101
00001001111
10100100111
01010100110
11011111000
01011100011
11110011010
00110011010
00001101110
11100110001
00001011011
10011110110
00010110110
01001000011
01001111001
11010111001
11000011010
10110000001
00100101001
01000110110
00001010110
11111010010
01001011101
11101010001
11100110111
11000110100
10010100010
11110011011
01101011100
10001100100
00110101100
11011101111
01001010101
01101110101
01100010101
10011011000
10000111000
10100110100
11110101001
11110011100
10101110010
10110000101
01000011010
01111010111
01111101101
01110001010
10010001010
01001000111
10000111110
00010101110
10000110111
11001110101
00111000101
01101001111
10011110001
10001111000
00110001100
10101100001
01111001111
10110011000
10000111000
11011110111
01111101100
11101101111
00010101011
11101111110
01100110010
11001011101
01000110111
00111000011
10101110100
01001011010
10011000011
01000010011
00000011101
01111101101
10110011010
10001101011
11111011110
10100111111
00111010001
01101100000
01001011111
01000011100
10101101011
01010101000
01011011010
00111000111
11101001101
11111101001
10110100110
01100010101
10011101011
11111111001
00110100101
10100110101
10010101100
10011111001
10101111110
10001110101
10110000100
10111110110
10101011100
11000010011
01011011011
10010101111
10101001111
01011001001
01110111011
11010100100
11001010000
00110001010
00110010011
00110011111
11011101110
01010101111
01000111010
10101010111
01111001110
11100111010
11100001111
00010111010
11010011110
11001111101
11010101110
11011111110
10111101001
01101000100
01011110001
10110000001
10011111000
11010001100
01010010010
Time = 0.012s
