n = 11, k = 4, l = 6, m = 1273
Expect Resample Times = 0.372744
Result:
11101101011
11111110100
10001100111
11000010111
11001001111
01110001101
01001011110
11111001010
01100110111
11000101111
01010001111
11011100110
01100101101
11110010011
01001111111
11111001010
01001101111
10000111011
01011111101
11010100101
11110100100
00011111010
10100011110
01100101011
10111001110
01110101101
01011111010
01010110101
10100100111
10111010110
10110110011
11010010011
11100011100
11101100110
01011011001
11100011001
11111100001
11001100111
11110100001
11111010111
00011101101
10110111111
11101101100
00110100111
11111100100
01111101000
11101111011
11110111110
01001010111
00011110101
00111110010
01011101001
11010001101
11001011011
11110010011
01011010101
10111000011
01110011101
11101110111
00011010111
11110010010
01111001101
11011011000
10001111100
10111111011
00111010101
00011111011
11110001110
10110100101
10111101001
10011110111
11001110111
00101011110
01100011111
01100011011
11100001110
11011010110
11100101101
10001011011
11111111001
00111010101
01010111011
11111000100
11101011001
10100111110
11110000011
11011011011
10101011100
11110000101
11001110010
01111100110
01001111011
01101100101
01011100110
00011010111
11100001011
11001001111
10101101011
11111011001
11101100011
11111101101
11010111001
00100110111
11110111100
00101011111
01111101011
11100111110
11010010011
01110101110
10011100110
01101111101
01111011010
10011101011
10011001110
11111001011
01011011001
00000111111
01001101111
01111110010
01010010111
11010110001
11101010001
00110011101
11100010111
01001011101
10001101101
11010101011
01101110100
10100111100
10011110011
01111110001
11010100111
01101111000
00111101111
11110100101
00011110111
01110011011
11100111110
10101110011
00011101101
10101101110
10011111011
11100111101
11001011100
01010101011
11011010110
11011110100
01111010001
01110100110
10110010110
11111010111
10011111000
01111011000
00011110101
10010110111
10101001110
01111110101
11100100111
01101111100
10100110110
11010011010
01011011011
01111101101
11101110101
10101110100
01111100011
01110010101
00001110111
10101011110
10110110001
11010110011
01111111100
00101110110
10100101101
11011101010
01101101101
01101011010
11110010110
01001111010
11100011101
11101001100
11011100010
11111010011
00100110111
10110101011
01111100001
10011001110
00111101100
11011110000
11110110001
00110111011
00111111010
00101100111
10100010111
11011001011
01010010111
00101011101
11101100001
10010011110
11010001111
11010010011
01100011011
10010011111
01100011111
11101110110
01010111100
11101101010
11111100111
01001110101
01000111111
01111010111
11010111000
11110111110
11001011011
01010111011
00110110110
01011110010
01111011100
01101101011
01100111011
01101101011
11011100011
01111001110
10011011010
01110001011
11010000111
11101111101
01000101111
01100011110
01110100101
01110011011
11111000010
11111001010
01110101100
11011101011
00110111110
01111110011
00011111101
01011111100
11011011011
10111100111
10010111110
11010101001
11011101010
01101011001
00110101101
00111101001
01111001011
01111100011
11101001001
10001110110
11110011010
11100111100
11001100110
10111001010
01110010011
01111111111
11111111010
10100111111
10111001100
01001111100
00110110101
11101110110
10010010111
01111111111
01001011110
11111100100
11010010011
11110010101
01011110111
01111100110
00101111011
00011001111
01101111010
11110000111
11010111100
00011101110
01011110111
10011111100
11110101001
11111010001
11101010011
01010111100
11011100110
01101111111
10110100101
01000101111
10100111110
01000011111
11000011011
11001110010
11010100011
01011011110
01110001111
10110101100
01110111000
10011111011
01111001001
10111001101
10111110001
11101011100
00011101011
01011111101
11000010111
11011010010
01011101110
11100001101
01101011111
01110111111
01111010110
11110011010
01011010110
01110001110
11110110001
00110110101
11011101001
10111001001
11100101100
11100001011
10011010101
10100010111
10101110101
01100101101
01101010110
11101011010
10101100101
11001101100
11111100000
00101101111
01010101110
00010101111
10011100101
11011001111
10101011100
01011101110
10100001111
11111111101
11000101111
11111110100
01101101110
11111100011
01001110011
10001110101
11111000001
11101001001
11100111101
11011101101
00101011110
11001011100
01110001110
11001011100
11011110100
10100011111
11110100101
11010101011
11010100110
01100101111
11011111001
10011101010
11001100111
11111000110
11110011101
00111100111
10111011111
10111100011
01111101111
11111111111
01001011011
10111001101
01110110100
10011111111
11101010111
11110000111
00011011011
10101011001
01010110011
01011110100
01101110100
01111111000
10001101110
11001110100
11100101110
01110001110
10000101111
00001011111
10111011001
11110100100
10101101010
10100110101
00111011110
01101101110
01101000111
11110011000
11011001100
11011001111
11010110111
11001101001
01100111011
11111100001
01111001011
01011011101
11010001111
11100111110
11010110111
11101101001
11001111010
11111000110
00111010110
11110100111
10011010111
11111110100
10100111001
11101010111
11111100100
11110011110
01110110110
01101100110
10011011111
10100101011
01111111111
10011101111
11010110001
01111111100
00111001101
10101011001
01110111101
10111101111
10111011100
01101101011
01011011010
01010101011
11011001100
00110110101
01001110110
01101111110
10000101111
10001010111
10010111110
01111110101
11101111001
01001111001
10110100011
10010110011
01100111100
00111101001
10110100110
00111101001
01100111111
10111110111
10101111111
11010101110
00110110111
11011000111
11101110110
11111111000
11011010110
11111001110
01100111101
01010011110
10101011100
01001111010
11000111111
01001101011
01100011111
11001011010
11111010110
10100111101
10101110101
10011001110
10111000011
01101101100
11011011100
11100011001
11110111100
01000111011
11000011101
11110101001
11111101110
10101011110
10101111010
11001101111
01111101110
01100111111
11011100100
01010011011
10111100001
11010010111
10010111110
01101000111
11001110111
10011011011
11111101110
01010111101
11010110110
11011101011
10110011001
00101101111
01111001111
10100110110
01011111111
11000100111
11110011100
01000111110
11101110011
10011101110
11101001100
01011011110
10101111010
11101100001
01001111011
10011001111
11011110000
11001110111
10001101011
00111110100
10111011111
01111000101
01101011100
01110111100
11111110101
10000111011
10110101100
11100010111
11101110011
10111111101
01111011100
11011011100
10111000110
00111101100
01100001111
10111101011
11010101111
00101101101
00010110111
11011110010
00011111011
11101110101
10011101100
00011101011
11000101101
11111010010
01010111011
00110111001
00111110110
00101111111
11001011100
01111000111
01111110010
00111110111
10010100111
11001011101
10101110110
11000011011
01110101010
11011101111
10011010011
11010010101
11101001011
00110011110
10111010010
10011011111
00011011011
00111101101
01110110011
01101010111
11011001110
11111001010
11011100110
10111101111
11100010101
11011101100
11101101100
00101101101
11110101001
01001100111
01101011101
10011111001
01111001111
01100011011
11111011111
00011110110
11110110010
11101011111
11110111001
10110110011
11110001111
11000101101
01101111011
01111111101
10001111001
11101110010
11111011001
01101000111
01111110111
10110100111
11000101111
11010011101
00011100111
00111110100
11110100101
11111101010
11100110110
11111110001
11111111101
00111010011
11110000111
11000110110
00011111110
10010011101
10011001110
10110011100
10011111011
00111111111
01011110010
11110010100
11001010011
11011010100
00001011111
11110110001
11010100011
00101010111
11011110011
10100011111
11110011100
11011010001
11001101011
11111011100
01111101110
11101011111
11111000111
01111010111
01001110101
11011001110
01010111001
11010110100
11110101001
00111011010
01110110101
11100110100
11111101001
11000111111
11100101001
10101111111
00011110101
00110111100
11000011101
11010001110
00001111101
11110100111
11101100100
11010001111
11010110001
11011101011
11001110010
10010111101
11001010110
01110100110
11110100010
00001111101
01110110001
11000111100
10101011001
01101011110
11001010011
01111101101
11010110101
01100011011
10101010011
11100011001
11111110100
11100101111
10011111000
11001110100
01011111000
10111001101
11110111110
10101001011
01101100110
11111010010
00011101110
01011110100
11111011000
01110011111
10101110100
00011111110
00010011111
01001010111
11010100110
10001001111
11011001111
00011110101
01111110110
10101100110
10101101100
00111101111
11100111011
01110100110
10110001101
10010110111
10111101100
11011110000
10111110111
01011101001
00001111111
11111010100
10011011001
10000111110
11001111110
01000111110
10100111101
10111110101
11111110010
10001101011
11101101101
10010110011
10101101100
10111011011
00111010110
10101011010
00111110111
11110101011
01011100101
10111011000
11110011000
01010011110
10111010001
11011001001
10101011010
11011111111
10100111011
11111101011
11101010001
10010111110
10101110011
11101101011
11111001110
10111010011
11011111110
01110101111
10101111101
11011000101
11110010101
11110001011
01111100100
10110111011
11011100110
01100110110
11001110110
11101011100
11001001111
00110110101
01110110010
11101110000
11111101001
00110100111
01111011000
11111111011
11010010110
11101010101
01000111111
11001101001
11011111110
01001010111
11011000110
11111110111
10101110100
11100101111
01001111110
11101011001
01001010111
11101010110
11011100010
01011001111
11101100110
10110011110
11111000010
11101010011
00101111010
01111111100
01000111101
10111011000
01111001100
00110101110
10111010011
10001110101
10111010011
01100111100
10001011101
10011000111
11000011101
10110111010
11111000001
10110011011
10110011101
10011110001
11001010111
11110101000
10011111101
11101010011
01001111100
10101011110
01010111101
11000110101
11111110001
11111000111
10100101111
10110110101
10010111111
10011111111
01110111010
01101000111
11011010111
11001101001
01001101111
01110111101
11101010001
01011100110
10100111101
00110110101
01101110110
11011010101
11001110100
01110011001
01011111100
01110101100
10111100100
10111011100
11010110001
01010101110
11101011110
01011011101
11000110111
10111001100
10110010111
10001111111
11111101111
10101010110
00111100101
00111111001
11100111010
01101101110
10001011110
11011010101
11101100001
11111000101
01110010111
11001001111
01001110101
11110110100
10100011111
00110101111
11101010010
10111010101
01000101111
01110000111
00101101110
10101110011
10101011111
00011010111
11101111110
01101101100
11011100001
11101101000
01101011111
00011101110
10101111110
00101110011
11110001010
10101001011
01100110011
10111100111
10101011010
10011100110
11101111111
01011101010
11011111100
11101110011
11001011100
11001111011
10010101110
01000011111
00011111011
10010110111
10111110010
00111011111
11111001001
11111011011
01100010111
00001011111
10111111010
10101000111
01111110110
11110001100
01011101111
11110001111
10011101100
11011111011
11101100001
01110010101
10101011111
11001011110
01011101101
00110010111
11011111001
10001010111
11111010010
10111100111
01010111101
00111101101
11101001101
01110010110
00100111111
10000111111
10011010101
01101011001
01001111111
11000111110
10101010011
11111110110
00110110111
01110011110
00011001111
11101000011
11011010100
01101011001
11011011001
01101011011
10111100101
00101111011
10001111111
01111101101
11001001101
11111101111
11111001110
00100111111
11110111000
01101110010
11011011111
10111010101
10010100111
11100010111
01110000111
01011011010
01111011010
01101101010
11011111100
10111100100
01100010111
00100111011
01011111111
10110100111
10001101101
11001111110
10101101101
10110011011
10111010100
10011101110
01011001110
10001111111
10101110111
01111011011
11011110000
11011001101
00111100011
10010110101
10101111110
11011011000
10110011100
11100010101
10111110010
10111110100
01111001011
01101111001
11110010100
10001101111
01000111111
11101001110
11011111001
10011101101
00111011101
10110110011
00011101110
00111100101
00101111110
11010001110
01011111110
11001110011
11000011110
11101011100
10111011001
10011001101
11001100101
11110101110
11001110110
01000111111
01001101011
10011110001
11001111111
01010010111
11110111101
11110011011
10101001011
11101101101
01110011001
01011010111
00011110110
10011001111
11100001111
11100111011
11001101100
01111100111
11111101010
10001101110
10010111111
01011110111
01111110110
10011101001
11010100101
11011110000
00101010111
10110111000
00111110110
00101110101
11110110010
11011011010
01011001111
11110011111
01101110100
00110111001
10111111011
01011111111
01000101111
00110111110
11010010011
11101011110
11111110110
11010011100
01011111100
10001011111
10100100111
01101101001
10111100101
11111110110
11001000111
10111110000
01111010010
01111000101
01011011110
11101001010
01111011100
00110111101
11101010001
11110111000
11111111011
10100101011
10110111100
00111100101
01111101111
00111100110
00010111101
10101010101
11100011010
10011110011
10101110001
11101100001
00011110011
11000011110
10111001111
10110001110
10001011110
11111100001
01111011111
10010110011
01010011110
00101110101
01111110001
11111101001
10101100110
01111110001
01101101110
10111001011
00111011010
11101101000
10110011100
11111101011
10110111100
11101010110
11010111101
11110101110
10100001111
11111000111
10111100011
10011100110
11010111011
00110101101
00011111100
11100100011
11000111010
10111110100
01010111001
00101111101
10001111111
01101010011
10110001011
10111111111
10000111101
01010011111
00011110111
11011111111
11001110110
11010110001
10011011101
01111010001
01110111101
10011010101
11111100110
10111000110
11100101110
01111110100
11011101000
11100011101
11100010111
10111101101
00111100101
00100011111
01111011010
01101101101
11001011110
11110100101
11111111011
01110111101
01010011101
00111001011
01011011111
10111101010
10111011010
11010101001
10111100100
01011011110
01110100011
11011000011
11001111000
10001111101
00110101101
10100110101
01011110011
11001110001
11101100100
00010011111
11100100101
01000111011
10101000111
11011111011
11010100011
01011011010
01101101010
10010110101
01011110101
01011011011
10111110100
01100100111
00111101010
11001010011
10011111011
00101010111
10110111011
01101110010
11011011110
10010111101
11111001101
01100111110
11110100001
11110111100
10001011111
11101000101
10110111101
11100010011
11000111010
00010110111
11101110100
11110110010
11110101111
00001111101
10101111110
10010111100
11110100110
01011010101
01101011110
10100001111
00011100111
01111010101
01110111110
01111001010
01011011101
01110011111
10101001111
11011001111
01011111000
11101011110
10010110101
11101010101
00110111111
10011100101
11111000111
01111111001
11100110110
00111000111
11101001111
00010111011
11011000111
01011101101
11011001110
00101011011
01110111111
11111110110
01101010101
10111000011
01010010111
11100101110
00111011100
01011111011
11011001111
11110111000
00111110110
10101101100
11010101101
10111111111
01101101011
00110111101
11100111001
11011010100
10111111101
11101010011
01011101110
01110110111
01001011111
11011100111
01001111101
11110001111
01011010101
01011110010
00011110111
10111111010
11011110000
11011001101
10100101011
11100010101
10010111011
01111101000
11110101000
10110101011
10111110001
10010001111
00101111011
10101100111
10110101001
11101111010
10110110001
01011011111
11111111101
11110101111
10110101111
00110111101
11001001101
11110000110
11101110001
01011011101
10001101011
11001000111
11110110110
11100011110
01111111011
10011111110
Time = 0.035s
