n = 14, k = 2, l = 5, m = 57
Expect Resample Times = 0.666923
Result:
00000011101100
00111000111111
01100110010110
10111110001101
00110001111100
01111011110101
10010010110111
11011111111001
10000011010110
01101110010001
11010001001001
00100000101011
10100010100111
10011101111011
11001111101000
10111000011011
00011101100010
10110001101100
00101101101111
10011110011100
11010110101101
01000101101011
00011011111100
10000010000111
00111111110000
11100011011010
01011101101111
10000011100010
10101001001101
01011011010000
01110100110110
11001101110101
10110101100011
10000111010111
11110000100111
11011111010100
00011000101001
00001001111111
11110110101101
11011111000111
10000110011101
00001101001100
10101000100101
00110001111101
01110000010001
00110100111010
01000110110101
00000111100100
11010011011111
00001111010011
10011111000101
01001000111001
10101101010111
10100010111111
10001001110001
00110101001101
01001001100110
Time = 0.005s
