n = 12, k = 6, l = 2, m = 1263
Expect Resample Times = 0.365926
Result:
010101111111
000000101010
000101110100
000110100101
101001101001
110000101100
101010110110
011100111100
111011011010
111110101001
100111001110
011100011101
001010110000
101001111111
010101101001
111111010000
110010000110
111110100100
111000100000
111111100011
011001010001
000001100001
011110010011
110010000000
010001100100
101000100000
001111110011
000000110011
111001111000
110001101100
100100110000
010100111001
110010101011
011001101000
011110011111
100000110000
101110110001
110110100101
100101001101
101011010001
110110010010
001101011010
000010110011
011001111000
011111111110
100001111111
100001001001
011000100110
111011110010
010011111000
011011101011
101101101100
011101101010
010101100011
000011010011
100001011100
110110010000
001110100010
011011111001
010110111110
010100111010
000110010100
001010001101
111101010010
010111000011
111000101101
010001010001
111010011010
101000001101
111111110111
000010000111
010001111100
000101000000
000000000110
000011001011
010101010011
111111111000
001011110000
011111111000
111001011011
011001100010
101000000101
010000011010
111111110010
001100101010
111011101110
101000011111
111011010000
110101110001
000111010100
001110101011
111110001100
011110001101
000100101000
101010010011
011101000000
000101101011
100111111000
100010001001
010001101110
100101011001
000001101010
010001110010
001111100001
010101101001
011100101100
000100010100
011010000000
101101010011
110011000100
011011000101
001001101000
110010110111
010100010110
010011100001
001100000011
111101000100
011111110011
101100111010
111101010100
100000000001
000111001111
100111110100
000000100001
101101011000
110001110001
011000101001
100011011001
010010001010
010110111001
101000001011
000100110011
110000001111
011110010100
100000001001
101100001011
110000101011
010111001000
101010000100
101111010010
000111011111
011110001011
110110110110
110011110010
110001100000
100011100100
000000101000
110101000101
001110001001
101110000100
110000111010
100000101000
111011110100
110001001111
110000111111
101110110011
100011010100
111110010001
110010001110
010100110101
111110001111
010100000111
110000001101
100001100111
101100000101
000000011001
000010001111
001101101111
101100000110
001010010111
100101001101
010001111101
100111011101
000111010100
011111111100
010111101010
110011110011
001100001001
000001100000
110010001111
010110000000
010101100110
100010101000
000010111111
001110011010
111010011101
110101001100
101011001100
101101010010
000010010110
000100111101
110110000010
011101110011
110101000010
100001100000
110110100010
011101000110
100011011111
011010001100
011100010011
001000001000
001101111101
111101100101
010001110100
000100011100
011111100010
110000101101
111110010110
110010100110
100000001011
000010011001
101111110111
110001001110
110001010101
101001110000
111100001111
110000110010
001011111000
000110101100
001111001000
000111110101
111111000110
001101010011
010110100110
001010101000
000010111111
011000100001
100011110001
001111100011
010111100010
111000110100
011110100111
010101111011
110010101000
100011100110
000100010100
100101001010
011000010100
001110110010
010110011100
100100110100
000110100011
001101101011
101001101011
001010011011
111100101001
000111110110
100011000111
110110001110
000011100011
101000111000
011110010110
111110001001
011001100000
110100110101
111110111000
010000101100
110111010111
001111110011
011100110100
000111001001
001010001101
111111011111
000000101010
011110110101
000111101000
001110001010
111011111100
001010000111
101110010011
100001001111
111001111000
000011011000
010111001010
101000001001
011010110011
011100111011
100010100010
000001101010
111011011110
010110010010
111010011001
101010110001
101001100001
010000001110
000010101000
000101111110
101010100010
100111011001
110001101100
100001000100
101110001011
010011111101
010001110100
010011001101
100101011101
010100001001
010101001100
110110101111
011000000011
011010001111
010000110000
100110001001
100011001111
101000100101
110100010111
010100101011
111110100101
110011010100
011001000100
000000011110
001100011010
011010110111
111010011001
010011000000
111101001011
011100111011
010011010001
010011100001
111000001100
010011011011
111100000010
001010010010
101100000011
100011110110
010101111100
111000010010
001000111000
100011100101
001111010101
100100001101
100111100000
010000011010
111100101010
011011010000
111001100111
110001110110
101010011001
001111000100
001111111100
101111010000
100110011100
110110111001
001100111001
111100010000
100110110101
001001001110
100011010001
001100110101
101010000101
000100100100
110101000100
000110011111
010111000011
100000000101
101111011011
111100011000
011100001101
110101101000
011001110000
101100101010
111100011101
011010101011
011100000100
001010000000
001001000101
100010000110
001111100001
010011000010
000000110110
101010111011
100110001100
101000000010
000001011111
001001000010
000101110000
011001100010
100011001110
000100010101
011001101111
111101001101
011111011010
011001101011
111010100101
110111010100
110001101100
010010000000
101101111100
000001000100
010011101000
000111011110
001101111010
110000001010
001100001100
111101000010
110010001010
110000011000
111101011001
001111001110
010100101010
000111100000
100000001011
111000000001
000110010110
100001001100
101010011100
000101110010
000011010100
110111000110
110000110111
101111101011
111101111010
100011111010
011101000011
100001101110
110011111001
011011000111
110011101011
111101100000
101000010101
100001111110
100011100101
010110001000
100010110010
111110001101
110010111011
110010001000
010101101011
011100101000
011000110101
000001001010
101111110001
100101001011
101100110000
111111010111
000111110000
011100001001
000010110011
001110110111
110100001111
101000100001
000011011010
110001101001
101011100011
101100000011
110011111010
000100011000
111111101010
001110111011
001011100111
111101111011
100011111111
110010001011
110011000010
010111110100
001011001100
101111110111
100111011100
111000010110
011010010001
010000111111
110000011111
101110100111
011101001110
111111111110
010111001110
101010000000
011001100010
100001001110
011101000011
011101101111
110011000000
100101010101
111100010000
100100111011
110100100011
110111110101
010010111110
001111101110
001111101100
100110100000
011101010010
101011011011
011010011000
111111010000
101011001111
011011101000
111000001101
011101111101
101110000001
111000011000
011000111011
011011010111
110001111100
110001100001
101100000110
010110001000
000011011001
001001011101
100001100000
011001100101
100000010111
001000001110
111011111001
011010101100
101011000110
111010001001
111001010010
111010011011
000001000101
011011100101
001001110100
010101010010
000001000011
111110100111
000101000100
110100011100
101011000100
010111101100
110101100111
110010111100
111001110101
110110111010
010010001011
100011000000
111000001110
111101110101
011000010110
000110011111
110110101001
001010111111
010011001100
000000001101
000100011000
011100100101
010110011000
100001100010
010111011010
000010001001
011010100111
011000111000
110100001000
100010110111
111111000101
110110011010
011011001011
110010010110
111110000100
011000100001
111101101010
110110000111
111011000100
010101010100
110110000101
101110101001
001100011000
001101001001
010010101000
011000101011
011010101101
110001100011
110000100001
111001011111
100001100010
110001001110
001111110010
101100011111
000110100001
110010111000
111101001101
000001111101
010000010100
011110101001
100010100101
101000000010
000011010010
110100111111
100111011110
111111111100
001011100001
100001100001
010110000011
010101101101
010101011100
011100001000
001101011100
111110010000
100110011101
101101001111
111111011001
011111111101
000100010011
010001000110
111001101011
100011000110
010111111100
110101110110
001010001100
110101110011
011101100111
001010111100
010110100011
001111111011
100101100101
001000001011
111011010010
100001100011
110111001111
100010011100
001110101111
110001111001
110001100110
101101100100
101100110001
110011001110
100000000010
100011011011
011100100100
110110110001
010000111011
010111000111
100101000010
100100010001
001000101100
000111101110
010100101111
100110101101
010100001010
001111101000
110000111101
101001100110
010111000001
111111100100
111000011001
110100010111
001011101101
100110011110
010011100010
001101000001
110111011101
000000000110
111001101011
011100001011
001000100111
001010010100
110000011010
100000010111
101001000000
010110111011
101000010100
111111110100
011000000100
110010100001
000001101111
001100100000
101010000110
001001101010
100100010111
101110101110
111001001000
000011011010
010110111111
100101111111
001100111000
111101111010
110110000101
010110110010
110011011100
011100110010
101000010000
001111001000
011011110001
100111111010
111101011110
011111110111
011100010101
101001111100
100110000010
110010001100
010111100011
110010101000
111100110000
101000011011
110111111010
010000000111
100101010111
000001101110
001101010110
010000000111
101001101101
000111010111
100010001110
011101001000
110011111101
010010010111
011101100101
101110111000
110000000111
011001100110
111101000000
001110010000
001101100110
011001111110
100101101111
001001000101
011011101101
001101110000
100110010000
100011000111
100011110100
110111001011
101011110101
010000101110
100010000010
001111000101
011110011010
010100110101
110000110110
110110100011
100010010101
110001001011
101001010011
100000110101
011000100010
010101110000
001001101000
011011110100
010110110011
110100010111
111111111011
100100001110
010010011001
110111111110
010100000001
000010001111
100101100111
111001101101
000111110010
111010111010
111110100101
111111110000
011000100101
001001011001
110110110001
000101101101
111101101111
011111110100
100000110100
011011110001
001001010001
110010100010
011011011111
101001100001
101001110000
101110001011
001001001011
101010111001
001000010001
001111100111
000111001010
010001001000
011110000010
110111100011
001111001110
000001001110
101011100100
100000000001
011001010000
100111110100
010111110101
000010100011
110010011010
001010110101
000100011001
101111111000
000100111001
000100010100
101011111111
101110101011
111111000010
010101010101
011101111111
100111000101
101111011011
101011010001
000011011111
111110011011
111101000111
000101110000
101011111111
101100010111
001101011011
101110110010
011101101001
010000100111
001000011111
110110100100
110011110010
000100110001
101111001101
111100000111
000101100001
001110100101
000101110011
111111110111
111011001110
001011100111
101110110101
000001011100
010110100111
011101010001
100001111100
111110111111
011010011001
000011110110
000011010001
000101110101
001111100001
110101011001
000001110001
110011001011
101000010111
010111101001
100100100000
111001101011
001110001010
001111011000
100010101111
101001111010
110010110001
101111110111
110111010101
000001001110
011110000111
000110001111
000111011110
110011000110
010001000100
010100010100
100100111101
110011001100
001011100100
000001100011
011001010000
010011010001
001000110010
100101111110
000100111001
101011001110
100011011011
101101000001
000000100101
101000101010
000000111100
001011001001
001010010001
010101001110
101001100101
100100100101
100111110101
101110111000
111101110100
101100011000
001110101001
101110110000
011111111000
001111000000
010011001000
011100101001
000101000011
010110010011
111100001010
101111101011
101011010011
100011111011
011001101000
001010000000
111100110010
101000100110
010101001011
011000100011
101111101101
111110111001
101110010110
000011011110
011010110101
101010101011
010001100110
011011110011
111010110000
011111110101
000100010101
111001101101
001000100001
100110010100
110010001011
000000110101
010100111110
011011010100
100001001011
011100001001
110010010110
100011010000
110111011010
101101000110
110110110101
001111011010
000101100101
111010100001
000110111011
101111001011
010010111001
010111000000
000101110100
011011011000
011011000110
011011000100
010010011101
110101101111
010100111000
111010100001
101001110101
011010010001
110010011000
111010100101
111101011011
110011010011
000111000110
110010011111
101101001101
010111001010
101001100001
101110101111
110010101011
000011101011
111001101011
110101011100
011010000010
101010110111
101001111011
111111111000
111011000111
000001001000
011010101001
010001010011
111101101110
000000111001
011100110111
001001111001
110011111000
000101010100
111000011110
100111100010
011111110010
111010000000
010110100011
101101000100
110010111110
000111001011
101101100110
001100010001
111110010010
110011000110
011100100001
101100011011
111001010010
000101111010
010100111110
101111000110
001010011011
001111010100
100110010110
111111111000
101001110111
011010000100
101111000111
010100111110
110010011001
000001000111
011000100101
000100001000
100000111101
110111110010
001011100010
001111111011
101101010010
000001111101
100101101111
100100101011
001110011101
010010110011
001001111111
101011100000
111101000001
111011110110
111101110011
011001010001
111111000001
011100100101
000010111000
001001010101
010000010001
110011110010
100110000010
011000011001
100011000011
011101000100
001011110000
001011111010
000100000100
101011011010
101100111101
001110111001
010101100000
100100110000
110000110101
010000110101
010101101111
000111100101
111001001011
111100101101
100100110001
110010110001
101111001000
110010001111
001111101010
111011010101
011000110100
011011110001
010111101010
010001110010
001001100110
010011111001
111010110000
101000000010
111100010110
101111111101
001100111001
100101011011
011110010110
011010100111
101010000111
111100110011
000111001111
111110010100
001111101001
011011100010
010100100011
010101000010
101101111000
011101100010
101010011001
101011001000
110110100011
101110011000
111110101110
101010010100
000101100111
000101110101
110110000010
111011001001
101010100010
001111001110
110010101110
000001010100
100100100000
111001100001
100101011110
101011011000
110111111001
111010110000
111110000010
000101100101
010001111011
101111000101
110000111010
110100111000
001010011100
110100111000
111110000001
001101111100
000010010001
101111010001
101100001101
110011011110
011101111101
001110110010
101011101101
100101001001
100001101100
001100000110
100111010001
000011100111
101000001111
001100100111
110011011111
011110011011
110101011111
011101101100
000001101010
010110010101
001011001101
000100111010
100010000110
100101100101
001100100001
100101001011
000010111101
110100111011
111010000110
110110110100
100010100000
001110001010
100110011100
111010010001
101000110101
001101010101
101010101000
001100011101
110001000101
000100110000
110110000001
111000010000
001111111110
110001010000
101100111100
000101011110
001001100111
101111110101
100111011100
111111001101
011111100111
100111001100
111100011011
010101010100
110011110100
011011001001
000100010010
111001101111
011111100000
011101000011
111110011001
100100011011
000001101011
101001100110
001010111011
100101110110
101010111001
000000010101
111001001000
100101000110
110110110010
100111101000
000101011011
111100110100
000100000001
001000000001
000100101000
100100100000
111110011010
010100000110
010111001101
001101101111
000011110011
110001110011
001110110001
101001001001
111100101101
111110111000
010011110000
101100011000
010101011000
011111011111
000000101011
010111101000
001011100110
110111010110
010010101101
011100010011
000101001010
111111111110
111101001100
001010111010
101111110000
100110001100
011001100100
011101110110
000001111000
011010011010
011111000010
010100100010
101111100110
111011101010
001001010000
010111010001
001100011000
101101011010
010110000001
101011011110
111101011100
110000011001
110111001010
011100000110
011000000001
001011110010
101000100101
010010010001
001000010000
100011001100
100100110101
010111011100
010010110101
100101111010
010100011011
111110010100
000010010111
100011011011
111011110101
011110001101
111010100001
110000100001
011110010011
100110011011
100100111110
110001101011
110010100100
100110100110
000110111001
011011001100
000010100000
000011010100
111001001101
000101010101
110110101110
111000011100
011111010010
000000010011
000100100100
110110000000
110010000111
001011111010
000111110101
011110100010
111101011001
111000110010
001000011100
111000100000
101101010110
101011001011
100100100111
001101101101
011101111100
100100110110
001101000011
010001011011
101111110110
010100111001
110010101111
010000110101
000011001101
000110111000
111001101010
010111110001
Time = 0.082s
