n = 10, k = 4, l = 2, m = 262
Expect Resample Times = 0.366465
Result:
0100011100
0101000001
0101110100
1001000111
1000111010
0100111110
1111001111
1000100000
0010111111
1100100010
1011110010
0110001110
0011001110
0001111011
0101011001
0110100101
1110101000
1101101001
0011101101
1101000000
0100110001
0001110010
1100100100
1110110110
0001101010
0101001000
1100000101
1101110110
1111010010
0101010110
1000101111
0011110111
1001110100
1101010011
0001000100
1110111011
0010100101
1000001011
0011011111
1011001100
1000000110
0100111001
0100010101
1110101110
1000110000
0100111011
1110110011
1001101011
0000011001
1110010111
1110111010
0001010110
0110111101
0100100010
0101000011
0010010000
0101100110
0000100011
0101010110
0010000101
0101100100
1110001110
1101111010
0101101110
1100000110
0000101010
0110001101
0001100111
0011000001
0111010000
0110111101
1101101110
1101110010
0001010111
1001101100
0001100111
0101110111
0000110001
1000101111
0100010100
0101010001
1000101101
1000111000
1110000001
0110110111
1001100011
1010111101
0010000010
0001111110
1000001110
1011100011
0000101100
0010111000
1111110110
1111100110
0000010101
1110000000
0110010011
0010010101
0001001011
1110110101
1000010111
0110100000
1000110111
0000001111
1010000111
1110000100
0000110110
0100000011
0111011100
0110100011
1110100100
0111001101
1010111100
0000100100
0101001110
1010001111
1011010011
1111010100
1011000000
0101101000
1010000101
1100100000
0010001100
1100101110
0111110101
1100110001
1111010101
1100110000
1110101011
0001011011
0000001001
0101101110
1001010001
0111001110
1001000110
1110100111
1001001010
1000000101
1110111110
1000011001
1111111001
1100101000
1110011100
1011000110
1111111100
0101101010
1000001001
0000111001
0110101110
1010010001
0111111011
1110111001
1101001111
1111100001
1001111001
0011011110
1011100001
1100001101
0101010111
0011100101
0001111000
0011110110
0011011011
1011010101
0111110011
0100101000
0100011011
0011111111
0111010110
1110100110
1011001110
0111010110
1001001101
0001100111
1011101110
0101100001
0110010010
0011010110
1001100001
1110010011
1111101010
1001110110
1111101011
0101111010
0000101010
1000001110
0000101011
0001010000
1100010011
1000011010
0101000000
0100101110
1001011110
0001100000
0011010010
1001011011
1101110011
1001111111
0101000111
1000000100
0110111000
0100100111
0110011111
0110110100
0101010100
0000010111
1001101001
0001000101
1111100011
1110011000
1111001101
1100011001
0010101100
0001100111
1000011101
0001111010
1000000100
1001000011
0011010010
0111000000
1001101111
1000000100
0101101010
0100010100
1101110001
1110011010
1111010100
1100101101
1010011000
0101110001
0111111101
1001100101
0110101010
0111110100
1101111000
1111111100
1011010110
1111101100
1011010011
1000111111
0110100001
1000101100
1111010010
0101100111
0110011010
1010111010
1011100101
0000001001
1010100000
0100111100
1100111001
1110000000
0000011110
0101010001
1110111111
0100000011
1110100001
1011110010
1110000111
1111100110
0110110111
Time = 0.006s
