n = 16, k = 2, l = 1, m = 58
Expect Resample Times = 0.727628
Result:
1101010100011111
0111001101100100
1000000101000110
0001101100010010
1010011001011101
0001000111001110
1111110110100001
0100111000110100
0011011010110101
1110110000101110
0111111001010011
0101111111100110
0000010011001001
0110111000100101
1101000110001001
1000100110101011
0101000001000110
1001010011011000
0110111011110011
1000100110110111
0100001101111011
1110000101110101
1100011100101011
1001000110100110
1000100100101011
0110010111100101
0110000001100110
1001011011001010
0100110001010110
0010101101000001
1010010111111000
1101000001110001
1011101101110101
1100111111100001
0100000101011101
0110011101011000
1101100001110000
0101101101110111
1001001001100100
1011011000110100
1001001101101101
0011001011111111
1010101000001010
1111010011001010
0110001100101001
0100010011011001
1100001001110101
0000001010111110
1111010001100010
1111010001101100
0011100001000100
0100111101100010
0111010010000100
0000101000110100
1010010101001011
1110011111111101
1011111010011011
0110010001010000
Time = 1.034s
