n = 17, k = 4, l = 8, m = 630
Expect Resample Times = 0.41456
Result:
00001101110111100
11000111110000110
00110100111010101
11111011010011000
10110011111100111
00111101101101001
00110010110101001
10110001011011101
01111100110000111
11011001001001001
10101010001101010
00100111000110110
10011010000111111
01111001110111000
10000011011101010
01001100001011011
01011100110111011
11010111110110111
11000010110100101
11011010101100110
01110101101111100
11001011100011111
11011011110011110
11101110100100001
11011001111001101
10111100101000100
10001110111111110
10111111000101011
10011101110101000
00011111111101000
11100010011101011
00000111001110110
01111101001001110
11101110001001011
11001000001111101
10110101011011101
11110100100001001
10000101110111000
11100010011101100
00010011101001111
11011010010000111
00110111110101001
01011001110010001
01100010111011011
01000101111100010
01011111010000110
01101000111110100
11100000010101111
01101111000101111
10111011101100010
01110110100110101
10110001101101011
10011011001011000
11100110010100010
11100010111011110
00111011110011100
11101110100010111
11001110110011010
10000111111001110
10110111101101010
11100101110100000
10110111000110011
01111101101010101
01001111001011101
00110010111110011
11011010001001101
00010111100010011
11111110101000001
01010110000011110
11011101000110001
11011001111110111
10110101111000011
01111101010100011
01111110101011111
00111010110000101
10010101010110001
11110110001011111
01001011011101001
10111111100001001
11000111000010110
11111000001010100
10000110110011001
01010101100101010
11111011100011010
11101100110001110
10110100011011010
10100001011001011
00101111100101001
01011010110101000
01000011111111111
11001110011111100
00110100100111111
10000100110110110
11101111100010011
01001001110000111
11000111100010101
10110110101111010
01110010101011110
00011010100110110
11000100001101101
10110110111000001
11011101011101111
01010110001100101
11001100111011010
11001100100000111
10001100011111001
10010100010101110
10010010111010001
10011111111001110
11010111011011001
10010100111010100
10111100100110111
10110000111001101
00110101100111000
10001011001001101
01100110110001011
01101001101000111
00001101101011110
10101110010101111
11011111011000011
10010101100100011
11100101010010001
00100111010110001
10010110100110101
01101001010100111
10010111111101111
11011110100001110
11011110101111010
00011010001111011
10001001111101100
01011101100110101
00010111110111011
11011101100101001
10101110011001001
11101110111111011
00111001010110111
10101100011010111
10111101001001101
01011110111001101
00111100101001010
01110110100101010
11100001101101111
11111010001110011
01101001111011111
11100111110110010
00000011111100111
10101001111001100
11011101100000110
10000111001011011
10001101001110111
11001001101111001
01011101111111000
00011001110000111
10111000101001001
01101111111001010
01101101101011000
01111001110011010
10001111011001010
10011010001011110
10101001001101111
00000110011111111
11110000010111110
00110101110011110
01001110111001001
11100101110000101
00100101011011011
10111011011101010
10111100110111111
10001001010101101
01001110000110101
11010111011011111
00101111110111000
10010110110100011
10100010001011011
10111110000010101
01101111110100011
00010010001111111
10101010001111110
00111110001001101
00110010111111000
10100001011001110
10101110111011100
10101110100110000
11001111110001100
01110100110100100
01110010010011011
10011110010110100
00010101110101111
10010111001011100
11110100101111000
10100110101010001
11110110001011101
01100111111110011
10011010010111000
00110001101101001
10100111100110000
10001111101101111
10110111111101001
10010000101110011
00011111100010100
11101000100110001
10101101100100011
10111100011000110
10011100000011011
10010101001110111
11110011110000000
11110100100101101
01110101110010111
00010111011101100
10110100110101001
11101100001110000
01100111010011011
01110111110000001
00101110011010101
00011001101111010
10000000101011111
11100000110011110
00001110000111011
10100010110001101
11010101100111000
00110011111011011
01010001010111110
11000000110011110
00111110010000011
01101010110001001
00110011010010110
01111101101011000
10111100100111011
11111010000000101
10001010111101011
10101001001101100
00110110011110001
00011101101111000
11010111101010001
00101110011011110
01001101110111000
00111100111011110
10000011101011001
10001000101111101
01111101001011001
11111000110001001
01100001110010101
11001101011110100
00111011111111111
11011100111010100
00111101011100001
10110010011100010
00010001101110101
00110110011111111
11111100101000001
00011101010111111
11110001101111001
11110001110101000
00010010011011111
00110111000110101
00100001111110011
11100000010110011
01001001000111110
10111010111100111
01100010011000111
10110111010011101
10001001100111100
10111101010111010
00101111001011011
00010110111011010
01100010101001111
11101001010010110
10101001010100110
10100110001111101
00110101000111010
11111111111110010
01110111101101101
00101001100111101
00010011011100101
10011111001101011
11110001001111101
10000011010101011
10011000111100111
01111010100101111
00001000111110011
10000111101001100
11101011001110001
01101111010100010
00101100111011000
10001001010011101
11011001011010011
11000000010111011
10111001100111111
01110011011111010
00110011101011100
11001010000110101
10101011110111101
01110111111101001
11100110110000001
00100010111001111
10001001111111110
10011010110011110
10010010101100101
01110000111100110
11010101101111010
10000111010110101
01100100110111110
10101010010101101
01001011111000100
11000011001010110
01011010010100111
10110001111111100
11110010100101110
01011001011111000
11001100110111000
11001101010011100
10110010111110100
11110011110010111
10110100010000111
11100000110010110
11001000111101100
01111000110111001
10100110010001011
00001100100111110
01100111001110111
00000111011001101
00011110100100011
01001110110111101
01110100011010101
01011101110101010
11101110110000101
10010100111100010
11111000110010010
10111101011000011
01101011011000010
01001110001001101
10101010111011011
01100001101101011
01110010111011010
01011111000010100
10010010100011011
01100011100110010
11110011111010100
10101101011001101
00011001101101111
10100111110010011
10010110111111101
10110110111001110
11011001001100011
10101111011100010
10111111110100100
10111111010111101
10110101010000101
01110111111100110
01111011011001100
01101000011101011
01111011010111101
10111010010100001
10010100111010011
00001101101100011
11111001010010000
01110111100111101
10111001101001100
11010100101010010
01001110111011110
10100001111010110
11011000010010011
01001110111110001
00010111100101011
00111011010110101
01110011001011100
11011100101101111
10010111001110111
11001011111001001
10111011101001001
10010010110011101
01111100100101001
10011110001101101
01110001110110011
00101010110011110
10001000011110111
10011100101110000
10000110110101011
11000011100010110
11010000111100110
01101010111010100
00010101001110110
01000101111100111
11010111001110100
11111110000000001
11100010000111101
00101111011100100
11111110101111100
01001110000011101
01001001010110111
01111000010101010
10100111011000011
11100001000111001
01101110001110101
11110110111100110
10100111100100010
00011011110100001
01001001100011011
00111011011111111
11000011111111000
01000101011110010
11100010010111011
11000100010111100
01110011100110000
00110010110110111
11100001111110110
01101111010001010
00011001010111101
11100010111101100
01001111011100001
10101011101011110
11010111001111010
11110101111110010
10001111110101010
00110101011110001
10101111001000001
01110111000100111
01110111100010001
00110001100100111
00010011100011011
11110101010011011
10010101001001110
10001000101101110
00011111101001001
11110011011101110
00010011111110000
10110110101001010
10110010111110100
11010110110111100
11101010001001001
11011000101010100
10100010111001110
10001101111010010
10100100010111010
01111010111111100
10100001111110101
01010100110011010
10111000011100100
01000011100110111
01110001111011011
10101111010100101
11000111110011100
10101011011010010
01110001111011001
00011011110101001
10011101000001101
00110100111110011
10011001001101001
11001100110011110
10101101111011111
10111110101001111
00110010101110011
00011110001011001
11011110011101010
01101100010010101
01111011111111110
00111101111111101
11011000010101011
01001011110111001
11010111010100111
01010101000100111
01111001001001101
10110110001111101
11110000010010110
00011111001010001
10001001111111011
11011010101110010
10000011011011011
01111100111001011
10011011100000011
00011101101110100
00011011010110010
11111111001010010
11101011110100010
01011100110111111
10000111011001001
10111101110101111
00010111001110111
11101011011100110
11100001000011101
01101000101111101
11000101001101001
01110100101101011
01010110100011100
01001110100001101
11111000100111100
10101101100011011
11001100011101011
11111011000000110
11111011000101001
11100011000000111
01110101101001011
11010111010101100
00010110010111010
10101100110111110
00111111011010001
00110000011011101
01110011110001101
10111010010111110
01100111100001110
00101111100000111
01001110111101111
10011010110011011
00101101100010110
11110111010110011
00011101110111111
01000100110110111
10101010100001111
00110001001111100
10101101110010100
11010010111101000
10011001001111100
00101110101111010
00111101001100101
00101110100110011
00011011010011010
10110000011010111
11101110000001011
01100110011110010
11010001001101110
11101101000011011
01111000001100011
11000000111110010
11110011010100100
10001111000011001
11000111011011111
11111000010111010
10110001111100001
00001111111010010
01100101110001001
11110001011111010
11010000010101101
10111001110110101
00000111100110111
11100100010101011
10101110010001001
01011000100110111
10101111011011100
11001010100101001
11010111101110000
00000111010111110
01010010110111001
11100011010101001
10001001110001011
00110011101101010
01110011110101000
11001110100011001
11110111111000001
11100000101010111
00110100101101011
00111111100001110
11000111101000111
10110111100010000
11110100011110110
10000010111100111
01111111000111111
11111001111111001
01001111011000100
10111010101100011
11000000111101100
00001111110111101
11000011100001101
11111101000110010
11010111010011010
11100100111000101
01001011110010001
11011011110111010
10110110110111101
11001010100111100
11011110001100000
11010111111111000
11001010001011100
11000000011110011
11011111010111000
10101011101101101
11010010000111001
10011110111100110
10111100101101010
01100110011111100
10111100001011000
11110110101110000
00110111110011100
01000111111001111
10110101001100110
11011110011110111
01011000011011111
00110111101110000
10111000101111101
01101110111001001
01101011000111011
10110100001011101
10100011101101010
01010001000101111
11111111011101000
10001001111101101
01101110010010100
10110001110110011
01001001110110111
11010101001110000
00011100111111100
10010001001111110
01011011111000111
11101011010110110
11110000011010010
10010010000101111
10001001110010011
00010001111011010
01010111110010011
10101101010101100
01111111010101100
10101001111111000
11110100011100111
00011001101101011
11111011111111001
00000011111101101
10011010100010101
00110110010011010
11111011101000110
01010011101011111
10011101110111011
11110101010100101
00000101010110111
00001101010110111
01110110010110000
00111110101101010
11000101100110100
11111101011001010
00011110111010001
11100010110000011
10110100011101111
Time = 0.241s
