n = 9, k = 3, l = 2, m = 113
Expect Resample Times = 0.375488
Result:
100010000
101101001
101010011
010001110
011101110
101011010
000101001
101101101
101111110
001000011
100111010
111001001
011001001
010111100
001110101
000111010
010001000
001110111
100010000
101101101
101010110
111010111
001111000
011110111
011110110
111011000
000111100
001100000
100001111
101010000
000011011
000001111
101010001
100010011
010110010
100001011
000111101
100110110
111100000
011001001
001001101
101101111
011000111
111110100
111110001
001110001
010000111
101001100
010100010
100010010
110101101
011110011
110111110
100100010
111111111
001100000
010011000
111010011
111101110
110000111
011000100
001100010
010101010
111101001
011111101
011101010
000111101
110011100
101000101
001100100
000111001
000110001
000100110
111000100
010010001
010000010
001110110
010010011
110000101
011100001
010110111
000011111
011000100
001101000
101111100
111010111
000010100
011101000
010000100
101111001
010010110
110011011
111101001
001010010
101101111
011000101
101101001
010010110
111111001
011011111
010110110
101010001
010101000
001101110
000100011
010101101
000001001
001011101
000101110
111011011
101110000
000111110
000111010
Time = 0.002s
