n = 12, k = 5, l = 4, m = 865
Expect Resample Times = 0.367566
Result:
011100001001
111000011111
101110010100
010101011110
010111111111
100100111111
010100100010
110100001110
111101100010
001011111101
000101010011
101000100100
000100100111
000100101011
110110111111
000001001111
001010111110
010001011101
101111110010
100111111000
101010100101
000111010010
011100100111
110111011100
011011010111
110011001010
111000001101
000101101001
101100000110
000010010101
101110110111
100001111111
111010010011
111010110110
010000100111
100100011000
110000001111
011110000101
101010111101
101110100010
110101000000
100111001110
110100110111
100011000111
111110110010
101110111110
000101011101
011101010011
011000010101
011011110000
000111101101
001000010011
101110011111
100011011101
011011100100
111001100110
010000010011
001110111111
001010001111
001101010000
101000011101
000110010001
110101000001
000110001101
101000011011
111101101110
010011110001
011010111111
111110100011
001001000111
111111101000
101011000011
101010110000
111100110001
110100101101
010010110111
011111001011
101000000011
111000101011
111110010100
111001100101
000100011111
011001110100
000001101010
000110001100
100100101001
000010111010
011101000101
100011100001
111111010011
011001010111
110110001111
001101110111
010001101101
000111111101
111011110001
011011110001
110011010100
101110011001
011111100000
111111110001
000111010110
101010001011
001001101010
110101100100
001010101011
101010111110
001000110010
111001110100
000010101001
001111000010
101110101101
111101111110
010100110011
110000011100
100111001001
111111110100
011101010111
100010100111
110110101011
101111011110
110101001010
000110001100
001000110110
011110011001
001101010111
011100100001
111001001010
001111001010
101010010000
110101111100
001010101100
011011000100
100001001010
101011110000
111111100010
110110000011
110001010110
001110001000
010100001100
101011101110
101011010110
101111000001
110100000110
111111001100
101010100001
100010001011
000101011110
100101110101
011001011110
001111111000
100100001110
100000101011
011010000011
011100010111
000101100100
101111110010
101110100110
110001111100
111010001011
110000101100
010100110111
010010010100
011001011001
001010110010
110011011100
111010100001
001000011111
111111011001
101110101011
101101111010
110010011111
111011111000
000011101001
000111101111
100111101001
100101100001
000110111111
111011101101
000100110110
111100010101
001001010011
101011000100
101011011001
110001111010
110010110111
011010110011
000001110011
100011011001
011111011010
101010001000
101001111000
110010010110
110010010010
010000110101
011110000111
011111111111
011100110010
111110100001
011111000000
111111011100
011101010001
010001110000
011101011101
101101011111
010110100101
010011110001
111101000001
110110010100
101110111010
001010011011
110001100001
111000110101
011011110110
111101110100
101010010100
110001110100
011100000011
110000001110
100001101100
111101110000
111100000010
011100100111
001110010101
011111000001
111100100101
010110010110
001010101000
100010100100
101010111100
001001011101
101001101101
111011101110
100110100000
101010001100
010000110011
100100110010
100111000001
111110000000
101001000010
010010101011
011110010110
000011111110
110010100110
110000101110
010011100011
010011110110
111011011000
000111111110
100101010111
001110001101
001001000110
011110100101
101111100110
100101111010
110110110011
011011101001
111011011100
111111001010
101010010111
100101011110
110010110101
101010001011
100110100111
010001101111
100001100101
100011100001
110111011100
001010110110
111011011100
010110100001
110011010100
101010100100
101111001001
110000010010
100001001001
011100110000
000110110100
111010001101
110101101111
001000110010
000110110011
111100000101
000011111010
000011011110
010101010000
011101011011
001000011001
110110101010
000100001011
111011101001
010100101000
000100110101
000101001111
010001110001
011100111110
011100100100
001000011110
110001101110
111111011011
100100101110
011111111101
001001010111
101011100100
011001000001
100010000101
010111001000
011110110110
010000101111
100100110000
100001101101
000101001011
100010010100
010101010000
100010101110
100001111100
010101101011
111001101011
110011010000
100010111011
111000101000
011010011110
101001010000
101011000111
010010101010
011011110111
000010011101
000011011110
110010011011
111001000101
100011100110
110001110001
011000111111
010110010001
100001011001
100110000010
100110110101
001110111000
011011100010
010011010110
011101010000
001011100110
100101111011
110100101110
001101110010
111010101000
000110001010
111001110100
111101110011
110001101111
110100110101
101101100001
001110000010
100110011011
100010001100
110110010001
100010100001
110101011111
000011101100
010011111010
110001101011
001111110000
000011111001
000101000101
111110001001
100011111111
101000001110
010001111010
100010110111
101001100110
010111000111
101001001111
100001110100
011101000000
000111010010
101010111111
001100100111
111011110110
001010101101
001101101001
101011110001
001100111110
111111110001
011101011101
110100000100
101111001100
010001011110
000001011101
001110001111
000111011110
111111111000
100101000111
000101110000
000110011111
000000110101
100110001101
001101110110
000111110100
001010110110
000010101111
001001000011
001110101011
111101100111
110101100011
101110011101
101001111011
011110100110
111100011110
101011000001
011011010111
101100001111
011011110101
101001010001
110100010110
000000011111
101100101010
000100110110
100101000010
110000110001
011110110001
000111001101
001000101001
100011010000
011001000111
110011111011
011010001111
100110001100
110001101100
101100011000
000000011101
010000101100
111110001011
110100101111
000111111000
101001001111
010111101000
101100010100
101110011111
110001011101
001001101110
110000000110
111010010000
111111111010
011010001010
110111010011
110000101000
001101011111
111010111000
111111010101
000110100100
010010100101
000101101011
100001000101
010111111111
001100111100
111001000000
101100101010
001000001101
001000010111
010010111100
000000101011
000100001011
001010011011
111000010010
000111110010
100010000110
010010011011
001100110110
010000111000
000001101010
011111110100
100100001100
101111001101
110100010101
111000111111
101101111001
011001010000
101110110010
110001100010
110101100010
010000101011
001110010010
100011111111
011001011010
110001011010
111011000100
001001001001
110000111001
101001110011
011101000100
011100110000
000011011100
101000000111
010111110011
001111001010
110000110010
011100110111
101010111001
001111010000
100111101000
000110100100
001100111010
101111101011
001111100001
110000110110
011011010011
011110001001
011111110001
001000100111
100011010100
111000100010
000011101011
011100110000
110000100011
101101111001
011100101011
011010011100
101111111010
010100101100
000111111111
010110000001
011011101000
000011101111
101110011110
100100100101
111000010000
011111010001
010001001101
101011111110
111101111111
011000110000
100101000001
011011001000
000111011101
100001111010
001011010011
100010000101
001010010110
011111110001
000111010100
011100101101
100001001111
001010100110
101110100100
111100100111
101000011111
110111110100
110100001000
001110011011
011110110101
110010111001
100100111101
100100001011
110100010101
111111111101
000110000110
011111000100
100001110100
010001100010
111101100000
110000010100
110001101100
000111011110
101001000001
110000100001
000111110111
110010110000
010101100001
101100011111
001010001110
011010110011
010100111111
100000100111
110111100110
100011011110
010010111101
101111010010
111111001011
000000011110
110001001101
111110001000
000011101101
111001000001
101001110000
001000111000
100000001101
100111010010
110001000100
100111100111
110000010100
100110011001
100110110010
111111001010
101001000010
011011110100
011100101001
001001111001
000101011001
100011101000
100100011011
010001100101
111011101101
011110000011
000100111111
111011000011
101100101000
011110100000
101110001010
111101011110
010101111000
001101101101
010010010001
101110011001
010101000101
100101000101
001001001111
010011011001
110001110110
010100101100
111010000000
110000010110
010110000111
111010100100
011000010001
101010110011
011001100011
000110000101
010100010101
111100111011
011110011111
011111011001
101110000100
101111001101
110100000110
110110101111
110111101111
111110011101
010010011010
100100100101
101111000101
000101100110
010101010001
100011111011
111011110100
110001110101
000111101000
011111000100
110111001010
111011000111
111101000010
011000100101
011011101100
010011011000
111000101111
010001100011
101100010010
011110000111
011000001111
010100001101
011101010101
110001101010
111101011000
101111101101
011111001001
101011010001
010000110111
100110110010
111000111000
111001110000
101001001111
010111100100
000010011011
001111000000
011100101010
011100010001
111110000100
111010011000
000101111010
000100101010
101100010110
111011000101
110110110010
001011001010
110000000111
111010101100
100100000011
111000100000
100011110010
100100100011
101110100100
101110110110
010110110010
011010001000
101111000111
010011010110
111100111111
111000000111
100001011100
101110111100
000110100110
101010001011
000101110100
011001001110
001000101111
000100011111
001010011110
011000010100
110001111101
100100010110
111101010011
110010001011
011100000010
010111110110
111110101011
010001000111
010001110000
110000110001
110111100111
010010001111
101111010000
011110011111
101010010110
000111011110
010100000110
011111010001
001110101010
101100000100
101000100010
011100110111
110000101011
010100000011
011010001001
011011001001
101000001110
001101101011
101110001001
010010011111
001001010111
100100100101
111111110010
101101101110
001000111111
000001101100
001110111000
000011011100
011100100001
101001011111
111001000000
101010010100
101110010001
010010000101
010100001100
010110001001
011001001011
001111011001
000011101100
001110010001
001010111000
100000100111
111000001100
011010010100
001100011010
100010011001
001111111011
010000110101
101111010100
000100100011
001111101000
101100000011
111100111100
010000111111
100111111001
101100010010
101000000111
010010010100
011100100100
001100001111
000001010111
000101001100
111010000011
010011000101
101110010101
111101001101
110000110110
101010110010
110000110100
101011000110
111100001111
111110110111
010001110001
100011100010
000101100100
011100011010
010001110101
111000101101
100111100101
100110000101
001110001111
001101100011
100101101101
010101001011
101110011101
010011100111
000001111000
010100010101
001101100100
111101111110
010110110010
010101101100
000010100110
000001110010
000010111100
111010100100
001010000011
001110100100
101111101101
001000011011
101000001001
110101100011
111001101101
011001100011
110100011011
101010101100
110001001011
111010100100
111011011110
110110001100
011010011001
010110011100
111111001001
101011100110
000100001101
100001010010
010011001000
100001100101
001001101101
101101010001
111111010100
100110100001
010011001110
110010010100
011100110010
111101001000
001110000111
111110101101
101011000011
000110101110
101111101000
011101111000
110110100000
100111111001
110111111101
001001110000
111010001111
001100010101
010100110100
010011001010
001100100011
110100011010
111001111111
101010100111
010111000110
111000101000
011101011000
010101000100
Time = 0.058s
