n = 14, k = 4, l = 8, m = 1424
Expect Resample Times = 0.390783
Result:
10010010111111
00101110101101
11000001111101
11000111100110
00101011101011
11110001010110
01101011000111
10100011101011
11011111100111
11111100100001
11010111001111
11010011010110
10101011000111
00011111101100
00110110011110
01111111001010
01110101111001
10010010111011
01001100111011
11001110010110
11110100010101
01001101001111
01101101110011
11111010100001
10101110111000
00101111101011
10010011111110
10011011111101
11001011111001
11110111001111
01011100111100
01100100111111
11001000111101
11110111000101
11011011111100
11110001111111
11111011010111
11101010101101
11101100110011
10111110011101
11101111000001
10110110001011
00111011101101
11011110001110
11010010100111
10001011101101
11111011101000
00001111101011
11001101111010
01111010101100
11010001101110
11011110011000
11101011100001
10101111011001
00110101101011
01110101010111
11000110101110
11001111101000
10100110101101
01110111100001
11101110100110
10111010011100
10101101001101
11011000111011
10111100011011
01010101011011
11000111001011
01100010011111
10101010101111
11000101011011
11001111001011
10000111101101
11111100010101
11110111010000
11010011100101
11001101011101
01001111110001
10010101101101
00101111110011
00011110101011
01110100011111
11011011011100
10100110011111
11101001011110
11100011110110
10110101010011
10110100011110
00011111101100
10101110110101
01111001110011
10011111110101
11010100110101
00011110110110
00111011111111
00111110111110
00110111111110
01000111111110
10111101001110
10011011101001
11101101101001
01100011011111
10110110110101
11011111000111
11011011011011
11001101101110
11100111100110
11111101110110
11110111111010
11110010101001
11110010010011
01100100111110
11111101101111
10011010111110
10111010111000
11110000111010
10011111000101
10011100101110
11100001101111
01011111011110
01101001111111
11110110011101
00010110111110
01010111011101
10011011001110
01111011110011
01011001011110
01011110110001
11111101010110
11110001110011
11011100001101
01101010111001
01101011110011
01101111111111
00011101111101
01001111001110
01101111000011
11111100011100
11010111011100
11110100110101
11101110100010
01110110110011
10111100110011
10111101110011
01100101110110
10101010111010
10010110111001
10110111000110
10001111101111
10110110101100
10010111110001
11011101010100
00110111001101
11011001001101
11010110100101
00011111111111
11110010111010
01100011110101
10011011010110
01001100111111
00010111011011
10111111100110
00011110101110
01110100011011
10110101011100
00111101100101
00010001111111
01100110001111
11100101011111
11010111110001
11011001001101
10111101110101
10100101100111
10110110010101
00011111111010
11111110011111
01110001111111
00111111111111
01001110011111
11101000101011
11011010101100
00101001111101
11010001111110
10011111010001
11011111111110
10110111100101
11011101111110
01111010101110
11110101111000
01011010111101
11011110011011
00111100100111
01010101110011
11001101001110
11101011101010
11000011111101
01111011001010
01100011101110
00101101101101
01101110001101
01111011111000
10000110111101
11101110110111
01101101111101
01111101010011
01100101101111
00101101110110
11111010101101
10001001101111
11101010101011
00011110110111
10100111110110
10111111011111
01111101111110
11101100001111
11000110110101
01000011111110
11011111010001
01100111011100
11010000111111
01100011111100
10011111101000
01011001101111
11101001001101
11001101101101
00100011110111
01011011001110
01100010011111
11001110100101
11101100001011
00111111111000
00110011001111
01101101011010
10101111101100
01110110011010
01000111100111
10111011101010
10111111100001
11101011101110
10111110110011
11101100111110
11011011101110
11011001110011
10101101111101
11111000101101
11010110001101
11011010111110
10101111111111
10010110011101
11110011100111
00101001101111
10110110111101
01110101101101
10010111101100
10110110011010
01101111001010
10110110010011
01111101010110
01110110110100
11100000110111
11110100110010
01000011111111
10011001101110
11111001001100
11110101011000
11001110101001
11001111011001
10110110110101
11111100100101
11110001111100
01010101111110
01011110010110
01100111111000
00110001110111
01111111110001
11000101111100
01010011111011
01101110010110
10111010100110
10100011111101
11111010110001
01110111011100
01011101011011
10101101101100
10111101111100
11001101111100
00001011111111
01011100011011
11101101111011
01111110011101
11011001110110
01101101101001
11011001101100
01001111011100
10110110111011
11011011100101
11110110100001
10111001011111
11010010110111
01111010110010
11011111110010
01100011101101
11111000100011
11100000111110
01111101000101
11100101000111
11000100111110
01111110010100
00011101101011
10001111011111
01011011011010
10110111011010
11101001101101
01111010011010
11001100111101
11011001111110
10111100111111
11000101101011
11111100000011
11011110000111
01000010111111
00110010011111
11010010111001
11111011011111
10110011001011
11011000111101
11010000110111
01101111011001
01011101110010
01011110111101
11101100011010
11111001000111
11100011010011
01011111111011
11010011110101
11110111010011
00101001011111
10111001101011
11111000101001
00011011111011
11100001101110
01111010011010
11111101011101
01101101101111
11111101010001
11010101101110
00111110110001
01011111010010
01001010111110
11101100011011
00111110001111
00011110111010
00011111010111
00110101011111
11111001011101
01111001110100
00011011011110
11011010010101
11010100111011
01100111101011
01100110010111
01110111100010
00101101010111
10001110011111
10001110001111
11101101110011
11110010001101
00100111110111
11011001111000
11101110001110
11001110000111
01111001110111
11100110000111
11000111110001
11011000011111
11111011001001
10110010010111
00001110111011
01111110011011
10110011101110
01110100111011
10011011111011
10100110011111
11001100101111
01101001110111
00110011101101
00101101010111
11111100011001
11111100111101
10111101101110
11011100111010
01111101010101
01000111111111
00111010111001
10000101101111
00111100111011
01011100110011
01000101110111
00111010100111
01110111000011
10110100111001
00110110010111
00001111101111
10111001000111
11001111001111
11111111111110
10111111001000
01101110001011
10110111011100
11100111111110
01110010011011
11101111010110
00110111111110
01110101100111
10111101010101
00011101011011
11101100101101
10010011011111
11010110010011
00111010110110
11001101011010
01101110011011
10101001111111
11010101011010
01110110110011
10111010111111
10101111001100
01101010111011
01010101110111
10011111011010
10110101011010
11110000011101
01101111011101
10011111011001
11100001010111
11100111111000
01111101000111
01111011010010
11111110111011
01111010010011
10110011111101
11011100110101
10111010010101
11010111101110
10110011101001
01100111111000
11111000011100
11010110111111
00011111110011
11101010001011
00110111001111
10101001010111
11001011010111
11010111001101
11010111101001
00010110111101
01110001111011
01110101011010
01001001110111
01101111011110
11101111010111
01101111010011
01110101001111
01111111110001
10100011111110
01001011011101
11011100011011
00111001010111
11111111001000
11001110101001
11010010101101
11101011100101
11001101010011
10010111110110
11001011101110
11111101101000
11101111001111
01111001101100
00100101111111
01101100111001
11110101011001
11100011100101
11111000001110
11111111010000
01111000110111
00001111110111
00110101010111
11011111011100
11110100100111
00111101111111
11011001011101
00111111111110
01011111101010
01111101001011
11100101011010
11000101110011
10111010111100
11011011111000
10001011111100
10100101011111
00111010110101
10101010010111
10011101000111
10111010110010
10010011101110
11101011111100
10011110111011
11001110111111
11110000011110
10110101111011
01010101011011
01111101001111
11110111011111
00110010110111
11111011000011
01000111100111
11010001011011
11110101100011
01011111110111
11111110110011
01110100101011
00111101101001
10010101100111
11100111101100
00110010111111
10011001111100
01011101110110
01010110011101
01011100011011
00111110101100
11011110111010
10011111110111
10111100111101
10111100011001
00110001101111
11010011010101
11111111001111
00001101111101
00110111010011
11101001100110
01101111111100
01100111010101
00011101011011
11010110010110
11010111100111
11111010001010
11111100100101
11100010010111
11110111011100
11111111111001
11001110110111
10111010011110
10011110001101
01110001011110
10011100011111
00110101001111
01110100011110
10001101011011
11111101100110
10111010011010
01101111110000
01111101101101
11111000010011
01111100101111
00111111101010
11100111000101
00110101011101
10100111110101
10100101101101
10111101001100
11110011001010
11011010110110
01001011011111
10111101101101
01001110101101
00110111101001
01011101111100
10111111011001
11101010100011
00111010110110
11101000110111
10111001011010
11100110101011
10101111101011
01011110100101
01111100010011
10001011001111
01100111111001
01111011110001
11111111000101
11001111100100
11100110010111
01001101111111
10110111011000
01101111001011
01100101101111
10101110101100
11111111010001
00011100111110
01110001111111
11011000110111
11111100000110
10111010101101
01011011001111
10111000110111
10011101100111
00011110110101
11101001001110
11100001111110
11111010000111
11010111100010
10101011111011
11011111000101
11111000101111
10101011001011
11110011111111
01111111100100
11011100110110
10111110111010
11011100111100
11101010001011
10101100011111
11100101101111
11000100110111
10111110101001
11001110011010
11010110001110
00011011011011
00011100011111
11110010111001
01111011011111
01011110110011
11111001110101
11011111110111
10001001011111
10101111010101
11010010110011
11100001110110
00111111001111
01111011101100
01000111111001
11010110001011
10011111111010
10110111001100
11111101111100
01111111110110
10001001111110
11110011110010
10111101111101
11101111010110
11101011100010
00111101110011
11110010111001
10101011011111
11011110100100
10010101110101
10110001110110
11101010011110
11011011000011
11101011010010
01100011111100
01101011100110
11100111111101
11110111010001
01010111101010
11100111111110
11100011001111
01010101110111
11110110010010
00111000110111
01011111011000
01011111101000
11001011011101
11011100101001
01101011011110
11111011011111
10011101000111
11011000011111
01110000111011
01111010010111
01011010111010
10111110011100
01111011100111
11110010101111
01010011111100
10111001101101
00011001011111
01111100011100
01011101111100
01111110010111
01011010101110
11101101001111
11011000111001
10110101101011
10111100101110
10011001111100
11011001011110
10110010111100
10111110001010
10110101001110
11101110111100
11110110111101
10111010100101
01110100010111
00110101101101
11010101001111
10111011110100
10111000111100
01111000001111
10101111100111
10101111101001
11101011011111
01011110100011
01011100101111
01000111101011
10100110110101
11100111011100
01010111111101
11001110111010
10111101000111
11010100101011
01011101100111
00101011111010
01000110011111
00111101100111
11101000110110
01101001111110
00011110101111
00010110110111
11100001011101
11101010001101
11100101110101
01111001001111
10101011110111
10111010001011
11011001100101
01101010001111
00011000111111
11011101101010
01111101110000
11100111010111
10101010101111
01001111110111
11101110101111
00110111111010
00110111111111
01111000111011
10100111100011
10111100010101
10110001011011
11111011100010
11001111100011
11110010101011
10110110001101
01011111110101
10011100001111
10011110101101
11110111101101
01101111010100
11010101010111
00110111101011
10011101010101
00111101101010
11111111100010
11001111111000
10001001110111
01110011111011
11100111111101
01101101011111
11111110000111
11000111101001
11011101001011
10111100011100
01111110111110
10110111011100
11001011010011
01011011010101
00101100110111
01110011001110
01001101001111
11110110000011
11100010111100
10101101111000
01111111110011
10111010001101
01111011001011
10111101010100
11111101110010
10001110010111
11000001111110
01011111011001
11000110101110
01101001011011
11100110110011
01110011100110
00111001011101
01011011011100
11011111101010
11010001010111
10011110110110
11001101011110
10101100001111
01011011000111
01111100010101
01110010111111
01001001111011
11101111011101
01011111100001
01011000101111
11101010001110
11111001101001
11101000011101
10110011101111
10111101001001
01111001110110
11100110011100
00101011011011
00110111101010
01111100001110
11001011101111
01001111001011
01001101111100
10111001110111
10110100011101
01110011011010
01101010110101
11110111000101
11110110111110
01100111010110
10101001001111
01001111110101
10001101111100
11001011001111
10011111011000
11101011010101
11111110010001
11101001101010
10001110110011
11011110001111
01100110011101
01111010011001
11001101011011
11101110001101
11111100001111
11011110100001
11101011111100
11110101101001
01100111011111
11111001100011
01001001011111
11010010111001
00111010110011
01110111001001
11111100001010
11110001010101
01010111001101
00010110110111
10010111110100
01111011100011
11011101110000
10011001010111
10111111100000
11111010000011
00101111111010
11111011001110
11110001001011
11001100010111
00011111111100
01010001101111
11111011010010
01111100111001
10111011010101
11110000110011
01011001011110
00111101110100
11110011110011
01110100101011
10011111000111
11111110101000
01001100111110
00101101011111
01111011011000
10101111111101
11110111111001
01010010111101
01000111011111
01010101110111
00110100111101
10011011011101
00011101101101
10110111001111
00100110101111
11101110101011
11011111111010
01010101110101
01111000110011
10011000110111
11111010100101
11101110010001
11011001101111
11101011111111
11110111010011
10110101000111
11010011011011
01000111111111
10110100101110
11010010011111
01011011110011
11010110100101
11100100110011
11111101110111
01101011110001
10110001110101
11101010111101
11001101111110
10100100011111
00010111111011
01111001001111
01111101111100
01000111111110
01110001110101
00110101100111
11101000101101
10010010011111
11101100101100
01111011101001
11111000110100
11111100101110
01111110100010
11001000111111
01111110001111
11011001110111
11100101101011
10011111101011
00110111111100
10110010111011
00111100111011
01111101101101
00011001101111
11111111001011
10111001011110
00110111101010
01111100010110
01100011111110
11111111111101
11011111111101
01010111011101
11101000111100
01110101011010
01111011000101
00010101110111
11101110101010
10001001110111
10111001011100
11000011111111
11111111011111
10111110111110
01111010101111
11110100001111
01111000111011
01101111101101
11011011100011
01000011111101
11101100111100
01101111101100
11110111000100
00110110111011
11110011011001
01011001110111
10001111100011
11101100101111
11111111111100
10011111010101
10001011110111
10100011001111
11110110000111
11100011011011
11001111001111
11100111111101
01011011000111
11001011111010
11110001110110
01001111001110
10111010010011
11101110010101
11111011100101
11101111100010
11000111011001
01101110111010
11001001011110
11100111110111
11111100010100
10000110011111
11011001110011
01101011010111
11011001111010
10010100110111
11000100111111
01011101110110
00001111111110
10100111010110
10011111001110
10011000110111
11001111111100
11100101111010
11110111111111
10001111101100
11111100110011
10011101110001
01110111110101
11101011001011
00101111011011
00101110011101
10111100110110
10110000111011
11010010101101
11010110101101
11111111000011
00101111110111
01111011011110
11100011100101
10111101010101
10111111111011
11010011111101
10111010100110
10000111111111
01110011010111
00101111111000
11101101001010
01100011111011
01010010101111
01110001111011
01110101101100
00011111110011
01010010011111
00111111001111
11110110101010
10001011011101
11111100110100
00101010111111
11111101011000
01100111101001
11001010110111
11101000110110
01000111011110
11001011001101
11110001011110
11111101001101
01111111011111
10110111000101
10101100111001
01110111001101
01001100011111
01101011011011
11011101100001
00111101111000
11101111100111
00101111101010
11101000111011
01101011111110
00101101111010
00011101101011
10000011111111
00100111010111
01011111000110
11111001010001
10011011110010
11110001110011
11010010111011
01001011110011
01101110010110
11101100110101
01011011111110
11101001011101
11010101110100
11101110100001
11101111010101
01010111110011
11001011110010
00111010101110
11111101100100
01101000011111
01100111101111
10001111110110
01101011111000
00111011110101
11000111101001
00111011111000
01110101111111
01110110010011
11001011101010
01101111100100
10010111111000
11100111110101
10111110111001
10101101111001
11110110100010
01001001111011
11111011100100
01100001111011
00110101101101
10110111011001
11101001111111
11011111001010
00110011011111
10100011111111
10101101101001
00101011011101
01010110010111
00101101111001
01011101111101
01110110001011
11010010111100
01001101110110
01110101111111
00100111111110
11111111111111
10101111100010
10110101110100
01111011000011
11111101011010
10010111101011
10110101111110
00100111111010
10010110101110
00111111001110
10010110101101
11001101111100
10110110101111
11111100011110
10111110100011
10111101110100
00111101101101
01001111100111
10100110111011
01110111101101
10011001011111
11110110101000
10111101000110
01111111100010
00011011101011
01110100111110
11101010111011
01110001111101
01111011100001
01111100010101
10111101000011
10101000011111
11101010011111
10111011110101
11110001111101
10101001111100
11110001100011
10011010111100
01111100101101
10100101110110
10111001111101
10011110001011
01111001001101
10010110111011
00011111111100
01111100110001
11110111010100
00111010111110
11110001110001
10111001101001
00101110100111
00011001110111
10001111110011
01111010111001
10011011101101
10010011100111
01100101100111
10110011010011
01011011010111
11010101101101
01011101110011
00111101111010
00011001110111
01110111000110
11101011101000
00011100111110
01101100110110
10111010111011
10001111001111
11110011010110
11011110001101
01010111010101
01011001110110
00100100111111
11100011111001
11011111111111
11111011101001
11111101100100
01111010000111
11101101101001
11110101001001
11111100101100
10101110111011
01101011011010
01010110110111
01110111001011
11101011011110
11101110000111
10011010101011
00001111011111
00111101011110
00111110011100
11111111011000
11010110110111
10101110111010
10111101110101
01100100110111
11111101101010
00011110110110
10001111110001
01100111110010
11010011100011
10100111101001
10000110111011
00001110111011
11011011101100
11011010111100
01111011000110
10110111011010
11001110110100
11001110110110
11100010101110
10101101011001
11110110011111
11100011110011
00100110111101
11111111110101
10011011100101
11110111011100
11000101001111
01111110110110
10000011111011
10110100111100
10111110000011
10100111101010
01101101110001
00111101110110
10101100011101
00010110111110
01110101011101
00111001001111
11110110010011
11011100111101
01010011111111
01101010110111
01010111001011
01101010101111
10111101110000
11111011100100
10110110101100
10101101101011
01111101010101
00001110111011
11001101100101
11011011111110
11110010010111
11111011110111
10110111011101
01010111110110
10001011101111
00101101101110
11011001111101
10101101111110
01000101011111
10011110010101
11001010111011
11101110101010
01111011010011
10111001101110
01101010101111
00111001101101
11011000111001
11111111000101
11100110010011
10011001101111
11101001101111
10111111100101
11110100101001
10011001111011
10001110110011
11111100000111
01111101101011
10111001111111
01110010101101
10100111111010
01111010111100
01010010111111
01111101101100
01001110110110
10111101001101
11100111100100
11111100101011
00101111110001
01011010001111
01111000111111
11100011111111
11011111110011
11111011101110
11011001010011
11100111101010
01011010101011
11010011101101
01111010101011
00010111110011
11001110001101
11010101011001
11001010011101
01110101011010
11011101010001
11101000011110
11101101101000
11001011001111
11101011001001
01000110111111
10111011110111
11110101101001
01101111010010
00111011100110
11000111100111
11110111101100
00111111111011
11011001010011
11010011000111
01101110010110
11010010110011
11011001011011
11111111010000
11011011011100
11100001111100
00100111110110
00101011111010
11100101111000
11111101000001
10110001111100
11000101011110
01111010111001
01110010111111
00001111111001
11010110001101
10010001111101
01010110101111
11111101010111
10111110001001
00110011111110
01100001111110
10101011101111
11100111110101
10111110110111
10011101001011
10001111101010
01101110001110
01110110101111
11101000111101
11101011010010
01111110100100
01001101110110
10011000011111
11101100011110
00111100001111
11101111011000
10001010111110
01110101110001
10011101111010
11110001101111
11011110011101
01111011100100
10011101110001
11111011100011
10111101010101
01101110111010
11110011111001
11001011011111
11011011110001
01111011010100
01111101000111
11100001001111
11101111110011
11011111010001
11000111010110
10010111011001
10101001101110
00010110011111
01010101101101
11100111111011
11001111001011
11010011010011
00011010011111
10111110111111
11110100110010
01011001101110
01000111111010
10100111011111
01011101101100
11010111101101
11111001110001
00111011100111
10010110011111
11110100101110
11001111010001
11010111010011
11101111111001
00101111011101
10011111000110
11010111111010
00110111011101
10001111011111
11100111011010
10111110110010
10011011110101
00110010111110
10110101111000
11100111000101
00111011110001
01101111000011
11010110011010
10011101001111
00110000111111
11110011100011
11010111111001
Time = 2.274s
