n = 9, k = 5, l = 2, m = 515
Expect Resample Times = 0.364761
Result:
111001100
110010111
101100011
011000010
110100011
001110100
101010011
100011001
001000111
101100101
110100001
011010000
010001111
000110001
100001111
110011100
101001101
111001000
101111100
101001001
110101001
111110000
111010011
000100110
110011010
110100011
110100100
001000100
011001100
110011110
110110111
110100110
000101000
111001000
001011001
111101000
101001001
001010000
010111111
011010010
011111111
011111100
111101101
110011000
011000101
011110001
111011011
000011010
110111101
010111111
101111111
001111010
010011111
010000101
010101011
001100010
110001100
011100010
000001110
001000011
111000110
111110100
000101100
100011010
101011110
001101101
100000010
111010000
001100100
001000011
101100010
111010111
101101000
001000001
111000111
001100011
111101110
011110111
010010000
000011100
001111010
010100010
100101001
111101001
100010101
001111110
101011000
011001010
000010001
100010110
001011001
000110011
101101001
100011001
110000100
111100111
000001110
111110001
010010110
111011111
001111011
110110100
101001111
010001101
100101010
100001101
000011101
010001011
101010111
101101001
001100000
010101110
111010000
111010100
100111000
111000001
010101001
101001100
000101111
001001111
100000001
100100100
000011000
111010101
100101001
101000000
100000110
101110001
000001010
110001111
001000010
010101011
110111100
001100011
101111001
101110011
100000110
100010101
110101110
110001111
000000110
001000011
001000001
010100110
101110101
110110001
011011000
001100111
000010111
101011110
011110010
100010111
110111001
001010111
010011010
101000011
111000101
011110111
111111101
001101110
110000111
001111101
000100111
111110101
001110100
111001001
110010100
010000001
010101011
000010001
001010011
010100100
000111000
101011111
010010001
011011101
010001110
001010000
111010010
100111001
000010100
110111101
011000101
000001110
010011000
010110101
011010111
110110010
111100010
110110000
111111100
100110110
110011000
111011111
110011011
110010001
001010110
001010011
010001010
101011101
101001010
100011011
111001000
010110101
000011111
000100111
010101011
100011110
010000011
111100110
010011111
010010100
101010000
101110010
101010010
001111000
101011001
011001111
010011111
010110110
011010000
100011000
100101100
000100101
110000111
100100111
101011010
010100110
011011110
000010111
111000011
011000100
011011011
110101000
001011110
000101110
111111111
000100010
001011010
001000111
110110111
011101010
101001000
001101001
010000010
011101010
010100110
000010011
101000111
010100011
101010000
100100010
010011010
111110000
111010001
110111000
011110010
100001101
100110010
101101100
000110111
111110110
010001111
110101101
010011010
100100110
110000100
001100001
100111100
100001111
011011111
010001010
010110001
001100100
011110111
101010101
101100000
011001010
001111101
110010110
101011111
111111111
111011001
000001001
000111111
100101011
110101011
101010100
000110011
100011010
111110101
011000010
101011000
010011010
100111010
110100001
110011010
000000111
000111101
111100001
011111101
110011110
101101011
001000001
110000101
100001010
001000010
101100110
011011100
000100001
011000010
111010011
111001011
001111110
101011011
100101001
110110001
010100010
111001000
000111111
011100101
110101101
010110001
110001000
101110100
011101110
110100010
001000110
101111100
011110100
101100100
100111100
001000111
000110101
001111001
101110011
110000000
011110001
010000111
010011111
011000110
110011011
001101010
001001111
101100000
011101101
110101000
110100111
100000011
010000001
101001111
101000011
010101011
000011010
101100101
110001101
101101010
001010010
101101011
010000010
011001011
101000100
110101010
010101110
010011011
100001001
100101010
010101101
100110111
011001000
101111001
011011010
011100011
110111100
110101111
000010100
010101011
100111100
101110001
110100110
000110000
110000110
101011011
010100101
011010010
011100110
101000000
100100110
100101001
111011010
100000010
100100101
111111001
011111111
011010001
011000100
001100010
010011000
000011111
111110101
000001110
110011011
100101110
001010001
001001000
011100011
100101110
010100111
101011111
110101000
010010010
010101111
001110001
100011000
111110010
101010000
111111010
110100001
011101100
111110010
010110111
110110101
100100000
111111100
010101011
011111000
111010011
110011010
001111111
001011110
100000110
010011011
101000110
000000101
101001110
111000001
001001000
011101110
001110000
100101011
110110000
010011000
001011110
001100110
110010011
101010001
001010101
010001001
101000000
110010000
101101100
001100010
110110111
010001011
101101111
001011100
111000100
100000010
101100111
010000101
001101011
001000010
000101110
111111100
000111111
101011010
110011111
000111111
101101010
111100010
010111000
101110001
000111000
010011011
101101011
001011001
011000001
011100101
011111011
101000110
011111000
101010011
100011111
101011000
111010111
010101011
101001111
010010110
011100000
000110011
101100111
011011011
000111101
011110111
100000110
110001111
100011100
101101101
000101111
100111011
010111111
010000001
111100110
110110100
011101110
111100001
000111111
111100101
010101000
010110110
111000110
001101111
010010011
001100101
011000010
Time = 0.081s
