n = 10, k = 2, l = 4, m = 53
Expect Resample Times = 0.500567
Result:
0010011011
0010110011
0111001001
0100101001
1011100101
0000101101
0011100110
1010011100
0011001110
1100010111
1110111111
1010111110
0010100011
1100000110
1010001100
1001101000
0110101111
1100110010
0000111011
0111011011
1010011110
0101001100
0110111011
1100110001
0111100000
1010011110
1011111010
0001100011
1001101111
0101001110
0111010001
1111110000
0110100111
1001110100
1000111101
0010111010
0011110111
1000010111
0110011000
1011101111
0011000101
0010111110
1010010001
0101010111
0110011000
0101010111
0001110110
0111000110
0101011110
0111000001
1001110010
1101101100
1111100011
Time = 0.001s
