n = 17, k = 6, l = 7, m = 3623
Expect Resample Times = 0.36906
Result:
01111010000011010
11110101010100011
11101100101100100
11111100111000000
00011000101111000
11110110101101011
00010101110010100
01101111100001100
00111100101001110
10111111110111111
01010101001101001
01101100101101000
11000001111111001
11101100000010101
00110011110101101
11011001111011010
10110010100101000
01011110000100100
11110110110110101
00110011010001110
11100000001011111
01010000101101110
10001111100101111
10100100000010111
11110001101011000
00111100010111001
01001111001111011
10111111011100101
01000100010110101
11101010101100101
01010101100010101
01111010010010011
11000111101110010
01110101000011100
00110000001011101
10110111010110100
10110000011111101
00111110010011000
01101001010111111
11010001001111010
01111000011111010
11011001101001000
10001011001000101
10101011010100100
00001111001100001
10111101010110010
00110101101001111
00001111111011011
11100110000100010
11100011010111100
10101111001101111
11101110111011101
00101111011010000
00010010111111111
11001011000010110
01101110000001111
11110011101001001
10001000101010101
01010000101101101
00010101111110010
01000110111010101
00110110111101111
10110101011100100
11011010110000010
10111011100101111
11011111000001110
00110101101100111
11000111001100011
00001011111001111
01111110110111010
11110000100100011
01100111101111010
01111110000100100
00000111000001111
11011010010010101
01100110011111101
10111011001000111
11101000000111001
00111010101110101
10011001111010110
01101100000101011
11110011110001100
11100000101111001
11111010110110111
01110100010111001
11110011111011110
11000000101001101
01001111101110000
11101000110001010
11011001000011011
01111101110000101
10111011001000100
10110001101001101
10100010011100111
00001011011010100
01001001011110010
11101011011101101
00101010111001110
11110010111010000
10100110011110111
00111000101110001
11111101101000010
11111101111011101
11101010010001000
01011100011011110
11001010010110100
11001011011101010
11001101110101000
01101111000110111
11010110000010010
10011101010001110
10111101010111010
11100101110111011
01011111110010110
01001011101111000
11000001101111010
01001110000110010
00010100001111001
11001101010001111
01011011110111111
11110110111001010
11001110100110100
11110001101010100
10001110101010100
11010101111011110
01010011011101110
10011100001000011
00110000011111110
01110110110010001
10101011100101111
10110101110101101
01110001001001110
10011011111011101
10101011010101111
00011110010101100
00000011100111001
01001001101010111
01000011111000111
00001101110111101
10100000001111001
10011000110011110
01001010111110011
00101000101110101
11111011000011000
01011101111010000
00111000001111110
10111101001100001
11001001010110100
11110011010100110
01000010110101101
10001100111000111
11111000010111001
10101110000001001
00010110110110011
11010101100011100
01001010010101001
00111000101100101
11110010100000100
01110000010011101
10001101110010000
01001010111001110
11011010100011001
10001000101010101
10110010001101000
11110111011010111
11011011100000001
00111010101110100
01001101110100111
01010110001111001
01001101111101111
01001100000011101
10111101010100001
11100110100001101
01100101101000011
10000110100110111
01100001111101000
10010001001111011
10000111001001001
00001100101011111
11101011000110001
11010111111111001
11111001101010000
11111000011001010
00000010011101101
00110000110010110
11010101101111100
11101100011101100
00100110001101111
00101010101100001
01101100101011100
10110010011010101
01000001011010101
11001111010011001
11000100101101111
00101010000101111
11101011110101001
00110011111010101
11011111011001110
01010110101010111
01000101100100110
01101111110001101
10101010100111110
01011011110011111
01111011100100001
01010010001011011
10100110101101111
11100101010001001
01010000100101101
01111110100010001
00101111100010000
11110000110001100
01110101100110111
01111011011110100
10110011001001000
01111111000000111
10101111101100111
11100100011110110
01111011100001001
00001111011011001
01010110010010110
00110100001110101
01011101111111011
01111111100100011
10110010000010101
01010110111101000
10111111111111001
00011100011110000
11101111011111110
10011110111110000
00110111010010001
01101010110110110
10001110000111111
00001111111101111
11101100001110110
00010011101101001
01101101111001001
00111010011000100
10001110010010100
01111010001010000
00111011011001110
01010000101111011
11100000011010100
00111100100011000
10001101000100011
10010100101001010
10101101010111001
11100010111100011
10001011101011111
11111000100110101
11100110000101010
01101011111101001
00011010111011100
01000111111011011
11011101100000101
11000010111001111
01011100111000011
10111111101000001
10111110001011101
11100000101000101
10100111101011110
00110111001010110
10110101111000010
10001000010101101
11101001011100101
01111110001111101
10101010111001010
11100111100011011
11101001000011110
10110111011100001
10010111101101111
00100100011111000
01010011111001011
11111001011010010
01000110110100110
11001010101111100
10111101011001100
10011000000011111
11000010000011111
01100101001111100
01000011101011000
10111100000010010
11011110010110010
10001110010010010
10111110001111011
01011000110100110
11001100011011111
01001110110001111
10101110010001111
11101111110101001
00111010001011000
10111001100100011
10001011011011110
11111011010101000
11110011001000100
01010111001101011
10101000101001010
00011101100111001
11101101010010111
01010011110000011
10111100001010110
01110010110010100
10111010001110111
00011110010011010
00111100001110110
01110101100000001
11111010100011111
10001110100010110
11011101000000100
00001110101101001
00110101101110001
10111011101011100
00111111100110010
10100010101001111
10111001001110001
10011010001011100
11000111001010001
11100011000001010
00000111110110101
11100010100010010
01011000001100110
01001010100101010
11101001011011000
11010111001100001
10100100100100111
10111011011011000
11101110110001001
01111111110000100
10001110010110100
01010000001111101
00010101111011110
00110110110101001
11011010000011011
11001010110110000
00111000100011100
00001100110111001
11111101100101010
11011110110010101
10111010110110001
11011101101011101
00101011101111111
00110000111001010
10101110001011100
11000111010011001
11001011111110110
11110011010111110
11110010011000100
01000011101001001
10011111010111010
11011110010100010
01111000011011001
10101110100101111
00010001011011101
11111001010100010
11011010110110110
11111000100101111
00100000111110101
01010000111100101
00101101111001000
10100000001100111
11101100110110111
00001011011010010
10100001110101101
11110001111100100
10010001111101110
01001001011111011
01100010101000111
10111001011001011
11010000010011110
01111010110001000
10101111100110110
00001010011111000
10001101111001101
01000001100100111
10001101100100010
00010100111111110
00100010110101101
11010100101011010
11101111111001101
00111011110010100
00011011110001101
00001101111011101
00000010101111001
01011011100101011
01011000000110011
10010010001101011
11100010110001001
10011001111101010
01001011111100001
01011110010010101
01101001001110010
00101011110101100
00110111101110011
11010110100111111
11000111011011011
10011001010011110
11101000010010010
00011101100111011
10010110110101000
11000100011110000
10101001111100010
00001001111111100
01100010100001101
00010111010001011
01001010110101100
01001100001011001
11011111111011011
10010110001100111
11100100000010011
10111011011101011
11101110111000111
01110101011010101
11000111000101010
11000001010100101
00101010001111011
10000100111011001
10000110111010000
01010111010000010
11001011011000110
11011110100011001
10000010101010101
10101000101100010
01010010110000110
11101001001000010
00110001000110101
10010101101000110
10111011100100101
11110011100000010
01111101000000101
10011000001010101
11000110100111010
10110010110111011
11000111011011000
01111001001111000
00001110001111110
00110111010000110
11101000011000010
00101101011011010
11010100001001101
11101101111010111
10111111010100101
10110110100101000
11011111100001000
01111101001101010
10110010111001010
00101101001001001
11111101000101111
11111101010100001
11000101001101101
00000100101111101
11000101101100000
10110100010001110
00111111111111110
00101111010000100
01110111000101010
11111111111110011
10001100011001010
11000111100001001
10000011111110111
11111100000100111
00111010111010011
01101101110110000
00000111110101101
00010100101010110
01010101111000010
10010000001110101
10110001011111010
10001101110100100
10100101011110001
01011110101111101
10011010100110101
11001010000101111
10011000101100110
00101001011111001
11001110111100111
01001100100101010
00110011001110000
11010011110011011
11000010010001111
00111111010000011
11111111010001010
00010101110110110
00000111101101011
01001101110000001
10100010101110111
01110011101011000
10010100101101101
00100010001011101
01100001111011010
00010010101010011
11010101001100101
10010001100111111
01110010100110101
11001110100100100
11101100100001110
11011010011111000
01110011010100010
01010011001100011
00011111110111001
00010011011101011
10100100010110111
01001100110111011
01101000101010110
11100000110001101
00010111101111001
10011101010011110
10111011001101100
01011100110111111
10001101110010110
10100011011000111
01011010111111101
11001110101101101
01011101101001101
00100111010001001
01011001110000011
00110010011110001
11101000010100110
11101011000111101
01100100111000101
11001001101111001
01011000011101110
00010010011001110
11110011111110101
01010010101110101
10111101111110001
00110011101110011
11101001000100110
01101000110100111
11010001110111101
10110101010011111
10001010011110010
01101100001000110
11110011011010100
11110100100110100
00001110111010111
11001100001111000
10010011010100010
10110001111110111
00111101011010111
10010001000010111
01111101001101000
01111000001111011
10101111010100100
10101010001010111
11001001111101001
01111011011101110
11100111011000111
11100111110100011
00000111111101000
01111000101101011
11001100110100011
10011100111000001
00100100001101110
11111101110001101
01011010011010101
11110100000101001
11111001010101011
00011100011111010
10100001011011011
11101110001011100
01000101010001110
01100110100100100
11011110111000000
11001111010010010
00001111110111100
01010100110011111
01101010101010000
10001001011001001
10100111000111101
10011010110011001
10101101101100001
00101100010101111
00111100011000011
01011011001111100
01110001010101100
00101101100111010
11110011011010010
00101001011111000
10011101100111010
10101110101001001
10101001110001010
01001101011100000
10010011100100100
01011000110011000
10001001100010110
11101010000010010
11110001111110010
11001100110000111
01100110011001110
11111100010100001
10111100110100101
11010111011110100
01010100110011110
10110001010101010
11010001001000011
10100111010011111
00010010011011011
11110010110011110
00100001010100111
00011101010011110
10001001100011010
10100110001110000
00001011100111010
00101100111110000
11110101101111101
11100110010100110
11011100110000100
01010010100110011
11010011010110110
11010010010110010
10110001001110000
10001110011111011
11101110001010011
01011110011000001
11111100100110110
01100001011001101
11011100101110110
01011001011100101
01100011010000111
10010100100001110
01001000011011100
01011010000010111
00011101000100111
00010111100010011
10001010110100111
01001011101010111
00101100100110110
01000000111001101
11101111101010000
10010100110111111
01011011000100001
11110010010101001
11001111111101101
11110110001111100
11111110010001000
00111001110101111
01001111101110100
10000110000111011
11001011010111000
11100110111100001
10001011011000110
10011000111001011
01100010000111101
11111110001111000
01011001100010100
10001001001111111
11001011110011100
10000111001100101
10111110111100110
10011111101110111
11010100011100001
11101110100011100
00001010111101010
11111000011011100
00011110010111001
01110000101111001
10100000110110010
10100000000111110
01100101010100001
01011010100011101
01011011000010010
10100010000110111
00101011111111000
00100110001010101
10110000000011011
11110001100010100
00111000000111101
11010100000101010
00011111000011001
11101111011110111
11111001001100101
10011001110010111
10110001101111111
00101001111100110
10111010011100110
11010000100011110
10001011010000110
01001010111010101
11110011000011111
11111111101010001
11111110100110001
01111001000111110
00110010111001100
10110001111110000
00000111001100011
11110001111111000
10111010011101111
11010111001100100
10111011001001111
00001011111111110
11010011111111101
11111000001010000
01101010001100001
10100100101011110
01010110111011100
00111101110010001
10110010001110101
01010000101011111
11110100110010101
11110101000011111
11010111111000110
01000011100001110
10011001010110010
01101101011100110
10101101000101111
00100011000101111
01111010001000110
00111011011000101
11000001101110010
00011010111101010
11110011111101001
11111010011010100
00011001111110011
11101110000101100
11010000110110100
01100111110101100
00110010001010101
01000010101110010
01000010101111011
00100010010011110
11111100001110100
11111110010011001
01111100111010111
00111100100111010
10100011101101001
00111110100100001
11110110110000001
00011111001100101
11110011010111100
01110010111111000
11111011110000001
11111010011011000
11010000111001110
10111101011100000
11111000001100011
00111111000011100
10000110000111111
10001110110010110
10010101100011011
01000011111010011
11100111110101001
10010111111111001
00110111010111101
11110101101001101
01111101001000100
11110000111101011
10000111111100011
00001101011101000
11011000011001010
11101011000111101
00010010101000111
11011110011101111
00011111101010011
10100111010011001
00100111011010110
00001111101001100
10100100111001101
11011111110010001
10101000100111100
00001011010110110
10001001111110001
01111000011010101
11111100111101101
11010101001000010
11011010000001100
10111111010101001
11000001101101100
00001110101110010
01100110011011010
00101111100110110
00101111110011111
11100011001011100
11100000110110000
11110101101011001
01000111111111010
10000011111111111
01000111001000110
11110111110111011
11001001100100011
00100000111111110
01010010110011010
11010001001001001
01011011001111010
10110111000101001
10111101010111101
00011011100101011
10110011110011011
11100110100001011
01110100000011001
01110101001001101
01100101011101111
11111101111100010
10011100010001011
01111110101001100
10111111000111001
10101100111011000
01101011101111101
01101011100100000
01001111101110110
10100101000101100
01101001100101001
00011100110101111
00001011110110110
10111000000101001
11100110011010100
11010000101101000
11010110110100110
11100100001110111
00010101010111011
00111010011000010
10001001010110110
11101110000001110
01001111101100101
11011000011111000
10110010111001000
00101101110001000
01010011111100100
11110100000110111
11010010101000111
01110110000110111
11110010010001000
00010011010001110
11110000010000110
10100100101101000
00100001111001001
11000101100010011
00000111100100101
11101011000011011
01011011001111100
11010100110011111
11010101001011101
10111000011101011
00011110001011111
00100111110011111
11111001011011111
01010111001011110
10110101110011100
11001111010101101
10101010101100011
11001110011100110
11000001110111111
11110011001001111
10101000001011110
01101101000111001
11000101010001110
11000111011101111
10011111101010001
10000101110100110
01011100011011001
11111000101000111
00011111110100100
10110001111100011
01101001101000101
11101001110001011
01100110011100111
11010011010100001
00011010000111100
00111000110111010
11000101111110101
00100111101110111
10010110101010010
10001011111111100
00111111100101010
00000011010110111
11001111001000011
11101110010100111
10100110001111111
10101110110011100
11100111101100111
01010100101101111
01010010000101111
11011011111111101
01001000110100110
10011101100100011
10101001111010110
01000101100011110
01101111100101000
10111101001011001
10110011110101100
01111110010100101
10110010011101010
11111001110101101
01011001100011110
11110011001001100
00100110111100001
00111000010110101
10101100101000010
00100000111101011
11100111010101011
01000100111000111
01111010110001111
00111011001111110
11101000010001010
00100011110100100
11111000001010010
10011110000100001
00011010011101101
11101111100110100
11000100110111000
01010001010100101
01100011101001001
11011011110001111
00100101011011000
11010001100010011
11010001001011111
11001010010001010
10011101110000000
00110011100010010
00001011101110011
11110001100011110
10101011111111100
01000011001010111
10111100010000011
01110000011100111
11011111100000101
01010110111011001
10100100111101111
10110001111100110
00000110101101110
01110101111010001
11101000001101011
11100001001011010
01011110001000101
00101101001100101
00011101111110001
11010110100010101
10011110000111000
01101001000111100
00010011110011010
11010111011110110
00011011111101111
10111001100010001
01110110001010101
10100011110111000
11110111011111001
10001101011101010
11101111000001001
10100111100000100
00111110010111110
01011001011101010
01100101001011101
11111011110000111
11111100011010000
00010011110101111
01000110100000111
11011001001111001
10001100111111101
11110011001110111
01000000011111100
01011010010101001
11001100111011101
00101100110010100
01111111011110000
00001111100101111
10011100101100100
10000001001111101
00100111110011000
10011010001010110
00100111111010100
11000110101110110
00011101110100100
00100010110101010
11100010100000110
10011000010011010
11111010000010101
10000011010011011
10011010000100011
10110111101010100
11011101011011100
10010110101010010
10010000100101011
11111000111110011
11110101011010011
01111010101001011
10010001011100010
00111101101001010
10010010010101110
01010111011110010
00101111101111111
10100111100010110
10111001000101101
10011111000111011
10001110111100010
00001100111010101
10001110011010010
01011111001101001
10101101010100011
11100010110010101
01011110000011101
10111010110111001
11111010101010110
10110010001010101
11011111010110010
00101111101110101
01100101001100111
01001100010001111
01011100110110111
01100010101110000
01100000101110111
00011010010010011
00100100001011101
00100111000010101
11101111111010101
01011001101111101
11000001111010110
11001111000001101
10101011100100001
11110111010000011
11101010111100010
01110011010101111
11000111011101001
11111111010110101
11101011101011110
11011111011010111
00001100111010011
00001101110010001
10000111101010110
01010110001101110
10001011111000001
10011110110001011
00100110100101111
11001100101111010
10111010010000011
00111101110000000
10111000110000100
10011110000010010
10110111110001001
11100000101001111
00101000110100011
10000111100010011
10000010111110011
00001111010110100
00001100111111010
00001011111111000
10101000111011110
11000101011101110
11010100000001110
11000011001010111
11001000011100111
11100011101110100
10001101001110100
01001001111100000
11011001111101011
01011100101010100
00101010011011011
00100100111010010
10111011000111110
10010011101100100
00110010101110111
11101100111000010
10110000110000101
11101111010010100
10110011001000101
11010010100110111
10111010110100110
11000010001111111
00101011101011100
00101000011110110
10000011111110000
11101011111010110
00010100000011111
11111000110111100
10111100010011010
10110101001010010
10011100010100001
10001000100101101
00011100000100111
01000001111110110
10010100111000110
00111001000010101
10011011100001000
01100010001111000
01000011101011100
11110001010010111
00111101100101010
01011001111001100
10111100010000001
10001011111110111
11110100000011101
01111110101100110
01100010111111110
01001100111000001
00111000011100010
00011011101000011
00111001110110000
00111001111011001
01010111111000001
00101110001101101
11000010111100110
10011110101000110
10110111100101110
10110001100001100
10110101110010000
01011001000111110
10001000100111010
00111010001001001
10101010110110011
01010110011011010
00010101110110011
01111001101111110
00100111001010011
10011010010111000
10110110010011101
01101101010001111
00110100001100101
11110000111000011
11001001001111011
11101100010010111
00111110111101010
11010010011011110
11010000001110001
01001010101000011
00101011101110000
11010100110010000
01101001000101101
01001100111100010
00110100110111000
10111011011011101
10101001100101001
11111010011110001
10101100000111011
01000010111010001
11001000111111010
10100010001101110
10000001110001110
00100111111101110
01100100111001101
11011100001110000
00111111011100100
00010111101111101
10001011110100010
10100101001010100
01001100110111000
11100011011100011
11101110001111111
00001011010110101
01101111111011011
01010100111011010
01000100111011111
01101100001000111
01001101101110011
10001011110111110
00100101100101100
01011000001101101
00101001110010001
00001101010101011
10001011010001101
11110111100101001
01101011111101101
00111101111100111
10011000110100110
00111110011110010
00001010111011100
01111010010101011
00110101010110101
10001100111011001
11001010100101011
10011100101110101
10101000110100100
01111100111100010
10101010101110111
10111100110110101
00010111111010111
11011110011110011
11100100001011011
10010011101101011
01000100101010111
01001110111011100
01101110100101110
10101010111011110
00010011100101110
10100001001111110
01110001011011011
00110011111001010
01010101111010110
01100001101000011
01011110110001101
01101100010101001
00011100101001110
01100011000110101
11011010100110111
11001011010000010
00111101111110111
00101110100001100
01110100100001011
10110010010101011
01110100111111001
01100111111100111
10010001110111110
10111101101110010
11100011111101000
11100011001110001
01011011100111111
11101111000111001
01001001111011000
10010100110101001
01101001011110111
01001110100111001
00110001100011100
01000101001011001
01111001111100011
11011111101101000
10100101010001100
01101011001001111
10011110101111111
00110010111001001
11000110111111010
00110101111100001
01010101010110111
00111101100101001
00010011100000111
01010111111001001
10001011000110010
10111101101011100
01001001101110110
00011010110001100
10010001101111110
00101100110101110
11100101101100010
10000011001100101
00110101111011110
10010010100110011
01111011011010110
01101011000110101
01011110110111001
00101111000100110
11011001000100011
10100010001011110
11001110011101111
00010010110110010
11111001101001000
10001101101001010
01000110011101010
11011011001011010
00000111011110100
11100001000110001
10111010101101110
10001100001101110
11100010011000011
00010111001110110
10110111111101000
01010111110110000
01100011101001111
01110111100110001
00101111011111111
10001101010100001
10001101010001001
10001010001010101
11001101011110111
00100100010101011
01110101111000111
10110011011011000
11000110101110111
00111100111111110
10001000111010101
01010110001101011
11111001011011011
01100111011011111
00110111110011000
11011111100110010
10000111001010011
00111110101100011
00100101011001001
00110100111101100
10001000111111100
01010101101100001
11011101111000110
00100011001111001
10010000111011110
11111101110010110
00001011011101110
00111101000110100
11110011100000101
11011010011001000
00010111000011110
11111110000011101
00011001011000110
10111011110000000
01111110110110010
10000101001101011
10110001101101011
11110101100011111
01101000001001101
10010001100001110
11011100010010111
00111001011110101
01100011011101101
11000111111010000
11000100000010111
11000100011010111
11101111000101101
01101100001110001
10100001101110001
10001101011101000
01001100011001010
11111000001100100
10101011100011101
01110111011000100
00110010010000111
11110100000011011
11100011111000111
11100111001010100
00001110111111110
11111000100001110
11110100110001101
00010000111010011
11010101011010001
10011111010001011
00000001111011101
00010101101101000
11011111100111000
01111101101011010
11001100001110001
11100000111111110
11101001000110010
10110100001101111
00101001101010111
11000011010001111
00010111001110101
11110101001000011
11111110110000000
00110011100110011
01100101011110000
11011101011101111
11101011001011000
00110101111111101
00010101101111011
01110111001010110
01111011001101001
01000011101011110
11011110000000001
00110111010001101
10111001101001110
10000010110101011
10001110111000111
00111111011010011
01010001010100011
01111011110100001
10100111011000000
01101110110111011
10110110101111101
10011011000110011
00001011111011000
11111011111111001
01110110011001111
01011110010010100
10010010111101001
11011111001101010
10000100111010100
00111111101001100
10100111000111111
00101010110101001
00000001111011010
00011000110011100
10001100010110001
10010111000011010
00001101011101100
10100100010111111
11011011110101100
10111100110010111
10110110011111001
00010111111011000
10001111011001111
01100000110110001
01101000111110110
00011101000110111
10100011100101001
11000100111100000
11011100001110001
10001010011111010
00100011000101111
00100001011100110
10110100101111111
00101100100101010
11101010100110101
01001011111110111
11000110111110011
11111001001100110
01101111110100001
11111000110100110
00010111110101010
00000100111110111
11000111000100001
00001011101111000
00110110001110011
11001111100000011
11010100101111001
11011010010001001
10111010110011011
01101110111111100
00000111100111101
00010001011111110
01100010001100111
00001101101001001
01011110010110001
01111110001010100
10011001010011011
00011110010010101
01111001011001101
01011001101010000
10010111000011110
00101011110001001
00111001000100101
10111100100100000
11110111000111011
10111110110001111
00011111001000101
00011010101011010
01001100011100110
11001111011110010
01011101001110001
01111100011001101
00101110011001011
11100111111100000
10000001111111001
01011101000111101
11111100010011011
11011010110100110
10000001101011010
00100011101101110
10110000010101001
10101000111011110
10000101001000111
10100001100011110
11000101010101111
11000100010111011
10010001000100111
11001000111110001
01010111001111101
01110010100011011
10101111101111010
01111100000110101
00101011011100110
10111110000011111
10000011010001110
01011001110111110
00100111111110000
11010010110001010
00001100000111110
01011110001111010
10111100100100011
01100100110101100
01100011111110011
11100101110000111
10110000000011011
01001001111110111
00100011001011110
01111010101100111
10001111101011111
00111010111110101
00101101101111001
01011100001010001
10101110001101011
11100001110001101
00110011111110100
01100011001010100
10101110001111011
11000100110100001
10100100011001111
00001101101001111
11110011011000100
00111111001000111
01101001000110001
01000010001110011
00110101011001110
11100001100110000
00101110111111111
01001111010110000
00011100110110001
10101110011111011
11101100111001010
00111000001110010
00000111111111010
00011110000111100
11001101000110101
01100001001011101
10000011111011011
00111101101010100
01010100011110011
10000111100011100
00010101010110101
11001001111101110
11001011000101111
11011000100100101
00101010101001010
00110101101110111
00111101010110100
11000000101001011
10010111111000101
11100010100010110
00101010010001011
00111000111101101
11101001111011001
11101110001001000
01011011001110111
11110111000100111
10111001001101010
10100110011101101
01100111100110110
01110111100010001
01000111100110010
11111111111010010
11000111010100101
10110011110110100
01100010110011001
10110100111100110
00011100001110110
10101111100101100
11100011110111011
10101010100011111
01000110010100110
11011000111111100
11001110101111110
01111110110110011
01011100110111111
10011000111001101
01111001000001101
01110110010100001
01101011011001000
11100101011010100
00110011111101111
01100011000010011
11101010001011111
00010111111001111
01011011010100011
00101001001011011
01010011110111111
01011110001111000
00010011011110101
00111111011010101
01111110011101010
00101111011011110
11111001110100011
00010101110000110
00001011010101111
10001111110011010
01011010101100000
00111111001101100
10111011011010011
01010010001011100
01110010111010101
01101011011101111
10101000010010111
11001111110111110
00010110101011110
10111101010101111
01000101111101010
01001010110111100
00100111001110011
01011011000011011
00111111101000111
10010111110010011
10001001111110001
01111010011100111
00000011001111001
11111100101111101
01011101011010000
10111011110100011
00110100011001101
11110001101100001
01101010110011010
01111111100110111
11110111010110110
00111110111111001
11100011110110001
01101110000110100
00111000101011001
00110101000101001
01010010000101011
10101111101010100
11111111001100011
01011101111000010
00001101010111011
10110111010101110
01100001111001101
01011110010001000
10100110100101100
01111110101111110
11111111100100001
11000000011011011
10101100100111000
10110101110011101
01100111010101010
01110001111101101
10100001011001101
10010000111000011
01001111000111001
11111001000000110
10100100011110010
01100000111000011
10000100011101110
10000110010010011
01101111010000100
10101011000010110
00100111101010001
10010011010101100
10001010111101010
01011101010001110
11100000011101000
00010011111010111
00100101000110111
01111111100010101
01000111001110000
11001001111100000
01101101000111011
01110010111100010
11111001101010110
01010001100010110
01011100111011110
10100010110011011
00111010101110011
10111100000001001
10100110000110010
00110011110100010
10101101101010011
01110011010001111
11101001001110010
11110001100111000
01010111000001010
10100000111111000
11100000000110111
11111100010100111
11001011101100100
10110011011000100
11000111111000001
00001000110111101
00001110011110011
00100110001010011
10111110101110010
10110110011010101
11000101000011100
01010111000001111
01111101011010001
01010011100101110
10110101111101111
10011100100100110
11111010111110100
01010100010101110
11100100111110011
00001010101111001
10010110010110001
01011101000101011
01001001111100000
11011010111100010
01010001100001101
01111011011101011
00111101000110001
10011001110100011
00000110101111110
01010011101010110
01011111110110000
10101011110110011
11110000101011110
01001011100110000
10010111001011000
01110111101110100
11010111100100010
01101110110101011
11101110110101001
10100111101001111
00110000000101111
10100101011001011
00101010111001110
00111100000110111
11000100101110010
00011111010011000
00111010001110010
10100110101010101
00001010101011011
11000000111110110
11110110000101001
11001001010011011
10011110111100111
10101111000011110
11010101111010000
01000010111111100
01100111110001101
11010101001101110
00111010000010111
11011010010001101
11001011111010110
10110011111001011
01100110110000110
01110000011001110
11000011111010011
10111111010110000
11111000110011001
01011111101100010
00010110100101111
01110001110010100
10100101010101111
01111101011101101
01000001001110101
11011111000010000
11111110001000011
01101001001111000
10001101011011001
01010110100000011
00010101111101011
00100001111101010
00001101110100101
11101111011010000
00011101000111101
10000101111011101
10011010111001010
00011001110001001
01101101011000101
10000101011110010
10001011001010111
10101110010100000
01010001101111100
01011001010001010
11011001011110011
01001100110101110
00000111010110110
01111001000100010
11011000100011011
00010010110010110
00000101011100111
11010100100111011
10101111101101100
00100101101101101
01011100111101000
00100011100111100
11110100011001100
10110110110100110
11110101101110011
00111000011110011
01001110111011000
00110111110110111
00010011011100100
11001010001111110
10000010011101011
11010101100011111
11000101010010100
01111010000110010
10010101110001101
00110110110111111
00011111001101011
10010010110000011
01001111001010100
10101000110001100
00010110111101100
01000110111011011
10110101010011011
01100000111100010
01000011010111110
10101101001011000
01000011110110111
01101111100100110
00000100101011111
11001000010001110
10010101010000110
10001000100111010
11001000001011010
10010100011110100
11101101101111010
11111010000001111
11011100011100111
01000100101101011
11011001100000101
01101100001010011
11000110001111110
01000100011011101
00111011101000101
10011011001010001
01111110010001011
00011000101010110
10111111110110110
10101111110101101
01100000101110111
00111010101100011
10111110100010111
10001001111001111
10010010101001101
01110100110000111
10010011110111101
01110101110001000
11101110100110011
00011000011111111
10101011101000000
10110100100001111
11101000111100000
11100010001000011
00100111101101110
10110010111110100
01100001100010101
01110100110101110
01111001111101110
10111100100001001
00000110100111110
01100100110001010
10000100000111111
01000111001111110
11011110110100101
00101011111001000
10100010001011110
01111001100111110
01001111111001101
00111000011000101
00110011101011100
01001100010101101
01000011101111100
11011010000111001
11011111111100101
11111100110000111
10111011010100101
10111000100011011
11100000110111000
10101010111011010
00011011010111010
00111100010010010
00100100101111110
01111100011000101
10101101101111111
10111110101101001
10010100100100111
00111110110100100
00110100111100011
11110110101100110
11110001010101111
11110010101111101
10100111010111011
01000011101010110
11111111101011000
11000100110001101
01000011010101010
01001111010000110
10010110111010111
01011011110011000
00011010101101011
00000110101100101
10010111000111001
01000010101010111
01000000101111110
11100100010011000
10000111000101011
01100000101011100
10110011001110100
10101111111111110
00111110110011101
00100110101011001
01100011111001011
11110110000010100
10100101011010100
01001100001001110
10110110111011101
00010110100011100
11010100000101101
00101111100001111
00111110010101010
01111111101010111
01101111110101110
10010010110100101
01011000010110001
00101111110111110
00100000111111000
00001011010101100
00010111000100011
01001010111000111
11101111111111111
11100001100001100
10000010011110101
11111010101101100
11111111111001111
01011111101000101
11001101011001010
00101111110001100
01101110110101000
11111101011000100
01100110111011010
00011011101111100
11101100111100100
00010110111000111
10000100010001111
10010101000101101
10101010011110000
11010010001010100
10111001101001101
00010011110111100
01011101000101010
01011010100101101
11100100111000101
11000101100011011
10111101111011111
10101111001111101
11010101101011101
10100010001101101
11011101100110101
10110000101101000
11110110010011001
00101100011011111
00011011100011011
01110100100100101
01111101001010001
00011001100110101
01110011001101010
01101001010101000
10010011011100001
11100100001101010
10110100110101001
10110000111001000
10101001101111100
00010110101011010
00101110001100101
00011101011001111
00001110111011000
10101000101111001
11100010111100010
11000110011110010
11110011100101111
01001111011111100
01110011010110100
10000110111010011
00100101001110110
00101101111011100
00101001111100100
11010111110011010
00010011110110001
11001010111010001
00101111110000111
11000000001011011
11101001000110001
00000101100101011
10100011101101001
11011110100001010
10100100000101110
01000111011110101
00111010011110001
11100111101010111
01000010011111100
01011011010000011
01010101101111001
01000011010100011
01011001011101110
01011011000101010
11011011111110010
11100001110101010
00100011111001100
10101010110000001
01101010010000111
00111101101010110
10100101111000011
01001111100111110
10010111010010011
10110000001001101
11111111001000101
11001101100111011
01011111011100110
01011110000011110
11011101110101011
00101110011101010
11001110010001110
00111110100001010
10111101000001011
01110111011110100
11001101111100111
11101000111000001
11111101001011010
10100011100011011
00101001111010110
01001011100100010
11010101011010101
10011111001101111
01111100100110000
10110101101101111
01110100000111010
10111011010010101
11011101110111101
11010110110110110
10011010001110000
00001000011101011
11001100000110001
00101011101001101
00110011000010111
00010010010111011
00111101101100011
11110100001100110
01111011011100110
00101001001110111
10110011011101110
11110100101101010
10111100001111001
11010000001111010
10101100010100111
01100101110001100
00010101101110001
11111110100110001
10010001111001010
00101100001011011
10101111011101101
00101111011101001
01010000111010110
01010101101001000
01010111111001100
11000001111001100
00101101000101110
10111010011000110
11001011011000100
10110011000100101
00010110110110111
11001100110101111
00001100011001011
11111000111000001
01111010001111101
00111101101000001
00101101101001100
11101100001001111
10000010101101101
10011101010001001
00011101010101011
11111111100010000
10011000011001111
10011010101110100
10101001101000001
11100000111001010
01100111010110111
11010010110101111
00001110101100111
11100010001001001
00011010001110110
11110001010000101
11101110000110001
01000011001010110
01010110110111011
01100110100110110
10111101001001000
11000111001011101
10010011100110100
10001110110110101
01110010101100010
01111010100100010
11110100010000111
10110101111111111
10101111110001100
10011101111100111
10100111001000010
11000110110110111
00101111000111001
11010100011001000
10111011001000110
00000111000111110
01011100110001010
10110010110111111
01111100010100010
00010011010001111
01011101101010110
11101111110011011
11000001001010101
11011011001010100
01110111101100110
01111000000010110
01001100100001011
10100011110010011
01011011101100000
00001101001011010
10000110011111001
11001111101001001
00110110001000110
01001001111110000
00100001101111011
00100011110101101
11001101000110001
01100110011111001
11111010110100011
01100001101011001
01111111101110010
00011110111110111
11000101110001011
10110001011001010
11010000100011001
10011010010111100
10011100100001110
00101001111100000
11101011100011010
00011001101010011
00011111010101010
11000001100101100
00110111110111101
01011010101001000
00111000111111111
11101010010111011
10011010111000110
10011101110100011
10011101101010100
11010000010111100
01100000011101100
00011110001100101
00111011101011011
00110011111101010
11111010010100110
11011011110101111
01000110101100011
01101101010011010
01011011110011100
10001100011000110
01110011100111101
01111111010000010
01000100111001111
00001101110101010
00011111010011010
01010010100011001
01011110101100010
10111010100100010
00011111001011010
11010011011011100
01110110100110011
10011101011011001
01111010111000001
01101101001111010
11011010101010110
10010111110101101
00111010010111000
01010011100111101
01110101101101010
00010001011101101
10110111000100001
10001111100101101
11111001000010010
10110010101110110
11011111000100101
01110100110101101
10101000100101011
01110101000111110
01001110011100011
00001010011001101
11101001110000111
10011010101110000
01001000111100101
10100011001100001
10111100100101110
10111010000100011
11010001100010010
10100110001001001
11100110110010111
11000101000101110
11011010001001000
10010010110110101
11011110010011101
01100101001000110
11111001010001010
01110110010010110
01101010011001001
11010000011001110
11111111101111101
10010111110110011
10110011111000011
10110101100101000
01001100110110000
10000110011110110
10010001100101101
10110101111000101
01100001011011001
11010100001110100
00111000011101001
01101111001010001
11100110101101101
10110100011000111
11110011001111011
11100110110001010
01001101011010011
00110111000110101
01110001000110010
01100100011010101
11111111100110100
01111101001011001
11111001111010000
00011101100010101
11001100110101111
11100111111010101
01101010100010100
10010110111000011
11010101110110110
11011110100101100
11011101111100111
11010001100011101
01110110011111111
10110010001001101
01000111100000110
00010000101110110
10011011010110011
00111100011010100
01111100100010011
11011110001010111
00010110011011000
00100111111000001
01111101010110000
10110010010001001
00011111111100100
01101001100001111
11101110010100001
01000111011111011
11010011011111000
10101101011100110
11010001110001101
10011100010111100
01101111110011000
11111010111111110
01010101010011100
11110000010100101
11110111101101010
01100111101000100
00011101011100111
10111010010010100
00000110001110101
10101010001111010
00010101100111111
10010111011000101
11110011100011101
10110101100101010
00101111011101000
01100100010101001
10001001000011111
00110011000100111
00010100000111011
01110100010011010
00111111111111010
11011101100000000
11100111101001101
01110000100010111
11111000000111110
01100111111111010
00011111101010110
00111111001011110
10010011101011010
10100011011011101
01111011011011110
01000100011101100
01110001110111100
01010010010011010
11100011000111010
00001111001011001
10101011001101010
10111010010100010
10010110001100111
10011001111001111
10011101011001110
10010010100101001
11111111101011001
10000011011110001
11001001000101011
00101000011111111
11101111100011110
01101101111111001
11100110110101111
01111101101010101
00010000001111011
11110100001111110
00111101101001111
00111001111110010
01111101001111010
10010101001111111
11010000001010110
01001111011101100
10010101101010110
00111101110111000
00010110111011000
10110101010111100
00110011000100011
00001001011001111
10001110010001001
10111110100101110
00100101010110100
01001101100000011
10001001011111101
10011101001011010
01100100111010101
10110001010101011
00100101001010011
01100110000011011
11010101110100000
10100001100110111
11111010101100011
11001100000011101
10000101011010111
00100100011111000
01101010001111111
00110011110010001
11111010110011100
10111001010001011
10001101111111010
01111010110111101
10110110100001000
00000111011100011
00110111011011000
10110101001001011
00101001101100011
11000100100111111
00000101110101100
11101111110100011
01101100100010101
11111101010000101
01011010010110111
10100011000000111
10101101110101001
11010001100111110
01010100110010111
01001010111010100
00110111101011001
11101001110111111
11111011000101001
10101000111010100
11101011101100100
10000110010101011
11101101110001100
10011110011010110
00011101010110110
01110101101011110
01111000001010101
00101111100110101
01010100001111111
10100110110001110
11001110101100100
00100010111010010
00110001101011001
00111110000101010
01010010001100101
00101101000101011
01100101110110101
01011001101110001
00101001101010110
11000001001001110
10111101011111101
10111011111101001
10100101110110100
11101111101100011
10111000010100111
10111111000011000
01101001001001011
00111111010101100
00101001100011101
11100101001000001
01010101001101010
10011000010010101
01101000100111110
01111100101101111
10011101110001101
01101001101011110
01001011100011011
00111010110111011
01100100010101110
01011111100000001
10001011110100001
11110000110000101
01110001111000010
00011111111000010
00011111010101100
11111101100110011
00101001111101011
01011101111101000
11100011001110101
10111101100111011
01101011010001010
11011001101010000
01011010110000100
11110100001000101
00001110101011010
01110110011110100
11011100000001011
10011010011011110
11001100000111011
10111110111111111
11110000111100011
10110100111111000
11110100101000011
10010011100101101
10101110001111100
00010011000111100
11001010111011010
00111110011101100
00100011101110011
01111101110010110
11000110100100010
00010011101101101
11110011101100100
11101101011101111
00101010011011100
01001011111110111
10010010111100100
01100011000010101
10001100010101100
01011000101001001
11100110010110101
00111110111001110
01101011011110101
00011011110000010
00111010111110111
11011000010000011
00011110101100100
01100010101110111
10010011101010101
01110101110110110
11001001000111101
01010010111111101
01101101111100101
11100010101101010
10110101000000110
10011010101100111
10011011001111100
11100011011001100
11110010000010111
10010101110001110
01010111000111100
11110001010101110
10110100001100011
01001001111101011
11110100101010001
10100011010010010
01010011000001110
00011111111110011
00011001010011100
11101110000110001
11101100101101010
00011011001000101
01101100100010011
10001000111110010
11011101110111111
00110011110110111
01110011001010110
01111101110001111
00000101111101010
01110001111001110
11110100111001100
10001111010010110
00100001011001111
00011011111110111
11101110111001001
01101010101110010
11110111101101010
11110011011110101
11011010110111100
11111111011011010
10000000110110101
00110011110101100
01001001111001010
10010011110110011
01110010111010011
00110110000110001
01100011001100001
10001010101011101
11010011011111010
11001011111011110
01100100110010110
10110101000111011
10000000010011111
11110001101100110
00111001100110110
01100111110001100
00101101100010110
10010100000101011
10010010001101001
11010010110011001
10110111101000000
10111010000100010
01111100001100100
00000101001001111
01010111111110010
10001100011100101
11011110100001100
01111000000001111
00001110111010111
10001001011101111
01001101110110001
10110001000011110
00011100011100001
00101111011010100
11110100110111000
00101011100111111
01001111011010000
11110110010010001
10011111101001010
10110000010111001
10111001100010111
01001100101101110
11001011001110101
01111101101111001
11111000000100101
10100111010100001
01101110010000001
11011101101100010
01010010110101011
00001111010011010
10110010010111111
11011101000010000
11111110010010010
00101001111101001
10010100110010001
01010001100101011
11101000100101010
01000110101000110
01110011001001110
11101000001111010
10110111100111101
11110010000000111
11110110111010011
10110001100010010
01011011110001011
10111110110111011
00001111111100101
11101010010010010
00110010101010010
01010001001101010
10111110100001100
10100011011011101
10111001010110011
00100110100111110
11110101100100110
10001101010000110
11111110101000011
11011001000001110
10010010110111011
01101101101010110
10011100001101100
11010001100111111
11111110000000100
01101101011000000
11101100011001110
10100111010100101
10000011011100110
00011010111001101
00011001111000111
11111011100011000
00101110010100110
01011111011100010
10110101010110101
10100101001001010
10110100101111110
01001111001110001
11010011000110100
10010011001001110
11010100101011111
10000110101111001
10010111011101011
11011001000111001
10110010101110100
01010001010100011
10110101100111101
10011000110010111
10111101110000100
11100000111111000
00011101011110111
10010001110111011
10001011101111010
00011110010101011
11110010110100111
10001010111111101
10101101101100010
00011100010110111
00101101111010100
10010110101111001
11001000001111100
01110101100101001
00000111011011111
01110011001111010
01010110001110001
00010011011101010
10010001101110001
00111110101111010
01101010001100111
11111110001110110
01000101111111110
11000100110011001
10101100111111101
10111111110101110
10100100111100110
10011111101100110
10110010010000110
11101111100100101
11000011000010101
10010010111111111
01100001010101001
01111101000111000
00100111101101011
00111000011111001
10000111111111101
11111010100110000
01111000110010011
01110101111101110
10111111000000100
11010100001110101
01110001000010011
00001111001001011
01100000111110100
01111111111111111
10110000100010101
10000100110010101
11110101100010000
10110100011010011
01111110010110011
00110111100101101
11010011111111001
11111010100000000
11100010011010110
01101010110010110
01000101101111101
11101010010100010
11011000101001111
10100111111111101
11010011111000000
10001111010011100
11000010010001101
11011010101001100
11001101110001110
01110001000101101
01010100100101001
00011010100100011
00110111111111101
11110001100001000
00010011111111101
00100011001110010
00011110110111101
10000111111011101
00000011011001110
10110011110011000
10011100101001110
10110011011110101
01111001101100101
00111101000110010
11101001110100001
10011001101010010
01001001110001100
10011100011101001
10001110010110111
10110110101111011
00010111100101001
11000001111010111
11101000110001001
11011101110000110
01000010111111011
10110001000010110
10111111010010011
11100100011111100
10100101001011010
00000011111011101
01001111101110110
11001011111110101
10101011101110110
11010011110100101
10100111110101110
10111110101000100
11101101001000000
10110111101100010
11101110101010100
01111001000110100
00000101111101001
01010001001101111
11101100100110010
00011110011010101
10111101110011001
01000110100110100
11011110000100011
11111110100101100
00100110000010111
01110001101001110
00110000001111100
01010110100010010
10011100011000100
00001101110101111
01100010011011101
11010000011010100
11100011001011110
10010110110111000
01100110110110010
10010111100101001
00011111100010110
00010110111110001
10110101011000101
00110100110100001
10001111111001110
01100110101011011
11101101111111011
10011111100101110
00101110001010001
10010101100011011
10001101111011111
00100001111001111
11011001001000100
11100011011111010
01111110011111010
10101001010111011
11011001010011100
01010110101001011
10001111110011101
11011000010000011
00100110111010001
10011000011101101
01101000011111010
11000001111101110
10011100110111111
01101010001100110
10001001111110100
00111011000110000
10100111111000110
01010111001000001
10011100111101110
01101100001011001
11011010001101010
11000111100010110
11100010000110101
11100011111111010
11011101010010001
00001001001010111
11100011011001111
00011110110001101
01111100100101101
11100110011111111
10110110101010001
10001011011011100
00000110011100111
11100001101010010
01000101110100100
00100011010111110
10111011000111001
10001111011110001
10000001101010110
00110101011010011
01101000011101110
11001110011111001
10101001111100010
11010011001101010
11001110011101101
00101111100101100
11110100000001001
00001101011111000
10011010101110011
11110100001000001
10010110101110100
11100110001001011
01110001010110011
00000111001100111
11111100001100110
01100011000111001
10000100101100011
10010011111111001
01001100010001110
11111111001000011
11100101111101001
11011000110011011
01111010100110101
00111000010011010
11101101111001011
00110100110011001
11101100110110001
00000110101101100
11101110011110010
11010010011101000
11011011101011011
10111000101100011
11010011000101001
01100010000111100
11010101100100111
10111100100000011
11011100111011010
11101011111001011
11100110111000111
11001011100001001
11010000110010100
11010001011011111
10101010110001011
11110101101111000
10101100101100110
00010111111001010
00010011001111011
00010010101011100
01000111101110011
01011001110100010
10101000100101110
00110011000001011
10001001010111111
01010111110010000
11101100101111010
11111000100000100
11101010001100111
00010101100011100
00001000111011010
11110110011100111
01011000100001011
10010111000111011
11010010001110111
10001001111010010
01001111100011001
01110110100000101
01011110001100001
11010101110111001
00110010101010111
00010011100110100
11111010111010001
11101011101110110
11010000001100110
11000111011000000
01101000001100110
00000101110001110
10101010010101101
11011110010000000
01001001010110001
01010111001010001
01001010101011000
01110101111100001
01010101000110110
01011110100001101
10011101010011001
00100011011100010
00111111010100001
10001111001011111
10111011110010111
00110101001101100
11000101010011011
01011110101011110
11111110100111101
11111110100000101
01011111001010101
10101111010011000
01000111000011110
10101001001010011
00011011101111011
01111111011110100
11100011101001001
01000111100001111
11010000101001001
00111110100011010
10010000110111101
01010101101111100
10001100010001101
00111100010001101
10000000111111110
10011000111101011
00111001110100001
01101011100000100
10010010110101111
11100011101100001
01011111000110100
10010101110100100
11011111010101100
11111101110111111
10100111000101011
01111110101000101
11010111010100111
11100001101001000
10010001111100011
00111011001001101
11010000010110011
00100101101100011
10110001011100111
11000110000101100
01001001111001011
10111101000011110
10111100100000010
01011011110000111
10100110000011110
11001001100010100
01100100101111010
10011100110010001
00011110010101110
10011011000000110
00111100110111101
10101110110110110
11011100000100101
11010000001111011
00100110000010111
10111010111000110
11011111111111101
10111100001111101
01110010000001111
10000011001001011
11000001110101110
01011110100101100
10010100000111100
10100111011010101
10111111101010110
10011110101101111
11111010001100111
11111001110011110
10011010101100100
11100001001001011
01101100011010100
01100101011100101
01000101010001111
10001000101111011
11111000110000011
11010101001100101
11111011011110110
01011110010000111
01001010111111001
10101110101100111
01011101001110100
01011011101001100
11010010011101010
01011011100111000
10100110001110011
11001100010000111
11100000110000011
10011110010011110
01100001110110000
10011111111010000
00101010011001010
01101000011111000
11101101001111110
11111000001100110
11111100110001000
01101001000101010
01001011010101000
11100011000010010
01001011101110001
10111010101000011
11001010111010110
00110100100011001
10110110010101100
10011001001100001
01001101001100010
01111100010011110
11001010110011011
10110010101001001
00010000101101111
11100101110000011
10000010000101111
10100000001100111
11000011110111000
00101100000101011
10110111000001000
10000110111010000
10000101111011011
11110101010011010
01011110000111110
01010011001011000
00111010001111011
01010111101100100
01100001001101010
11010110110110000
11010011000000101
10100101001100100
01110000111011110
11110111110011111
01110100101011010
00010111101101101
00101010110011011
10100101100011110
00111101100000100
00010110110001110
00110101110111101
10100101000011111
00010111110000101
11001100100101001
01110010011111000
10101010000101110
10010010001011100
00000100111011110
11111010000111100
00010000011011111
00010011110100110
10010100011101011
11110100101101001
10111111010010001
11011110110111010
00101110111010001
11111110010110011
01000010111010010
11001010011001101
01000101001101101
01010011111111110
10100101110101100
11101101001101111
11110110011000001
10011010011111110
11101001111100000
11011111010010100
01100101101010001
00110001101001100
11010010111010110
00101110000110011
11000100010011001
01111010011111100
11100001001101010
00101010010101001
00100101110001100
10100110000111110
00000110010101011
00001000110111111
01011101101011101
00111001011011011
11001000010001111
00101001101011101
11100011011000101
01111010111110100
00111101000100110
01000111010100001
01011011101010110
10100010110101000
10011001001111001
11110101100100011
00101101101100100
10100101100101010
10000001101001101
01110000001011001
00011001001111110
10111100010010000
10000110111101001
01011111101100010
00011000111011100
01000001101011100
11110101100110011
00011010100110001
01110100110110001
01000101100101111
01010010000011101
10101010001010111
00010111110110110
10011100010110011
00001011101110001
00100001011110100
01111110000111110
00101100110110110
10000110001110110
11011110000011000
01001101111001011
10010101010101100
11011000011010100
01001000010011011
10010111100111110
10100101110100011
01100110101010010
10010011011111100
11101111011011011
10000110011000111
10100001110001011
11011110101101101
01111110101011101
00101010111110110
01000111111000100
01010011001001010
01111010110010101
11010111011110001
01100000001011110
10010001100101001
11011100111011010
01001100001111011
10010010100110100
11110100111101001
01100010110011100
00010001101011111
10000101110011010
01010001100110011
00010111110100001
00101100111100010
01100100100011110
00111000101101111
11010010111010111
01110011100100110
01001011001010100
01101011101101000
01010111111111100
01111111101101110
10101011001100011
01011000001011011
11111110100110110
01111011010100011
10110100011101011
10000010110011110
10110100110011111
11110010101110000
00000100011011101
11111111101000010
00110111001001000
10001010101101101
00100101100111011
10001000100111011
01110110011110011
00111111011101011
01101010111111110
10110100010101010
11111010111101001
11110000110010111
10111001100010000
01000011010000111
11010111011110001
10011001000010101
11101010000011110
11111001001001010
11110100100010001
00011101111001010
00110001111111101
11111110100110101
01010111000001101
11001100011011111
00110000010110011
01100011001110000
11111101010011111
10100011001111000
11110110100011010
11111001011110101
00101100100100110
01110001110010111
00111000010101001
10010100001010110
10111110011101011
10101100010111001
00001001101011010
01101111001010010
01100111110000001
11110011110110001
00110100001001101
01011101011011101
01111100101111010
00100010101111111
10101111011101010
11111100011110010
11011001001001100
11000001100001111
01110110001010000
11010011101111111
00100010110111011
00000000111110110
10100101110011011
11010110011111101
11110100001100001
00111100111001111
10111110101101111
10111000011010000
01110111101111101
01100011001010110
01111000111000001
00110111111010000
00101101010110111
10110001000110010
00010100001010111
10001011100001011
10011101100010110
01011111111101111
01101111010110010
10100100101101100
01111001000111110
11100011010101001
11010001101101001
10100110101110111
10011010100001100
00111001111100010
01011100101101100
11011110010111100
10110111101110001
10101000001111001
00001010011011101
11111011011000001
00010011100111011
10000100110110010
00110111100111000
10100100001110010
10000111001000101
01011111001011010
10011110000110101
10110101111111001
01010110011000111
11111011011001110
11101001110001011
10010101100011111
11010001010110011
00110101001101110
00100000011111101
11110100111000100
00101011110101111
10001011000101001
11010100011101011
11110010000100110
00000101100110110
01000101101110111
11001111011011100
11110110011111110
01011000110001101
11110101000111110
10110001010001001
00011101100110100
01101110010101110
01111100110000111
01000001101110110
00111100101110011
10111001100111101
01110001011011111
10010010101011111
11001111101111010
00110010101010011
11010100010100011
01010011010111001
00001111011000110
11011010111010001
10100101000010101
01001100010110001
01011100110011000
10001011111110100
11111101110110100
10111000111101001
01110101101001100
10001101001101000
10011010101110100
11110100010000101
01101000001111110
11100101010111011
10010011100000101
00111101000011101
01100101001010110
11101001010101101
11100111011011110
11010111010101100
01111101100011110
00110001101111110
11011100110100100
01100110111101011
11111101000101110
11110001111111000
10011100111101001
11010101101100100
00010011001100111
11101010111110011
10010010001110110
00111100011010111
01100111111001011
11111110111001011
11000111110011010
11101101001001100
01111110011001011
10001101011100010
00110001001111101
11011110101100000
11100000110000101
11110011110101001
00011011111011000
10100101010101010
01100001101011100
11011101111111101
11101100001001011
01100001100010110
11001001010100101
01010010011011111
01011110000110110
01100000100110101
00001101111101011
00111110001101011
01100100101011011
00011101000110011
00111011101110010
10000100111101011
00011011111010011
01101000100110100
01001101011011010
10011001011100111
01111110100011010
10011101111000011
00101000110101101
10001110100011101
10100110010101100
01100001011011000
11111001000001001
01010101101010111
11010011110110101
10000101111000001
11010101111001100
10001101001110001
00110011100001010
11110101101111111
11110110000010111
10100010110000111
11111010100101101
10110001100100011
11011001010011000
00011001110110101
11111010101101100
01001001011000110
11000111000011101
11011111101001001
11011111001010011
10001111101001010
11010110011101011
11101001001100111
00110111100010000
10100100000110111
11100001101110000
11010001001011111
11001000110011101
11000111110011010
10010111100011011
11110000100110111
11011101101001001
00010111011100110
11001111110100001
10011110101000100
10010001011111101
01001111101011110
11110000011111000
11110101011010010
01001111001011000
10111001010100001
00110011000011110
00011111111110110
01000101110111001
11101111111011100
01001111110001001
11101010110000110
11010011101111111
11111001010011111
11011111111100110
01101110101010011
00000011111101101
11101010000101100
10011111101001011
10011001111110011
11101101101001101
00110100011111011
11100001111010000
10100110011001111
11001011101101011
10001100101001011
01000111011011000
11001100010110101
11010010101010011
11000110000011101
11110000011001100
00111110111100010
01011011110110111
01101101010110010
00001011110111101
10010101100100011
11011001100010011
01100100111000011
00000111010010111
01000000101101110
00001111101110010
01110011100110010
10110100000111010
11100010110010100
11111000101110001
00111001111111100
11110011010011111
10100001100011111
11001011010011001
10110110101010110
10111101110010001
11111000100111011
01000110001101111
11101110111111111
00010111101010010
11111110001000001
11011001011010011
10100101001110010
01001001101111010
11101110111101110
11111001010011110
11000101011100101
10100100110000110
00111100011011100
11101010010101001
10010110111010001
00100011101000011
10111100101010011
11001101011111101
11110011011011110
11010100100101110
11101100111100100
10100011001001111
10000111011101110
10100110011000100
10011110111111110
01101010100001100
11011001010101001
00101001111100111
01110010110110001
00111010110110100
10111000110111001
01111100101000110
00111001000000111
01110000101110101
11100010100000101
10110101110001110
10011100000101100
01001110111000001
11110110010100110
00101000111001110
10010101001100011
00100001111101101
10010100011010101
00110000110011011
00010010011110100
10110001010111001
11100101001010000
10100001010111111
10101010011011000
10010011011000100
10110000001100011
11011011110110011
10100000101101110
11101001000001111
00100111000110001
11111010101111010
11010111110100011
10010000101010011
11110100010001010
00011010010010110
11110001100110000
10000001110001101
01100010010110100
00000111011111001
01111000010011000
00011011101110010
11100010011110101
10100100011101001
11110011000000110
11011111101111111
01001100101111001
11011011110101110
00111001010111110
01001110010101010
11101110100010010
11111100100101110
10100100000011111
11101110010000001
10011011111111110
01000111101100101
00010100011110001
11101100100101100
10101010001011011
01110110111001101
01000101001011010
10110101000011101
00101111111110001
11010110010110100
10110111011010101
01111111110010011
00010101001111001
00011101110001110
10110110010011101
00011010110100100
00111010010101001
01011100011111001
10100010100101010
11111110110001101
00011110101011101
11000111100101100
10101111001001111
00011110001110111
01001101111111000
01101000100010111
00011111111001110
10011110111100001
10101010010000101
01101100110111000
11000010111011100
11100111001000001
00110001101100010
10111110111011011
10001110101000110
01011100110001001
01010111100100000
10011100101110100
10001111111111000
10101110011101000
01110110011010001
01100111111111011
10101000110111110
10001110101101100
00100100111111011
01111101010000010
00011101001100010
10101100000110100
10000111010010110
01011100101110011
10111011000111000
10011001010000110
10001000110111100
11001110110100011
10011110100100101
11001010000110100
01111010111111000
10011010111011101
00110100101000101
10011101100010010
11011010110100100
10011110110000010
01000001101110001
11110101101100111
11001110110001010
00110001001001011
11111010011111111
10111001111001010
10111100001101001
00011101110000101
11011000101011100
01011010011100000
01101110100100001
10100011101110110
01011011011111000
11011011010101100
10100010001011100
00110111111011000
01010010110111010
00100011001100011
11111011110101010
10000101111111111
00101001001111001
10001001000111010
10001100011010111
01011111111101101
11110100010000011
00101000110010101
10110110101110100
11010011110111110
01111111101110101
11111110110100100
00111011101111011
10010001110010010
00011101000100011
00001110010110001
00001110111001110
11101000110111001
01001101101110111
11000101000101011
11110001010010001
10000010111101011
10011101101001011
11011111101000110
01101010011000111
00111001100101100
11101010011101100
11010100011010010
10001011010100011
00111111111110101
00010000111110111
01000111001111010
01100000001111011
00000111100101100
11101001010000100
11100100100010100
10011011000110010
00011101110100100
00101110111011111
01001001010001111
01010011110000101
11011000101101101
11100111100010001
11111010011000100
01011101010011100
00111111011001100
10111110110110111
00011111101110111
00110011111101101
00101011011101010
11001110011011011
01110111001010101
11011001011110111
01011001110010000
10101011011010001
11011101010001000
11010101110000111
10111010110011001
00100011101111100
11000101110110010
00111111001011111
10101111010000011
00100101000101101
00100011010111011
01000111100110001
00001111011110011
01111111101111111
11110111000000100
00111100101111111
11010010101011000
11010010100001001
10101010100110100
00110000011001101
10110011101000100
11110011111100001
10001111010001000
10101100101010100
10100100001011010
11101110011000010
10111000100011110
01100000110111010
01011011010111011
11000101100000101
01100010101110000
01011010000011001
01101110101011000
10110000011011110
11100010000011111
01110011111110010
10100001111110001
10010100111001011
00111001011001100
11000100110111101
11010101101101000
00010110001011110
11110001000110101
11101011010111110
01111100011011100
00011101010111010
11000010111100010
11011100010111111
11110011001101011
01010011011110010
00111101101001010
11111100110101110
01111110101111110
11000101101001001
10010100010101011
11100011111110100
10010100010000111
11011010011000001
11100110100101100
01111100010001100
10101011101011000
01100011101011011
11000001110000110
01101010000100110
01111110000010011
00110111000110000
10011010111110000
00100001101000111
10101000011101011
11101000011110111
10011101010000111
01001110000110011
01101110010110011
11011110110110100
00101111010111011
00010000010111111
01100110110000110
01101110100100101
01110110110001101
11100000101000101
Time = 224.597s
