n = 8, k = 6, l = 2, m = 1239
Expect Resample Times = 0.36993
Result:
01010001
01110100
10111001
01010100
01011111
00100111
01001100
00001110
00110010
11101111
11101001
00111000
00110101
10101001
01101010
10100001
01011111
10100001
00001001
01010110
11100001
10101000
01000110
11010100
00101111
10011100
11100011
10010111
00000011
11111001
00100100
10011011
00101101
10110011
10010111
01100010
01011110
10111000
11000110
10110101
10100010
00110010
00100111
11010001
00100010
11110010
00110000
11011110
10100000
00110100
11010010
11110100
11111001
10000100
10110110
11010001
00110100
00001101
01010001
11100100
00010100
01001001
11000000
01011101
11001111
01101101
00000011
10110001
00010011
01101101
11100100
00010001
01001110
11010011
11100100
11110110
11111100
11100100
01101010
00000101
01110101
00011011
11010100
10100110
11110100
00001001
10110011
01101100
01100111
01010111
00100010
01110111
00011011
00100100
01101110
10110011
01011111
11110000
11001000
01010101
00011101
11001000
01100111
00110111
01000101
00010101
00010011
10101110
00111011
01011111
10101111
11001101
11000111
01010000
11111100
10101101
01111011
10110011
11100100
00001101
10000100
01111111
01011001
00010010
11111110
11100001
01101110
10101010
01010011
00010001
00001011
11111101
10011000
11100000
11100110
10111101
01011101
01100100
01000001
11000101
10001001
01111100
11001000
00110001
00101011
00100101
11110101
10001111
01100101
11110101
10000001
00011111
01010011
10101011
10111011
00011110
10000110
10000010
11110111
10110110
10001001
00111110
11101100
00111110
00011110
00010011
00100101
10101110
00111111
00110000
00010011
01001010
11000001
10110000
10111011
00111101
10100111
01101100
11111100
11101111
00001110
01010100
10110111
10001110
11101110
10011001
11001010
00000101
11111000
00101001
00001100
10110001
01100101
10000111
01011100
10110011
11001101
11011000
01001101
01011111
10110101
10110101
10101011
10010011
11111000
01110010
11100000
11010000
00100110
00001001
10010111
11111000
00011011
11010001
11100101
01011100
11101011
11001101
01011001
10101110
11000011
11110111
11011101
01010000
01100000
01100110
10110110
00010101
11101101
00101101
10100010
11010011
00011110
10011000
11011010
11101100
11000100
11111011
10111110
10000010
10010100
10111101
00010100
11110011
00011000
10101000
01100001
01101100
00101101
10001010
11010010
11010011
11101111
00011011
00100111
10000111
10011111
10000011
00000110
01110000
01101001
10100011
01000010
00001010
00011110
11000111
11000110
00110011
11010111
11000101
11111110
11100010
01100111
01111101
10110001
01101000
11000010
00100111
10101000
11101101
10011100
11011001
10111111
10111100
10011101
01100101
01010011
10100100
10101001
10110000
01000100
01001110
11000110
01001111
00101011
01100000
11101010
10011011
10010110
01010100
00111010
10111001
10101111
00111100
11101001
11100110
01011100
11110001
11101001
01101110
11100011
00110000
01100111
01011000
10100101
10010110
10101110
10100111
00100001
01111101
00110110
10110000
10010111
01101101
00001010
10110100
11000110
01110110
00001101
10100100
01100111
01001011
01000010
01100111
11100111
00111110
10000010
11011111
00011000
00001111
00000101
11010001
00001100
01100011
01000101
11101000
00111111
10110001
00011100
10001111
00010011
01001110
00010001
11100100
00011011
11100010
10010100
00010010
00010011
11000001
11111011
01010101
01000001
01010100
10111100
10110011
01111100
10011001
00100010
10010100
11010010
01000011
11101010
11110110
11011000
10011011
10001011
10001111
11001100
10101010
11001101
01100101
00000011
11111100
10011001
01000100
00001010
01100000
11111111
00110001
11000111
01100111
11001111
01001101
01100111
11001010
11001001
11111100
10000011
11111100
10101000
00100010
10101110
10111110
11001111
11101011
00011100
11111110
01100111
00110100
10101111
01110111
00101101
00011100
11010011
11010011
11010100
10001110
00111011
01010001
01001100
01101100
10011001
10000001
11010111
11100010
10111010
01010100
01100110
00010001
01000110
11000010
10011100
00110110
01000001
00111001
01111111
00100110
01001011
11111010
01111101
00100100
11100100
10010010
01001000
11111111
01110011
11100001
01100000
10011101
10101011
00110101
00110110
01001000
10101000
00100001
10101100
01100101
10010001
10101000
10010101
00111010
10110100
00011100
10010110
10000111
00010100
11111010
00010110
00101101
11010011
10101101
01100111
01101110
00011110
01101110
10100001
01000100
10010010
00100011
10011000
00010101
11001001
11011000
01111100
10111011
11110110
11001011
10101111
01010011
11000110
11101000
01111110
00011111
00101100
01001000
10111100
00011010
00001110
10110011
01010000
01011101
11111100
01000100
01101111
11011110
11011101
10111010
00111100
01111010
11000100
11101110
10100011
11101000
11010001
11010111
11011001
11110110
11011111
00111101
01110011
01000101
01010000
00011111
00100100
10100110
10110011
00100110
10111001
10000111
00011000
00111000
01111101
01010011
10100110
00001110
00110100
00010001
10011100
00111001
10110000
00111010
10001101
01010000
01000101
11001100
00010100
01110011
00101100
10100001
11011101
00111011
00100001
00110001
10111100
10010011
01101001
10111001
11000011
10011010
10110001
11100000
11011100
10111001
11100110
10111100
01010110
10000010
10100100
11000001
00110010
10111000
11110111
10001101
00100101
01001110
11101011
01111010
00110011
01111001
11000111
10011000
01010110
10001111
11010100
01010001
11110010
10010011
10110101
01111101
10011111
10111101
01110100
01010010
01101100
10110000
01100110
01110010
00100010
11001000
00011011
10000011
11010101
01001010
10000100
01101011
01101010
00100111
10000101
00110100
10101011
00100110
10100011
00010001
10011001
10101000
11111010
00010101
11001010
11111001
10100110
01101110
11011101
10001111
01101001
01011100
10110101
10110100
10011101
01010101
01101011
10110101
10001100
11000101
11100000
01110110
10100100
00000011
10111100
10101111
00110100
10000100
11010010
00010111
00110001
11100100
00100001
11100010
10101001
00011110
11100110
10001011
00101101
00100110
11001111
10010010
10110110
10110101
11011110
01111000
10001011
00101001
01011100
01000111
10110001
01100000
01110110
00111001
10101011
10011111
11010111
10000111
00101001
00111111
00110010
01001111
11101111
10111100
11011000
10101111
11101000
00000101
11010010
01001011
10101111
10011001
11100001
10100101
00011001
00001101
10100000
10001000
01001001
11111111
11010110
01101010
01100011
00001001
11100110
10010000
10100011
11101111
01011010
11100100
11111001
01010011
11000100
10110110
00110010
11011100
00001001
11110000
11111010
01111101
11100000
01100101
01001000
11001101
10111000
01010111
11100000
01111110
11000010
01000110
01100100
11111001
00010010
01011011
01100010
01001101
00110010
11010000
01000100
01101100
11011101
10101111
01011111
11010011
01101101
10111100
10100001
00000111
10010010
11011010
10001100
01100101
10101001
11100110
10000011
10101000
10101011
01011110
01010000
01000100
10110000
01000010
00101110
00100001
01101001
00000011
01010101
10010001
10001100
11111010
10011010
11110011
10111001
10101111
11010110
10000010
01100110
01011011
01011010
00101111
01111001
01000110
00110101
10101011
10111111
01001000
00000011
01101000
10000110
00000110
01011110
01000010
11010011
11101110
11100111
11101010
10011000
00011001
00111100
11110001
01101011
00111101
10001011
01011000
10110000
11010011
01001000
11101100
00001011
01011111
11110000
00011010
10100001
00111111
10001110
10100010
10010010
11101101
10000001
00001111
11000001
11000001
01001110
01110100
00100110
00100100
11110011
10101011
01010011
11000011
11110000
01001011
00011110
11000100
00000101
10100000
00111001
10100000
11111100
01010100
10001001
10101010
11110000
00101001
00001010
11011000
00100001
00111100
00100110
01100110
01011010
11110101
01111110
01010001
11010011
00101101
10001110
00010111
01101100
10000001
10001101
01010110
00111000
00100001
01110101
11001110
00101001
10011001
10000100
11111110
00001110
11011010
11101010
01101111
01110100
10100100
00001010
01101011
10001011
10010101
11001110
11011011
00001110
00011111
10101100
01111000
01010011
10110111
10100011
11101110
00011110
01111010
00010110
10110110
00100101
00001110
01010001
10111000
10000100
10011101
10001110
10010100
00101100
01011010
01011001
10100101
00111101
10011001
00111000
01010110
11001101
11111110
11100100
01101011
10100110
00011100
01111001
01110011
01101111
00010100
01111111
10101010
11101000
00111001
01110010
10110111
01000011
01101001
01010000
01001110
00001001
10100110
10111110
00010110
01001101
10101000
11100000
11111011
10111111
01111001
11011011
10010010
00000101
00111001
01010111
10110000
10101000
01010010
00001111
11000000
00000110
01011011
00110101
10001110
10111010
11011010
00010011
01000101
01010011
11011011
01101101
11111001
00100101
01010001
11000001
01000010
01101011
01101101
11101100
11000001
00000110
01001101
11100111
11100011
01101101
00010101
01011001
00010001
11101011
00000101
10010100
10111001
01011100
11011010
01110100
01000001
10001010
01000111
00110000
01010101
00011010
01111010
11000100
10111001
10110100
01101001
11001110
00110000
01000001
11001101
01000011
00100110
11111011
00101011
11111011
01100111
11101011
00001010
10100110
01010010
10101110
01001110
10001101
11011001
10011111
10100111
00111101
01011000
00101010
01101100
11000111
01001101
10101101
01101111
01111111
11100000
00011000
01001111
00110100
00101010
11110100
01010110
00001011
01111100
10010001
11001010
11101100
00101011
01100101
00111000
10110010
10110001
11010100
11000011
01100111
10000101
11110011
11000010
11001110
10010101
00101000
00100011
10110111
01001101
00111110
01110000
11010000
00100010
01011011
10000101
10001001
01111110
10000011
10000100
10000001
01111010
10001001
10011010
01001100
01101100
01110000
11000000
01101110
01101010
00000011
11010101
00011101
00000011
00111110
01001101
01010100
11011000
01101100
11010010
11111110
11100010
00101010
10101101
11111001
11011011
00101000
11001001
11110100
00101111
01111010
00110001
01111010
11000000
11001110
10100111
10011111
10010100
10001100
01011100
10011110
10000110
00001111
01111101
01000111
01110100
00110111
01010011
01100000
11101110
10110010
01010010
11010101
01100111
11001010
11001011
00101111
11000011
11001101
11011001
10010011
00111010
00001110
01000011
10001010
00001001
10100101
00110010
01011000
01010101
11011101
11100101
11001100
11100011
01010000
00111010
01110011
01110101
10010101
11101101
01101011
10000011
11011110
10100110
10011111
11011010
11111010
11110101
00001001
11000011
11111101
00111011
11100011
11000000
00000111
10110111
11011111
01011101
00111111
11100000
10110000
11001100
01110111
10101101
11001111
10010110
11000000
01011010
11100111
01101010
01011110
10101100
01111000
01001000
11100111
00010011
11001100
10011010
00010001
11010110
11111001
11000000
01011001
11100011
10100110
00111001
10011011
10011011
10011111
00101110
00010111
10111111
11010100
01111000
01110101
10001010
00011000
10100110
00010101
10111011
00011010
11011100
00010100
01100101
01111011
00000011
11001100
01001101
01010100
10010111
01010111
01001110
01111000
10011000
01100100
11011010
11101011
11010000
11110111
10001110
10010010
00010001
00101001
01010001
01111000
11111111
01100001
10110110
10101111
00011111
01100100
10101100
10101101
01001110
10011001
00100101
00101111
01001100
00011010
01010111
01110110
Time = 0.006s
