n = 14, k = 7, l = 1, m = 2833
Expect Resample Times = 0.36717
Result:
11000011000001
00000001111001
00110010111101
01100100101100
01010001110101
00001111011110
11010011111101
10110110001011
00000100110011
01110111110000
10101000011111
10111100010010
01011011100100
10010100110001
10110110110010
00010101010100
10111110100100
11010101000001
00011010010001
00111100111100
11010101001100
11100100000010
00100100000100
11110100011100
00111101001000
00111100001010
00101110000010
11100100100100
11100110101110
10001011010001
10111001111100
10110000010010
11011001010101
00001011110010
11100101110111
11000000110111
00000001100110
10101000100010
11111101111000
11000000100011
11000000011111
01111110001001
00001110000001
01001011110010
01010000011011
00110010001111
01101011111011
01110011111111
00000111011111
11101000110010
11100011000100
01111110000101
01000000001100
00101000010000
00001001011100
00101011100001
10011000111100
01010111001101
10111111000100
01010000000110
00010111110011
01100000001110
01000010001001
01000001111011
01110001100110
10001011110100
00001110011111
00101010000011
11100101101101
10001010110001
00110110001100
00110111010011
10011101011001
11010010000111
10110110011100
11001110111111
10100100101111
10101101010010
11101101010000
10010101100111
10000111111011
11000000100001
00010100110101
00110100011101
01101001001010
00000100101100
01101010101001
11101110001011
00100110010100
10000011110110
11111100000101
11001101000110
00100110101101
11001001010000
10010001010011
00011111111101
10110001101000
11111110101110
10101101110110
01101101000010
00110100100001
10011101010011
11100010101110
01011011011011
00111010001011
00101101111111
10110110000011
00100000001111
01011111011010
11111110010000
01001000000001
11001100101110
00000010010101
11011110101100
10100010111000
00010001010001
01011100101000
00110000011010
10010000110101
10111011001001
00010000101111
00100000001101
00000001110011
10110111010011
11000101001100
10101000100001
00100111011000
00011010111000
01011110000000
01101001000100
01011111010010
01011000001010
01001100110000
00001010111010
01100011110111
10101101001000
00100011111011
11011011000001
11110101010111
11111011011001
01111001110010
01000010110001
11010111111111
11001010110100
00100101001011
00010110000100
01010100001110
10110010010101
00111000001010
01010111111000
01100110101110
10001111011010
11000011100111
11001110001110
01011111000101
01100110100001
00110111110010
00110110101011
01111111011101
00110111101011
10111101001100
00010101011010
00001101101001
10000000010111
00010001001001
10010011011011
10100110110010
10110001100111
01011001010001
11010000001101
01111110011101
10111000001010
10010001110011
00011001011000
10100110011110
10101011100001
00101010110010
00100110111001
00101101110010
01101011111110
11101011100110
01000100110111
11110100100000
00011111111011
01111001110010
00110111011011
11001000001010
00000100000100
11111101010110
01010111000011
01011000000010
01111000100011
01010000000011
10011000011011
01000010110010
01101100111000
11001101101011
01010001101001
11001101000110
10000111010001
11001001101100
00110101110110
11000000111011
10110000101001
01111011111101
00111000010011
01100011001100
10100000111000
00000110100100
10010111100011
01110100101100
01111100001011
00000011000110
01110100111101
00010000111001
10101010000000
01001010101001
01101011001001
01111111100101
00100100000101
11111011101100
00001010100010
10101011100011
10111001000101
00010000001110
00000111111011
01101010110101
01111011101000
01000000000000
01111111000100
01010000101100
01011110101010
11111111101101
11001001001001
10010011010101
10010001110100
11001010111111
11101111011101
10110100110010
01101110000111
10100110101110
10100000110001
00000100101100
00001010000001
10010001011100
00010110010000
11111101010010
11001011000011
01110001010011
11111000101001
00011111000000
10010000000101
01011110000101
01011111001100
01010110101001
00101000000011
11111001010111
01010010011111
11001101011101
11101101111010
10110011011100
10010011110101
10101110000101
01010001100110
10100100101000
00000101110010
00110101110100
00110110100111
10001111000101
10100011011101
11110010111000
11010100101111
11001000110101
01100010111110
00100100110111
11101000000011
10110100101110
11011101111010
01110001011100
00110010110100
10111000000100
00110111001101
10111101110011
10010001110101
00000110011111
00111111000000
10111010111001
11011100001010
11100100111101
10011111011001
00011111000001
10110110101010
10010100110100
11110110111110
01100001011011
01001001101111
00011110001101
10110011101110
00010110111011
10111101101000
10101111011110
10111100001000
00011101101111
11110100100000
01000001101111
00111011011110
00110111001011
01101001111101
11001000100000
10010101110001
01010001100110
11111111000011
00101101000100
01001011010111
00101000100111
00110101001111
10110000010111
00001100001101
00100010100101
10011100111001
00010010100100
10111101101011
01010001101001
11010110110101
11010101010101
00111010111010
10000001111011
10100100110101
10110111100100
01110000001000
10001000011001
01110000010101
01100101100101
10101011111100
10100010011001
00110000011101
11000001101010
11011001001111
11101110111111
11010000000000
10110100101111
01100000001111
10011000011011
00000110101110
00100110100110
01111110010100
01101110110101
11001001101101
01100110100011
01001000101000
00111010101110
00010010011001
11110001100011
01100000101001
10110000111011
11110001011011
00011110011100
11101001110101
00011001010110
10110100111000
11000110110011
01011010000101
11101011001101
10001001101000
11011000000101
10100010101011
00101000100111
10110010001000
01111010100111
10100010000101
10000111110001
10001000100100
11001000101001
01001101011010
01010011010111
01101111000000
01001100111111
10000100110111
00101011000100
00110011111011
10010010100111
01001011111111
11111101011111
10000110001000
00100111111101
00111010101001
10111111110101
10001010100000
10101010101000
10110100110100
01101000011101
10101010000001
11100111001110
10101111001010
01011011001100
10001000101100
10001110100000
00011111100000
10110110001011
00000001101101
10000110011110
00010111100101
01011100000001
01011011101110
11011011101101
10110100001001
00111010001111
00010111111001
00101010001101
11101010001001
00110110111001
01111010111110
10011011101010
00111001010011
00001001111001
10111010100000
11010100101001
01110011001000
01100110001001
11001111101001
00111000000101
10111110101010
10001011010010
10011101100111
10100110111111
00010010100101
10111100011101
11001001110110
10000101000010
01110100101100
11000010101110
01110111011100
10101100111010
11100011100111
11110110101001
00010001001010
01111000101010
11000101000001
00111011101111
11010010111100
00000101111111
10110011001000
01011010001001
10111110010110
11010110001110
00111111011010
00111100100101
10111001011111
00010011000101
00111010111111
10100001101000
10001110110010
11111110100110
00000001011001
00101001111101
10011100111000
01000111100000
00110111001100
00111000101101
00010011101111
10111101100111
11110111111101
00111010000000
01010101001010
11001010010111
00011101001111
11100010101001
00000110101011
11111000101000
01010100000110
10011100010010
11100001000000
10111011000000
10000101101001
11101010111011
00100101011101
10010000100010
11011111101100
00011110100101
01001001101010
11111100111010
11111000000110
10111000000111
00011111100111
10001011110000
10010110000111
00100011001111
01011100100100
01111111110000
11010100011011
11011000110011
10101100001110
00100010000100
00111111100100
01110110010011
10111101110101
11111011010000
11010110100101
00110000111100
11101110010010
10110101111000
11000011100100
00110101111111
10111011010101
10100011001000
10000111111000
11110110110111
00000010000011
10100001111001
10011000011011
11000100100110
11000011100010
11010001011010
10110101001011
11110111010010
10110010010010
00001111101111
10101010111101
01011101001111
01110111000111
11100001100001
10110010011010
01001011110111
11110110000110
10100011011100
00010001100001
11011100110010
00101000000010
11001011001010
10111001100111
10110010110010
00100010001101
01011101000100
11101000101011
11110010001101
01101001001010
10101100100010
10001101101001
01100111001111
01000111011001
00001110001110
11100010101011
00011010010010
00101100011101
10111000010101
01011010110110
11010000001010
00001100111100
10100000010110
11010010101110
00010100000001
10000000101000
01011010110110
10100110010110
10000000010111
11110000001000
00101101111100
00001101100111
10011100000101
10100010011001
11111001110110
01001101000010
11101000010110
01000101001000
01010011010010
10011011001101
00100000110001
11000101110111
01010111110010
00110100111111
11101001110110
11001100010100
10110110001001
10111100111100
00010000100100
11001100100000
00000011011110
00001010100001
11110111010100
00101111010110
11011100111111
00110011111011
00010110110100
10110101101001
01000010110101
10111000010110
10111000011011
01010001110001
01101011000101
11110110011001
01110100010001
10011100001111
11000001110101
01001110111111
00011001000101
01110101010001
01001010101110
01011110000110
00101101100010
01010001101111
00001110000101
01001100101111
11001011010001
00110000101001
01100101100000
00010011010001
10000010110000
01110101000100
00101001000100
10101010011111
01110001011011
11001110101111
11110010000010
10111111001111
10110100011101
00111100100001
01101100001010
10101011000001
11100011110001
01101101110101
01001100100100
00011010100010
01010110010110
10110010000000
00011001111011
01100010101011
01101100100100
00001000100011
01010100110111
11010011010010
11101111010111
10100101000001
00011100110101
01000010110010
10011100000000
00101110111011
11001011000001
00100111100011
01100011010111
00111111000000
11011100000100
00110100110100
00100110100010
01001000110000
01011010011011
01101100010111
10011101000111
10001111010011
00011011000111
11010010000010
00000101000100
00110000011010
01011000110010
01011100110111
10000101110011
11000011010010
01101011111011
10110100111101
01111001111001
11000100011000
11100010011011
10001010000011
01001001111101
10110111100111
10010011001101
00001111110001
01110110100110
01011001100101
00111000010001
11110011101001
11011010110100
00000111000000
00001111100101
01010011101011
11010111101010
11001010111100
01101011001001
00100011101101
01101010010001
10100111010100
00110110111001
11011011010101
11111000010001
01001011100001
01001110111010
00111001100010
11100101110111
10101010100010
00111100111001
10011011000010
11111101001101
10010101001100
00110110111111
01110010000000
00111000010111
01011010011111
00000010110101
10110101010101
01000010100110
10000000111010
10011100110111
11100110110011
10001000101101
10011010001001
10001100001110
11010111011101
11010110000000
11010111000101
10110011110000
11100100101010
11110101001110
00111110000100
11111100011000
10011100110011
00110100001000
00101001000011
00011010000100
00111100100001
00110000100110
10101110011111
10000000111111
01111111101000
00111010000110
01111111100010
00000101110001
10110011000101
01000111010111
11100111110101
00000100110100
00001100001010
11001000110111
01010101101011
00100000011000
00101110001011
01111010011010
00011010010100
10100100110111
10011110101100
00110111101101
01010111011111
10100110001111
11000011100101
01011101011010
00001111010000
10000100110111
11011000111101
00011110010110
10100001000110
00010100001011
00111001000000
00100011110000
11010001010001
00111101010100
11000010010100
01111111110001
01100101111000
10001100011010
01101110101101
10011100000111
10010101110000
10110101001011
10001011000001
01101110100000
11000101010011
01011000010000
01100000000111
00011010010110
11100010110001
11001100000110
11100111100010
10011100000100
01011100110111
11000101011100
11001010011011
10101001101110
01111001100110
00010011110011
01110111110110
10111100011100
01011111001111
01100111101000
10001001101011
10001011000001
01001000111111
11000011101100
10110001001100
10000100001100
10111110100101
10101111000011
01110011101100
11100000000010
11010010101110
01100101000010
11000000011000
00011011000100
10010110110101
00101010100000
01100001011110
10000000100000
00101101000001
10010111110011
11101011100011
00110010111001
10100111001110
11111001111100
01110000110011
11100111000001
01001111111101
10100011001101
00101111100111
01000110010101
00011010010000
11111101010110
00101100001100
11110000011101
10100110000001
00000001011001
11110110111110
00110100110001
00101110001001
10100000100101
01100110110111
00010101111011
10010011011100
11001100111100
01010011001110
10100111100100
11110001110011
11110100100111
00110010101001
01011101000010
11010111110110
01100101010111
01011110111100
01100101101000
10101001100100
01110100101111
00100110110100
10101101000111
10100000011010
01011011101110
11100000011101
00110101001010
10000110110000
11001001000111
10111011100001
10110111100010
01011011000001
01111111000111
10100000011100
10000000111011
00111011100011
10011011100011
10000010101110
11000101011001
01101010111010
00101111110000
00011100101101
00101000011000
10100001010010
10110110100110
00111100010011
11001001001011
00111100011010
10010011010100
10111010011100
01111000001001
00101000100011
11011111000100
00100100011111
01100110000010
10000111000110
01001000101011
01101011110100
00111001100110
01111001001100
01101100111000
11001010000100
00111110110001
10110101010011
01111000101000
01011001000000
01011111101011
00101001010010
00011000001100
10010010011100
00110010100101
00110010111010
00101000010100
11000010011000
01100011011000
10111001000111
00000011111111
10100111111100
00110110001101
00110011111101
00001001010010
01011111010000
10010110000100
01100010000001
00010111001000
11011010000110
10000110100100
11101010100100
11010011001100
10010000001011
01111111101000
10010011100011
10111111100111
01100111001110
01110000010101
11011010000110
11000010011010
01011101100110
01001100100010
11010111001011
00000110111101
01101110101000
11111110000110
00011100000101
01000101010110
11000001001101
11110011001111
10000001000011
00111111010011
01011111101001
10011101110110
01011010110101
11000110001010
10110000011110
00011111111111
01111001111111
00000111110011
10101001011111
01100011000101
10001001110111
01100011001100
10110100000001
00001010101010
11011111110100
10001001110011
00101000100011
10110110010111
00001000110110
00001110010100
10111111000110
11011001101110
10110111001100
11011100100101
00000010100011
11101101100000
11000101010000
11000001011110
01100101001010
10110010001110
00101010010010
00100101011000
01010011101001
00011011010010
10110101101011
10000111110001
11010010011000
11100111011001
10101001011110
01011101100011
11000011100100
01110011110101
11010101010011
00001110111110
01000101111110
10110011001010
11000001011100
11011100100110
11011101101110
00111101110110
10001111001001
01110110101101
11000000111011
10101101000000
01111110000010
11001001011111
10100000000100
01110010110100
11000100101110
11100100011101
00010000001011
01011101111000
10101111101101
10001111010111
11001111100011
01000010000110
11101000001100
01001110011100
11111001110101
00101011100010
01010101110100
11100010100110
01011001001010
11001011110010
11100010000100
00101011111000
11010110000100
10001011100011
10001011110111
10110010100000
00011001011011
10110111011010
00000110011011
00010100000001
10010100100011
11101100110111
00000000101010
11100000101100
01010010111110
10110101100000
11100110001100
00100101000011
00011100011000
11100011111100
00000001110101
10000110100101
00000101111010
10001100001111
10010000110111
11110101011011
00001010110101
01010110100100
01000110001010
11011101001000
01000010111101
00101101100100
00111101110000
10011010100111
01001001111110
00000000110101
10000010010101
10001000000000
01110111101010
01010000000101
10110111111001
01000110110011
00110101010001
10110100101110
00110001101110
01011110000011
11001110000101
00011010000100
11100000101100
11011001110001
11101011110001
00111101011010
10111000100011
11011101000110
11001110111010
10100100000011
00011111110000
11001010100000
01011110001100
00001111011100
11000010000011
11110101000110
01011011101000
01011110111101
10010100111101
10111110010010
01000001011001
01100111110111
00000010100001
00111011111011
00100100110010
11000001011010
01101111010001
00001010100010
10001110010000
00101100101101
10000000001001
00001101110001
11101000001011
00011111000101
10000101010110
00011010111010
11001100011101
10001100111100
11101110011100
11100101110000
11011000110100
00010011001011
10110110111001
00000010000111
10111110000100
00101101111110
10100001011000
00001100110101
01000100111011
00100001011010
11000001101100
00110011001010
00001111110011
11110101100010
10100000010111
10101001010101
01110111111000
00111110110011
01000111110011
01110000110111
11000001100101
01100100010010
10101100011101
01011001000111
01100010001111
11000011000111
00100101001100
01010111010110
11000100011101
01001010001110
01011101101011
00001110001110
10110010011100
01000100110100
01000010101111
01000010100001
01111100111101
11101111000000
11010000110101
10110011011010
01011100110101
10111100011000
01000011010111
00010100111000
01001001011001
10010000111101
11110101000001
01011001000000
00100110010110
01011010010001
10011100111000
01011000010001
00100100101101
11000000000110
00010100001100
01111101001001
00011001100011
00111000010010
11011010010011
11001111001001
10100011110001
11110100100001
10000110101110
10110011011111
01100011001000
00100000100111
00011111000001
00001001101001
00100100111100
11010001110101
10101110011101
00111100111000
11100001111001
00001100101000
00011001000111
01110100110000
01111111000101
11010000010100
00101000111011
10110101101000
01101100000111
11100101101101
01111001001011
11000011101001
10110010010100
00111101011101
10111001011011
11111110101111
11000000001110
11101100000111
01111110110101
00001000100010
10010000100110
11000010011011
10100110010011
00000000010000
00111111101111
00011110101111
00101111011000
10101010110111
10101100000101
00101011101010
11110010001001
11101011001010
10001100110001
10010100111111
00110000010000
11000100100010
00111011001110
10101111100110
10011001000010
01101001110101
11100111011010
01001011000100
10000110010110
00010100111010
11100100101010
11111001101000
11111110110000
11101000001101
11010011011010
01001101011001
00110110101010
10001000001101
11000110010000
01000001001011
01110110001110
10010010001001
01100011101100
01011110011001
01100011001010
00000111010110
11011010011100
10001001001101
01000110010011
01001001010100
01001001001110
01111011011000
01110001100111
11111000110100
01011010111001
11110000010101
11111001101000
10010011001011
00110011001011
00011111111110
10110001100000
00010010000011
11000101011000
11101100011011
10011110100010
11110010111101
00101001110011
01100001000011
10100100000001
00100001011001
10111110101100
11010011111000
11001110101001
01001101001000
11011110101010
00110110111100
01001010110011
11101011111001
01010100100010
01110110001001
01000000010001
11011100011110
11001110100001
00010011110001
00100100111010
10100111101011
01001010010110
01111100101110
11011000101101
00000010000000
00011110110110
01110010011110
00011001011001
10110110100111
00101100111000
10101010000001
11011001101100
10000110110110
11110110011101
00110100010111
10011101100111
10011111100101
01110101110101
00101111011101
00101111101110
11100101111011
10100010000000
11100100010010
11100001110101
10111100011100
10100111001111
10010100000011
00111001001110
00101101000100
11100111001111
01101110100110
10011111110100
10111110101111
10011110110011
11101100000001
10100010011100
10101101100000
00101011011001
11000101111110
11110011010111
11111100100010
10000100101010
10011101011000
10111000100100
11101100010011
10101001110101
01010010000011
01111111000111
00110101101101
00010110110011
11101001110010
01100011101110
10011101010111
11000110101010
01000111000100
10010100010010
00100001000101
00111001010000
11011101001010
01000110101000
10100100000001
00010011110101
10001100010000
11101010001011
11101110011100
00110101010111
11000100111011
01101100110011
01111110100001
10010010011010
01111010110111
10010000001011
11110000000110
01011010000001
10111010111111
11000111011100
11110100000110
11111001110111
11000100101101
10000010011101
10000110110100
10000010010010
00001101100110
10111101100111
11011001110110
11000101001010
10110011001111
10010111100011
00110001110010
11010010111110
10100101001001
11011110001111
10100010100010
01001011000111
11000100101011
10101010010010
10001011100011
11101111011101
01111000101000
01111010110101
10101101110000
01011111100100
00100011110110
10111101101010
10001001011011
11001000101101
10110110000101
10001010010110
10101000000101
10101011010000
00001111010010
01100101001101
11110001110100
01110001010110
11111110100001
11111011101011
10011011010111
00100110000010
11011100110001
00101011001110
00010111010110
10111100111101
10001111010011
11010111100110
01100001011001
11100101101010
11101011110101
01000010101010
00110101101100
01011010101101
00110110000100
01000101100011
00010011101111
00100000101001
00011010110111
11110000111111
10101110100000
11010000000001
01011001010100
00101110010011
01010111011011
11000101001101
01001101001111
10101100111111
11111101000110
01111011100110
01000000101010
01010010101011
11011100101011
10011101110111
10110010010111
00001100110011
11110110101100
10010000101000
01010111111010
11100111111100
11001001011111
10011100001111
00100111100101
10010100101000
10111001100101
00000010110010
11011110101000
00011010111100
10010111010110
11001100111110
11100100111001
11010000110001
01001100110101
11000100100001
11100111100111
11010001110111
11011101010110
11110000110001
10111110000111
10101100101000
01011101110001
10110001010010
10011001100010
01001001111100
11110010110011
01101010110010
01010011001101
01000101001011
01011011110000
00111111101101
10100110100111
11111101011001
10111101101010
11011101011110
00000100001110
00100000110100
11000010111110
01100111101111
11011001101110
11101101011011
11101101011111
10100001101001
00000110110111
10101110011101
11100000101001
10010100010111
10011000001111
00000110101100
00010001100111
10001110110000
01001101111000
11110011111110
00011111010100
01011101101110
00011110101010
00011101001100
01001000110100
10011000001001
11001111101100
11001111000010
00111100110010
11001011100001
10011001100000
00101101000011
01011110110000
10000001011000
10011001010100
01101110101010
01010101110100
10101111000011
00001001000110
11010001000100
01011011101000
11011010000111
11001100011101
01011011110001
01111000110110
11001111111000
01010100110110
01001010011001
10001010101011
11010101001101
11010010010001
01100111001010
01100111101111
00010000010001
00100001011010
01100100100000
11100101001100
10010110010100
01110010010101
01010111111000
11010111111001
11010001010000
11110001101000
01010110001101
01011011001110
10111100000110
01011100000111
00010111101101
10101110010001
10000100111010
01110111010101
10111001101100
10111001101011
11001000000011
10101011101010
10110111010011
00110001001111
10001100111001
00100000100110
10001110011010
11101111011011
01110110101001
00100111000100
11110100010110
10001011010100
00111101010010
01101100100010
00010010000100
10001101111011
01001100011111
10011101100000
10100101100101
10011001011011
10111001011011
11000111011101
00101100001100
00011000010100
01100010000101
01011000011111
01000001100001
01111110100000
11100100010000
10001110101011
01001110011100
11011110011111
10110100011001
11101100000010
00110101100100
10111111101000
11000110111000
11001110001101
10000101000001
10101100010011
00110101010000
10001001110111
01001111011111
01011100110010
11001110011011
10000100110111
01001000100100
00110000011001
10100001010110
10000010000011
01101110001111
01001100000011
01000000110101
10011111111100
11101011010101
10001000011000
00110010000001
00111010000011
11101010010000
00100000011010
00011101110010
01000010011010
11011100100010
00101001110001
11000010101111
00000101000001
00110101111101
11110101011010
10011001011011
00111110100011
10101000000011
01010001010101
01000110100001
11001000100111
11001101011101
11011001110101
10010010101011
00000110100001
11101101100010
00100001110001
10000001111110
10001101001110
01101011111000
10111000100011
11101011111010
00100101100001
11001001100001
10100010110011
10000111110111
11000011010100
00101011011110
00010101100111
00100111100010
10100001111001
10100111010011
11010101100100
11011000100100
10010111011100
11111000011010
01110011101000
10101000100011
01000111110111
00010011111110
01100011010001
11000000011010
00111111011100
01100111000110
11010100011111
00111010100010
10011111100011
11100101001100
00010111001111
00110001110111
11100001111111
11100110011110
00110001010110
10110010010101
00101110011010
01100010011011
01110100100100
01111111100110
11010110011010
10010001010100
11010001100011
01110000110001
11111001101101
11101001000001
10100001101111
11111001100000
00000111000110
01000110100110
10111001000000
01110100100000
00010101110011
10010001100100
11100110100101
01100010001001
00110100001100
00111000100111
10011110010101
10101100101110
11100011100101
01101110101101
00110011110000
10000111011010
10011010101010
10001100011011
01111110010010
11001010110110
10001001110010
01010100110111
11100001001001
00001111000011
11111101100100
00111111011000
01111000000100
11100111011010
00110110010110
00011001001010
10000010011010
11101100011101
01101000110110
11011010000110
10111000011110
01011101110101
00001111101001
01101001000111
01010010100011
11110000011111
00001010011101
10010111011100
10000100100110
10000000111001
01011001111001
10001001001011
10000001000100
01110100110110
11100011100111
11010111101010
10001101111011
10111001110001
01010001010000
00110011010101
10001111000101
01110001100111
00100111001001
01110010101111
01100001110111
11111100010000
10001100101000
10011110011110
01101000100011
01000001110111
00110100001110
00100011011111
10001111011111
11100001110110
10000001011011
00100111100011
10000111001110
00010010000000
01010010111011
10001000011111
00010001100100
01011100110110
01001100111101
10011011010010
10111111000111
10111001111111
01111100111000
00000101000010
00001110010111
10000000111001
11110001110010
01101001010101
11010001011001
00011101111010
11001100100110
11101011100010
11000101100111
11110101010100
11000000110111
01111110111000
11101100101101
01001000101110
10001001111101
00110111111010
01000110100100
11011001001100
11100110001000
10010111001010
01100110110001
00101110110010
11100011001010
10010010000110
01010011101001
10001011111001
01101001011110
11101101111011
00010000110100
01101100100001
00011000000111
11011000110010
11001001100011
10010000010100
11100001111000
11000111010111
11011110011000
01011110000001
11110111101100
00001010110010
00011010100001
11111100100011
10001010000100
01111000100010
11011100110111
10100110001010
00000001001101
11101100001100
00111001111011
10011001010011
01010101100110
11101000000101
00111110100101
10011010000111
11011001010001
00000000101101
10101110101011
00110010011010
01110100111110
10101001111000
00111110111111
01010100001001
11001101001100
00000111110010
11111001001011
11101000110000
01111111111001
00100111000001
11011000110111
10001111100101
11101000010001
10001100100100
11111000010100
00010111011010
11011101000010
01011000110110
10111100001100
00010100000011
10101110000010
10010011100001
00101100000010
01011100001001
11101111111000
11100111101001
10100011001000
00011111000101
11101010000100
01011110011111
01001000001010
00101001110110
11101111000011
01111101101001
01001011111111
01100010101100
11101111001100
11110100110110
10110101111110
11010110100101
11010110100000
01100000010100
01111111110000
10110111000101
00101001101110
10010011110110
00001011100001
00101011000000
10000001110110
00001000101100
11111101110011
10110011001110
01110101101110
11101001101011
01111011000100
01101001010000
10101110101100
10101111101011
11110011101100
10101100101100
11111011111010
01010011110100
00101000101111
00000011001111
10001101111001
11000100001000
00100001111111
11100110001010
00010110011010
01111001011111
01110000010011
01110000001110
10110100011101
11010000000110
11011001111110
11111011000010
10100000001101
00010101101111
01010011011001
10000000111100
11011111100111
11101111011110
10010100100101
11011000101111
01010110111011
10011101000111
01001100011111
01011110000010
01011111100000
10000010011101
10101000101110
01111111000000
01011001101010
10100101110101
10010101010111
01011011010001
11100011000010
01001100101101
11101011110101
01111001000101
01111010011000
00010001101001
11100001010011
10011111011011
11100001110011
00100101101111
10001010011000
10010111000001
11100110111111
00011110010110
10001110100000
00101100010110
10100000000011
11111110111100
10000011001110
11101111000001
11111111101101
00000101000110
01001000100111
11100110111101
00100010000101
01010110010101
00000101010110
00111101000101
11111010111011
11000010111101
10111110000101
11011110010111
00011101101010
10101000100011
00111001111111
00011010100011
00010000111101
11111011010100
01001011001000
00011101001011
10000000110011
01111001100001
01111110111100
01100111001101
00110111101011
01011101011000
10001101001010
00010010000110
00010001101110
01010111110001
10100010110000
10101010000101
01110000000110
01010010111011
01000011000111
01001101111010
00111111111010
01100000111101
00001011101111
10011101100010
00011111010101
10101011111100
11101001111110
10010010111001
10010110010101
00111011010010
11110100110000
10110110001001
10011111001011
00101111000000
00110000100110
00001100100011
10001000110010
11110001000011
01101101100000
00101000000101
10110001100100
10110010100001
01110000000010
00010110111100
01001110011100
00111110110001
00111110011001
10100101000111
10001100011011
00001001100101
00110111100110
00111101000111
01110011101011
01101001001001
00011100001001
11001011111000
10100100111111
01010110011001
11001101001110
00111100110010
01111000111010
10111001001001
00110100000110
11111000100010
01110001010010
10111000010111
00111011111101
10000000100100
00000010011110
00001011010000
11111100010001
01000011111000
11001001000111
01100001101111
11000110100001
10111000000000
01011110001111
01111011000101
01111100000100
11111101111110
11010011100111
01001101111110
00100010101110
11100001100001
10001000010110
00110001011001
11110100110111
11000101001101
11111010000101
10010011111111
11011111000011
11100000010011
11010011001001
00001010101100
01101111011010
00000111001000
11011100100101
11101110000011
11100000111110
00110111010101
00110100100010
10001111101100
01100011001101
11111011010001
01111011111111
01000000000100
11111010110110
00110000101111
10010001010001
10011011010000
00110011100000
01110010101101
10100011011100
10000100111101
10110110110111
10111100101011
00011010000111
01001011111110
01100000111101
01100001000010
01001101101001
11001110011100
00100001011111
00110111101111
01110011101100
00011010101000
11100001111011
11000111111111
10111000101011
11011110100110
10001111110100
11111111010111
01010100110100
10000100110111
11011001000001
10101001001001
10101011010100
10010101110010
11001001000001
10100011010110
01010000011000
11001110001000
01111110111111
00010111101101
00100101001001
01011111011001
01000110100111
01101110011110
00101110100100
01010100111001
10110111100100
10100000100101
10111011011000
01010101001111
01111110110011
11000001111010
11000001110010
01111010100001
10100100101101
01011011000101
00000101110010
01111001001010
10101110010111
11010101101110
00011000101000
11110100100110
01100010101000
10101101011100
10000110011100
10011001111000
01110001001010
00111010001100
11100000011011
11000110011010
11001101111100
00011011010011
11101000001000
01010011110000
00101011101101
00101000001001
11111100000001
10010010100101
10000010111011
10000000001100
11100000000011
11111101010010
00001011001001
01111100111011
01100000010000
10010000011011
10100000101101
00001101100101
00000110110100
01010000100101
01011001110111
00001011110010
11001101001111
00111010111011
01101111110001
00100000001100
01000000101001
10101101111001
10011100100110
01010010100011
00110100010111
11000001010001
00100101011001
11011010000010
01111101000001
11011110100101
01010000011011
00101001001001
01100000110011
01101100000100
11000010011100
01001010001001
11000001111011
01010011111110
01000100100010
10110100010000
01100100000110
10101010101101
01111000001011
01011110001001
00000001000111
10101010001100
00100100011111
00100010100100
01011010000001
11101100001010
10001011100001
01001100011111
01010000000010
00011100101101
00011100000101
01010010101001
00010101100010
10000000000011
01010101110111
10010010100000
10111110111011
10101111001110
11010100001001
10111010101010
01111010011101
10010000010110
00011100001110
00000100101010
00100001100100
11011001110001
00101010001010
10010001111111
11011101100101
01011000011000
11001010100101
01100000110010
00000000011000
11100101111101
01001000101000
01110100010100
10100111001101
00101011010100
01110000001100
10110100010010
01101111110000
00110001011100
11011100101000
00111110100101
10111011001111
11011110011111
01101110100110
01000001101110
01010001010111
10110101101100
01111010110100
01010111010101
10011010001101
00010010110110
10101011101011
01100110010101
11101101100100
00010111000111
11110110011111
00111000011111
00100000100100
11000111110011
11100011000101
01001011000110
10101101010000
10000011011101
00011011110110
00010110001110
01000001111011
01000010000100
01111101101011
10001010110100
11111011001111
11010001101111
10110100010011
01100110011001
10000001000101
00110011000001
10000111001010
00100000001000
11111011110100
10011100011111
00100010001110
01001000110001
01111001111000
01000100100101
11111100100011
00110000111100
00111111001110
11001101010110
11000111001100
00101011011101
01010011101000
11101010011110
01010110100100
10011010110100
11111010010100
00101010100110
00111001010011
00100001101010
01110110101100
11110100011000
01101001110100
11001011110111
10001011111110
00010011001100
11011010000010
00011000101001
00000011111011
01011101101111
11011110001000
01100011111111
00001000001101
01101011011011
10110101101110
10101001100110
10111001110000
10011111111001
01101011001111
00010111101011
00001010100111
01010011001001
00101010011000
00010000110010
00001110110010
11000110000101
11100010110010
11111100010010
10110101010000
00110000100010
00101100011110
00000101010011
00111001110000
01111100110001
11100110111000
01010110100101
11101001001110
11101011001010
10101111100001
10111011101101
11000000001001
11010011110101
10011010111001
10000100110000
01001011011100
10100111011101
11101110111101
10111001111001
10110000110101
00110010010011
00110000100101
10001111001010
11111100001100
00010110011001
10010011110111
01011000011011
00100110110011
01001001011101
10010101101100
11101010001000
10110011001000
10101011000000
01111111011010
10001111100101
01111010101001
10011101011101
10100001100000
01000100010100
10000110100101
01101001101100
11000010010001
11010111101000
11010001011100
11111000000111
01000001110000
11001010100110
10101100100000
10110011100010
11011000110110
10111001010000
11010111100110
11011011100011
01110001010001
00011111110001
00101100010100
01010011110100
00110001100001
11001011000101
00001110110111
10111101010101
10101111110101
00110100010011
11101011110101
01110111011001
00101001000011
00011101101010
01101111101000
01101011001111
11000110101100
00100110011101
11011011100100
00010000111111
10101000111101
00011110111000
11010010101001
01001110000111
10100111010001
10001010010011
00001011001001
10100100001001
01110000000010
10110010100001
11110111000010
01000001100111
10111001111101
01101010101010
01000000110100
10100101000111
01101111001100
01000100111101
00000011110101
10000110000100
01001000111001
00101110011111
10011101011101
01110000011000
10001000000100
00100110000110
11111001010101
01011000011001
00001011001101
01001110111001
10110000011000
10000010101100
01111110010111
01000101111000
10111100011101
00001000011110
01000000111001
00111001101100
10000101000000
00110000001010
11010011100110
11110110111110
11101111011011
01100001000110
00101100010011
00110111101011
01111101010110
01101010001010
10101101000000
10011111110111
11000010010101
11110011110010
11110001011010
10100100011101
01010110100011
11111001111001
01000000101110
00011111110101
10001111101010
01001111110010
11010000001001
10111100001010
10001100110111
10110011101001
11011110100100
11110100000100
10011101010001
00110000101111
11010000001111
10100101100111
01101001101000
11101001000000
01011011100100
10111100101001
01001111000010
01000100001101
11111010110010
01001001101100
00110111010000
01010111101001
00101110110000
00100010011100
10000100100000
10001000000110
01110001000011
10111010000100
01010010011000
01111101110101
01101000011101
10000110110011
11011101000011
00001100111011
01011110110001
01101010111100
00110011110011
01111001001101
00101101010001
11010011001011
00111001101101
01000010010000
00011101100000
01101100111000
11011001101000
10111001101100
01001110000110
00001101110011
10100011011001
00100100101000
00011101010010
11011111110010
00111110101111
10110111000111
11001000110001
00011010110110
11110110011010
10011110011111
01100100100001
00011001100110
00011111011101
11001101010000
01110100101001
11000110100101
01110011001011
10100010111010
01010100100000
01010001001000
11101000000111
11110010100000
01101100001001
10001000000010
01100000001100
00010101000111
00001100100100
11110101011010
10111101111111
11010111011001
11111111100101
01100001101110
11010111100110
00010100110110
10001010001011
10111011100010
10000000001111
00011001110101
01111100111001
10111000101111
10111111011101
11110100001100
00110000101011
00111111110010
01101001110010
01101001011100
00101010011000
01011010011000
01010101010011
01010110111000
10110100100110
00000111101110
01110110100011
01010101011001
11011100101000
00111100111110
10111010011101
10100111011000
10001010111010
10100010000101
11101110000001
00101011000100
00100100100001
10000000111011
11101100101111
10100000101110
11001010110011
00011010111000
00110111010100
01011010011000
10001011100001
00001011000101
11011111011101
11110111101101
10000110001101
10100010100101
10100010001101
01101110011000
00101101100100
01111100011110
10001000001110
10001001010101
00110011101011
10111100010000
11000111010011
01011011101100
01100110100010
11101111011001
10010111010101
01110000011100
01001010001000
01011011000100
11000101010000
00001001011101
00110110111100
01110101110001
01110001100000
00111111010011
01010110010000
11100100111111
11110111011111
00010011111111
11010100010010
10101011100101
01111111010000
11110001010111
00101010100110
01100111110001
10011100000100
01111000111001
00011010110011
01011000111001
11000001110011
01011101100101
10100001010001
10100110011101
11001101100100
10001000000011
00000000000010
01110100110000
10100110011111
10010000001100
11111101100000
01000011100111
11101011001011
01110011110010
11011101001111
11000011101000
00110101000000
00011010011010
01101110110100
00101110100011
00000010010000
11001110011100
00000100100100
01110100011110
11110110110100
11100011010101
00110100111001
10100001100111
00100001001011
00000101000001
10110010101010
10010110101111
11001010111110
01111001001101
00101101010001
00001100011110
11111101110110
01011100111101
00110100110110
10100011110000
10101001110000
00111010010001
11011110010010
11111010111010
00001110010100
10100000000111
10011001101001
10011101011111
11000101000101
01110110111100
00101110010011
01111101011000
00010100001011
10000111001100
11101011010011
10000010110001
01001011101111
01101101101100
01101100010010
10110100011010
00001011101000
01100111010000
11101011111101
01000011100111
11101101111010
01111100010110
00101010100000
10001000100000
01100010000101
00000110110101
01011010001010
10111000001100
00100000101000
10000010000111
00010101000111
01110001011011
10000100000001
11000101010001
10001100101101
01100111101100
10000110010001
11000010111100
01110010010101
00100111110001
11010010010001
11011001000001
11100111111010
01101111110111
00010100001010
01001110111100
10110110111011
10111000010101
11101011101101
01111101111001
00100110001110
10110111010110
01101101010110
01011110010010
00011010001000
01110001001101
01011000010011
10010011011001
11011011011000
10010000110010
00001001101111
01010000000001
01000110011111
11010111101111
10010101010111
01011011001110
10000111011000
01000110000011
10000111111011
00010100101100
11001000111001
00010101011001
11110010110011
00110001000010
10100101010001
11111110001110
11101111001101
01001101100110
01001101110100
01100110101011
11111010111010
10101111101011
10000111011000
10111111010100
00100011110111
10011011001111
11100110000011
10100101000010
10010011110101
00110001101100
11010111100110
10110001010101
00100000011000
00100011001101
00001101101011
10101000110000
10010010001001
01001000110000
10100110010010
01010001011010
00010001000010
10101000111101
11110101111100
01101111000111
01111010110111
10000110001001
10100010011100
00100111000010
01011000000111
11010011110101
00101001101011
10011011100101
11111100000001
11100011010011
00100000001100
01010101101110
11111110111011
10011100001011
01011110110001
01000111110111
01001010011010
10000000010100
00110010100100
00100101100001
11111101010001
00010111100001
01010000101010
10000101010001
00011001001110
00101111111110
00001101010111
01001101110000
01001000011001
01011010100100
11011111110100
10001011101111
10000101111011
11101010110101
01100100110110
01010110000000
11101100100100
11110000000111
01100001110110
10100001110110
10111100100100
11100111101111
01111111010101
00010001100101
10110111001101
11000001000000
10000111101011
00000111100010
11010010101001
01000010100110
11010110001011
11111100111000
00011110011101
11010101111100
00110111110011
01100110000001
11011111100000
10111001011111
00100010001000
01010111111010
01110100000000
10001011001100
01110010011110
01000011101001
00000001001101
01001011100100
00100001100101
00001001011001
00101001100001
10110011111101
00110100100111
01001010100010
00001100011001
11011010001001
00101101101110
11101111001011
00110011010100
00010101010101
10000000111011
01010011000001
10111010111000
00011001010100
10010011011001
11011011100111
00100111001110
11101101011000
10101011010100
11000010100111
01100101010001
11111111110111
00110101101011
10011010100100
01100101111100
10111101001001
01101010011000
00111111100011
01110111000110
11110101001100
00110111000001
11010101111110
11011010001001
10011101001101
00011010000110
11111001111011
00110110111011
01111000010010
10011111001101
00010000110110
00110111111010
01010101000100
00100010011100
01100000110010
01010111100010
10000000000100
10100111110000
01101010100010
00011000111100
10111000111010
11111111110010
01101001001101
11001100101100
11110010000101
01011011001111
Time = 0.788s
