n = 6, k = 3, l = 2, m = 95
Expect Resample Times = 0.35482
Result:
111000
010010
111110
111101
011100
011100
110111
101111
100011
101010
111110
000101
010101
001101
101001
001100
011011
110000
111111
110100
001010
011100
100010
001101
110010
110111
101110
101100
100111
011100
101010
101100
101110
111100
101000
110001
010111
111111
110001
001100
100011
011011
011010
001100
001111
101000
100100
010010
001100
101100
011111
011111
011011
100111
000011
101111
011100
001100
101101
001101
010011
000111
110100
111011
110010
011000
011100
011111
000110
011111
011101
110110
001111
110010
111100
101111
110001
001010
010101
101100
101111
011110
010001
011101
010011
001100
111011
010101
010011
111101
010111
110100
101010
000101
011011
Time = 0.001s
