n = 17, k = 3, l = 6, m = 164
Expect Resample Times = 0.497526
Result:
10111000000011110
11000000011110101
01000110010000110
01010011010101001
00111001110001100
10111000101110111
00010101110010010
10110110100010001
11100010100101010
01110111010010000
01110011010000111
00111111011010001
10101101110110001
10111100001110101
01000011010110010
01110110001000110
10100010010100100
00010101101110110
11001111000001001
01011101010100011
11111010111000100
11100111100111001
00110100100111001
10100011100111010
10011100001110100
11000111101000111
10110100011001110
01001111000111001
01111010001101100
01110011110000110
00011100001110111
01110000101101010
10001010101110001
11001111001101001
11111001100011101
00000001011111011
11110101110011101
00001001110001011
11101000000110010
00010110111011110
11101010001100110
10111110011011100
10100001001100111
00011101101001111
01100111101000111
01110010111101000
00000111001111111
00000011110110101
01000101011001111
01101111000101001
01111001110011000
10101110111111001
00100101100110011
10100001010010011
01011001000101001
11000000111100011
00011000011001011
01110001001111111
01010001001101010
00010001010101101
10110111101001111
10101111100100000
11001111100110110
10101001001001001
01110111111110100
01101101010000011
00110011101110010
11011010001110101
01110000111010000
10010010011001111
01111100110000001
10011000001011111
11101011000111100
00001111011100001
10001010110001001
01010100101100001
01110001011111100
10100001010011111
00110110110101100
00011110100011001
00101111011001100
00101110111010010
11011001000011101
10111110101111011
11011110100101000
01100000111010110
11000100011111100
01101001101101100
11000100011100110
10110111101111001
11010001010110110
01001110001011011
11111110000001010
11111101100110100
00000011110001010
11111011110000001
11110010100111011
00011010000111011
10111001011101110
01000111100000011
00100111111100101
01111001000001101
11101111101000001
11001011111011000
11101011101011000
01000101001111101
10010011101100001
10110101001101010
00111100000101001
00100111000101110
11100010100011101
11000010011111101
10110001011110110
01010000101000111
01110000011000111
01001101000010101
10001101110000111
01101101101001000
10100111011110100
01100110001101101
10100000101100111
11010110011010100
10111111011010000
11011101100111001
10000100100100110
10111100010100010
10000101110101000
10010101011110000
01011010011011010
01101111000110111
00001100001111000
00010000001001111
10000001100100110
01101011100001110
01101000111000001
00001010111001011
11001111000111101
11000001111110101
01001100001101001
10101011000001101
00110001101000101
10011011011100101
10110100110111001
01011110000110100
10011100111000110
10111010000111000
00110001111010001
01111100101101111
00001100001101101
11001111000010101
00010101000111000
10100000001011110
01010000101010010
01011011110000001
11000010100110110
11110110011111001
10000110100101111
10100101100101011
01011011001110110
11100101011001111
00101011001111101
11011110111000001
00010001000111110
01110010101110110
Time = 5.434s
