n = 15, k = 7, l = 4, m = 3848
Expect Resample Times = 0.366768
Result:
000011011110001
101111011010110
000110111100110
101101100010110
110100111000000
110100101011101
111111000101000
000101100111100
110001101100111
011100000000011
001011001111000
111001101101101
000000011100110
111010101001011
100010101001110
001011010001101
111000001110111
010000110100110
101011011111001
000011110111011
101110101101000
100001000101010
101110001000011
110000101011100
100010111001001
010010100001111
001110011110001
010100110110000
110111111100011
010011101110010
110110010100110
111100000010000
001001011001010
000011011010101
010011100001000
101111100100110
011101011011011
101111100110110
001110111010010
011101011100101
100111011011011
010100101011101
100111100110110
011100000001111
110001100011110
110011001010010
101101000001101
000111010001110
101011001101111
100001001111000
000101001001101
011000111011101
110110101010011
000000001110110
011100001001111
001110111011100
010101001010010
100111000111001
101111110000001
101111010000010
100110100101100
111011001011010
100011011011111
010100111110110
001001001101111
000001100010010
011001101101101
101000011000110
101100001011101
101110111001111
111100011111100
000111001000001
011101011011010
010000001010111
001000100011110
101001110001001
110000011111111
101010101011111
011011000110100
110111010001001
000110101101010
010101011100110
111001101101011
110100000110101
101001001000100
101101001110001
111111111010001
001010100111100
100011101101010
101001100110101
000001100101100
011011001110001
001011001011000
101010000110010
111011010111110
000000111100111
000001011110010
100110001101010
110110100101110
110011111001111
100101000101000
111101100000010
000010011101000
011101000011110
110001111100001
110010101100110
101010001001100
100001010000100
000000111100001
001001101110001
000011110000000
101101000010100
010001100101010
110110000000010
111101110001110
010110100111010
000111111010011
100000000100111
010100000000110
000010001101010
111110000101110
110011100011101
111000100000110
010011011011110
100001010110111
010110100011000
101011010110100
000100011100110
101110101010110
100010000010111
010101011101101
110101101111101
010101110101010
101000111000111
111011001000111
101110110011011
101000010101110
000001101111101
110001110010100
011110110011101
110010010000000
000100101001110
110100100010011
110010011111011
100110001100101
100000010110011
100111000000000
101001011010000
011011001011011
100111011011000
001011110010011
001101011011100
110110110010000
111111111001000
010001000110110
100001000101001
011011101010100
101110010001001
100100100101100
011111001010100
101101010110100
011101011110100
111111111101100
101100100111100
100010110000111
111111110000011
100001101000100
101110000110111
011011110110001
011110001101111
010101111100110
000001010111011
100110111100100
001000000101001
000111101110010
110111100110011
111111100110010
111100001000111
100111100010000
010110100110000
110011001101010
100000100110011
010101000001111
101010000001101
100011000000110
011101010110101
111011101110111
111010001001001
000011000010010
010111101001011
010001110111101
101000110001101
010100101001100
010101011011011
001110111111010
000111001110010
100001100110110
000001001000110
111010010110011
100100011011110
110010001001010
000100111111001
000000001101111
110001100011110
010111011110110
101110101010011
001010110100010
111010100111010
001001101001111
010000011101000
011110110111011
100011100101001
100001010100001
011011110101001
011011101011011
111100101101010
100001100001111
000011011010010
110011000010101
100001100101110
101111010000010
001010000101000
100100010110100
100101001111001
010010110011011
100000000001110
101010100111101
101110101001111
010111011011100
101100000111011
000111111011100
100100011111011
000010010101100
110111000101110
010100011011101
111110101000110
100000101110011
011110011001111
001000011111110
000110010111100
011100100110100
011100010100010
111111111110100
100111011001010
011011011110001
010101100001011
010100011100111
010101001100101
011001110100011
010000100011111
000000101001111
111010101101010
110011111100001
001001000010111
010001111011001
000010110010110
100110101000001
101000011011101
100011110110110
100010111110110
110101001000000
111101111101001
101100110100000
010000001001110
011011101101011
100011110001100
000111101001010
110000101111010
001001011111111
001010011101111
111111110010111
011110100010001
100010010100001
100011111111001
100011100010100
101001101011011
001111101011010
111011101011101
110000110110010
101011001000110
010000010011100
111111000010101
011101010110011
110010010111011
011000000111110
110001101010100
101001111011001
111100011111000
011110100001100
000001001111101
111010110101101
001011000011000
110101111001000
011010100100011
100000010011010
011110110101001
001011001001110
111100001010000
111010001011011
011011101011110
011010110011010
010010011001110
100001110010110
110101011101111
101110100101010
001100101111111
111110110100110
010011111111011
011100110010011
100110100111111
101101101101100
111100111001100
110101100011100
100110011001100
010001111011011
010110111011101
110000111111101
111100111001001
110010011110000
111100000000111
110001000100110
001011101011000
010101010011110
010001100110010
100101100110011
010011111011100
010110110000000
011110111010101
110010100100001
110110100010010
001100101111111
110111100110100
101011000110000
010001010011000
110011110011000
101100010010101
100110111001111
001110101010001
001010111001010
001110101011111
100110010000101
010000111111110
001000011110011
100001110001010
011110010100011
101001011110111
100111010000110
111001100000100
000100000111001
111011100001101
000010110011010
000010010010110
100100010101101
011101111100001
101100101110111
110100110101111
001001100000001
010101010010100
110100001000100
100001111111000
000000101111010
001111011111010
101100010000101
000100001010110
101100100001011
101001001000001
101111110001011
001110001111110
100000110111001
001000100010111
110001011110111
011110101010101
101111001001100
001111001010100
001110010101000
011000101100010
111000110001001
111010001011011
100000110010011
001010111010011
001110101000010
101110111100110
100011011111011
011111100001110
100011101010001
011001011001011
000111010010100
110101110000111
000001001010101
001101100101110
000000001001111
111100100010111
010110101001011
110111111100010
000101001101011
000111000101110
100011110000100
110111011111100
100000111011101
011001001011001
010101000100100
110110011010000
011000001000110
111100000011001
001000110010011
111101111001110
100011111100111
001111000011111
010101011010110
100100000101111
011000101111100
110011001011110
011100000100001
001110101101100
000111010111100
101111011110111
001101000110010
110101101010011
111101101111001
111001000101100
110110100000101
100010001110100
001110001100011
101110100000011
111101111110101
111111011011101
011100100001100
001100001110101
010000011100010
001110101100110
010101001110001
100010000111011
110000010110011
001011111110110
101100100001001
010111110110011
101100110001100
001010101101001
011010011111001
111100101100010
110001110010110
000001011110110
000001011001010
000000010101010
101110100001100
001101010101011
010010110001000
101100001010011
011101101011100
101011001110000
001011110001011
010110011010100
100010101011101
000101001000111
110111000101100
001101101010011
111101011001011
110101100111110
001100100010010
100010011101101
000000111110100
111000000100000
001100110101010
110010110000001
000000111011011
010101001110101
101111011001001
011010101100010
101011011101011
100001010101011
100011000101011
010001110001101
001000001101100
110110001111001
100111010000011
110001010001010
110011111110001
101010101010001
010010101101100
001101100000010
101101100011011
000110101111010
110100110101110
110010111101011
111011000011010
101011100110011
001110001000001
011000101100011
010101001010101
110101100110000
110101011101101
101011101000011
010001101101000
101111110111111
001111111011110
000100010010110
111000011111100
010101100101100
101000100011111
100010001000101
111010000100100
000110111000111
101111111111011
011110010100000
010100001101100
010110011110100
010111100100000
010010111000111
010000000110010
011001011001100
000101110101110
110001000101111
111100100010010
010100001001001
111010000000010
100100010000100
110000111010010
011011001011011
011001001000010
100011100110110
111011110011011
100001110000111
001011001010001
100100000110011
110010100100111
101010001000110
010111101101011
001111001101101
110100100101101
010000110001110
101000100110011
110000011000011
110000001010100
010000011110011
010110101101011
111111101111111
111101000010010
100100101010011
100010100011110
000010000101110
001100101101111
100101100010101
111111010011110
011011101101000
110010010111011
010110111010010
001110001011101
100100111110111
010111001000101
111000111011100
000010110001010
101011110011010
011011001000110
010110010001000
100110001001110
011110101100001
111010100110001
010011110100000
111110011110101
100101010101010
001111101000100
001011011010100
100110010011111
110101101110111
001001010110001
011011100100011
110111001011110
001000000111101
001100110010011
110010100001110
010000100100110
101101100100101
101001101111001
111001011111001
110110101101110
111001101011000
011001010000010
100111101110001
011111111000001
100101111001101
011110110110010
000101000100101
011000001111100
110001011110010
100100101100010
000001011110110
011000010001110
011101010001101
000010101101100
110100110000001
100101111010101
011011000101101
001010011100011
111111101001011
010101111100100
011001110011110
110100100111110
010101101101011
110000100010110
101000111111000
010010110010101
110100011010010
100100101001000
101110010001010
001000100101010
001010101001010
100111110010001
010101111000101
010011011001001
011001110111000
111001111001101
101111110010011
000011101010110
110001001010000
010000010010011
011010001100101
010000110001101
011110100010011
011010101011001
101001100110000
101011110110100
000100110010000
010000010100101
111111101011001
100000000010111
001111110011010
001011010010110
101010000111001
010100011001110
001000100010010
111001000011010
101011011000000
110111111111001
011001000000110
100101001100000
111111010110110
111001011000111
101100001011111
001111001100111
101101011111110
110101110110110
000010001010011
100111100011111
010101110011011
101101001000101
000011110111110
111011110111000
110111000001011
011111010111010
010010110101111
101001001010110
111001000010110
101000010110010
001100101010010
010110010011101
110011011001011
001110110010111
010011101001100
000110000010111
111100010011010
001111001001010
010010000111010
000110101111101
110110111011100
001001011110001
001101110001101
011010101000111
000110111110001
001010110011111
001110000010101
011001010010000
101001111100011
101001001011010
001010101010010
101101101000111
011111010010110
101101101101111
010010111100110
011011011001011
101110011110110
000001001111101
010011000110001
011001111101001
000010100100011
011110101101011
101100100010000
101100101101011
110001010101000
111000011100010
101000111001011
011010110110010
111101011000000
110111101110011
001010000001101
110000111101110
010000101001001
100000011001110
100011001100010
001111101010110
100001010011101
011001010011001
111111011000101
110010001111100
111111000100001
000101001001001
111011001000100
001101110010011
011000011111111
000011101100010
100100101001100
110101110010101
101010101000101
010010110011010
111011110110000
111010001010101
011111010111111
100010101111100
010010110100100
011011001100111
001101000111111
011000011000110
101110000111000
011100100011011
000110100011011
010011100000001
000101010110000
010101110001110
100111111101110
110001100010100
001011000010010
011111010101110
011011001100101
000111111111010
111011000101100
110101101011010
000111011011001
111011100111000
101100010110010
111000111000010
000110011010001
100100000010111
110001001110001
111000000010110
001000111000001
101101010111010
010010010101000
001100001101011
000100110000011
010011110100110
101110100110001
000100111100111
111001011000110
001010110100111
100010001110110
111000011011101
011011100100000
010001110001000
110001101000001
100010010101010
111000011100100
111000110000111
101100010111011
010101010111001
010100010011110
110000001110111
011000010110111
110001001011001
101001111110011
101001101011001
100101000101111
111111001011001
101000000110001
101101010000111
111100100100100
101000010000110
010010010011001
111110001010110
010100100110000
101001100001101
111000001011111
011011100100001
100010001000010
101100101100110
111100111101100
001101011101101
110000000100011
110001010110110
100100100001011
111110101000000
110011100001101
011001000001001
110101011010100
101101110000000
111101100111010
001110000010100
000101010010001
000101100000010
010100111011101
010000010111101
100101110100110
111001100010100
011000001000100
000111111110110
011000111100010
100111110010011
110101000110001
000101100001111
000011110100000
101000111110010
000101100101000
001111011100100
101100100110001
000010101111110
100101111011101
011110100100111
111100110111010
100101100100010
011001011001111
101000111111101
110011000101001
101111010010110
001011101100111
110001000011111
001011111011110
100101111110100
101110101110100
000100100011010
000001110101001
111110100010111
100001000111010
110101001110100
010111101010111
000010111011000
001111110011000
110111110010011
100110000011101
111000011110000
101100011010000
110010110000100
011000100100010
110100100100000
011100110001011
001101000011011
010000000110110
001010100010110
111001011011101
100010100100010
100111101110000
010011000001101
011010100111001
001011101000100
110011111100100
111111010100101
011000100001111
010100110001001
011111001010000
100111101110110
011111110011000
001101110110000
110111110111010
001111010011101
101101010100000
000001101001111
001001010001011
111100100011100
100111111110011
010110010100111
111000101101111
000000110110010
001100010101010
010011111100001
100000100100010
011101101101111
110110101010001
001000100101010
101111010101110
001011111011010
001001011111000
110010001011101
010100010100110
010000100000011
010110011110100
010111111111011
111010100100000
011111100000101
001010101100000
010100100111111
001011000000100
000110011000011
101110000001110
000001011010111
111000011011100
000010110111001
011110011100000
110110000100001
001110111110011
101011100111100
111111110101100
111100110011110
010010001000111
111111011001000
100010001010110
100111100110110
011100111011100
011101111110101
110011101001101
000100101100110
001110101100000
101110010010000
010100110001000
000000101000011
010111000010111
111000100010100
011001100101010
101010010111011
000011111000101
100001011100110
111100111111100
000001111001000
000011111001101
110100000110011
000010111101110
101110010011100
010100000111000
100001111111110
000010011110100
001000011011101
100100110101000
000001000111110
010010101111110
101100001111010
110111100010101
010011101111001
000010000101001
101110000011101
100101110010111
010110100011011
110011010101001
111000100100000
010101011000010
101000011111101
011110111101010
101111101110111
000001110111100
101110010011001
010111111011100
001010010101111
110110111111001
100011001001110
101101111001000
010111010001110
101001010011100
000010010000110
010010110011110
101111000001000
101111010011110
000010001111111
000110001100000
100111001001010
011110010111010
100100100101101
011110100110100
110101110001011
001010011000000
000011100100011
001010011100100
001100000101001
111001000000100
011110000100110
001111100100110
100110001011101
111011111101110
011001001101101
101000011011101
111101111101001
011001110000000
100010100101100
101011010100100
101011111001100
110110011011011
110001001010111
000011000111001
100010110100010
110111111010000
011110110101111
000011010001010
111011010101111
011111000001001
011111010111001
001110101000111
000000110010101
110111110111101
101101101010011
001010010011110
111010111100100
011100011100110
110000101001101
110001101011101
000111100000101
111011100101100
100100111111011
111101100101101
000111101110010
000100000010111
010001011100111
101110000011000
111001010100110
110001000011101
000000011011011
001001000001110
101000100111011
101101010000111
100001011001010
111101001101110
101011101001000
010011100010110
010010010001110
101010111100110
110110000000111
110111011110001
111000111110001
001000000010110
000001001111000
000011100111001
001100100111000
000010011010010
101000000111011
010110001011010
100101100011110
101010100010001
111011001010010
011111001010101
000101001000011
001111000011111
101111111100100
011110010111111
010000010001100
101110000100110
110011010111111
110100010010110
110111011111010
001111010100001
000000010101011
010101001110110
110110101011011
000011111100100
110101010100111
000011111111101
101100111010100
011010011101100
111100000111101
011011100000100
101110010011101
101111110110110
001101011011011
001100001111100
000110101110111
101111001101100
010100011110101
001010111001001
111000000001101
001011111110111
001000101000010
001110110101011
101110000010011
100101111101011
111010011110100
111110111011110
010000110011111
000001110011101
101100001100100
001100010000111
000000101111010
010000010101111
001010111101111
000011101111011
111001111000101
001000110101100
001100000111011
101111101101110
011111011011011
111110100001101
100111000100011
111010011001011
111011111010010
000010111100010
001100100001111
110111110011101
101111110011010
101101111000011
010100001001110
111111010111010
001110110101110
101100111010000
001101101111001
010010111100010
110011111010100
110101101001011
001010011100000
110001010010010
011001010110001
000011010101111
001000001010010
100111000101111
001000001101101
000011010011101
001111100010100
101101000011010
110100101110111
110111010101101
010011111101101
011010011011110
000111101000100
101011101100011
111110101110000
001010100111101
010010111001011
110110000111001
000011111000001
001010011101100
110011010111100
100111011010011
010011001110011
110110011101111
001000010111010
001001000111000
101001101000011
001110000011100
111000101011101
111001110100010
010010100111000
101011000101110
001010110100101
001010111110111
001001100011011
001110010110111
101000011001101
110100111011101
010010010100001
100001001000111
010110100001111
010111010111100
000000010011100
100111101011110
011110010011010
000001011111111
011100100011101
010110111001000
001111101101110
000011101101010
000110101101100
101110110110110
010000111000111
110010111111001
111100101001000
111100101100010
111011100011001
000111100111111
000010001111101
010000100101100
010101101001010
010111101111001
000011011011001
100000111001110
101101000111010
101100110110001
111111110101000
100001011100100
010111010100100
100010000110101
010011101000001
101000101100000
110101111011011
000000100001111
101101000101111
010010011101010
111110000010011
001010111000101
000111001010110
010100001101011
101001001001000
001100010011010
111111000000010
111110111101101
001101010001111
111001100011001
111000111011110
001100001011000
011010010011001
101100100101110
010101000110111
110101010100100
001010110000000
110001010111101
000001000011011
100101000100010
100101011001000
100110000000111
000001101011111
001110001111110
100111001110111
011111010000011
000000011001101
001100010101010
100001110001001
110101100100101
100010011111111
100100100010111
010110001110001
010011010100010
100101000010110
110110111100100
010110101010100
101111100101000
011001011010010
111111000110101
110111011101000
110110010110110
010100010010111
000111101100110
011000100001111
101101111000101
101111000101001
100011101000100
111100001000011
111001010100001
111000011010111
111010111101111
010010110001001
100001101001101
111111010000010
111100000011101
000011110101101
100110110111011
111110011111010
101110001110101
011001011011000
110001101010000
101111000110100
001101101101010
100010110100000
001001011110111
010101010010111
111101110000011
110000010101110
010101100101110
011100011110010
100110000001001
101000100111111
000011011000111
011100010110011
100100000111100
001111111000001
111111111000010
000111101111111
011101011101111
011001101001000
111101010110111
111100101110111
000110110011010
100010110111011
100011101011010
011011011000001
100101110111001
101011011010101
010111100101100
101101000001111
010011101100101
000101111110001
000001001011110
111001001111001
000001111010011
011011100010011
110011010010101
011010100111111
001010010110010
011101011100111
000001101110100
100101110011100
000110011010111
111000101100001
110011001111010
001111011010101
011011101110111
101001110010110
011101000110000
001110111101111
101001101000000
000011011100101
011010010011101
010111011010000
001101100001110
010000100111000
101001000001100
111110000100110
011111101100111
101111100011001
101001010100111
001011011010010
001001000011101
110100000001111
100110111101011
010111011110011
100110001111110
110101000100011
011110100111101
010110001000001
000101011001101
000111100101101
111001000011010
100010010010000
000100010100011
101001100001100
101110000101001
100011100100110
111110111000111
111110010100100
100011000110101
111111101001000
010000101011001
011011000100100
001100111011000
110000101011000
110000011101011
100100101001000
110110011000110
101100001110101
010111000000100
110111110110110
010100010110101
001110110010000
010110111001110
011110111101001
001111111110101
100110100100010
010111001100001
010000101010101
000001100011111
011101111010010
100011010011100
101110101110011
001110001111010
010011011011111
000000101110011
110110100100000
110001011111100
101101010101010
110100001001100
011000010001101
011000010100011
000101110110000
110101000001100
011111000010111
100010010001001
110111010000111
011111010100110
011011000000000
010001011101000
111111000000001
111100010011001
111010001011101
110110110100111
001111011100001
001000101100001
110100011110011
001011111111101
011000100001001
011010100110000
000001001011001
100011010000100
010000011110010
000010110110101
011111000010100
101101110110000
010010100111001
010110101111101
010001100110010
011100011001011
110101010011011
001000110101011
000101011000101
101001001100011
001011101100101
001001001101011
110001001111000
110011110001011
010110000111110
011010101000011
010101010110000
110000011001110
100101100110111
000010111011000
000010101001000
111111101001000
011101011000000
001100001000011
110100111110111
001111101111000
010011101111111
001001110111100
110010010100100
110111011111001
000110010110101
000101100111100
011001001101010
110101011110101
100101010111000
101010100100000
001011000111100
000000100110100
111101011111000
111110110010111
011101001111101
010111011101001
110111011001111
001001111011001
111010011111100
111100010111101
110110000001011
011110110011111
000001111111010
100010000111111
011000100100011
010001111010001
100110001010001
110000100011010
010111011001111
000010100001110
111011010011111
011100001000011
001100111101100
111110101111011
101100011010100
010010100001101
110000100010101
010010011111001
011111000000010
101000010101101
000100111010001
001000111001010
001011011011110
110101011111111
000011110101110
101111010011110
011101011011010
111011101100000
010010000010001
111010101010101
111000001111101
011011001000101
110001110000101
011111111100001
011011010011101
100110111101101
011000001110101
010010111101000
110111111110011
111000010100011
010011010011111
100010010001110
011001001110001
000100110100111
111101000010000
001101110010110
001001111001011
101000111010101
000011101000101
101101011101011
000110100010010
011110111011110
101100111001010
000010101110101
000011110100111
011111100010010
111001101011000
100110011011111
011101111011010
000101101001110
000011011011101
000000100001110
011011110011110
111010000011100
011101011111111
001110111011011
100010100000110
011001001100111
011011001101100
011101101100101
010100010111000
011011001000001
110000001001011
010001001100011
011111000001011
100100011110011
001110000101000
111101001001010
001001111110111
100110010001001
101110101011111
100010101011001
010001100001100
100010011001011
010110000111011
110001011110011
011101110110011
011000010100101
000011011010000
100100110110101
011010000101010
000111110000001
000001001101100
100101010110111
010000011010100
001110001100011
010000110000010
000100111100111
100111101000111
011101010011011
011001000111011
000111111101000
000010010100110
000001001010100
111100011010000
001111011110101
000011110001011
010000010011000
111011010000001
100101111110110
100011111011111
010001101101111
000110011011000
100101001001101
101001111101000
010011111000110
101010000111011
110111010001000
100101011111101
100101011111001
010100101100101
011010110000000
001111000000110
111100110110110
010100111001001
111100101011101
001101000010111
000110000011001
001010010110001
100110010100001
001000100110100
100000110001000
101000101010100
001011110011101
101100011011100
010010001010110
011011000110001
010111000101011
101101101111100
111110000001010
000011100011001
101000101010100
100010010011101
010100100100010
100001111001000
001111101110100
111010101101101
001100110111001
000100000111111
000011111011100
001100101111100
110111011111111
011111100110101
111001001000101
100110100110101
011101001101000
011001111100001
011110001110001
101111010101001
111101010111010
110000011000111
011000100101111
101111110100110
001011011110001
110101111001001
011101110110100
001000101001100
111011110100010
000000001001011
000101000101010
111101001000000
010101111101000
111000011011101
010111110100101
000001110010011
101100111110101
110111010100001
101011000010110
100110101100010
001111111011000
100100100011000
100001101010001
001111010000111
110011111000001
110001100110110
100110111101110
100001000011110
001010111110001
111001101000111
111010100110001
011010001100100
110100101011110
110011111000111
101010100011110
010010000010101
101010110111001
000001100101100
010000111100010
111101111010010
010100001110100
110010010000110
110000011110011
100010100110100
100010010101010
001110111110010
111110000100101
110011101000111
111101111001010
100011100000101
011011100100110
110001000101101
100010100110011
001001001101110
001011011101110
000010010110111
111011010011000
001101110100011
011011010011100
101011010101101
010101101001011
111001000100010
100100000111000
011100100100101
111000000010011
010110001000000
011010011001000
000100111001100
100101001100101
110110100001110
010011011101110
010100111110100
111110100100000
100001110011010
001110011011101
101010111111000
101100110111101
101111110010010
110000111010111
101001001111000
011010100111010
100011110111111
111001010101011
101110001010011
011011100100100
111110100101111
001100101001000
001001011011110
011010010110100
000111110101100
001011100101010
001000110110111
110110100100101
100000101101110
111100010100011
110101101101111
110011111110010
001000111101111
000000011010101
011100001100101
000010100010110
010001101010110
000111001000110
010010001010010
111100101101011
101100000010000
000010011000011
100000110001101
100011010010011
100010110011000
111111100010001
101001111011111
100110110101101
101011100011101
001011010000110
111000111000101
100101110000111
011010100000111
001001101110111
101001011111111
001100101110000
101101100011100
011101010101000
110111000101010
010000001111100
100000111001001
001011100100111
001111010100001
110101000100010
101110110100000
100101011001010
001111100011000
000011111010000
110001100100101
100001101101000
110110101111111
110110001011100
101011110011000
111100100000010
101100010110001
000111110100100
100001111001111
010010111111000
101011011101011
101100110100000
000001001000110
011111000110010
010010111000000
011010111111001
111101111000101
000010101011001
001111110011110
100001111111001
001001101000001
000111001111001
000001011011101
101101111101011
001010111010001
110101000111101
101100000110110
111100010111001
100111111001001
100011110001110
110100011000000
111100011010111
001111100100011
001110000011101
101100110101001
010101101010111
110010111010110
111100111001011
010000111101010
100010100100101
000100011000101
101010101110101
010111101010100
000111111000111
010110001100101
011101111010010
110101111100110
001000101101101
011001101010011
101101010110000
000111001100110
011110111011000
100000010101001
001011100011000
100100111000001
010101111001010
110111110010111
010011101111011
101100011111000
000011100111011
000000001111001
011010110101011
000101001110011
111011000111111
011000101011011
001111110001111
011110111000010
001110111010001
100000011111001
101101101110010
101011110000000
110000001000101
001011110010101
000111001100100
111101111000010
101011011010101
010010001111101
010100111011111
110000010110010
001110100001100
011010100011100
110100101111111
000000101100110
110110101000001
011001001010001
110010101111000
110011011101011
100101110100101
111110100111111
110010100001000
111011101111101
110100100111010
101000001001100
001101111011101
110100001100111
110010010001101
101101000111101
110101101001110
000101111010000
100010000001010
010110000001010
011010111110101
101010011100001
111100101010001
110011111110010
011010010111101
001001011101100
110011011101101
100000100110011
100100101001001
000001110110010
110100111010001
111110101000110
001110011001011
100111100100101
010101001001010
010101001010010
110011010111010
110010111000011
101101100100011
001000100110010
000010001001001
010101010100100
110011011101111
100111100000100
100101100100010
011001010001111
011100101011111
101010001100100
110010111001110
000010101000111
100110110000110
110011011100111
010001110110100
111111011010111
011110111110100
101100100000101
110110001000010
100001011011110
111001101011001
100100000011100
011100001111010
011010110010000
000011101011010
111110101010101
111001010110000
010000001000011
100011000110111
011001000000001
100000110100001
101000101010011
111010010101011
010110001010100
010011001111011
111011001100010
001010000100101
010000001111111
101100010010001
100111101011001
000010001001010
010010110110010
010000010110001
100001010110100
101101111111111
111000001010111
111011010001000
110110001000010
111000000011110
111000011100111
001100011011110
100010000001011
101011001001111
011110010010001
010000011110110
010001001100111
111101110001001
001110100010110
001010101000100
001111010110100
000100101111001
110010010001001
110000010000111
001110011010000
000011111110000
011011100000101
111000110111001
011101100010001
010100001010001
000101000000111
001110100110001
001110000011011
111110000100100
110010000100001
011010111101010
111111111110000
000111010000101
001100111111000
000010110100111
011111101000101
001100001010011
011000111111011
001100111101001
100100001100010
100111100011100
100010101100001
101010100000010
010000001100001
111101100111010
100101110111101
010011100100110
101100011100010
010100111001001
111001101111110
100111100000100
000101001001001
101101010111110
011011101101110
111001111111100
101110100111100
011000011101001
010001110101101
011110010110001
111111010101110
011010001011000
101000110010100
011111011011110
010100100011010
111110101011110
011110100100110
011001101011100
010010101101010
101010000010000
000000101101100
010101100011110
100001000101001
000110000110010
010010011001011
011110110010011
010100010100100
010010100111110
011011100100011
010011000101000
011100100011010
110010111101110
011001101001110
001101001111111
110000100011000
101101011000011
101110001110010
001001101101001
111011110100111
110011100001001
100010000101000
101101111011011
011111111011000
110100001010001
010001100111100
110001010010101
011100000000110
100101110001101
100110000110010
010101101110111
100010001110111
001010111111011
100101000001100
001000111001010
111000110000110
110010010001110
001010111011110
101100000111010
001110010110001
001011010001110
011000000001001
010000001110110
101011000110001
100101101000101
100110101101011
001000101111001
011001100111010
011011010101001
011010000110011
011011111110110
111010110101101
101010001111001
111010110000111
000001001011110
111110111010111
011101000000011
101000101110011
011100000000010
110110111011110
100011001111111
111111110011001
001010011001111
110001010110011
111011011011111
001011010100110
000010000110110
110011010010010
001100110100001
000001101100000
000010101111010
101100001111111
111110111110110
111100111110011
111001101010011
011000010011010
000111111010011
001000001101100
010100000100011
001111101011011
111000100001100
001100101011110
100101001000010
001100100001100
010111010111001
010100011111001
100110000000011
010011001011010
101001101001101
010001011001011
110001111101010
011000101101011
010000010111101
110000000010111
110101111111010
000110101111000
001100001110110
000001101110100
101010101110011
000001101000010
001101100101010
110001100001000
000111111010111
001111101100000
001010001001000
011000101110100
101010111100010
001000111011011
101000111000101
010001011111000
111000001010110
111101101001010
111011100100001
011110100010000
011011111011001
101001010111011
000110000010010
001001000111010
011110111101001
011001110110010
000001101111000
110110001001011
100001101011000
001101100101101
011110000001000
001000101100011
110101101001010
011100001001110
101011001110000
000100011101010
101000011001001
010001111011000
101110101011111
010101011001100
011111000100010
001100011010010
101010100011100
111011000001001
011101111111111
010010011110111
011100011110100
110110111011101
111010000110111
010010100000101
111101000110110
000110101111001
111111011010001
000001100001011
010010111111000
110111010000000
100100101000001
111101011110100
100111001100100
001101111101110
111111101110101
111000000110001
001000111011101
000111011110010
100000100001010
101000111011001
010110100101110
000000010011110
011001001010111
100111000101111
111111110000011
011101001000111
010101011110111
011100100110111
101010000011101
001011110011000
101010111110011
101011110001000
101111110100100
001000011111111
101100110001101
010100001110101
000110110001010
000000110010010
111001110000101
110010111100000
011000001011101
111001011101111
110101000111100
101110001000101
001010000000011
000010101111010
101101001110110
001010101100011
000100011110110
010111000100011
011010111100110
110000001101100
011100010100100
000111100111001
101110000011001
111011011111001
111010010111011
000001111010111
010110101111010
010000110111011
100111000110010
000110101001111
000111000001000
011011100001010
101110011010000
101110011001100
001100001000001
001100110010010
111111000100001
011110100001000
010001101100110
100011000101111
001011101100101
011011100000111
011111111000000
110001110101000
000111001101110
010110111101110
001000010000110
100010111001000
110100100101111
011101010000111
101001100000111
101100100011110
101110011110001
101010101001010
101010111001100
001100011001001
010110001001100
001010100101111
110000111001001
110110000000101
001100110011101
110111110001011
000000110101000
011101111011011
011001010101101
100110001100110
001110001111001
110101100010100
110111110110001
011101101110011
101000100110110
011111111000100
011011111011000
111100000101001
111100000010101
101001100001111
000001101110110
100011110000010
111000111001010
111010100101000
001001100100101
110000000110111
111001001101001
101010011110100
101010101110011
010010111111101
100001100001111
111011100100110
100001001101101
001111100010101
000010100011011
110010111100110
110010001001100
011000101010001
010011101101010
111010011111100
101011110000110
101101110000110
110110011011101
101100100011110
011101010110000
110100110010111
010100101010011
010101011011010
110100111110111
010110100101111
001010111110000
001100000111010
000011101110000
010101110001110
000100010100100
010001110110001
101000100000101
110001011101111
100001101010110
001100100001101
000010111110001
001001011010011
101110111001001
110100101010101
111010010111101
110000100011101
001110010110010
100010000111101
101110001011111
011110010011001
101110111000110
011010101101101
110011011011101
001111011010011
011110000110111
010000100101010
000110011111101
111110011001101
101010111110100
010111001100011
111100001011100
011111101010110
011111010111010
010010001111101
111100111011010
101011000101001
001011110100000
001111010101001
011111110111010
110001100011101
000110011010010
001101110110000
011100110101000
101100110101111
110011100000111
010011101110010
010100110000000
110010011011100
101000111000110
000100011100111
110110101110010
000101110001111
010110010110110
000110100001011
001010101011101
110110101001000
001101100011101
011111011010011
101000010101001
011100000011000
001100010100101
111010001110000
100110010001011
110000000010100
111001100010001
100001001110000
011001001001001
001100010001011
101110000000111
011100110111011
001100000101111
111100100110011
010001111011001
110011011110010
010110000100011
011010001110111
010000000010101
001010111101001
000100011010011
101000011000111
100101010100001
111111111000011
010111011001101
101101000010110
101011010011110
000011010101010
101111010011001
110010011100100
101101011010011
011001011010011
010011100111100
101000001011101
000001010010101
010001100101001
010100110000101
111011010110110
110000011001011
101001111110000
111111001000011
110000001001101
110110010111001
010001011000110
001001110100001
100010110110100
000000001101100
000000101111111
000100000111111
101000010010110
001011110100010
011010111011110
111010101100100
010010001001010
011111001110100
111101001001100
100010111100100
000001110010011
000001000010110
111100100000101
000011110110000
001101010101000
110000110101000
011111100101110
010111110101001
001111110101110
110110101100000
010110111101000
010010110100011
100010111100111
010100010010110
001100010010100
100000010010111
100101111100010
100101111000011
110111101000100
001111111100010
000000100110101
011000001100011
010000011110100
111110111010010
000101111010101
100100111001001
111011011111010
100111011110111
101111101100000
101110100100100
100100010101100
000110011001011
001100110011011
010011111101101
011101110111000
000101100110110
010001111011010
101011000101100
101101101010111
100110010110001
100000001110000
111001000101010
100011100101010
010110100011010
010001001001001
101000111001111
010111101000100
000010001110111
001101010010001
110110011011001
110010101000001
111000001001010
110000100010011
010100110011010
101000111110110
101101001000001
100101100101111
011101011100001
111101100110011
010010011101100
100111000000100
001000001100011
111110101100101
111011010111100
101101001001010
101110011000111
000111010011101
001111111001101
100000000011110
110100000101011
110100111101000
111111100000100
110011101010101
111000010000111
101110011001101
101100111101111
100000100101000
100100100100000
010010011011110
011100101011111
110111100110011
111000010110101
011100100101010
001001101000100
010000110000101
001001011011001
011011001100010
001011011110011
110101011011100
000010100010001
100000001010111
000000110001001
111010001010110
100111111010100
001001000111000
110110011110111
110000001100001
111010101111011
011000100101000
011000100001100
110100110111110
110101100000011
011001010110110
010110000101001
001101001111011
001010110000101
001010001011111
110010011011101
111010100111001
010001101110010
100010111000100
111111100100100
110000010110111
101010010111110
000010110000100
110100110001001
001100001111000
100010011010000
110000001111101
100001101010011
000100000001110
011100010110011
101001000110010
010001011000011
100000111001111
010000001101011
100011100111100
011010011011000
011101100111101
000000100110110
101010100111100
111001010111110
110011100110101
010011111111010
010110011010011
110001000011000
000110001101100
010000001001100
100101111100110
010101000110011
001110101000011
001011010101100
111101111101110
100111101010011
001001011000010
001110101011111
011001001101100
010100111101100
001111101100011
000110101101000
100010010000011
001111010000101
110100110011110
001110111011000
011001010101110
110001110110110
111100011100000
110100010111001
000010100110001
101100011100100
110101100111011
001010110011000
110010011010100
111001111001111
110001000000110
100010110001111
011101101010000
111010001010011
111001000101111
110010111100010
101010100010000
010111001000101
001101001100100
011010011110011
000011111101110
001011111000100
111100111111101
010010110010101
010111110000110
100111010111011
011001110111111
110000011001101
100101011001011
000011101011110
100111111101100
110011100010000
010010100110111
101011111111001
111110100100011
011110011011111
111010011011101
111100100010010
001110110100110
000101111110101
001110011010000
001001010110001
011001111100001
000111001001101
000110100011100
100010000101101
010001010110100
111100100101010
010011111110111
101110011101111
101011101110111
010001011101010
101010101001000
110010001000101
001100101010011
100100110101010
100010010010110
001110111110110
010011001100011
010111011011001
110011011101110
000111000101110
101100111000001
010000001000110
011101100101001
001010111001100
101101101010110
001000111011001
010110100110001
111010010011100
011110000111000
000011011010000
000100010010011
001001000101110
110111100111000
110000011001101
000111000111111
011010111110101
011110000100010
011010000110101
101100001101000
011000011000101
101010000101010
000000111011011
010001111010001
000000101011101
100010110000111
111010001111010
110000000111100
000110010010100
100000001100010
001010111101011
110011000100110
001001100001011
000000011001010
011001101110010
011111111010001
100111111110100
001101011101111
011100011100011
101111001101101
001110011000111
111100010111011
001010010011110
110110110011100
111001100001111
001111011100101
111111100011010
000000111100010
010010110011000
001001010100101
111101100101100
100101000010101
010100110111000
011011101100110
001001110010000
100110001110010
010011010011101
110101110011000
010101100100110
011110001101110
110001011010110
100110000100110
100001110110110
110110010010110
111011101100001
001001111110100
100110100101110
100000011010001
101010100101101
111011111110100
000010101001010
001111000000000
110100000001110
110000101100001
110001110100010
111101000100000
011101000110111
000101001100000
110000101110111
010010010101001
000010010011000
111011011111011
101000101100111
000011111110010
111001001001000
111011100100110
100100101001111
111011000001111
110010000010001
101110100010011
010001000111101
111101101001100
010001101001111
011000011111001
100100111110100
100101111010101
110010001101000
100111100010110
110100100010010
100110111001011
011010000011110
100101110000111
001111010011110
100100010011111
101100011100100
000011001100001
101110010001101
110010110101101
010000000110101
010001010111101
011011010001111
011111100111110
001110001101000
110001101001101
101111011101100
001110110110000
011111101010011
000110111011101
011000000111101
101111110100110
001110001010011
100011111000100
000100110010010
110111011010000
101001110000010
001101010000000
100011011100010
110110111000100
010001010101010
010110000111011
110010111011110
100001110001010
100100110010001
010010111001001
000000101001111
110101000011011
111110010111111
001001000100101
100010011110101
111000111111110
010000101001110
101111110000100
011000111001100
100001000011101
011111101000001
101011011101001
001100101100111
001111100011111
101100110111101
101100011000111
001110001110010
101000110111111
100000110101101
111110110010011
101001001111111
110000001000100
110010010000000
001101111111100
110010001010100
111101000110111
010001111010000
000011101010101
001110100110000
011001001101110
000111101010100
011110000111101
101001011001000
010010000000111
000100110011111
110110001110101
101000100000010
111101101110010
000111100010101
100100001001111
100100000010010
001111001110111
010001110101101
010001100100000
111110000111011
000101000111010
111000110100100
111001010000111
110011010111101
000000001101101
111010010011000
010100010100100
111101110011111
011100000000001
010100111010111
011000011101101
011000010011100
101101100001011
110101010111111
011010011011100
101000001001101
011110111011111
111011000011010
111100011100101
110011100111001
000010101101101
110101110111010
101111011110110
101010000101011
110010011111000
100110010010000
001101100000110
011001110111110
110010110001111
110100010100010
010111010110110
100110000000001
100011001100010
110000001101110
101000000011011
100011100011011
110000100100011
100001001100100
101100010100000
001110101101011
000101101101110
101110000011111
101001111011100
100110101011100
101010111001101
000001100110011
110011010101011
000001011010000
010011101000010
101011001111101
101000001000001
111000110111100
000111100111001
101011001111111
011010010011011
110011000110011
110111011111010
110001110110010
111101000111011
101101100001111
100011101011101
011010110101101
101110001000111
010101110000100
010101110101011
010101100001001
000111010110001
000100101110000
000101111101101
010111101011111
001001110110111
111001110111110
001011010101111
001000101010001
000010011010101
101000101001001
000001001010101
111010001001001
100011010110010
000001101011010
101111001001000
101110001001001
011110010011000
100110111011001
110101101101111
110001001001111
111110110101111
011001110011110
100100010000110
111011100110111
011100101110000
010010000100101
011111000011010
111101101001010
101010000111010
001011110111111
100011101001111
001001111010011
011000010110011
110100011001011
011111101111110
011110010001101
101000000011101
000011011110111
111010110110101
101111110010110
000011001110111
001100111000111
111010111100011
000011001001001
010000111111000
111011010100101
000001010001010
111010011011110
000011001110101
101001110001110
100010011000000
110010100011110
010101110111101
100001011011100
100010011010100
100011001101000
110101001010011
010000001110010
101010101001010
111000001111001
110001011100110
100111101101100
101110000001110
000011010010101
100000101000100
010011110010001
010111101011001
111101001000100
011011100101111
011001101000111
100111011010000
100001110010111
100101111000111
110111000000111
000001101100101
100111001101011
001100011000000
011001101101111
000011010010110
000001011000111
110010101101011
111111011101111
000110000011010
000111110010011
010010011010001
110101101010110
111100000111011
111011001011110
101000101100000
101001000011011
100111110010000
100001110110110
001110110001100
101011110001100
010110000111101
110001000011010
111010100110100
001110010010011
010001010011101
100100101011111
000111111000010
011000011111001
000101001110100
101011000011100
110111110011001
100000100011110
100111011011010
011010011000001
101000110011101
001110101001100
010111000101001
001100101101111
000111010010011
100101101111010
001010111010100
100110110011000
100111111100100
100100110011010
101001111111100
000011101101110
010001101010111
001010101110001
011011100000101
111111101011000
101110100111100
111100000100010
110100011101001
110101101001101
110000011011011
111000110100100
100010111101101
100111010010100
111111100000010
010001011001011
011001010110101
010111010100100
010101110101110
011100111000010
111101010100001
011101011110001
101001111001100
101110010110011
000011001110110
011000111110000
001010011111111
111000110100110
011100101101011
110111111111010
111000011001001
110001101001011
000000110110110
111001000110011
010011000111000
001001101111110
101001000110000
110000100111101
001011001000010
011000000011010
010110111101100
000100100111000
011111011000101
110101010110011
011010011010011
110001010110100
010010010101110
101010011101011
111010100100111
001110101011111
111101110010111
110110110111010
000110110101011
110101001110110
111110000010011
011000010111111
100011111110000
110101101110010
101000001010000
001000111001111
010100110101100
001010100010011
000000101101010
000001001110001
001010011100010
001010001110011
101000110100000
101011001101110
100101101010101
110110011100101
010010101110100
000001011110011
010110100010100
111110010011011
000110101000100
011000010010010
010011011100111
001101010100000
001000000010011
001010101100000
000110110110110
000100110010111
000000111100100
001001000100100
011000000110010
100110101000010
100001101110011
000010101010010
110000001011001
011111010000101
110001001011100
010101100110011
110111111010110
010101100011010
111100100101011
100100101011110
111011001010100
001000101111011
001110010011101
001100101000100
011111010111010
001111110101001
100110010100110
011110100010110
100100011011010
011100100110101
111010001001100
000010100001111
010111000001000
101010000010110
110101011000001
001100000010010
111110000100111
010110011011101
010110111010110
100010110010011
100110010010000
001111110101100
001110000111101
011010001111111
011000010011010
101111111110010
100100111100101
110101011011100
000010000101101
110101110111011
110101001111101
010011111011101
111110110011111
100110110010101
010000100010010
110011101100011
111001110011010
110110000101010
101010001000010
001101111010111
011010000110001
001001110100101
110000010011001
101010010010011
011010010011110
111111001000000
111111111001101
101010010100001
101100010010110
110110111111001
101011000000001
110001001011100
110100001010001
100000100100011
110000101100101
011010000110011
011010110111010
000111100100100
001011000101001
001101111000000
100101111010011
010000110101011
111011011010010
011000101110100
110101010101010
111110111101101
010001011110101
010000100100010
000110000100001
100010111011101
100110010110000
011100111111001
101000001100101
010101101100010
011011001000001
110001010101110
101010001010111
010001101011100
100101111101111
001010010111000
000111010011110
011111101111111
001000100101001
110000110000100
110001111111010
110001001110101
110011000001000
101110100110001
001111000100011
101110001011011
110110000001010
011111001111001
011001111101111
111000101011100
111110101100010
001011110011110
110000110011010
001110100011000
111000101110111
100000010010101
001101010100001
010000101011010
100010010010010
011100010100000
011010000001100
111011100010100
110101110000111
001010100111000
110010100010000
101011000110110
001001101000100
101110010001011
001001001010111
010001101011011
000101110010010
010100100101000
000011001100000
010010000100111
000111010111001
011001111100010
000100001110110
111101000110011
001110011001001
000101001001010
110100101100101
110111111001110
001010010000111
010100111101010
101010100001110
011000111011000
001111010011111
011100100010001
000110100000110
001011000010000
101100111011101
101000000111010
010000001111000
011101111100100
011010010001101
111001110100001
011010111011001
000111100101011
011001110100100
101110101110000
011111001010011
111111000111001
010110000000101
101100010001001
000100010001101
100100001010001
101111000101111
110110100100101
010000101001111
111001100011001
101010011001110
011000011110001
100111001101011
011001010000011
111100000111110
000101010000011
101011110001101
000111011100010
110000110001000
000000101111011
100010011110110
111100100100100
000100101101010
001011111101111
001000100011001
000111111001111
000100000111000
001110000011101
011011110110100
001000111011101
001010011111000
010000001011101
001011001011101
011111011000101
100010000001010
000011100111001
000011001000101
010010101000100
000110110110001
110111111100101
001111110011011
000000111110000
111000110110110
001011001000001
101100101110010
001000101010011
000010111001100
100101110111100
010111010010010
101101111011100
100101111111100
011100000110111
011110010100000
111101001010111
110110011111101
001110101011110
100001100001001
000111000011011
011001011110101
010011011110001
110110101011111
011110111000100
011101010111010
111101111110010
001010000111101
100001110110100
000110110001111
111101001001010
111011001100111
010000111001100
100010011110110
010100001010000
011000101111111
001001001101100
111111101011000
001111100111100
011111000110010
001101101100010
000101101011110
010001111000011
011000000010110
001010010111110
111100011000101
110001001100001
010110001000000
000110011001100
101101001110110
100001111101001
110011011010101
110110100001110
111101101011000
100001010010111
010111011000100
000010000101010
101001111111000
010101011001001
001101101110010
010001001110010
110111000110100
011011011100011
010101101101100
000110000010101
001000011110110
001101110111010
011100111000110
010110001100001
101100010010011
001101111101011
000110001001011
110010000101011
000000101100010
001000101000101
001110001111110
100101001001011
111001111100010
100000101011101
101001110011111
000100110110100
111110011011100
111110111000000
101100011010011
001000001001110
100111011000100
101100100111110
111100010111010
010010011011010
110010010101011
000111110100101
100001110100111
011010000101011
000010100110111
010011011100010
000010111001010
001110011111100
001101000111011
011100100000011
011101110010110
010010101111010
101101000111001
001010110011010
010101011001111
001110100010010
101010011110101
010000101100011
101100110111001
010110101110110
001110001100111
110100011001001
011110110100100
000010000011110
001100101001010
111000101000011
100111110010011
111001010011111
010100110101001
100011100100001
111111000110011
101101011110010
101011110010011
100111011010001
111010010011001
101110110110110
110011101011101
101111111000110
111010011111100
101000010011000
010001100110000
111100111100000
111000010110001
010010111001110
001101110000011
000100011100010
110101101000000
101111001100011
011011000000000
111111010010110
111111001000001
111111101011101
000100100001111
111111011111000
001011000000010
010011110101111
010100110001100
011110101110101
000100011000111
100001110011000
110010011000101
100110001001111
111011100110111
101111101000000
000001101111001
001110101101111
111011100100110
000011110010100
000111001101001
100110101110111
100011110001100
101110111011101
100101111110001
000110000011001
101100101111010
011011111000000
111110111010111
000111110111111
101101001001000
101110101000010
110001010100100
110110011100110
110100000101011
101110010100000
010101001000011
011001110001100
010001001000111
001000111100010
010000110100011
111011101010001
011011010111010
000111000101010
010001101110110
001111011110100
000111110000000
101101001011100
101111001010111
100000101010111
101111011101110
000010010111000
110100010010100
001111010011011
001101101100001
000101011100011
110010010001101
101000001101001
000110010111110
010001100110001
010010011000101
001000001111111
011110011111111
011010101000100
010101011101111
100111111011000
001011111000101
111000101111000
110010111001111
111100101111101
101100001101100
000111000001100
101100100111001
100100101101001
011011111001101
011111011101010
111000110111010
011100101111001
000010111011110
101110100011001
011110011001011
111100110100001
000001011001111
011001011101101
010100000110110
110000011101111
010001001110100
010101100101110
111101110110000
110001110101101
101101101000001
001101000000110
000101111100100
100101101100101
001010011001101
101010111000111
001001011101111
011101010011011
001001010011110
111100111010011
001011010111100
100110111001100
110001011110001
001001100011100
000000111110100
011100011110101
010101011100110
010000000100011
001100100110111
011001111111001
110100111000000
101101000010110
001100001110001
010001101001000
111001010110111
010000011110001
111000010101110
110100101001000
010111001011011
010111011011110
100010110011110
110110101000101
101001000111110
001000110101110
010111101000100
101110001000111
000010001101000
000100001110010
101011010101011
010101001000110
110100000100101
001011000010011
011100000110010
100111111111001
101001101110100
000011111010111
000111111100001
110100001001111
111111011000111
110010010000010
111110111000110
010010110101101
001010111001110
110110111100000
111101000000101
100110110000111
110000011011100
111001111110000
111011111110111
010100001000100
001011001000011
111111101001000
100000011100010
001100011111110
101110110111110
001101111010000
000010101001011
110110110110101
100110000111101
100101000101110
001100000100111
011111010100110
001101001101000
001001110101000
001111010000010
100110001011010
100100011011000
111011110101100
011100010110111
011001111111100
101110101000100
000011110111100
101110011010010
010010001110000
010100000011011
111111011100011
010010100101001
101101101011101
010000110010001
110110110110000
010100110100000
110000100011100
001001011110111
001100111101000
101011010110100
100100010010001
010100111101101
001000101101101
110001010010111
011000100010110
100001001100000
101110111000000
101001000010100
011111010011011
110111000100000
001110101111011
101100010110000
011100000001000
100111111110000
100001000110111
111011000001010
001101001111011
111001101101101
110001010001101
110101101111001
101111111111110
001110010110100
101011011101000
110100000010111
110000000011011
110001111101110
101111000110100
101111110110111
100101010101000
111001100011111
011111011111111
000010100010100
001001110010101
000110110010100
001100000010101
010100110100110
010000001101011
111000000001000
110010011111100
000001011010011
101011010010001
000100110111111
000101101001110
111010000011010
011111000001011
110011000100110
111010111001010
010011101000000
100011110011000
111101110101011
111010001001000
010101010001110
001001111011110
110011100011111
001000101001000
101010100100001
001001011001101
111011111101000
001101110111011
110111001010000
100110010001110
010101111100110
011010000010000
011101001001001
001011010001101
100110010000101
010111000100000
110000101100101
000001010101100
010000011101101
010011101101010
100000010011000
011011011001011
010011011011011
111010101001010
111110101111111
101111111001100
011011010001001
000001101101010
111001000101011
110110100101110
110111000101101
100000111101001
111101000000001
010100001010111
011111101001110
111010011010011
011011000011101
111111010110001
000011011011011
011000001000111
100011001111000
011110001100101
011100001000001
010001110100110
000011111101001
010010001110111
001001100110011
111101000100000
001010001111010
100110110011101
000010111010110
100010100000101
111101111101110
001110011110111
111110000000111
110001010000111
000011100100111
101010001111001
011010001111101
111110110101110
011011110011111
111100111001111
111010011011001
001001111100100
101010011010000
100100101101100
101100110000100
110001011010011
011111010111100
011010000010011
101101101110110
111011000011001
001101001111101
001110000100001
011111001111010
001111011110111
101010010101111
011010011001110
011101101101011
100010010000101
110100101011001
110011001000111
011110001001100
001011110000010
011111111110111
000001111010001
110011111011111
010011010100000
001110011110010
001011001100101
100010100010000
011001010100100
100111100110111
000110000110100
101011110101011
111111000011000
000100010111100
001011100100110
001010010110100
101011010100100
010110100011001
000100111011111
011101001001001
110010111111011
001110001110010
000000111100110
010010110001010
001111010111101
001000011100011
100101101000001
101001101011010
010111010000001
110101101010000
110010110100101
111001101100111
100011100111000
011101100100011
101101110101100
011000000010010
110010101100110
100100001010011
111111110101010
001101011111110
110000001100100
000010111001110
011000010000110
101110111100100
001010100000001
111101000110000
000000010110011
001111111010000
100000001010001
101111010011001
011111110101111
001010111110001
001000001111000
000100111000111
011011011111010
100101101111111
011100101001111
110110111001110
011011000101100
101011101011000
000100101000110
101011101100000
101000110000000
001111101001100
011100000010000
101011111001001
001001010010110
101011100100011
011111001011011
010101110101001
010110000110001
011111110101010
110110100010001
101111010011000
111110110100000
010010001011110
110111110010000
000011011011000
011001000101011
111110010011011
111000110011101
101111110110010
010100110000001
101001111100101
000001110011100
001101110010100
101110100100111
010001101011001
000010110110001
110111110010101
100011101110000
010111111111010
101100010011101
000001010111100
011111111101000
101111110110010
111111010110100
010100100101100
000010011010000
101100001100100
100001110110101
101000110100000
111010001111010
100111001110111
010101001101101
011100001000101
101111100011011
111101001110001
100110110001111
010101010011010
111001100010000
110000110101011
111110011100100
001000111010011
011010111011000
111111001101100
100011110111111
000111101011100
000111011001001
111110100011101
100001101110100
101011100010011
000111010001110
000100111101000
111001110110110
001010011011111
000000100111110
010110100011101
000101111010100
101010100010100
111010110011110
010011100110011
100010010001100
101011011000000
011000010010100
010101000011011
100000101111100
011110011101011
011000001000010
101111100101000
100010110010011
110011100110101
000100000111111
110110111000010
101001010100010
011010110111110
111100101111100
001011001111010
101110100111101
111011101101110
111001001010011
001001011010110
010000110110101
110110011000000
101001000100111
011000101010111
111011001101101
010100000110110
010010001110010
111011011010000
111010111011100
000101000000101
101101101001100
001001001011101
011000001110000
110101101000101
110010011101001
110100100001001
001100001010111
101110010001101
011110101011100
010001100010011
010110011110110
101110010101011
000110001100011
000111000001001
001001101100111
011000111101101
011100101110011
001000001001101
101100100000110
010011001010000
010011110110101
011100100010010
010000001111010
001000101111110
001010110001110
101100100100100
101110101110001
101001000110000
001100100110100
100110110010011
100000111001111
101011100010111
110101100000111
010101110111000
001100100001111
100101101001110
110010000001101
010111001111111
011110110100100
001100110001100
110010101010101
Time = 3.56s
