n = 12, k = 3, l = 3, m = 133
Expect Resample Times = 0.427775
Result:
100100101011
101010110111
001001011110
100000110001
101011100111
001001110011
001000110111
011011111001
011001001001
000001110011
111100011011
001000000011
010001011101
001110111001
111110011000
101001110011
111110101100
111100001111
110111000010
110100110111
101110111000
111000001101
000011011111
101101100011
101010100101
000111111111
100010100101
101100011000
111100000010
011100010111
100010010111
000100111111
111010110011
111010010110
110110110111
100111101110
100010101000
000100101000
001011011001
011000000101
011111001110
101001101101
011011000110
001111010111
011010001111
110010000011
110111101010
010010001010
100001011101
111001000101
110110101101
001100111011
011001110110
000110100100
100110101110
110100010011
011100111011
100010101000
010110001100
111101101110
010110100011
110101101110
100101100001
000101111000
101100111010
111100110101
010010000011
010001100110
010001101010
110100011110
100110010100
010000100001
111100111000
101011110000
111011101111
100100001000
000110000010
100001000110
010101110100
110000110011
001110001000
111110100100
111001010001
011011010010
111110010111
101100110000
001110100111
010101101101
011101011001
000001111110
111100011010
011101001001
101111101110
101100111110
110100000100
100101000001
000110111010
011000011101
110011111100
010011010010
110001110010
010001010011
110010110111
000101000111
001010110001
111110101011
101101010101
011100010111
001101011101
001100100111
010101011000
101001100000
101100010011
110111001101
000101110101
111011001011
111000000110
100110001111
000000110010
000011111000
011110101000
111111100011
010100100100
010000011010
001000110011
111110000110
000011100011
100011010011
011101000101
111010100111
011110111100
111110110111
110000110011
Time = 0.007s
