n = 10, k = 5, l = 1, m = 517
Expect Resample Times = 0.36394
Result:
1001011010
0010010010
0000000011
1110110110
1100010010
1001111001
1011100110
1100100101
1010010100
0000101101
0000000101
0001110011
1011000101
1010110101
1000100101
1111101001
0111011101
0100010110
0011111011
0001001000
1000100010
1100101101
1101101010
1001101100
0110101010
1001011101
1010000000
0000001010
1001100011
1011111110
0100011110
1101101010
0111101011
1000111110
0111011111
1110100110
1101000101
0101111001
0100101100
0101110011
1101111001
0111101100
0011000010
0000011010
0101111111
0111111000
0111110000
1100101011
0100001111
0000010110
0011010101
1001010111
1101010100
0001010101
1101011101
0001110000
1101111111
0000010110
0101111001
0010100011
0110101101
1010101101
1100110010
0010110100
1000010101
1011110011
1000111011
0000111000
0010101100
0100010101
1100001101
1000000000
1110010000
0001001001
1100000011
0011110011
0110011011
0100011001
1001100001
0100011011
1100010100
0001101111
0100011011
0011000111
1011010101
1010110100
0011000101
1011101110
0010011000
1111111010
0011010010
0001110111
1100010101
1100000110
0000011111
0000010001
0011101011
0101001011
0001100011
0001111001
1101000101
1100100010
1011001110
1000100110
0000001000
0110010110
0010101000
1100101110
1100010110
0110010000
1100000100
1001011011
0100100110
1011111000
1101100011
1111110100
1111011111
1011100110
1111010011
1011100100
0101011011
1001000000
1010001110
1101111011
1111001001
1000100110
0010010001
0010001000
1101100111
1101110101
1101001110
1101000001
1111011111
0010110110
0001111111
0101010100
1000101101
1001110110
1110001100
1001111000
1000001000
1101010111
1111010001
1010011110
0001110011
1100010010
0000010111
0010101111
0100001010
1110011001
1010110010
1000000110
0110000100
0111101010
1110100111
1001110001
1110011011
1111100001
1111110011
1010011111
0101101111
1010110100
1010110010
0101011111
0000110010
1000010101
1001100110
0110100000
0001011101
0110000010
0011000101
1101111000
0101000111
0100001000
1010011111
0110110001
0101000010
0000100001
1011110110
0101101010
1101000100
1000111011
0011101011
0110010101
1010100101
0110111110
1101001001
1000111001
1000110010
0111011011
0011010011
0111010001
1000011001
0111100000
1001000100
1101010000
1111011111
1011010101
1010011101
1100011100
0010010111
1010000011
1011100001
1111101001
1100000011
1010010000
0000010010
0100000100
1111001110
1011111000
1010011100
0010110001
0011110010
0110111000
1100010110
1001001010
0001111100
1011101011
1001110010
1100101110
0010111011
0111100101
0001000010
0101010101
1010111101
0000010000
1101110100
1001110010
1111010111
1011101111
0000001000
1011110011
1000010101
1100000110
1000000010
1000010111
1101101010
0110000100
0010000000
0101110000
0101010100
1011011100
0111110010
1110100100
0100111011
0000001100
1111111100
1110011101
0001001100
1100101110
0101010000
1010011101
1100001101
1010110111
0011001110
0110010100
0110100000
0111110000
1100100001
0011110101
1100000011
1110011111
0010010111
1111101101
0001010010
0100110010
1010110111
1101110111
0001100010
1001100010
0111001011
0101001010
0010001101
1010011100
1001111110
0101100101
1011101101
1111100010
0001110101
1010001001
1111011010
1000011100
1110001001
0100101000
1110101000
1110010001
0011110011
0101101001
1101111101
0100000001
0100000111
0001101000
1101101001
1100100011
1111001010
0101111010
1000101000
0011111000
1101100000
1100011110
0111001111
0011001011
0000110010
0001100000
1000101100
0101011111
0010000101
1001011010
0100010110
1110000110
0000110001
1101101010
1001000001
1100111110
1010001110
0101011001
1000101010
0110010010
1000111100
1100001110
0010001101
0001001000
1111010101
1011000101
1000000010
1111110100
0011001101
1010101111
0010010011
0011001100
0011001011
0100110000
0011100011
1010101000
1100000011
0011100010
0100011000
0011001101
1101111001
1001101000
1000010011
1001010000
1000010111
0000001110
0010101100
0000111110
1100001101
1110111110
1111110011
1011100110
0010010000
0001010111
1001010110
1000100100
1111010010
0010111101
1001010010
0101011011
1010001010
0110111111
0110010100
0000010010
0100010001
1000000000
1100101011
0100001010
0100001001
0011011000
1000011010
1101011001
0011101110
1010110101
1011000011
0111011001
1011110100
0100101010
1000000110
1001010110
1000111001
0010000000
0101000111
1100010000
0101110011
1011100101
0000100111
1110001111
1000110100
0101100101
0100010111
1011100111
1010111011
1101010110
1111110001
0001001101
1111110011
1001111110
1111111101
1101100010
1111100001
0101001001
1100101010
0101001110
0010000011
1110101100
0000100100
1100011001
1001011110
0111100000
0110100110
0100100010
1001000111
0111111101
1000110101
0110000011
1011100010
1110000110
0100001110
0000110110
0011110111
1010101111
0101010000
0011101110
1100100011
0100000001
1100111110
0111101111
0001010100
0110100010
1000000110
1001010111
0110111100
1011011000
0111010001
0010010101
0000101000
0010111110
1000110001
0100000100
0010010100
1101000100
1100111101
0000101001
1110100100
0100000101
0001001101
1101101000
0000110010
0010111010
1111010001
0101111110
0101001000
1010110100
0011100011
1011000001
1001101110
0000100001
0111000010
0001011100
1101111000
0101111001
0110111000
1000010110
1010000100
1000111111
0111101001
1011010101
0101000101
0000110000
0000101100
0111010011
1110100010
1100010100
1100001001
1010100000
1001100100
1001101001
0000011001
1010100011
1101101000
0001100110
1100110111
1011111100
1101011111
0000011100
1001000100
1010110011
1110100001
1010001101
1101011101
1001111010
1000010000
1110000100
1011101001
1011011101
0110000101
1011010100
1011110100
1001000011
1110100110
1111111110
1000101001
0101001100
0110010100
1111110000
1011011101
0111010100
1000110000
1001100101
0110100110
1111101010
0000111110
0100000011
0110001111
1000100010
0100001010
0001000010
1110110000
Time = 0.01s
