n = 9, k = 4, l = 5, m = 1903
Expect Resample Times = 0.3672
Result:
100111101
011100011
111001010
111010110
011010111
100111011
111010100
100111110
000111101
110011001
110111011
001101011
111100101
011110010
111000111
011101101
111101111
111000011
110001101
110100111
011110110
111011100
001101110
011111100
111101111
011100101
111100100
101111010
011100110
000111110
111111010
111101001
111001101
010101110
010111010
100011110
011101110
110111101
011001101
110011001
011110110
111000111
110100111
001111010
110110010
011111111
110110010
100111011
010111001
110100101
100011110
101001101
101101110
101011011
111100010
111011001
011101001
111110111
100101011
101110101
011100111
101000111
000011111
010010111
100110101
100110101
011010111
111110101
011100111
001111010
011110101
011101101
110101101
001110110
011101111
111110010
001101110
111100100
111000111
110110100
001011011
101010110
101110110
111100011
101111111
100110110
011111100
111110101
110011110
101111001
101110101
111110111
010101110
111100111
110110011
010110111
011011001
111011000
101110001
011001111
101101100
010101101
100111101
110001011
010100111
111001101
101001110
110001110
000111101
001011111
110010101
011101010
011010101
011100110
100100111
111110010
011001011
010111111
100111100
101011111
010111111
111100011
111100011
000011111
101010011
011100011
111101000
001101111
111001010
110110001
110000111
101111101
111011000
010011101
011110110
110010111
100100111
110100011
101000111
001101101
111101011
110000111
111101111
001111100
011101101
001011011
101111110
110010011
111000101
100001111
010110111
110100111
110101001
101101110
001011011
111110011
111110011
001011011
111101101
110111100
010011101
001011011
111110111
111111110
011111111
110011101
100001111
110001011
011110001
111011010
110101110
110110111
101100111
111110101
100101111
101111000
111101101
111000101
111010010
110100110
010111011
101010111
101011011
111001111
101011010
011101010
111010100
010111100
011111111
101001110
011001101
001111010
011111010
111110001
100111001
110111110
011000111
011011100
000101111
110111011
100011101
010101101
111110001
011011011
110111111
111100010
111101111
101101001
010111110
111011011
001110110
001110011
001110011
101101100
010101110
110011101
000111111
111111100
001011111
001101101
011111100
110010111
010101011
011010111
111000110
110011111
111111001
010111001
011011111
011111000
001101111
101101110
011010011
111111010
001110111
011111111
010111101
111110110
001110111
010111010
100110110
011101011
111000011
101110010
111110110
101101100
111000101
011010110
001101111
110011010
001111001
101001110
111010111
100111011
010011011
110011011
011110101
011101101
111111011
111000110
111011010
101011101
010110111
101100110
001110011
001001111
100011111
101110110
100011111
011110110
101011101
110101010
001011011
011010101
001010111
101110101
101101001
111100111
110101111
110010110
110101101
101011101
001011011
110100011
001010111
001110011
110101010
010111001
100110111
101011101
111010111
101011111
110101101
100011011
101100110
101110101
011111110
011011010
101111001
000111111
101110010
010011111
100111011
110000111
111010010
110110010
011101011
100101011
111001010
011001011
100110101
101011101
010110110
101110001
111101111
111110000
110100111
111111100
001101101
001111110
101001011
101111010
111000110
110100111
111110100
101111011
010011011
001111010
100111010
101011101
100010111
010110110
101100101
010111101
001010111
011101011
010111101
011110111
001101111
111101011
101111101
001011111
011011111
011100011
101111111
111010101
011011101
101101100
001101110
111011111
111101100
000111101
011111101
010111100
101111001
111011000
111011100
100010111
110011111
110110001
001110011
011001110
110011010
110011010
110101011
011101100
111110100
101111110
101001110
110011010
101110110
001011110
110110011
111101100
010111100
011111011
111000101
101111001
010111110
111001101
101001011
101001111
101110011
011011100
011101110
011010101
010001111
111011111
101011111
111100011
110001110
101110110
111111010
110011110
110101010
001110111
111110100
111110011
000110111
011111101
000111111
100010111
100001111
011100011
110101001
110111111
110011001
011011001
100110111
001110110
011011010
001100111
010110111
001011111
110100011
100101101
011111111
011111000
100011110
111010100
110111010
001101110
111010011
010111111
101111100
111110001
101110010
101110100
100011110
111111011
011010110
100111101
111001010
111010001
000111110
011110010
110000111
010111110
000111110
001110011
111011011
101011001
110100110
110010011
011111001
001011111
011100101
011110101
111001100
110010011
010101011
110010110
001011110
101111000
101001110
110101001
101111111
011000111
110111011
010110101
011110001
100101011
000011111
001101111
011010011
011110011
111011110
001111001
001111110
001101011
101011110
101010110
001101111
100110111
101101110
011110111
011011001
111001101
001110111
111110110
111000011
111000101
111101110
001111101
101111000
111101010
101010110
111010100
011101100
111101001
100110111
100001111
110101010
111011111
101011001
111111011
011011101
101100011
101011101
100101110
111011101
010111011
011110100
101101100
110000111
100010111
111011000
101010011
011011101
011111011
011000111
110111010
111100010
001011101
011111011
110010111
111111001
011010111
010011111
101011001
001111101
111100110
001111110
010101110
111101111
010111011
101001011
001110110
000101111
110011011
110000111
011001011
110110100
100101111
001101011
110011111
110110101
110000111
111010001
110011100
110111111
111100001
111100101
010111011
101101100
101011101
001111011
011110100
101110101
111110101
010101011
111001100
011011101
101011111
101111010
111100011
101111001
001101101
111010100
010110011
110001011
100011101
100101101
001111101
101011111
011011001
011001011
011010110
100110110
000110111
111101101
011111011
111000011
011101011
000111110
101110111
101100111
110001011
110111001
111011000
011010111
101100111
110011010
110011111
110110110
111111101
111110111
101100101
111110101
111011000
001110110
011111011
101011110
011001110
010111100
011010011
111101111
111100010
001110011
110011001
110111010
101111100
111010101
101011011
011111101
100101101
100010111
011010110
010111111
011111111
111110010
110111101
110011111
011101101
100011111
111100111
011101011
101010110
000101111
100101101
101110111
101111010
010111110
001101011
110111110
011101010
111111110
110011111
101110011
001110101
101111010
001001111
101111000
101111100
101011011
101001011
101111001
101111001
111110100
110110111
010111100
100111100
010111110
100110011
101101010
011111110
101111101
000111111
101100011
001110111
011011010
111100001
110001111
011010011
011101001
101110010
000111110
011001101
101110011
111010100
101110010
011110010
100011101
011101011
101101101
111111100
101110010
100110111
001011101
110011110
111101011
101001101
110101110
101010111
010110111
011001011
010111011
110110001
110111000
111011000
010111110
101110110
111010101
101011111
001111001
111100101
110101010
100101101
110001101
110011011
001111100
111000111
101111111
001011101
010101111
110110111
110101101
110010110
001011111
001111100
110101100
010011011
110011001
111101100
011110110
001011111
111111010
110110010
011011010
001111010
101100101
010110111
011100101
100111001
110111110
010101110
011110010
010111010
101010110
001101011
111100011
001110111
000111011
110010110
111001110
011110100
110111110
011011100
101101101
101111000
101110110
110011101
010111011
110110100
100101110
011110100
010011101
111111000
100111101
111101100
110100110
010010111
111011110
001111110
101011101
010011110
101111110
011011101
110011100
100111010
101010110
101010101
100101110
001111110
111000011
111011100
100111101
111101000
010011011
100011011
011101011
011110101
110011111
010011110
011100110
001111001
011011101
110011100
011110110
100111101
101010101
111100001
101010101
100011101
110110011
111100001
111110000
110110011
001110110
011110011
100011110
010101110
100111100
100011111
111100100
100110011
101111110
010011011
110011101
011101110
011111101
011101111
111101000
010111001
001011110
000111011
001001111
110111010
011111011
011001110
110100110
001111111
111100010
110110110
101010011
010100111
111101110
011010101
111111000
001011111
101101110
111010111
100111110
011111001
101101001
110011110
111101011
110010111
011011111
010011111
001110011
110101110
010111011
001011111
011111010
111011001
101101011
111100110
111100111
011010011
110011001
100001111
011111100
001100111
111111101
101000111
001111011
111011000
101011101
011100101
110001011
001011011
111100011
011101100
100111001
111001010
111101111
110001111
110100011
111000101
111111100
011100011
111101100
110011110
010011101
010101110
011010011
111110110
010110101
110011001
011011100
111100011
000101111
011101111
111010101
111010101
111110100
011100011
010011101
100111001
011111011
110111101
100010111
010001111
110111101
111001011
111101100
101111011
101110011
011111011
110111110
101111010
100111111
110101100
010101110
011011010
011001101
100110110
101010111
101101100
011001011
010011110
101101011
111100101
101011001
110001101
001111101
011110011
101011101
011101100
100111001
000111110
100001111
111001100
110011110
101111000
111000111
110101100
011101011
101111101
101011010
001101101
111100111
101010110
011001101
011001011
100011011
010011011
111010110
101010110
110111100
110110101
001110101
101011010
110110001
010110111
101111001
110011110
000110111
011011011
101001011
111110111
101111001
011110010
111010111
000011111
011110011
110101111
011111110
100011111
111101010
011011011
101101010
001111010
010111001
100111010
010111111
111100001
110111010
011111100
111011111
011101100
111101010
100011011
110101100
111011110
111001011
001110111
110111110
110010011
111101100
110010011
100101011
111111001
111101110
111110011
011010111
100111100
010110110
010111110
011001011
011010111
011101100
001110011
101101100
101111001
111011100
001011111
110101100
001011110
111101110
101011011
101111111
000111111
101100011
111101101
011110010
111110111
101111011
011110100
001101101
011110111
111011000
100110110
011111110
110010111
110101110
110100011
111001011
101110100
111101011
010101101
010111110
011111101
010101101
001011101
000110111
010100111
011011111
101110011
111101011
101111110
101011011
110010101
001110110
011001110
111111100
010111001
010011101
011101010
011101110
010111011
110101100
101111010
010101011
111111111
111100100
110101101
111011100
111001100
110011111
101111110
111000111
111110110
110110011
110101110
110100111
111011110
001010111
101010111
000111101
110010101
001111110
111101011
110011010
011011101
100101111
010111101
110011011
101001110
111011101
101110101
110010110
110101101
010011011
001110111
101101111
100101110
011001110
000101111
110111100
011110101
110111110
001111011
011100110
100010111
011111001
110100111
111110110
110001110
011001101
100111110
011010011
010111001
110101011
011100101
001010111
000101111
111111001
110110111
110111001
011011101
111011000
110001101
111111011
110110011
111110110
111100001
001101101
000110111
111010010
111011000
100101101
100111010
110110111
111001100
001101011
001110101
110110101
001110111
110001110
001011011
000111110
011111100
010101111
001111111
111011100
111010001
101011100
111011000
110100101
011101011
111010110
110110111
101001111
001010111
110110011
101101111
101111110
101110101
110011111
011110011
110011101
100111011
110011101
010010111
111010110
101100111
011001110
011111010
110111101
011000111
111101100
110101001
001111001
111101010
111001110
011000111
111110101
011100110
011010111
101100101
000101111
011010110
111111000
010111011
000111110
111010110
110111111
110001110
101111010
100111001
100011011
100111011
001111100
010011111
100110011
111111100
010111111
010011111
101011010
010011101
011111011
011110111
111011111
111011001
011101010
111010001
111100001
100111101
011101100
111101100
101100110
101011001
011110110
111100110
010101011
011110010
011101010
011111011
101111100
010111001
101011010
010010111
010010111
111111111
011101111
100011011
011110011
111100100
101001110
111001001
110100011
010011111
011010011
110111101
111010101
001101110
111111110
011111101
101101010
111001111
010100111
110110101
110011111
101010111
011001101
110110011
111001011
101100111
111111100
010111101
011101101
111101101
111011101
110000111
110111011
001111010
010101110
001111111
110100111
111000101
111111101
101011001
111010100
110001101
111111011
110100011
111010011
110101001
100011110
000011111
101111001
100110110
101001101
101111111
111010100
001010111
100110101
100101110
111111001
100111001
111100010
110100101
100111110
111111000
101101101
010110110
011101010
111110110
111011000
111111111
111110111
011111001
011010111
111011010
111110000
101111100
001101101
011001110
110011101
111011001
100101111
001110111
111011100
101011100
101110011
111111101
000011111
100111110
011101011
010111001
010101111
110110001
011111111
001011101
111110010
011111101
000101111
011011001
111011011
100111111
101001011
110110111
100110111
010111011
001110101
001101111
110001110
001101101
101111110
111100010
111101011
101100111
111111100
011110011
111001110
111010110
011011010
001010111
101111100
111110100
010101111
111101111
110001011
110001011
011111111
010011111
011111100
111010101
100111110
101010111
110001110
010111010
110110110
111001001
110011111
110110001
111100101
101101101
111001011
010111101
110100011
110110100
101101101
011010011
111100011
101111100
001101011
111110000
001110101
001111110
110100011
111101101
011110011
011101010
100110011
010111010
110011001
011011010
111001111
101011110
011110001
110101011
100111100
011101111
011011111
100101111
111110100
011011111
011011001
001111101
011010011
111100011
110011100
011101110
001111101
101110010
101001110
101101111
111101010
111001110
100111100
110110011
111111110
111000111
101111011
110111000
001110011
111110010
110010011
110111001
010111010
101011001
101011100
111100010
010111011
011100011
010111101
111111101
110010110
011101111
101110010
101011011
001111110
111001011
011111000
111111101
110101001
011101110
100101111
000011111
101110011
111111000
101111000
110111001
101110100
011101101
010110111
011101001
001111111
010101110
100101011
110010011
011111101
100011111
011000111
101111001
100111100
101011111
101111101
101101010
101110011
100010111
101110111
100101111
111001011
110010111
110101011
101101101
110101101
110101010
101111000
111101111
101100011
110010011
111010111
111001101
111110100
011111000
111000110
001110111
110111101
011011011
011000111
110111110
110110111
101111011
011110100
110111010
101100111
001111010
111000111
010111110
010111111
111100110
101111110
101111011
010110101
110001111
001011111
001111010
110110011
101010110
101111011
111110101
000110111
000111110
111011001
010111001
111001011
111001100
011110111
011100011
101100110
111110001
111001001
101101111
111001100
011110111
110010111
110111100
111111101
111011001
011100011
101101111
101111001
010111001
010111010
100011110
101110101
111100111
011010111
010101110
100110101
101111111
001110101
110011010
100101011
000111111
110001111
011111010
100100111
011100101
111010111
110000111
101110101
010111010
101011110
010011110
010101111
101101111
011100101
111101010
011111000
110001101
000101111
101101110
100011011
110110011
101101111
001111111
011011100
111001011
101100111
111010001
001110110
110100111
100111111
101011110
111101101
111111010
011000111
100111001
111110110
110111010
010100111
100110101
111101110
011111010
111100011
101101010
100101111
111000110
101101001
111011001
101110011
100101011
111111001
011111110
101101001
100011011
110111111
001010111
001011111
011001111
101101110
101101001
111101101
101001011
011101010
111010011
110111001
111011000
110010111
101110110
001111001
001011011
110011001
111000011
101101011
011101011
010110111
001111100
001011011
001110111
110111111
010101110
111111000
100110011
110110010
101110110
001011111
001111001
100011111
110011001
001111101
101111100
011110110
101101100
001110111
110110011
111001110
111001110
001110111
110101001
110110011
001010111
111000101
111111101
110010101
000111111
101011011
011101110
100001111
100110110
111101011
101011100
101011001
110001101
101010011
011111101
110011110
111011110
111110100
111000101
111011011
001010111
110001111
111010011
011010111
111110100
100011111
111101010
100111111
101111111
111110001
001011101
011110101
001101011
010011011
101111100
000101111
111001100
110101100
001011011
011011011
011110010
001100111
010111001
100101111
100101101
100110101
011001101
110110111
011111110
100101110
111101110
101010110
011110101
100101110
111111000
100011110
000111011
111011101
101101110
110111010
111011010
101000111
111101110
101110011
101111000
111111011
111100001
110111011
101101101
011110001
101111111
100111100
011101111
111000101
111101010
001110111
010101111
000111110
001110011
011001101
111010011
101101011
010111101
110011100
110101100
101011001
110111000
111010111
111100010
011001111
110110111
101011011
111000110
011100011
010110011
101010011
111001100
110110100
101110010
010111010
011101111
101111101
010111010
110101100
011100011
110010111
111001110
111001101
010111111
111001011
111001111
111110011
011110010
111011001
011100011
110000111
101101011
011101011
111000110
111000110
110011001
111111101
110100110
011101011
111011010
111101001
010111100
001101111
110111001
111010010
100111001
000101111
011100111
101100101
101110100
101011101
101100011
111011100
111110010
101100111
111000101
000110111
111100011
100111001
001111110
101011011
001110110
111011010
101010101
011000111
010001111
110010011
000101111
110011010
010110111
111111111
111011010
000111101
010101101
101110100
010011011
011111110
111011010
110011010
111101001
110111011
011000111
111010110
011110100
101100110
111011101
110001101
101110101
111100101
001100111
011010011
101110011
101110100
000111111
100111101
101011101
011010101
011110010
010110110
110111001
101110111
010111110
111001100
111011011
011110110
000111101
110111100
111101010
111011101
001001111
101110101
111111000
101110110
111101111
101001111
010010111
111011001
101110101
110111110
101101110
100011011
011110010
110101100
111100010
001010111
001101011
101101100
010011111
101100110
011101001
111111101
101011110
010111011
101010101
110111111
100111110
110100110
010101111
111110000
011001011
111101110
010111101
110001110
111001110
000111111
101110100
101111111
010101111
010011101
100010111
111101011
111001011
001101111
110110010
001101101
100111111
001011111
010111101
111101100
110110001
000110111
010011111
100100111
110011111
011110100
001101011
000011111
101010110
101001110
100101111
011100011
001111011
110110011
010101011
101111000
110100110
110111110
110101001
101100101
011001101
010101110
101010101
000111111
111010111
111101011
110101111
110110101
110110010
110001110
100011011
101110110
101101101
101100011
001111001
110110010
101111111
101011001
101100111
111111110
101110001
100111110
101010101
101101100
011110001
100110101
100011101
111110011
111110111
001101110
101111000
101001110
011111000
011011111
110101110
010011011
110110110
111001111
111100101
011100110
100111101
011010110
111111000
100111011
011101111
011110100
110110110
101110111
101110001
011011101
000110111
111100011
Time = 0.02s
