n = 14, k = 2, l = 3, m = 56
Expect Resample Times = 0.61487
Result:
11100110101100
11010101100110
00101100011111
11011001010001
00111011001101
00111010100111
11100010001100
10000101000010
01011111111110
11101010001010
11010100011100
10111110010011
00101000100110
00001110111000
01110101100011
01101010011101
11010000001010
11110100100001
01000010111101
00100000110111
00011001010001
10011111010001
01010101111100
01010011101001
01010001000101
11110011011000
11000010100010
11101111000010
10011001001010
10010010110000
00011111001011
10000000000011
00001000001011
10000010000011
00111011111011
01100011010010
01110111000011
11101100001001
11111111110010
00101101110101
11111001010001
00101101100000
01111001010000
00010100011110
11011010110110
01011000000001
10000101011011
00010010000101
00010100100111
10010111100001
01000101100000
01101001010100
01110000011000
00011010110100
01100011101000
11000110110000
Time = 0.217s
