n = 16, k = 2, l = 13, m = 381
Expect Resample Times = 0.738074
Result:
1111110101111111
0111111111011101
1111111100111111
1111110111110011
1111011101110111
1111111100110111
1111101011111101
0111111111111001
1011111101110111
1001111111101111
1111111111111001
1111101111111001
0111110101111111
0111111101111101
1011111111111100
0111111110101111
0110110111111111
1111101101111110
1010111110111111
1111101011101111
1111101011110111
0011111111101111
1111111111011001
1111101110111111
1110111110101111
1101111111101111
1101011101111111
1101111011101111
1111111011111100
1011111111011011
1101111111011111
1110101111111111
1110111011110111
1111111101110110
1011011111111111
0111001111111111
1111111111010111
0111111110111111
1111101111111001
1111101101101111
1111111010110111
1011111111010111
1111101111100111
1111111111001110
1011111110101111
0111111111101101
1101111110101111
1111110001111111
1111101110101111
1111101111101011
1110111101111110
1111110111111111
1101111111010111
1111111111111100
1010111111111011
1101111011111110
1011011111111011
1111111100101111
0111111111101110
1111101111110111
1101111111011101
1111101110110111
1111111011011101
1111010111111110
1111111111000111
1111101111110101
0111111001111111
0111011111111011
1110011111011111
1111111011011101
1101111111011110
0111111111010111
1111111110101110
1111110011101111
1111011111110011
1111110101011111
1111111100110111
1111111101111010
1111101111101011
1100111111110111
1111011011011111
1111101110110111
1111110101111111
1111111101011110
0101111111101111
1011111111110011
1011100111111111
1111110110110111
1100011111111111
1011111110101111
1101111110111110
1111110111110110
1110111101110111
1110011110111111
0101111111110111
1001111101111111
1111101101011111
1101111011110111
1110111111111101
1001101111111111
1101101110111111
0110111111111101
1111101111011101
1111111111111111
0011111111011111
1111010111111101
1011011111110111
0111111011111111
1110111111110011
1111110111101110
1101101101111111
0111111101111101
1100111111111110
0111111110101111
1110111011111111
0111111111110011
1011101110111111
0111111001111111
1111110110111111
1111111110011111
1111110010111111
1011011111101111
1011111101101111
1111010101111111
1111111110101110
1001101111111111
1101111111011111
1110111111101111
1111111110100111
1111111010101111
0111111111111100
1001111111111110
1111111011111100
1101110111111011
0101111101111111
1111110001111111
1111110110111110
1111111111110101
1111111100110111
1011111001111111
1111111011111111
1011011111111110
1111111110010111
1011110111111011
1111111011110110
0111110011111111
1011111111111010
1101111111110111
1111111101101111
0111111111110110
1111001111111111
1010111111011111
1111111111010011
1011111001111111
1110101111111110
0111111111111100
1111101111111110
1111111111111110
1101101101111111
1001011111111111
1111101111111010
0111111111011011
1111110010111111
1011111111111111
1111010111101111
1111111101110111
1011101111111011
0111111111011110
1010111111111111
1111111111111101
1110011111111110
0111111101111101
0111111110110111
1110101111111101
0111101101111111
1011101111111101
1101101111111101
1011111101101111
1111101111110101
1111111001111110
1110111111101111
1111101101110111
0111110111110111
1111111111011111
1111111111111001
1111100111111110
1111110101011111
0111111111010111
1011111011111101
1101011111101111
1111110101101111
1111011101111101
1111111011111100
1111111101111011
1111101110111110
1111011111011011
1111101111110101
1101111010111111
0101111111111111
1101111111011111
1111100011111111
0110111111011111
1111101110011111
1111110110111101
1111111010011111
1110011111111101
1111110011111101
1111011101111011
1110111110111011
1011111011111110
0111111011111101
1111110111101111
0101111111110111
1111101111101101
1111111110111001
1111011010111111
0101111111011111
1111111100011111
1111011011111011
0111101111111101
0110111101111111
1011010111111111
0111111111111001
1101111110111110
1111110001111111
1111101111101111
1101111111011110
1101111111111011
1111011001111111
1111100111111111
1111111111111001
1111111111011011
1111111100011111
1111100101111111
1000111111111111
1111110111110011
1111100111111111
1111111110110111
1001111111110111
1101110111111011
1101101111111101
0111011111111011
1111110111101111
1111110011110111
1111101101011111
1111110101111111
1011110111110111
1011110111110111
0111011111101111
1111111111011101
1011111111011110
1111010111011111
1111111111011100
0111111111111100
1101110101111111
0111111101101111
1111111010011111
1111110111111010
1111011110101111
1111011100111111
1111101101111111
1110011111111111
1110011110111111
1111111100110111
0111111101110111
1111110011111011
1111011011111111
1101111111110101
1111011101111101
0111110111111101
0110110111111111
1101111001111111
1111011010111111
1111111011111001
1111111111011010
1010111111110111
1111110001111111
1110111111011110
1100111111101111
1111111011111010
1011111101111011
1011111110111101
0011011111111111
1101111111111010
1111111101011011
1100101111111111
1110110111111111
0111011111111101
1111011101011111
0110111011111111
0111111111011110
1111111100101111
0111111110011111
1111110111110101
1001111111111111
0111111111100111
1011111100111111
1101111111001111
1101111111100111
1101111111011111
1111110110011111
1110111111100111
0101110111111111
1111111011110110
1100111110111111
1110111111010111
1111111011111100
1110111110111111
1110111011111011
1101110111110111
1010111111111110
1111111110111101
0110111111111011
0011111111101111
1011111010111111
1101111011111011
1111111100101111
1110111011111110
1111111011101111
1011101111110111
1111101110111101
1111101011011111
1111110001111111
1110100111111111
1000111111111111
1101110111111101
1111101111101111
1111111111011101
1111111110101011
1111110110111101
0101111110111111
1111110111101111
1110111011111011
1111111001101111
1111111101011111
1111111111111110
1110111101111110
1110011111111110
1111101111111110
1111111011111101
1111101011111011
0111111011101111
1101111111011111
1101111111110011
1011011111110111
0111010111111111
1110111011111111
1111111011011111
1111110101111101
1101111110011111
1010110111111111
0111011011111111
1101111101110111
1110100111111111
1111111011011111
0110111111111110
1110111101111101
1011111111011101
1110110111111110
1011111111110101
1111111111101101
1111111011110011
1111111101111100
1011111111111001
1111111110101011
1111110100111111
1111110110111101
1101110111110111
1011111100111111
1111111100011111
1101111111110101
1111111101110101
1101111111101011
0111111111111001
1111110011110111
0110111111111110
0111111101110111
0111111111011111
1001111111011111
1111110111111011
1101101111011111
Time = 0.012s
