n = 10, k = 4, l = 6, m = 3136
Expect Resample Times = 0.369452
Result:
1111110101
1101101011
1101100110
1011010101
0100111111
1110111001
0011111110
1110100111
1110010101
1110001101
0110011111
1100111001
1100100111
0111110100
1010111100
1011010110
1110011110
1010100111
1110101110
0111011011
1010110110
1100111101
1111101010
1011110111
1110111110
1111111110
1011011110
1001011101
0111101100
0111011100
1111011001
1011011010
1101100110
0111010101
1010111010
1001111100
1111010101
1011101001
0101101011
1101111000
0100101111
1101110111
1101010011
0111011111
1010110101
1111011100
0101111001
1001011110
1101011001
0011110110
1111100001
1001010111
1111101010
1110010011
0011101111
1110101100
1011011010
1001111100
1100101111
1010111111
1011000111
1110110101
0001111011
0011010111
1001011110
1111001110
1010101111
0101101110
1010111111
1100010111
1011100110
0101110110
0110110110
1101110010
0110100111
1111001111
1110011100
1000111101
1111110010
0000111111
1100101011
1101011001
1111101111
0111110111
1111101001
1011111001
0101011101
1011100110
1000111110
0110011011
0111110111
0011111101
1101110010
0111011110
1111000110
1010011101
1011110101
1010011011
0101011011
1111010100
0010110111
1010001111
1111111110
1011111001
1101011101
1011111001
1011110001
1101001101
0110110111
0011111101
0001111110
1110110001
0110110111
1111010010
1101100111
1111001100
1100111001
0101101011
0001110111
0011011110
0011011111
1111010111
1110111000
1110011001
1011100011
1111111000
1011101110
1111110101
1111010110
0110111111
1101011111
1101001101
1011111101
1101110011
0011101011
1011000111
1001111001
1001101011
0111011100
1001111101
1010011101
1011110010
0101111101
1010110110
0101110110
1011100110
1001111100
0111101011
0110101111
1010111011
1100101111
0111111100
1011001011
0111011101
1110000111
0111110100
0001111110
0110111001
0111100110
0001111101
0011101011
0011101111
1111001111
1110011111
0111101111
0101111001
0101110111
1111001110
1011011011
0110011011
1001110101
1111111111
0101101110
1000011111
0011111110
0011111100
1011001111
1001111101
0011011111
1110010011
1101000111
1101010101
0111011001
0001110111
1111001100
1111101110
0110111011
1101010110
0111110111
1101010111
1111101101
1110111000
1111101111
1101001111
1111101010
0010101111
0010111101
1111011100
1101000111
1011011011
1111001101
1110100101
1111101101
1110010110
0011101110
0011111101
1010011111
0110111001
1110010110
0101011011
0101101110
1010011101
1001100111
1010110111
0011110011
1011000111
1001011101
1000011111
1110101100
1010101011
1000111111
0111001011
1011011010
1001110111
1011111000
1111101101
0111110011
0110111100
1110110010
1111111100
1001011101
0011101111
1110111001
1010110111
0101110011
0000111111
1111001010
0110101101
0011111001
1110010101
0111101101
0001111101
1011010111
0111001111
0111110111
1011110101
0011011111
1000111011
0110111101
0111011001
0111011110
1000111101
1101111101
1001111111
1111100111
0111111001
0010111110
1101110101
1010100111
1101110110
1111100101
0010110111
0011011111
1111111000
1101011011
1101010101
1111110110
1010011110
0011111111
1101100111
1110110100
0011111111
0111110101
0101011110
0111001111
1111110101
0111010111
1001111101
1101111000
1111000011
0101110011
1101101110
1010011011
0101101011
1111011100
0101110110
1110010110
1111001100
1011011101
1111000111
0111101011
1101111101
1001111101
0110011101
0111110101
0001111110
1011111101
0101011111
1100101111
1010110101
1001100111
1110100101
0110110111
1010011011
0111111111
0101110111
1111100100
1111001011
1100011101
0110101111
0101101111
0111010110
0001111101
1111100011
1011011010
1001100111
1111001101
1110110011
1010011110
1101110110
0011011101
0011111011
1111000111
1011001011
1111011100
0110111100
0111010011
0110011111
1111100110
1110001111
0111111001
1011101110
1101110011
1101010111
1001011011
1011011101
1110101011
0101011110
1110101100
0011111111
1010011101
0101011101
0110100111
0110110011
0101100111
0101101011
1001010111
0111010110
0100011111
1111001101
0110111010
1110010101
1010111101
1100001111
1101001111
0001011111
0110001111
1011011011
1001110101
1111001010
1101111101
1111001111
1101110011
1011101101
1011010101
1010001111
1101001111
1110011101
1011100011
0111110011
1111010010
0111111010
0110110011
1101100011
1100101101
1110101011
0011110011
0110111100
1010110110
1111000110
0101110011
1110011111
0011111001
1010011011
0111111110
1110001011
0111011110
1100010111
0100110111
0011101110
0011101110
1100101111
1111100101
0011011110
0101111001
1101101101
1101101010
1111000111
0101110110
0011111010
1011001101
1001110110
1001111011
1101011010
1101001110
0101111011
1101011011
1110110001
1110010110
1100011110
1110110010
0101101110
1111011110
1101101110
1111001010
1101011100
1101011011
1011110101
1111101100
0011101101
1110111110
0101010111
0100110111
0111011011
0011111111
1011011111
1011011110
1010111011
1100001111
1010110111
1001100111
1011011110
0001111101
0101111111
0111011110
0001101111
1111011000
0101110111
1001011110
1100101110
0011101111
0011111010
1111111000
0111111010
0111110011
1011001011
1010111010
0011011101
1010111110
1010111101
0110001111
1000110111
1011011100
0101101111
1100101111
1101100011
1111101000
1111111101
1011011010
1111111100
0011011110
1111010001
1011100110
1000111111
0001111111
0101101111
1101111100
1100100111
1100010111
0011110101
0110101110
0111101001
1111100110
1100101101
0011110011
0101111011
1100011110
1111001010
0101111011
1001100111
0110100111
0110011101
0111111011
1101010011
1111111110
1011011110
1101101101
1111100110
1101011110
1101110001
1011100111
1001101011
1001111001
1101100011
1101110011
1100111110
1110010111
1111101110
0010111110
1111101100
1110111001
1111110100
1110110111
0111011001
1011010111
1111011010
1111111111
1111001111
0011110101
1111111101
1110111011
0110001111
1101111000
1111010011
0111010011
0111111111
1111101001
0011110011
0110101011
0010101111
0110111010
0111001111
0111111100
1111100110
1001110101
1011000111
1101111101
1011011101
0111110111
1101111101
1100111001
0111110100
1100011110
0101111110
1110111010
1100100111
0111110001
1100111001
1111101111
1010111101
0010110111
0011011111
1001011011
1101110110
1111110010
0110111111
0010111011
1010110101
1111000111
1001100111
1111101110
1110010111
1111010001
1111110110
1111110010
1000111110
0111010011
0110111100
0100110111
0000111111
0111011111
1011110100
1101111000
0101111010
1110001110
1111111010
0101101110
0111011101
1010010111
1011111001
0011101110
1111110110
0111111001
1110111001
0111011011
1110111101
1110101011
1001110111
1010111101
1110100101
0100111110
0011101101
1111011100
1010111010
1011100110
1101100110
1011101100
1111000110
1010010111
1111101011
1111101010
1011101100
1011101101
1101101100
0101111110
0101011011
1011110010
1011101011
1111101011
0111010011
0101111011
1101100011
1110001011
0001110111
1110001111
0010101111
1101001011
0101111011
1101110001
0011110110
0111001011
1010111010
1011100111
1101111000
1100011110
0100101111
0011111101
0001011111
1010011011
0010111011
1011011011
0110011011
1011101110
1000111011
0111100101
1111111101
1100100111
1001011101
1110011111
1111000111
1101010111
0011111110
1110101100
0101111111
1101101111
1000011111
1110111011
1111110101
0011110101
1111000110
1110100111
1101101010
1110101001
0111101010
1101101100
1111101010
0111011010
1011110101
1100111110
0111100011
1011111110
0011011110
1110111011
1000011111
0111101010
0111001011
1011101111
0101101110
1101111011
0110011101
1100100111
1110101101
1110000111
1000111101
1111010010
1101110111
0011101101
1001111001
1001101111
1100011111
1110101101
0111111101
0101110111
0111101110
1111110100
1011101111
0111100110
0101011110
0011011111
1011001101
0111100011
0001111011
1001110011
1111111111
1110111111
0110111111
0111111001
1111110011
0110101110
1011001111
1100111110
1011011001
0101011111
1111101001
1101111110
0101111100
0101011011
1111110100
0111011010
1111001001
1001011011
1100111101
1011011111
1001111001
1010001111
0100111011
1000111011
1110111000
1000011111
1111110110
1100111111
1100101101
1110011001
1010111010
0110101111
1110110010
0100110111
1111100011
1010110101
1101111101
1110111101
0110011110
1101111000
1010101011
1101110101
1101100111
0111010011
1011100101
1101111000
1110001101
1001011111
1111010011
1110011110
1110110011
0111110100
1011111110
1011111101
0100111110
1011011111
1101100110
1110011010
1111101010
1010111001
1010100111
1101111010
1101100101
1110001110
1111100010
1010111010
1101101011
1101010101
1111110100
1010101111
0111110101
0111011010
1101101011
0110111110
0110111111
1111011100
0011110111
0111100011
1001110111
1100011011
1110001101
0111010011
1101101101
0110101111
1010100111
0110111011
1100011110
1010101101
0010011111
1011111111
0101110111
0111110100
0111001011
1110010110
0111110100
1101111110
1001111110
1011101110
1011111010
1110001101
1011011001
1001011011
1011110010
1101100110
0111111111
1100111110
1111011010
1111000101
1101011010
1110011010
0110110110
1000110111
1111101111
0101011011
0101101011
1010111110
0101111010
1001110101
1011100110
1101011100
0110100111
1100011111
1111101000
1001011111
1111100101
1001101011
1100101101
1101011100
1011110100
0101101110
0001110111
1101011011
1111000111
1111010010
0110101110
1111100111
1110111101
0001101111
0011011011
1111001101
1101101010
1010110101
1000111110
1100101011
1001011111
1101111100
1100110111
1111101011
1011100101
1100011110
0111110111
1111011000
1110011110
0111101111
0111010111
0110111010
1110010101
1110011010
1011111000
1010111011
1111000111
1110011010
0111111110
1010111010
0110110101
1010010111
1101110010
1011010011
0100011111
1110011100
1101110110
0010111111
1100011011
1101101001
0110110111
1011111100
0101111111
1110011011
1010011101
1011110011
1001111111
1011111011
0110011111
1111011110
0011101011
0001110111
1111101110
1111001011
0101111100
1111110000
0110010111
1001111011
1101010111
1111011101
1011010111
0100110111
0111011010
0110110111
1111011010
1111101011
0111011101
0110011110
0011111010
1111000111
0111010110
1100111111
1011110110
1101110111
1111000111
1100111001
1101101011
0011010111
1011110110
1001101111
1010111001
1111101110
1011110011
1010111111
1100110011
0101101101
1111101001
0110110111
1010111100
0110011011
1111100111
1100011110
0101101011
1111010101
1101001111
0111110011
1010001111
1110011101
0010101111
1011111101
1110101111
1001110111
1111111011
0011111010
1011011001
1111100110
0101110110
1001100111
1001001111
1100111111
0110111111
0111001011
1101101011
1111111101
1111011101
1110001101
1101110001
1011010110
1111100110
1111111001
0101111100
1101110101
1101100011
1111001101
0110111001
0101111110
1111110001
0110111001
1010010111
1001101101
0111011100
1111110100
1111101001
1110011011
1111010001
1011110010
1101001101
1001110111
1110010111
1111001011
0110111100
1110101111
1110010011
0110111100
1101111111
1011010101
1001111010
1111001110
1110110010
0111100111
1000111111
0100111011
1101000111
1100111111
0101011011
1010101101
0111001111
1111000011
1011001110
0101110101
0111110010
1111110010
1101011110
0100101111
1011111011
0110110011
0101111011
1011110110
1010111011
1001011111
1101010110
1011010101
1011010110
1110010101
0111001111
0111011101
1011100101
1101110111
0011100111
1100100111
1100110011
1010111001
1101101110
1110001101
1111000101
1111011001
1011110010
1101111001
0101111100
1111001001
1101110111
0111110100
1010111001
0101110101
1010111111
1100001111
0110110111
1100110111
0111101100
0111001111
1100101101
1110100111
1111111011
1001111111
0111010101
1011101011
0111011010
1110011001
0111111001
0111001110
1101111111
1110100111
0110011110
1010101011
1010101101
1111011000
1101110111
0110011110
1011111010
1101100110
1111011001
1111010011
1011110110
0110111111
0101111111
0101011111
1111010111
1001110011
1111110011
1100011111
0000111111
0011101011
1110001111
1000101111
1101111010
0100110111
0101111110
0110111011
1111011111
0111010111
1100111111
1101011100
1011110110
1101100110
0011011111
1100011111
1101111100
1101001110
1001010111
0010111011
1100111101
1110110101
1000111111
1111101110
0111100011
1111011001
1111011000
1101001101
1010110111
1101100101
1101111100
1101111110
1100111111
1011110110
1001111111
1011111101
1111011011
1011011101
0011101011
1110001011
0101111100
1011111100
1000111101
1110101011
1100001111
1111110100
1110011011
0100111111
1001101011
1101101110
1011011110
1011101001
1111011110
1010011111
1111010101
0100110111
1011100111
1100101101
0101010111
1111000111
1110100110
1101110101
1111110010
0011111111
0111011101
1110111110
0111011001
0111111011
0001111110
0101101011
0111010101
0110101101
0111111010
1101110001
0111110110
1011011110
1111110101
1111110101
0111111010
1010001111
0101011110
1111110110
0101011111
1111100111
1110001110
1110010111
1101000111
1000111110
0110011011
0110111011
1101111111
1001011110
1110110100
0010110111
0001110111
0101110011
1111111100
0110101111
1011111001
1110011001
1111001010
0110111110
0111001110
1101010110
0111010011
1111110110
1110110110
1111010001
0111101001
1111101101
0011101011
1011100110
0110011110
1011011111
1010111011
1010001111
1001110111
1001110111
1110101101
0011111010
1111100100
0111100011
1111110010
1011001110
1111100011
1000101111
1111100001
1001111101
1101010011
1111011100
0101101101
0101111001
1001110110
0101100111
1111001111
1101010111
1111110110
1011111110
1011110101
1110110110
1100011011
0111010101
1111101000
0111111001
0111101001
1100010111
0100111111
1011101011
1000011111
0011011101
1110010110
0111110111
1101011101
0001111011
1011101110
1101110111
1111000110
0111010110
1111011011
1011011100
1110011110
0111011110
1001100111
1010111011
1011101100
1101100101
0011101011
0101110111
0111100110
1101110100
1111110101
0101110110
0111001110
1000101111
0011111010
0101110011
1011110111
0110001111
1110011001
0111011110
1011011001
1010111001
0101101111
1111011101
1011101001
1110001110
1111001010
1100111100
0011111011
1111000101
1011010011
1011100101
1011001110
1011100101
1111011111
1011001101
1001111001
1101111101
1011010011
1110001110
0101100111
1110011100
0111111101
1010101111
1010011111
1110011001
1011010011
1101101100
1101001101
1101001110
1110001101
1010001111
1110011101
1011100111
1110101110
0110111010
1100111010
0110111110
0111011110
1111001100
1111000011
1010101101
0110101011
0010111110
1101100110
1011101001
1101110001
1111000011
1100001111
0110101011
1101111100
0111010111
1111111011
0011101110
0011111100
1101101011
1111110101
1100110111
1010101101
1111010011
1111011011
0011111010
0110100111
1110111001
1100101110
0111110110
0111100111
1111101000
1111011011
1110101110
1101111010
1111011000
1111101001
1011000111
1111111110
0110110111
1111110001
0001101111
0101011101
1011011001
1100111001
1011110100
1010111010
1111011001
0111110111
1101101110
1111001110
1011111110
0010011111
1011111110
1010100111
1000110111
1110011110
1101101110
0111001110
1111110011
1110110010
1110110011
0111111110
1010011111
1110001011
0101001111
1111111111
1101110100
0010111110
0011101101
0010011111
1110111110
0101101011
1110100111
0101101011
0100101111
0011111101
1001111111
1101110101
1110110111
0110110011
0111001111
1111100111
1100110111
1101101001
1011101101
0111100111
1110110110
1110100111
1111111000
1111010011
1110101010
1011011101
1101010110
1110010111
1101100111
0011110011
1010100111
1100100111
0101111101
0111110011
0111101101
1011111011
0111101110
1111010110
0111011111
0011111100
1101100111
1110001110
1000110111
1110001111
0100111101
1101110011
1011010101
1100101101
1100101011
0011111110
1011110010
1010101111
1101111110
1101100111
0111100011
0011010111
1010110011
0111011101
0111110101
1101111000
1110101100
0011010111
1111111001
1101110001
0111100111
0111011111
1011011011
1101111011
1010111010
1010110111
1110011110
0111101010
0110011011
1011011001
1111001101
1101001111
1011101100
1111110011
1111100110
0110010111
0111011111
1111001001
1100011101
1101001110
0010111011
1101010110
1101101111
1011100011
1111011101
1111010100
0011101101
1011101100
1001111111
1000011111
1001111100
0001111111
1100010111
1100011101
1111110111
1001101101
1110100111
1111010001
1011011101
1011011110
1111111110
0011101011
1011010111
1110001101
0100101111
0011011101
1110110001
1011111110
1110110010
1001111110
0111101101
0110101011
1101100110
1101011001
1111001110
1110001101
0000111111
1010101101
1010110110
0101111001
1100111101
1100111011
1010101111
1011100101
0001011111
0111101101
1110110101
1000101111
1110111010
1110001101
1101101011
1010110101
1010111110
0110111100
0011011101
1011001111
0110110011
1110011100
1010111111
1101011101
1001010111
1101111100
1110010101
1110100011
1101010110
1011101001
1110011101
1011111110
0011011011
1111010011
1011110010
0101111010
0100011111
1111011100
0011111111
1101101101
1011101110
1011111010
1111101100
0110101110
1101110100
1110010011
1101101110
1010111010
0110110110
1101111111
1111100100
0001111011
1110111110
0101101111
1100111001
1000110111
1100111011
1011101111
1111001011
1111010011
0110101011
0111011010
1110001101
1100111110
0011011110
1000111011
0011111010
1101110011
0111111100
0101101101
1001011111
0110110111
1111011000
0101110011
0011110111
1011110010
1110001101
0101111011
1101101001
0001111110
1111010110
1100011011
1111101101
1110100111
1011110111
0011111011
1011011100
0111010110
1101101111
0111100111
0111101101
0111101011
1110001110
1111111110
1101100110
1000111110
1011111011
1000011111
1110001011
1110011111
0110111100
1100101011
0111111100
0111110001
1111100111
1111110011
1111111110
1011101010
1011011011
1001011011
1001111110
0111011100
1101001101
0101111011
0111110001
0001101111
1010111110
0010111101
1001110011
0110001111
1010011101
0100101111
1001111001
1101110110
0001101111
0101001111
0111111000
1111100111
1111000110
1110101011
1100001111
1000111110
1010110110
1111101110
1011011001
1101111100
1110011100
1111111000
0111101001
0001101111
0111110010
0111101101
1110111011
1111011001
0110100111
0111001101
0110111001
1001011011
0101110101
1111100101
1111110100
0110011011
1101110011
1100110011
1110101100
0110110111
1100100111
1001101101
0111100101
0110111101
1111000011
0101011111
1001011110
1111111100
1110111000
1001011101
1110111111
0101100111
1111010110
1110100111
1111100001
1010111110
1010110110
0111011111
1100111101
0011110111
1110010111
1111111000
1110111011
0111011011
0111110101
1101100101
1110111010
1011011001
1111101110
0011110110
1111111001
0111101010
1101001101
1111101100
1110111001
1111110100
1011110111
0110011011
1011011101
0011111110
0011111101
1010110101
1110110111
1010111101
1011001111
0110011110
0111111000
1011110010
0010111101
1011111010
0111101011
1011101101
1111100111
1010011111
1100011011
0111101010
0101101111
1111011110
1110001110
0011101110
0110110101
1111000111
0010111101
1110111111
1001101110
1111111001
0111011110
1100101111
1000111101
0011101101
1011111101
0011110101
1110111010
1010111110
1011100111
1110110011
0110111010
0000111111
0110011101
0001101111
1011110001
0101011011
1001110111
0111011100
1001111101
1011010011
1110110101
1110111011
1110011100
1110101101
1010110110
1101011001
0111111110
1110110110
1010110101
1101011110
0110111001
0101011110
0100011111
1001101011
0111100011
1110110111
1101001110
1110011011
1100101110
0111100011
1110111010
1011111010
0110011011
1111110100
1101111001
1100110110
1110111111
1011011010
1110100110
1110101001
1111001110
1111101110
0110111100
0011111010
0111110011
1100110110
0110110011
0011101110
1110100011
0100110111
1110011110
0011011101
0101101110
0111101011
1010111100
0111110101
0111110111
1101011100
1101101100
1111101011
0011011110
0011111010
1101010111
1101010101
1101110011
0011001111
1000110111
1110011010
1100011101
0110010111
1011101001
1101111100
1111101001
1100010111
1111010110
1111101111
1010110011
1011111000
0010111101
1101111101
1110110011
1011101111
1100001111
0101011111
1101011110
1101111011
1111111011
1101111011
1111111010
0111010110
1100101110
1001011110
1100011110
1100101110
1111110100
0111011010
0110011101
1011110010
1100001111
0111001110
0101111011
0101011111
1111111101
1011110111
1111011000
1110110100
1010111011
1010110111
0001111101
0001111101
1101101110
1010101111
1101101001
1101011001
0111011001
0011011101
1100111101
1110111000
1100011011
1111000101
0111110011
1110110101
1110111010
1001100111
1111101111
1011111011
1001100111
0011101101
1001011101
1001101011
1001111110
1011011110
1011000111
0101111100
1100011101
0111110110
0111011010
1111001001
1101001111
0101101111
1010110111
0011101101
1111110000
0111101110
0101101101
1101100011
0101101111
1010101101
1110110010
0111000111
1101100110
1011010011
1010110101
1110101111
1100110110
0110011111
1101110111
1111111000
1101110111
0111011111
0101001111
1011101011
1111111001
1111101000
1111000111
1111100111
1111110001
1101000111
1111010111
1001011101
0100111101
0010111101
1110100111
0110001111
0101111111
1110011110
0101101101
1110111101
1111111000
1010111110
1110011100
1101001011
0110011101
0011011110
1011010111
1110111011
1111011001
0110111001
1111101000
0011011101
0010111110
1110010101
0100111101
0101010111
1011100101
1101001011
1110010111
0110111111
1011101001
1001111001
1110001111
0101011111
1110101001
0110010111
1110111011
1110100011
1011100110
1101011101
1001110111
0110011111
0011110110
1000110111
0011010111
1111010110
1000111111
1011001111
1111111001
0100111011
1111011110
1111011101
0101100111
1010111001
0111001111
1000101111
0111111001
1011110100
0111101001
1011111101
1111100101
1001010111
1001011111
1011111111
0110110111
1101010011
0011100111
1111010101
1001100111
1100110110
1001110101
1001111001
1111100100
1000110111
1001101101
0111110101
1100101110
0100011111
0011101111
1001101110
1101100011
1100101110
0110111010
1111110011
0011101111
1110110111
1110101010
0111111000
1111000101
1110100011
1010101101
1011010011
1111101111
0110110111
1100110111
1011111100
1011011101
0011110101
1110100111
1110100011
0111100111
1110001011
1011101100
0111110001
1101101100
0111010111
0110111001
1001011111
0111111101
1111110010
0111110111
1100111111
1110110111
0011101101
1101001110
0110111110
0111100101
1110110100
1101111111
1010101011
1110110001
1001111100
0011111010
0101101101
0011111010
0010111011
0111101101
0101110110
1110101011
0111110101
0101101111
1011111110
1101111100
0111011110
1111101000
0101011011
1110110001
0011111100
0100110111
1111101011
0100101111
0101111101
1011101011
1100110111
1101010110
0111110010
1101111001
1010111101
0111101001
1001011101
0100101111
0010111110
1011111010
1111100001
0111111010
0111111110
1101101110
1011001110
1001011111
1111000110
1001010111
1010011110
0011101110
1110011111
1101101101
1010101110
1001010111
1111100001
1101011001
0111101100
1011100110
1101100101
1111101010
1011101101
1111110100
1100111001
0111101111
1101111100
1000111101
0011011101
1111111100
1101111001
1111010111
1111110011
1111101101
0111100110
0101110011
1110111001
1100101101
1011101001
0010111011
0000111111
0101110110
1010101011
0111011001
1101101001
1101100011
0101111101
0011111101
0111101010
1111010101
1010011101
1001011011
1111001011
0011011011
1011001101
1111110111
1001110110
1111010010
1011101100
1001101110
1110101011
1011011111
1100111011
0011100111
1111110110
0110101011
1011100111
1010110110
0111011100
1111100101
1011011110
1101110111
1110110100
1001001111
0110110110
0001111101
0111101110
1010111001
1110110101
1001011111
1010101011
0111101111
1011110001
1011110111
1011101011
1101111011
0110010111
0110111101
1110110110
1101101101
0100111111
0111011011
1100111111
1111000011
1110110100
1001101111
1010101101
1011001011
1111101111
1010101011
1111010010
0111111111
1011011111
1001111011
1101110110
1101011001
1101100011
1011101111
0010110111
0111011111
0011100111
1111001010
1011100111
0111011010
0101101110
1101011111
1011101100
1101110110
0111111000
1111110011
1100110101
1101000111
1110011010
0111111101
1111010101
1111110001
1110111100
1101101010
0111010101
1101010011
0111111101
1101111000
1111000110
1000111101
1011011100
1000111110
1001111011
0100011111
0110101110
1110110100
0011111001
1010011011
0111011100
1111110000
1011101010
1111100011
0110110011
1010001111
1110110111
1110101011
1011011010
0011111111
1111110000
0110101101
1110101101
1001101011
1100011110
0111101111
1111011000
1110110101
0110101101
1011101010
0111101010
1110010110
1011100111
0101111110
0111100011
1101011001
0111011001
1110011010
0110110011
1011101110
1010110011
1101011101
0110011011
0000111111
1110110010
0110101011
1111110110
0111101010
1001111001
0111011111
1010111011
0110101111
1111100101
1101110110
1101100111
1111110110
0011101101
1110001011
1010101111
0111101010
1110011101
1010011011
1110010111
1111110000
0111101110
1111100110
0111110011
0110111010
1100110111
1011010101
1110001011
1101001101
0110110111
1011011101
1001011101
1111110011
1111101111
1100101101
0101011111
1101111110
1011110100
0111111011
1011010101
0111010101
1111111001
1101111001
1101001111
0101101011
1011101110
1000111101
1111011100
1010111110
1000111011
0011101110
1101011101
1101100111
1001101101
0000111111
1011110100
1100011101
0111001111
1110000111
1011101010
1101110100
1111111010
1110101101
1101010101
1011101001
1001111111
1101100011
0110011101
0111100111
1011111011
1110100101
0111011001
1110110111
1101001110
1100100111
1101110101
1111011100
1011001101
0001111111
1111100111
1111111011
0111011100
1011001101
0111110100
1111001011
1011011110
1000110111
1011101001
1110110010
1111001111
0111111110
1001111011
1100011110
1110011101
1111100010
0100111111
1111100011
1111101100
1011101110
1000101111
1100101101
0111001011
0101011111
1111110101
0110011011
1001110101
0010101111
1011111111
1101001011
0100011111
0111111110
0111101010
0110110011
0100110111
1011100110
1001101101
1101110001
1111010101
1101110011
0111111110
1001011011
1110001110
0011101110
1111111000
1101111010
1110001111
1101001011
1111100100
1000011111
1011111011
1110111111
0101001111
0110101011
0100111111
0001111110
1111110110
1010110110
1011001110
0011011101
0011101101
1010001111
1111101111
1011100101
0101110110
1101111000
0111111001
1011010111
1001011111
1111000111
1101110011
1101010101
1010110101
1001111111
1011011101
0111000111
1111100011
0100101111
0011110110
0110111101
1100111111
1011011001
1101010011
1110110001
1010110101
0011101101
1110101011
0111001111
1100111110
1111111100
1011011111
1010111011
1011110001
0101011011
1111110111
1011111100
1001111100
0101111010
1111111110
0101101101
0110101110
1001111101
0010101111
0110111110
1000011111
1110101110
0011101101
0101111111
0111110111
1101101010
1101110100
1111010110
1111010001
1011000111
1010111110
0111101010
0011110110
0010011111
1111001010
1110111010
1011001011
1100111011
1011011001
1010110111
1101111110
1001011101
1100111010
0001111110
1101010011
0101101110
1010001111
1111111010
1011001011
1000111110
0101011111
0011101110
1111100111
1011110110
1001111101
1101001110
1000111111
1010011101
1110100110
1101110111
1110100101
1101111001
0110011110
1101101001
1100010111
1001111100
1110111011
1011111000
0000111111
1101011111
1111101011
0111111101
1101011001
1101001111
1110000111
0111011011
1111100111
1111000101
1101001110
1111010001
1001111101
1010011110
1110111111
1010110110
0111111001
0100011111
0111010110
1111110001
1011011110
1011110001
1011100101
1100110011
1110110010
1011110101
1111011110
1111111100
1110111101
1111010100
1100010111
0101010111
1100011111
1100111110
1110011111
0101011101
1010111001
1011011100
0101111110
0011111001
1101011010
0011110011
0111011100
1100001111
1110110100
0100111101
0111110101
1010101110
0011111111
1111001110
0111011001
1010111010
1101100111
1111110001
0001110111
1111110110
1111001101
0110111001
1001110111
0111111101
1101001111
1110011101
0011111101
1101010111
1111010010
0111001101
1011001111
0111010101
1101001101
1111010100
1110111010
1101011011
1101111110
1101111000
0011111100
0011011110
1000111111
1110010011
1111000011
1111011001
1111111010
0010111111
0110111110
1011011001
0101111101
0111101111
1101110111
1111110010
0110110101
1111001100
1010111100
0011101111
1001010111
1101010110
0011111110
0011010111
0001111011
0101010111
0001111111
1101101110
1010111111
0110111111
1110011011
0100111110
1011001011
1101101110
0111110001
1100110110
1101010101
0101111110
0011110111
0011111100
1011100111
1011011101
0011111101
1011011001
1101001110
1110101101
1111101000
1010101101
0101111100
1110100101
1101100011
1111010100
1011111000
1110110001
1010101011
1111001001
1110011011
1110111100
1110110011
1110101001
0011111010
0111110111
1111110101
1101101100
0111101100
1001011111
1101110110
0011101110
0111111110
1010101111
1100011111
1010101101
0011110110
0110111001
1101011010
0011011110
0011011101
1111001110
1100111101
0011111110
1110011010
0111100011
1110111101
1001110011
0101111010
1010110011
1010101101
1101011010
0111111000
1111110000
0111110100
0110011101
1001111100
1011010110
1110111100
1011110010
1011010011
0101011110
1101001110
0011101101
1001001111
0101101101
1110101111
1011110101
1110100111
1011011111
0111011101
1100100111
1011011111
0111101101
1110011101
1101111111
1101101110
0011011011
1101111010
1111100011
1110011100
1111100111
0111111101
0111100101
1011111100
0011111011
1101110101
0111111001
0100101111
1010111001
1011010110
0110010111
1001011111
0101011110
1111111001
1110100101
1011110001
1010111110
1110110110
1001011110
1110111110
1110101001
0011010111
0101111101
0011011101
1111011111
1011011100
0011101011
0101101110
1111010010
1110010111
0011011011
1001001111
1110110101
1101101011
1111010100
1111100010
1111101000
0011011101
1011000111
0111110101
1011101101
0111101001
1111100110
1011111000
1010111100
0111001011
1101111011
1011010110
1110010110
0100110111
1101110001
1110110110
1101111101
0101111001
1111000111
1000110111
1110010101
1010101011
1011010110
1011110001
1010101111
0111111001
1001111101
1001111111
1110101001
1011110110
1101111011
1111001011
1001011101
1001101111
1011110101
0101011101
0100111111
1111001111
1001110111
1001100111
1001101110
0111011101
1111001101
1100011101
0110100111
1110110100
0111100110
0111011001
1011100111
1110111010
1100110011
1110100011
1100010111
1001011101
1010101011
1110011101
0011111010
0101111010
1101101010
1101111101
1010100111
1101011101
1111011000
1101011101
1111011000
1111100011
0101001111
1101100011
1111101010
0111111101
0011101101
1101011010
1110100101
0000111111
1001111101
1011100101
0111110010
1111111101
0011110101
1010100111
1101111110
0111011111
1101111011
0110111011
0011111011
0111001101
1110101100
0111001111
1011011110
0101111101
0110111001
1101101110
1010111111
1111100011
1100011011
1101100110
1110011100
1111011111
1101011100
0000111111
1111111011
0010111011
1110101101
0100111101
1011011011
1101100111
1010101101
0101011111
1111011010
0101101111
1010010111
1110100101
1111011010
1011101101
1101100101
0111111011
1110101101
1010111101
0111001011
1101001110
0110111101
1001011110
0111010101
0010111111
1101101010
1101011111
1101001111
0110111010
0100111111
1100111100
1001010111
1011010111
1110101101
0010111011
0011011101
1100100111
0101101011
1010011101
1110110111
0010111101
0101101111
0010111110
1100101111
1111100111
0111111100
1101011001
1011001011
1110111000
1001110011
1001101110
0011111101
0111011011
0101110011
1111110011
1111010101
1100101011
1011110100
0111001111
0110001111
1110111101
0110100111
0111100011
0111100110
1110110101
0011011111
1111110100
0101111110
1100010111
1000111101
1101110011
0101110011
1101111101
1011101001
1001111110
1100011111
0111001111
0111010111
1111110101
1110111011
1011011011
0011111011
0101011111
1011111111
1111111000
1110111011
0100111101
0011110111
0011111001
0111100110
0011110101
1110010011
1111111010
0111011111
1101111110
0111110001
0011110011
1011110101
1111111010
1110010111
1011101100
1110001011
1111011000
1111101100
1110110110
0011100111
1001111010
1100111111
1111110001
1110110010
1110110010
0110100111
1101111100
0001111111
1010111111
1111011000
1011001011
1011001101
0101110110
0111100111
1111010010
1101110010
1111001010
0111111011
1111111010
1001111010
0110111101
1110101100
1100011110
1101010111
1001110101
0111011001
0111010111
1011110100
1110101100
1101101001
1011011100
0100111101
1110001111
1101111010
1101111011
1011011011
1110010011
0111101101
0111111010
0111111110
1101101110
1011000111
1110111010
1011010101
1001101101
0101111100
1100011011
1010110110
1101100101
1101001011
0011101111
1100110011
1100011110
1111110011
0111110010
1111001111
0111111011
1111001001
1111111010
1000101111
1100101011
1001110110
0110111111
1000101111
1001111101
1011101011
0111110110
1011001011
0111110101
1000111101
0111011111
0100110111
1101110100
1111101100
0111011010
1000111101
1110110110
0101111101
0110111010
0111010110
1100001111
0010011111
1110010110
0111011101
0110011110
1001111010
1001101011
0101110111
1001011111
0111010011
1111110001
1110110011
1011101101
0110101011
0111101001
0111110001
1110011011
1001011111
1101101011
1101111100
0011011101
1111000110
0110111011
0110110111
1011111111
1110001101
1101110100
0010111110
1011010111
0111110111
0110001111
1010101110
1000111110
0111110010
1011100101
1100011011
1100011110
1101101110
1101111111
1111100100
0111011010
0111110011
1011011101
0111001011
1101011100
1011111000
1111111000
1010011101
1111111000
1111011100
1011011110
0101101111
1010011101
0110110101
1100101110
0101111010
1110111110
0111011111
1111000101
1101101100
1101110100
1011110100
1100011110
1111011110
1111101111
0101010111
1111000101
1111110000
0011111111
1111010111
1011110010
1011011110
0111111011
1100011011
1111110010
1111011101
0011011011
1111001110
1010111111
0011111011
1101111011
0110111011
0011111111
0011111101
1100101111
1111010011
1111000111
1011111000
0111101100
1110111010
0011111110
1100011011
0011100111
1011101011
1001111100
0011111011
1101011011
1101110110
1101111011
0011011101
0011011101
1110110100
1111011001
1011111100
0011101011
1011111010
1011110010
1101011110
0110111001
0101011011
0010111011
1010001111
0100110111
1111101101
0101010111
1111100011
1011100111
0011100111
1101100101
1111101101
1110111101
1111010100
1101111000
0011101110
1001011111
1111011001
0001111101
1110101010
1101111011
0111010011
1111010101
1110110111
1010011110
1001111100
1011110010
1110011001
1011111100
1110011100
1101111001
1111010001
0101111110
1011010110
1001101110
1111101011
1101111100
1001101011
1100110011
0101111100
1101110001
1011010101
1100110111
0011110110
0110111001
1111010011
1101010101
1010111110
0110110101
1011011100
1111011011
1001111100
1101101010
0111010101
0111101001
0110101101
1110110010
1111100010
1101011011
0110010111
0111010110
0011111101
0111111101
0111110101
0110011111
0011111110
1001111001
1101011001
1111110100
1001110011
1001110011
0101011101
1100101111
1110110100
0101111111
0111011010
0110011101
1110100101
1010101110
0010101111
1011111010
0111101101
0001110111
1110011011
0111101010
0100111110
1101011101
1011111100
0110111110
0101111111
0111111001
0111110011
1100101110
0101110011
1100110110
1011111110
1100101101
0011111110
1001110011
1111100100
1111110101
1110011111
1111100010
1001100111
0001111011
1100011011
1110011110
1111001101
1111000101
0111101101
0011011110
Time = 0.051s
