n = 9, k = 4, l = 2, m = 246
Expect Resample Times = 0.36191
Result:
000011000
010101100
001000110
000111100
100000011
111001110
000100110
110001111
010011110
010101111
101100110
001111000
111110110
001001001
110110000
000101000
000100110
010010010
100000010
000100010
010111011
001001001
111000100
101110000
101000001
110011101
011011011
110110011
111001110
010111001
000000101
111110111
110001010
110010101
110000000
100010101
001000011
100111101
001001010
101101111
010001001
100100011
001001101
101000101
001100111
100000110
010000101
100101000
110111011
111000011
101101011
001010001
110100100
111010010
001001010
000010110
001100101
110011101
100110000
110101110
101000100
111110110
000100001
100101111
100110011
101011000
111001000
011100110
100110010
111111101
110110100
010010000
011011110
001101011
010110110
011000101
001110010
100111100
001011101
100010100
001100011
111100011
111000011
001011010
110110011
001001010
001101010
111111111
101010010
100101100
111111110
111011011
100100011
010001011
110000000
110010010
100011101
001001101
111011000
110111110
011010101
110100100
110111101
100001111
011100100
000100111
100111101
101101000
001100111
011111000
010000111
111100100
101010001
010010100
011111010
001110011
101110001
110100010
000110100
110111001
111001011
010010100
001111000
001100111
001101111
110100010
111001010
101101111
011010111
011000101
000011001
110110101
110100010
000111111
001101111
111111110
011100111
010010011
110001101
011101010
011110111
001110001
000111011
111000010
100000011
010100001
111011100
100011011
010011100
000100001
010011001
110001000
001001110
110001011
111110001
000101110
001010011
010010001
001100111
011010111
100001101
011000011
011101110
001011001
111000011
010000011
110110111
001110110
100101100
001101111
100100011
011101110
100001101
101000011
110111111
001101101
101000111
100001010
110000110
111001100
101111111
101011110
100010000
011010000
010000110
011000101
101111111
101000011
111110000
000110001
010100011
111100000
111110001
000100101
000101011
001011001
000001001
010110100
100011011
011100100
000100111
101111100
011101110
111111101
101101011
100000101
010110110
011101101
001001111
010111011
100110100
111010000
011111010
001110100
011101010
010000111
111000010
000001101
001101101
010001000
011000100
001111011
000101100
011101010
111100111
100001110
100101010
110101101
101110101
110101110
100111101
101110001
111100110
100001111
011111010
101000101
111111111
010010110
111001000
011001111
000111000
001111110
011010101
001101010
000111111
111101001
Time = 0.003s
