n = 13, k = 2, l = 11, m = 660
Expect Resample Times = 0.632645
Result:
1111111001111
1111110101111
1111111111110
1101011111111
1111110111111
1111101110111
1111011111011
1111111011111
1111110111011
1010111111111
1111111111110
1110111110111
1101110111111
0111111111111
1111110111111
1111011011111
1011110111111
1111011101111
1110111110111
1111111111111
1101110111111
1110111011111
1111111101110
1011111110111
1111111101101
1111111111100
1111101011111
0111111111110
1111111011111
1101111111101
1111101111011
1111110111110
1110111101111
1110111101111
1111101011111
1101111110111
0111111111111
0111110111111
1111110101111
1111011111011
0111101111111
1011011111111
1111111101110
1111111101101
1111111111011
0111111111110
1111111001111
1101111111110
0111111111011
0111111111110
1111111111011
1111111101101
1111101111101
1101111101111
1111111111001
1111101101111
1101111011111
1011011111111
1111110111110
1011101111111
1111101111111
1111111110101
1011111111011
1111111010111
1111011111110
0111110111111
1101101111111
1111101101111
1111011101111
0111011111111
1111111011111
1110111111111
1111101111111
1110111111101
1111101111111
0111111111011
1111110011111
1011111011111
1101111111111
1111110011111
1111010111111
1111111101011
0111101111111
1110011111111
0111111110111
1101111111110
1111110101111
1001111111111
1101011111111
1111111110101
1011111101111
0111111101111
1111101011111
0110111111111
1111110111101
1110011111111
1111111001111
1111111101111
1101111011111
1001111111111
1111101111110
1001111111111
1011111111110
0111101111111
1110111101111
0111110111111
1111111111110
1011111111110
1010111111111
1111101111101
1111110111011
1111111111011
1110111111011
1110111111101
1111111110111
1111111101111
1111011101111
1111010111111
1111111101111
1111110111101
1101111011111
0111111111110
1101111111111
1011111111011
1011111011111
1111111011011
1010111111111
0110111111111
1110111111101
0111011111111
1101111111110
1111111111101
1011011111111
1101111111011
1111111011101
1011110111111
1111111011110
1111111010111
1111111110011
1111101111101
1011111111110
1101101111111
1111101111110
0111111111111
1001111111111
1110111111101
1110111111101
1111111101111
1111111110011
1110011111111
1110111111011
1111101111110
1110011111111
1111101011111
1011111111111
1110111111101
1110011111111
0111111111110
1101111111101
1110111111101
0111111111111
1111010111111
1011111111011
1110111111110
1111111111001
1110111111011
1111111111111
1101111011111
1111101111101
1101011111111
0111111110111
1110011111111
1011011111111
1111011110111
1011111110111
1111111111111
1011101111111
1111011110111
0111111111101
0111111110111
1111101111110
1111111001111
1111110111111
1111111011111
1111111111110
1011011111111
0111110111111
1101111111110
0111111110111
1101011111111
1111111111010
0111111111011
1111111110111
0111111111101
1111111001111
1111011111101
1101111111011
1110111111110
1111111110101
1111111110111
1111010111111
1110111111011
1111100111111
1110111101111
1011111110111
1110111111011
1111110011111
0111111111110
0110111111111
1111111010111
1101101111111
1101111111111
1110101111111
0111111110111
1011111110111
1110111110111
1011111101111
0111111101111
1011111011111
1011111111111
1110110111111
0111111110111
1111111110111
1111111111110
1111011111111
0111111111110
1111010111111
1101111111011
0111110111111
0111111101111
1011101111111
1111111011111
1111110110111
1101111111011
1111101011111
1011111111111
1110101111111
1111011101111
1111111110111
1011101111111
1111111011111
0011111111111
1011111111101
1100111111111
1011111111110
1010111111111
1111011111011
1111101111111
1111101111111
1101111111110
1111110111011
1111111101101
0111101111111
1011111110111
1111101110111
1110111111011
1011111111011
1010111111111
1111101110111
1111011011111
1111111110101
1111011101111
1111111111100
1111111001111
1111111101101
0111111110111
1111001111111
0111101111111
1101111101111
0111011111111
1111111110011
1111011011111
1111011101111
1111011111101
1111101111111
0111110111111
1110101111111
0111111101111
1110110111111
1111011111101
1110111111111
1101111111101
0011111111111
1101111111101
1101111110111
1101101111111
1101101111111
0111111111110
1011111011111
1111111101011
1111111101101
1111111100111
1111101111011
1111111101111
0101111111111
0111111110111
1111111011101
1111110101111
1111111110101
1111111111001
0011111111111
1101111110111
0111011111111
1111111111101
1101011111111
0111111111111
1111111101111
0110111111111
1111101011111
1111111101111
1100111111111
1111111100111
1111111010111
1011111011111
1111111011101
1111111110110
1111111111010
1111111101110
1111101011111
1111101011111
1111111011111
1111110111111
1101111110111
1110011111111
0011111111111
1111111001111
1111011111111
1111011011111
1111111111100
1011111111011
1111111101111
1111011111011
1111111011011
1111101111110
1101011111111
1111110111101
1111110111111
1111110011111
1111101111111
1111111110110
1111111001111
1011110111111
1111111111100
0111011111111
1011011111111
0111111111101
1111011101111
1111110111110
1011111110111
1011111110111
1111011111111
1111111011101
1010111111111
1110111111011
1111111111001
1111111001111
1111111100111
1111111110011
1111111111001
1101101111111
1111111110111
0110111111111
1011111011111
1111111111110
1111111110110
1111101101111
1111001111111
0111111111110
0111111111101
1011011111111
1011111111011
1111011111011
0111110111111
1111011110111
0011111111111
1101111011111
1111101111111
1111011111110
0101111111111
1101111101111
1111101101111
1110101111111
1111111110101
0111110111111
0111111111011
1101101111111
1011111111011
1111111011101
1111110111011
1111111111011
1101110111111
1111111101111
1111111111010
1111111111011
1101111111110
0111111101111
0101111111111
0111101111111
1111011111101
1111111011011
1011111111111
1110111111110
1111111111100
1111011111011
1111111011110
1011111111110
1111110111101
1111111110011
0111111011111
0101111111111
1111011111110
0111111111101
0111110111111
1010111111111
1110111110111
0011111111111
1111111010111
1110101111111
1110111111011
1011111011111
1011111111011
0111111101111
1111010111111
1110111011111
1111101111111
1111111101110
0111111111011
1011111111111
1111111101011
0101111111111
0111111111111
1111111001111
1111011111111
1111111111100
1101111111101
1111011111111
1101111111110
1111111111100
1111111110110
0111110111111
1111111011110
1110101111111
1111011011111
1111101101111
1111111110011
0111110111111
1111011111110
1111111101101
1111111111111
1111011111101
1111110111011
0111111111011
1111111111100
0111110111111
1111101101111
1101111111101
0111101111111
1111111111010
1111111011110
1011111111011
1111101110111
1111110111110
1111111111101
1011110111111
1011110111111
1111010111111
1111111101101
1111111101101
1111110101111
1110111101111
1111111011111
1111101111011
1011110111111
1111111011111
1111111110111
1111111111111
0110111111111
1111110011111
1111111110101
1011111111011
1101111011111
1101111111101
1110111011111
1111111110111
1011111111011
1111111111110
1111101011111
0011111111111
1111111101111
1111110111101
1101011111111
1111001111111
1111111110110
1111011111110
0111111111110
1101111111110
0011111111111
1111101011111
1111111101111
1001111111111
1111010111111
1110111111110
1111011110111
1111011101111
1111110111110
0111111111101
1111111011101
1111111011101
1101110111111
1111101111111
1111110110111
1111111100111
0111111110111
1111111110011
1111111100111
1111110111111
1011110111111
1101111111111
1011101111111
1111101101111
1111011111111
0111111111111
1111111110110
1110011111111
1110101111111
0111111111111
1101111111111
1011011111111
1111111111011
1101111011111
1111011111101
1011111101111
1111111011011
1111101111011
1111111111100
1111111101011
1111011111111
1010111111111
1111110111110
1111111111110
1101101111111
1011111110111
1111111110111
0111110111111
1011110111111
1010111111111
1111110110111
1011111110111
0111111111011
1011111111011
1111111100111
0111111111101
1110011111111
1111110111011
0111111111011
1111011111110
1111110101111
1011110111111
1110111101111
0111111110111
0101111111111
0111111110111
1111100111111
1110111111011
1101101111111
1111110111111
1111111111001
1111011111101
1110011111111
1111111110011
1111011111101
1111101111111
1111111101111
1110111111111
1110110111111
1111111011111
1111111111110
1111111011110
1111011111101
1010111111111
0111111110111
1011011111111
1011111111101
1011101111111
1111111111101
1101111011111
1111110110111
0111111111011
1111011110111
1110011111111
1111011111110
1111111100111
0110111111111
1111101111101
1011111011111
1111111111110
1111110111011
1011011111111
1111111101110
1111010111111
1010111111111
1101111011111
0111111110111
1111101101111
1111110111101
1111111110111
1110011111111
1011111111110
0111111111111
1111011111110
1111111101111
1111111110111
1011111111011
0111110111111
1101111011111
1111110111111
1011111011111
1111110110111
1111111111101
0111110111111
1110111111011
1111111111010
0111111111011
1011101111111
0111111110111
1111101111101
1111111110110
1111111111001
1111011101111
1111011111011
1001111111111
1011011111111
1111101111110
0111111101111
1111111100111
1111001111111
1011111111101
1111111011111
1010111111111
1111111110111
1111110111111
1111110111110
0111111110111
1110110111111
1111111011011
1111111011101
0111111101111
1111011011111
1101111101111
1111011111101
1011111111110
1111101111111
1111111101110
1101111111101
1110111101111
1110101111111
1111101111101
1111101111111
0111101111111
1111111111110
Time = 0.024s
