n = 17, k = 7, l = 1, m = 3367
Expect Resample Times = 0.367838
Result:
11010111110001001
00001100010000000
11100011111100111
00001010001000010
10001101001001101
11010001010000110
10010110101000011
11110111101010001
10110010110101010
01011101101001110
01001001111111110
01111011010011101
00100111110100100
10001000011001101
10000011000010001
10100000010110101
10110011010010100
01001001110010101
01100111001110000
01100100000011101
10101101101000110
11000101010110011
00111101110100011
11100000001010110
01101100001011001
01001111101010000
00011000011110010
11111110001100011
11011001110010110
10101001000010101
00001011000110110
00001110110100000
11001011111010011
00011010000000100
01100000111110010
10100110001110101
01011011010111010
11011001110111111
00011011011101000
01110001100111111
01000110010111001
11000101010111001
11101011010111011
00000110011100101
10110111110111001
11000100101101010
11110001011111101
10110010111000110
11110001100011110
11010011101010101
10010000110010010
01010011000101111
11010110011010110
01111001110000101
11000110110001010
11111000011000101
10100100111010010
01110011010101110
10000100111010011
01001010111000110
00000000000111100
01000110000101100
00001111000000010
10000011011011100
01100001001000110
10101000010111010
01110000010111000
10100100001101010
10000101111011010
11010000011000110
01000100000101101
01001100101010101
11111111100000011
10001111011101010
01110000110100110
00011010100111101
11110110111110111
01111101011100110
01011111011100000
00010001110110110
00010110000101101
01101101100110111
00001011110000101
01110001001001000
11100011001111111
01010010110001111
00000101110011100
11000000010000010
11100110001000100
01010110010010101
01001001110110111
10000110100111101
01101100101101111
10100100111010111
01101100101011010
00100010111010000
01010110100011110
00100011110101100
00011000100101110
10110000010001110
01111110111101100
11111011100011010
10000100011000101
11001100011010110
00111000010001100
11110111110110011
11001001111011110
01010000110000001
10110010000010000
01111111110101110
00100111111001101
01001100110000111
01111111111000010
00100101111011000
00101010001111001
10010101011100110
00100000011011100
11010101010001000
10110011001110110
10001011010110111
10110100000100010
00101000101110111
01110100100001000
10011101011000001
11001010010111001
00100000101101011
11010100100000000
00001111110000100
10101101010111011
10010010111011010
01100111010100011
00000100000010000
11100001100111011
11011001000011000
10000000101110000
01110001100001000
11110001111011101
01000110111011001
01000010100000110
00100111011111101
01010110010110000
10011101111011100
00100100010110111
01010110011100001
11110110011001000
00010100001111011
11000101001000101
00001010111000101
10011110010110000
11011001101010110
00010110010100110
10111011101000010
00010110111001011
01111101010000000
11110111100111000
01100001001110100
11101010010011001
11101100001111110
00111011011100111
00010010000110100
00101001101111000
11010000110001000
00000011111111111
10000101011011000
00110111100001010
00000001100001000
00010011001010100
00100101011101110
10001010101111011
10111000101011000
11000011001100011
11001010101100010
10110110011101001
11110000110010100
10101010101101110
11001100101001010
10110111111000011
10001001111001111
11000010000100010
00011011101000101
11100101100011000
00101011010011110
11011010110111100
10110000001011010
01101000110010100
01111110000011000
01100011101110000
11011000001111001
11001110010111001
01111101100100101
10001001101101111
01010101010001001
01001011010101110
01100010111011100
10100101111001011
11111001100100000
00110111100010100
00100100101010010
11011011101110001
10010111010101111
01011110010010100
10011101001100110
01011011111110011
10101000101111000
00011010111101111
11110110100100010
10001100100000100
00101111001101010
01100000010110101
00010001101110110
11110101110110110
01000101110010100
11000010000011110
00110111100001100
01010001101010000
01111010100100111
00011001110001101
00100111110101110
01110010110110000
10010010000101001
10100101010001011
10100001100011001
11111001101001001
10110101010100001
01000100010011101
00011101110001110
00011011000110101
11011010010010110
00001010111011101
00010010001010000
10111110110110101
11011100001011100
11011010001010001
11000110100010011
11000111111110100
10000111100101011
00110101010100000
11001111001011011
01001011001011001
00100110111001010
00000001011110010
11011001001100011
00100110000011111
11001101001110010
10000000110011000
10110001101100001
10010100010001110
01000100001101011
10000111000010100
00111001100110011
00001111001111001
10100011101010011
00001010110000100
10111101110010001
01110101000001111
01111110000110111
10110011010111001
10011000100101110
11111000000011010
01011001100000111
01101001101001101
11001010010010001
00011100010011011
10111100011011111
11110100011100001
00100000101011011
10110100100111100
11111111110101010
00111011011111100
10101100000100000
00001000011011001
00101010110110101
00100000110100111
10000001010110000
11111101111011010
11111011101001010
00111001000111011
10011010100100101
00110000111001011
00111010010100100
01100110010100101
00111001011100011
00001100110111100
00100101000000011
11011101000000000
11011101101110111
01011011010111001
10001011010100011
10100101110001100
01111111110101101
00110001111111010
10011000111100000
00010110101001100
10101000101010000
10111110100101111
11010111100010011
11110101011000010
01001010110110000
11101111110110000
00010111011110110
11100111010101100
01101010011110111
01100101010111101
11010100111111101
01001010000100000
00111001100101101
00111010011110010
11110001000111101
11011010011001001
00110001110100101
10100110011001111
01000100000111101
11111100100000101
01100010010101010
10011100101000000
10001010010010110
01001100010011001
01011001111001000
00100011010011001
00011111101011011
00101111111111110
01001110101111001
10001010001011010
11010010100010001
10101000111001011
11010111001000010
00001100101010101
11100011111000001
01000110001100000
00000111010101011
10100000100011100
10110101001110001
00110000110000001
11001000100001100
01110110100010100
00100101001011010
00011111001001111
11110111101011000
10100101101100101
00001010100110001
11011100111100001
00001000110111001
10111011000110100
01110001010001001
01110011001101010
00000011001111100
00110010101010001
01000110010001101
00110101011110010
01111111010101110
00111010111001010
00011000101011110
11111000010001000
00110000000100101
00101000101001000
11011010010100100
00111000000110110
01001001001010000
10000001010110001
01001110011100100
10010011111110000
00011000010010111
10111011000111000
10110111001101011
00011000001110100
11111100100111110
11101101011100100
00101111110000001
01010001110011011
00000011001101110
01001010001100100
00101100001001000
01111100110011101
10010010011100011
00001011101010100
11011001110110110
10100110001000011
01111001100100000
10000101100010111
00111001111011110
10110000010101111
00001010011101010
11011001101100010
10110011010100101
10101000011000100
01111100001110001
01100010000011101
10000000100010111
10010100100001110
01001011111110100
10011000100010010
01110000111111000
01111110110100111
01001111100011011
00101101010111100
00000110000001011
01111101000000111
01101010010111001
01111001101110111
01010111111001110
01001111101010000
01011110111011101
00001001101011010
10100111000000010
10111110011100101
10100110111100111
11000000110111000
01010010100100110
00101110001001011
00101111100111010
11101101110010111
00100000111100010
10110001001001100
11101100101000010
11100101100010100
00001110010101110
00010101010001101
11110110110110010
01000001100100111
01110001101001011
00111100110000000
11100000101011001
01001001010101111
10011010101000000
00010100101110010
11110111101100100
11110111000111001
00010011000000001
11101110100010000
00011011100010011
01100000100110101
11000111111000000
01001011011000101
01110000100100000
00010111100001110
11000010010110110
01110110011011010
10100001101001110
01010010010111001
00101011001001111
10100101110000010
01010111111110001
10101100110001001
10110100000111000
01011001110000001
01111000011010100
00011011011000110
00000010000110001
10000011100011001
00001101001010011
01001011101000111
11110111000000010
10010010100101000
00111110100001001
00000101100001101
00111011101111110
01001100110111000
01010011110111010
11011110010010011
10011111101111110
10011110001101110
11001110001101110
11110000101110011
01000011001011110
10111010011100011
01001110010100011
11000010101111001
01110000010011101
00010110000101101
11111100100100110
00010111001010111
10100010011010011
10110011000110010
00000000000010010
00110000010100001
11010111110110000
10111010110011000
10101011010111010
00001110101011001
00010011001011100
11000011111110011
10001001110100010
00011001100101110
00011001000101001
10111011111111100
01011011010000100
10100101100010100
01010110010011100
01100110010100101
00011100110001000
11011001000101000
10111011101000110
00111100010001011
10011101000100101
10011100111010111
00001000011001011
00110010011100010
01001100100001010
10111011011001100
10000101001010100
10001101111101100
10101001110101111
11000001111110000
00011010101110111
00001011000011001
01110001100010111
01101110111100110
10100100011000110
01110111100001010
11010100001100000
11111100101111010
01100110001000000
10110110100011101
11000111010100010
11110000010011011
01010110011111000
11001101111010100
00000100000100101
00111001000110111
11110001110101011
11110111011100100
01001111101010011
01011001101111011
10101111111101111
10100011110111101
00011110110010000
10110110110010100
00110010101010011
01001100000111011
11000101101001011
00100001000000100
01000110110010001
10001011111000000
00111000010011110
01101100101000101
01111111111111111
11001001000110000
11001110101001001
00110010010001000
01111100000011101
10110010010110000
00010101111100100
10000100001101010
00101101111110111
01101010010001010
11001111101100011
01101101111010100
01110111110011111
00110100010000010
01101100110010100
00100001111001100
00110111001001010
11111010111010110
10000000101000000
00111110001110110
00011000011100100
01100001100011110
01100111001011001
01010000000011011
10011001111110100
10100010011011000
00000001011110110
01011010010100111
00111101111010000
01100101110010000
10110101100100100
11100110011111011
00111101000111001
11100010001011110
01000100010010001
00100101001001000
11100100110010101
01100100011001110
01110001010010011
11001101000100100
11001010101100011
11100111000001011
01011111100010000
00001000010101101
00010101101101000
11110110101010011
10111010000010110
01011000000101110
00011100111011101
11111011111011000
10010001101110011
00001111100000010
01011011001111001
10100101101101111
11011111011100000
10001011111011110
01111000001100001
11100011110101100
11001100011101101
01000000010110110
00111101000111100
11100011101010111
01000111011111110
11000110101110101
00011111011101001
11111010001100000
00111111100011101
01100001110010111
00010111100011000
01010010110011001
10001100100000000
01101110111111001
00100100110110110
01101001110100011
00111101001011111
01100100000111110
01010101100101110
01100011000001100
11110110110111001
10001101000101100
01010000010110110
01000100001100001
00011011111111000
11010001001010100
11000001001111101
11011011100011111
01001011111111110
10001111001101001
00100101011010011
10101100010001001
00110010000001011
00110011110101001
01001110110110010
11000101000001101
01010010100111001
00011000110101000
10111111010110100
10010111111001110
10110111011111111
01110111110001010
10111011110011111
01000001000000011
00011011000000101
00110110110011001
10001001010100101
00100010110010001
01010001100011100
11101100000010001
11111100001101001
10111101110010110
01110000100010110
00011110101010100
01111000010001011
00101101001100101
00000101110111100
01100100001011110
01001110110111011
11001101000100000
10001011000010101
00001110101100101
11011100110100101
01001111100101011
00001011110010110
01010010111001100
01001110110011101
11001101000111111
11100011111011110
10010111101011000
11101111010111101
01010000011101101
10001011001111000
10110101001100110
11100010111001100
11100001110111011
11011011001001111
00100110100010001
10101101001001110
11110011011011000
10100110011000110
10001011100100010
11100100100001101
01011000000010001
01001011100001001
11001001111101011
11101100111000101
10000111011100101
00100110001110100
01100111001100110
11000010110100010
11001010000110000
00011111111011001
10110000000011000
01000111000110111
10001110011011101
00110111011011111
00010011100100100
11100000101110001
01010100011101101
10000010100011100
00111000000010001
11101110101110100
10100001011001111
01110111010101100
10100011010011011
00010100001101101
01101000101110110
11000111000000000
01110111101110000
01000111010100100
10001000100010010
10010101101110110
01110101100010001
10010110100010100
10000010000111110
01000000010010111
10011001101000100
10100110100100111
11001001000001110
11011101001100100
01000101010110001
00000011110011011
01110101111010101
00011111011111100
11010111100100101
10100110111101011
00000011111001101
00101011000000011
11001010101111000
11011000100111110
01110010101111111
11010111101110110
01111100100000101
01011101001010111
10000011001110110
01110110011101110
10101010101110011
01100111111100101
11010111010010100
10111110000100101
00111010010011101
01011110111000001
01000001100111111
01110111101000100
11101011010100011
01101110000111111
11111000010001110
01010001010000011
01010101111111001
00110011111001101
11001010010100101
11101011011010110
01010001101110100
11101111010111110
00001111010000101
10100100101000011
01111011111101000
11001101111001001
00010010000111111
10000011111001000
11111010010001001
11110101111011011
11110100010100100
11011110110010010
00011000001110010
10101011011010111
11110001010010011
10110000011000100
00010000100001101
11001111100101100
10000001001110100
11000001100000101
11110100010000011
00101001000000110
00101101110000001
11110011111010011
11011100111000111
00000010111101100
11001101010100011
11110000101100111
11010110111111101
00010110111100101
11001010000010000
01000000100110001
11001010010101100
11100100011111000
10101010101111110
01110101010011010
10111111100111011
01001101001101111
00111010001110100
10110111001010110
01101101110111000
00000100001100101
00100101010001001
10001011110010001
00111110110100010
01000100111000100
01010110111001100
10001100101111011
10111100000001010
00011111100010111
01010001101011100
00011101110010111
11000101001111000
01000000011000100
10111100001011111
10011111101010101
00000100011110010
11000001011001110
00000110111110100
00100110001001011
10100110101101011
01011000010101010
10001010100010101
11101110011011000
01111101010110010
01110001011101001
10011000000000110
00101011100110011
11110101011111110
01000110110011000
01100001111010100
01111000011110101
01011001011011100
00010101101010010
00011100000101111
11110110011110000
01000000100110100
00111100111101000
01010011000101100
11101101011100110
11011001010110110
11001000111011110
01001110101001000
10010010001111000
01010011000110100
10101110000111100
10100100100100011
11011000111101001
00011011011010101
01100001001010101
10110110001110100
10011101111011001
00110001001000101
00100011101111111
10011010101101100
11110110000000111
00101101001011110
11011101110101110
10111001100111001
01101011100000011
11001110011111101
00100111110100010
11110000101110001
00001000110100000
01011010010101100
10001100111110000
10111001111101011
00010111111110011
11100111111101110
10101010101110010
00110000011011001
11011000011001011
00100101100010111
11101110100011000
10111100111000000
01000111111111010
01000111000101111
00010011111001101
00100111101100010
01001010000111110
11000011101000111
00110110000111001
00010101000111010
00010011011000101
01111010101110100
01000001011101111
11100100101100101
11101001010110000
11110011010110010
01000011101100001
10000101001001010
11111000011100011
10010101110000101
01110010100010001
00011100101001111
10100110001101110
00010001000110010
00101000001000100
01010110111101000
10111101100011010
10000101010000100
11111110110110000
01010000111000010
01010010100000101
00000110000011100
11100010101000110
01011101001111000
10100010111000101
11011111110100111
00100011011101010
00001010001001011
11011101111101010
10001000000110000
11001100101111100
00001110101011111
00110000000001010
10011001100101101
11011111100011011
11010100010010010
00100101100011100
00010000100001010
11111100111010011
10011101010000100
10101011010001010
10111111011000110
01100011110001011
00110000101001011
00110010100010001
10011100001100001
01101010101000110
10100101011101010
00000110011101001
11111000000001001
11001011001111001
01001011110001101
01000111111100001
10100011000111000
00001110010010111
10110001100000001
00011110101111010
00101001011001100
00010101100001111
00011111000111110
11010111010100011
00011011001011010
11011000110010000
00001100001101000
01100100110010011
10101111100001111
01101110110101010
10001011110111100
10101110110000110
00111111101101010
01100111000101001
01011111001000001
00010100001010101
11000010000011010
01101100101010100
10000111101010101
00001000000010111
10011001000010011
00011110111010101
01000001100010000
01000101011000001
10010110000101101
11111110010100101
11001110000100111
11010110101001011
01001100100100110
10011110011101111
01111100111001111
11110100011100101
10111010101011010
01101111110111100
01011101111111101
10100111011011111
10111010011111001
10110100001010100
11000011110010001
11000101100011100
00110111000001100
01100001001001001
01001101000011101
00001111011000110
10111111111110101
11001100011001101
01001001101101110
10010000001001001
11100110011111100
01100000101101110
01010111110001000
00100100010011110
00011101010111110
10011011011101010
00100100011101101
11100000101001001
01001000101100001
11011110111011100
00001110101111000
01111010101000100
00101110000101100
10101101011111001
10011001000101001
10000001111100010
10111011111110000
00001101010111000
00101011000011101
00011110100110101
10011100000010101
00101111111000010
01101110101111100
01011000001000110
01001011101001000
10000101111101001
01011011101001010
11101101110001101
00000011101101111
11100011011001001
10110011100101011
00000101000111000
11100001010100110
11111011110010110
01110011110011101
11011111001101011
00011111001010010
10101000111000111
00000110001101110
00010010110000100
10010000100111111
10111101111000010
10100110111101101
00010110100100100
10011000000010001
00101100001010001
11010101111001111
10010000100101110
01010010010101101
01011011100111010
10100100110010110
00000101101110111
10100100011000110
10100101011100110
00001100001000100
11110011101001000
11100111001110001
00100010010111111
00001011110000001
01011110100100000
00101111010100111
01000111100010000
11001011011001110
01111111011101001
11110100011010010
10100100111101101
11100100101011001
00001111110001000
00101110010110010
10001011001100000
11001111101111010
00010111100001001
00000001110111000
11000101110011001
10011111010001000
10101000010110101
10100111010100101
00010111001000000
00111010111100001
00100001000000111
10100111101110100
00011110001000010
01101000001111001
10110010101101010
10001011001011010
01011101011110110
01001011101000010
01100101100101000
01101000100100110
00101100110111000
00101111111010111
11101011101100011
10011010100010000
10010101011100000
11011001000110110
10001010011011100
00111011010011000
01000111011110010
11111000000010101
10101000010010011
01111010111101001
01111111011110000
10010100110101101
01100110001001001
10111001010101110
01110101101011100
11000101100100010
01100000011101111
00100001011110011
11111010110000011
01000011011100111
01000010110001001
01100011000010001
00000101011111111
10010010101000100
01110011111000010
11110111010111100
10101001010100111
01011011010001000
11111010101001011
01000010011101010
00110001100000101
00111000101010000
10010011011011011
01001111000110100
01011100001111010
00011100101101001
00100111111111011
00111110111111111
00001010100000111
11010000101010010
10000100111001100
01001110111110000
10100110000000110
00110011000000010
01110111110000100
10111011000100011
01101111110101010
01000100101001110
01001000011101000
01100110111110011
01001110100110011
00010011111110101
11001001011011010
01001100111011011
00111001000111001
00000110011111101
00110110000100010
10011011100101100
10110011000111010
00011101001100011
01111010100001111
11111100101011100
11001101010101010
10101010011001010
01011111000110001
10101100110010111
10100101110111011
00001010001001001
01000101111100101
00011000110101110
11001110100010011
11100010000011010
10000010110111101
10111001100101000
01001101111110001
11101100001110110
00010111010010010
01111010011110011
01011011010000001
10101111100101000
11001100001110100
01100111101100000
10010101001000110
10011011101011110
00100110110010101
10010000000000111
01000000011000000
11101010101101101
10010101010011000
01111000001000000
10101000000011110
01101110110110011
10110110000100000
10000100101000000
01110011101000011
01011011011010101
10101001101000011
00011110011100101
10100010100000100
10111111010101101
00110011101000001
00111001001101100
01010000001110011
10010100001101000
10101000001010000
11111101010011000
11100000111101010
01111111001100001
10001111000101001
01111111011010110
01100111010000000
00011100000101100
00101101011010011
01110101011001011
00111011001000001
10101011011000011
10011001001001101
00100111011000110
00111101101101100
10101011100100110
00011000110100110
00000010101001010
11011001011000101
01011100011000101
01111111001101101
01100011011111001
01101110001000110
01001000100101000
01110110100100011
10011100010110110
00000110000010110
01101011000110101
01111101111001001
10100001101010101
01101000110110010
00101111111011110
00000010010111101
00101111111100100
10110010011011010
11001001001101100
10110000110001110
00001010001010011
10101100011101001
01011000010000101
00110010111011100
11110110111010100
11111110101011000
01011101101000001
10001111011100110
00011001010110010
00010001001001101
01010110000101111
10101110001011011
00100111110101110
10110000110000110
00110011010000000
00101001001011001
11101011101001010
00011111101101011
00010010101001100
10100001010110001
11101111101110010
01010011001100101
01101111000000111
10001101011110100
11011101010000000
10101011111111101
11001010011111100
01101111010100010
00111100001011100
01011111001111010
11110100110101100
10000000111001000
11011100010001111
11100110101001001
10110101100011111
01000000101000011
11101010010110110
00001111101001011
00110101010000100
01011010101101101
00110000001011110
10000111100010100
11000100011111110
01111100001010101
01101001010101010
10011001000110001
11011100001011101
00011001010100000
10110101011110111
01101111101001111
10111010100101001
10011110000001110
00110000011000001
10000010011001001
10111010000010010
11110001110010111
11110011111100100
01111001101111011
10001000110000011
01101011101010111
01000110000100010
10100101110000011
10001010100000000
10011001101011100
11111100001101101
01110100101100100
00110001001110111
01010011010101001
11011010011001000
01101100011000101
11101111001011011
11101111011000100
10110010100101000
01111010101100110
00001001111010111
00001011111001000
01011001100010111
11010110011110001
01011100100001100
00000101101110010
10011110001100110
00110111010010001
11010110001101110
11001011111101010
01111010011000110
00101010010100111
00010001101011100
11010111011111011
11110010110011111
01111001001100001
10001101000011101
01101110010111011
11011011101100111
10010101010000111
00110011111101011
01111000110101101
00111110111100100
11111100010001110
00010111100010110
00110000011010110
00001001101011000
01111110111101110
11010011000010100
01100001101000000
00001110001111100
01110010110001011
10000010010000001
11000001110000010
01111000001111111
01110000101111010
00011100110110101
01000010000011000
00011101110001111
00010100010000010
01000111001100001
11101110100101110
10110001000111110
01100111001101101
10100111111101110
01101011101110001
11011000000100001
00000011111111110
00011001110101100
01000100010011100
00101110100011100
00111111010100110
11110101000010100
10001000010111100
11100010111001000
11010010010000000
11111101111110010
00001100001100101
01010001001001000
10111011011010110
11100111010000000
10101110110010010
01000101100100101
11000110110000000
10101011110000110
11100101111101010
10111000001110000
11010110010011110
00110111111010110
01110010111011011
11010001000011000
01110110000000001
00100100101010000
11111100000110100
00010001111001100
11101000001010000
10111100011001111
11011011100011010
01000101100111011
10110011110000011
00011101000110011
01101110000001101
01110110100010101
01011010000100100
11111000001100000
11110000010110011
11000010001101000
10011100010011001
10101110010001000
11000000110100010
01000010101111110
00100011110100011
11100000111000110
11000100010010001
10001111010010110
01001100010000000
10101110101001101
11110100100110001
10010110000110100
00101110100111110
01100101110110011
00000110001010100
10011000000111100
11000010110110001
00011111111010000
01001010010100100
00100111011101111
11100000100010000
01111000101100100
11000000001110001
11111011000011010
10101000000111111
10000000110000010
00001010010001110
10000001011011011
01000010110010100
01100110101110010
00010001110001000
10100110010110011
01001110110000100
01001010110111110
11000100111000000
00100100101100110
11001111010011101
10110000101001010
11011011010101111
11001010101111111
11101000110111101
10100001101100110
00101001000010100
01001001101111001
10011110110100100
01011010011100111
01111110101001100
10101011111100000
11000001000001111
00111111001100100
10100011000100110
01101110000100111
11111110011000010
00110101000011111
00110001010100100
10111000000101101
01000100101111010
00011010111101001
01101000110100101
01101111101110011
01110110010100001
11100001000010110
10111111100010110
00101001000101111
10110100011111011
10100100011011101
11110110101010000
01010110110100111
11100100100000000
10011100110000010
10101000011001000
10010011000111101
10101010010010001
10110111010100100
00001011110101000
11111011100110010
10110111111010010
00010100000100110
11001111011001010
10100100101011011
00010100011100111
00110001100101111
00111011000011011
00111111111001111
11001001000001011
01100111100000011
01110010000110101
11000000001111010
11000011001000011
01110111100011001
11010000111011101
00000011100100000
01001100000010111
10010101001110010
10011010011001000
01110011101101001
00101011010001010
01111001001001000
00010001011000001
01111110011010010
11011101001110001
10011011101110000
11011000000110010
10110001001100001
10101110101011000
00110011011101010
00100110101101100
01000100111011010
01100011101100010
11111101001101111
01001110111111110
11101101100111010
11001110001100011
01010001010100111
11111100111001010
01001100101000110
01010001010000101
10010011100001010
00101101001001011
10111001110101011
01000100000100111
01111100001010100
01101110101110011
00010100001011011
01111010010010100
11010001110110111
11101001001111111
10010100011000110
11101000101011000
00100110100110010
01010110000110111
11111001000010100
01101011001111110
01000111100101010
00100001001111001
10011111010101110
00001101110110101
01111110011100000
00001001001000001
00110111000000111
00111101010011111
11011100111010110
00000101011101111
00110101000101110
00011011010100111
11001011011000110
00000001100111000
10110001110011000
00110001111010100
00001011011100000
01001001001110010
10110000100011010
00000010111011101
10110101000101110
10101101101101001
01010111110000010
01111001101101000
00001101101100010
01001101000101011
01001000011000001
01010000100011010
10011001100111111
10101101011111111
10110101110000000
00101101010011010
00110010010101101
10110101011010100
10110011000001011
10100111101000111
10100011100110000
01001011001000001
01010111010100100
10000111011110011
00001001111000010
11110111100100001
01001100010111100
01011100010011010
00001011100001100
11011011101010100
10011101011101000
00001111101101001
00011010000110101
01111000110010111
01101001000110111
10110101111010110
00001111100110001
00011001111010111
00111010100111011
01001101100001000
10100001101010101
10100010101010100
00010110011011001
01011011000010111
11010100011010100
10111010000101011
00000011011010001
00111011001011010
11101011100100001
11001001011110010
00011011011000110
01001011110101111
01110000000101000
11011110010011011
11001010010110001
10110000111111111
00010001110010101
11000101000101010
10111111100001100
11100111111101011
00010110001000000
11111011000111000
00011000111011010
00001110110001000
01101101011000101
11001011100111111
00010111110100000
01110011000001000
01111111011100001
00010101100010010
01110011110000101
11010011110011010
01010110111000010
00111010010101000
01111111100100001
01001010101001101
11011110100110010
11001001010010100
01010001110101010
11000101011100010
10011011100010011
11011001100110011
11100101101101010
10010110001101111
10000100001000111
00010000000100011
00111100110111100
11000101101111011
01101001000101011
01001000101111000
10111101010110011
11110000001010000
00001011111100100
00001011011110001
00100101000101100
00101010101000000
01011100100011001
00011001001101011
10110101000000100
11000001100111000
11100000000100010
00000011101011001
00011000101100011
00101111100111000
11011100100101101
00100000111100111
00010111000001000
10111101000101100
11010001100010011
00110111111101100
00010100011010111
11110110100100101
11101111100111001
01111100000111000
01111000001100100
01101111011010110
00000010011011110
11011100100000110
01111110000100101
01101111000100101
01101100101101001
11001011010110110
00011111011001011
00101110000011101
10111101010011001
10111111111010010
01111001011101000
11000001110111010
10110001011001010
00110110111011110
00001000110100001
00101100011010011
01100100000110111
11010100000000100
11101110010011001
00001101101010100
11001100010001110
10100110001010100
10010111111010100
10011110101011101
10010000110100101
11100110110000111
11000011001011010
00111100100111110
11111010100001111
11111100101011011
01111111001000101
00100101001100111
10100100101100101
11000111000010111
10111010011010110
11101100101101011
00111101101111010
10101011000101110
01100010010110010
11010011011010110
11010001001010010
01011001000000001
00111100011010001
00101001100010110
11001101000100010
00101111001100001
10100110011100101
11010011110111000
11011011000111000
10111100011001110
10111110111000110
10110100000001110
11101011000111010
00010011000000111
00001100000100000
00000111111011100
01000001100000011
01100000100000000
10101101000100111
01100101101001111
00110100100010100
11000110101101001
10001011111001011
11001011111100110
11100101001010111
10011110010000101
11110010100110100
00000101111001011
10000010100000101
10010011011110010
11111001111001100
11001001111100100
10111101000111010
10000000101001001
01111110001001101
00000110100010110
00110000100101100
10101000100001010
01011010100001100
00101111010101010
01010010010101010
11111111000001110
10011111110111100
01110101100110000
11110101001101011
00000000000010000
10110000011101010
10110110011101000
10001111111101010
10101000000110010
00101010001001100
10011010000010111
10001000111011110
01011101111010100
10010101100100011
00001010010000100
00000100100011010
11010110100101101
00000101000111011
01001001111101001
00011111010001000
11010000011011100
00010100010111000
00100100010110000
01001001100111010
10001011110111001
11010001100110000
10100000110100110
01011101100010100
11011101010010001
10101110110100010
01010110110110010
00011001101010000
00110101001001100
01011111001010110
01001010100110110
00011001110010111
11100011011110010
11111101011111110
00011011100111111
01001100001101110
01011001001001111
01111010101000011
11001000110000111
00001011010110111
01101110100101110
00110110111101100
01011100001000010
01001000010010010
00101111011001100
01001011100000100
01101001011010011
00110011111111101
01010011010100110
01100001010111001
01111100010011001
10010010011111010
10001000000101001
10001111110101101
00100101100000111
11110101110110100
01000011110011001
11100101110101111
10110110101101101
11110000111100011
10001011011110111
11011101000000111
00100011101000110
10011011100010100
11101001001011110
10011110111110111
01110010111100111
01101111100110110
11110000000100011
10011100011010001
00111001110101011
10011000100101111
10100110001001000
11111110101011001
10001101110000011
01000111010100101
11100001000101111
10011001110110010
11100010001010101
11110000011100110
10110111000101010
01011000000011010
10111000010010101
01100011111100010
01010110010101101
11010101001001101
10110111101000011
10110111011001001
00011000110101010
01110000001101110
11010000011011001
01010101100001010
01010010101010100
00001010011110011
00110001100100110
01110110010010101
11000011000100011
11010110001001001
11101000000010111
10101011001001001
00001001010110110
11001110011000100
11110010000110010
11100110000100101
10000011111000000
10011100011101011
10110101111011001
11101101000111110
10110010101101000
00010110110110011
01001010000110110
00001000000110111
00010100101111011
10010000111110000
11000011000000100
11110011010101110
11001110100011011
01000101101100110
10111011001111101
10001100010010111
00101111110100101
11101101011100001
11111011000010010
01100000110100011
00010100111010011
00101011011010011
01011001100001110
11010100101010010
00001011100011100
11001101011111010
00110111011101101
10101000010000100
10010011110011000
11010111001010010
11110110001111010
00100000000001110
00100101010011111
10100001101011111
01000010010101010
00110001010000011
11000111001000011
11010110101101101
11010100000110111
00010111100110110
00001110011010001
00010011001000101
01011101010001111
10001101011111010
11111111010111100
11011011110110011
01000111110011101
00110001011001010
01101010111001010
10100011100110100
11101010011101111
01111111010001101
00011011100011111
10100001110110001
01100111101111010
01110110000010101
01101101111101111
00110010001011101
11100010100110110
00001101111110110
01011001011000101
01000110110100101
10111001010011000
10100100011110001
01110110001101000
00001110000010000
00010000111110011
01111111111000101
01000100000000011
10011000101000111
11011001101111101
01110000100100000
01101010110110111
00110110101010110
01110000001111101
01110100000111110
00111010000101000
10010100010100001
11000100001011110
01101001110110100
11111100000111111
00111010000101011
10010000110001001
10001011001101111
00011001100010111
01100110011111110
10101011000101111
10101011010010111
10110100101100101
00100111101001001
10111011101110101
00110100010011010
00101110011000100
11001110010110101
11001100001000011
10011110001110111
10100110101000010
11000001100100010
10101010011111011
10000111101011001
01001110110000011
10101010011110001
11000111001100111
10101100001111010
01100100010100001
00100111001100101
11001011111000110
10000011000011011
01110111010010101
11011100111101101
00100010010100011
01111100101111001
11000010111101111
00010010110111000
00100101010011001
01010001010101111
11110000101000111
10101000011010101
11111000010101011
10001000010000011
01011001101100110
01001110010001000
01110110101001011
01110000101100101
01110001000000011
11010110100110110
10100001110011111
01110100000100111
01100100110011011
01011100001010001
00110000110110111
00101010010010111
11010101010011000
11101111110110001
10101111010110101
10101011000100110
10100110001000001
00000001101010000
00100000101110100
10010101010101000
10000010111101110
10000111101101001
00111111010001000
00111101011110010
01010100001010010
00111000001010000
00010001111101100
00100000011110001
11010010010001010
10001011001010111
10101101010010111
00011000010100010
00100011100111110
10011110100110010
10010001101000001
10101011010110100
11000000111110110
11100011001001010
01001011001101000
00011100111000011
00110111111100101
01000100011010111
01011000010010010
01001001010111010
10111000100010011
01101100011101010
00110101001010011
01010101110111000
11001011100101011
01111011110000111
11011011010110101
00001000010100000
10010100101000101
10110111110001011
01000011000010111
01100010111001101
00001001111001001
01110001001111011
11000101000101101
10101001000010010
00101010011111010
00011001111000100
01110011010111011
00011110100100010
11100110010000100
01010011100001100
00011101100010011
01100000000100101
00100010010001001
10011010001001111
00111100010111000
01110001010000100
11011100000111101
11011101110111011
01011100111110010
11111110101101110
10010010011000110
00111000110000010
10111111001111110
01010010011011011
10010011101010001
01000000001001011
01000110000010011
00011110100111000
00010100101101101
11100001010101100
10101111111000101
00011000000110000
01101111001011111
11110111000111000
10101001110001110
01111011011011111
01100111001011001
01100010000010010
00011101001100011
00000111010011101
11101011111010101
01100101001110001
10011100000111111
11110111100111110
10100101100010000
11101101100011010
00001110001000011
11010100110100000
10011010101111110
10100010010011101
01010110010011110
01010100011110111
00110100010010100
11111001110001000
01101001110010011
01111100100001101
01001110011000011
10110001101101100
00111011000001111
01110011110101110
11011110001110000
00100100101100001
10001001100110100
01001011010010000
10100000000010111
11100100001000010
11001010001000000
11100000100101011
01101010111101001
10111110000100110
00100001110001111
01010101110111110
10001110011101010
01000110001001111
10011010011110110
00010001010110000
11101010000111010
01001000110010000
11000000101000011
00100100100111110
00101010010101100
01011010011111011
00101000101111011
10111101101100001
11111001110000110
01101010010010001
00100011000101011
00100101000101110
01000001100111110
00111000101010001
00011000010101111
10101100001111011
01111001010000000
00111001101110000
00010111111100001
11111110100010111
11101100011111101
11001110110010100
11101101100011111
01011000001010011
10010100010100010
00111111011110011
00100100000110100
10001001100110011
00101001001000000
01110101011011110
10111010001111110
11010111111000010
11010101110111001
10000001001010001
11010001011101111
11101001010111000
00110011110111110
11100000011101010
00000101011000100
00110010111001111
00100111001110111
11010000000001101
00110110111100100
10110110100010110
01001000101100101
01110001010000110
10101111110110001
11010010001111110
10010111010001110
10010010010001111
01101110011011100
01101101101110101
00110101001000011
11101001100101101
00100100100101000
11000101000011000
11111110010110100
10011010111110100
11101101010100011
10101010111001111
10011100010101100
10111111111000000
10100100001111110
01011011000100110
10011111001011011
10011011100111010
10010100011101111
10110101110110000
11001001111011100
10111001111101100
11101100101011000
10000110010000000
00010001101101110
01100000010011011
00001111011001111
00100110101100011
01011111010011111
10100101000010111
01110110111011000
10010101111001001
01001101000011111
01111001010110000
10101100001000010
01100001000111110
11111110011010010
11110110011011000
00100100001110100
11001101110100110
11010000111100100
01000011111101100
01000011111101101
00101011011001100
01010111001101110
10010110110000111
01010011101110101
00010111010111111
10000001010011100
10000010010011111
01010001111010000
00100011000011000
11000100010110101
01001011000100011
00011000001011011
10011000101100101
00101001110110101
00001101100000110
11000100010110100
00001100011110010
00010101101111010
00001010100100011
10010010000001111
10100110111000001
10111101101010100
01101111001001111
10101000001001011
10101101101011110
01100111111000100
00000010101111001
11010011001100010
00110100001000110
10100101100001000
11010011010101001
11101010011001101
01111111011110110
10111100111101100
00111011010001111
10011110110101110
01100111100000000
10000100011110000
10101100010011001
00010001110100001
10000001000001110
10001100101111111
00110101101111101
11101011001110011
01101110101111000
01101110011101000
11010010100010011
11111000011001101
01110111011011010
00100010101110100
11001011110101001
11111010111000001
01011110000100011
10001110101111000
10000010011001011
10000110100010100
01011001111101101
10001000101111110
10100100101000101
11011010001011000
00010101110011000
10101101110001101
10100001100010101
11001010100010101
11100101100001011
11000100000010010
00000011011110100
00010001000001000
01000100001110101
11000000100001000
11110011100010010
11011110101001011
10110011110000110
11000110111011001
10001010001010010
10101100100101110
01010100100000101
00111001000101101
00001011000010000
01011000110000000
00011011111101101
11010001000011101
11011001111011011
00111100100101110
00101100001011100
10101000000010001
10100101110111001
00111001100010110
01100110001110100
00111110011111101
11001110101001000
00110010111111110
01001001100110010
00000111001000011
01010011110001000
00001010111010111
10111111110100011
10011110011001010
00001011100001001
00111000010101000
10010110111101101
01010000001001111
01000011101110100
00010001001111100
11101110100111101
00110100100100001
01100100010100001
10000110001011000
11110000011001011
11010000110000111
00101010010100100
00110010011001101
01000000100111001
00101110101000110
11110001011101111
11010000100001010
11101011010110001
11000001010010101
01111100101111010
11001111001110000
11010010010010100
10110011100010100
00111000100001010
01110101100110000
01000101010001101
11111001011010111
00110001100101100
10001011010110101
11101111100001011
01100110111000111
11101001010100100
01001001000010100
01010010110101010
01011101011010101
11110001111101100
00011011110100011
01010001010110000
10111100000000110
00100101001110001
01100000000010001
10110010101000100
10100110110000011
10111110111010101
11111001110101110
10000011111100011
01000000001000110
11000001000111011
01101101010000101
01011100001101110
01110010011000001
01001101111000001
00100101010001111
00111001101000001
00100011011011111
01011100110001100
01110010010001101
11010010110111111
11011001100001110
10010010001111001
00001011011100111
11011100110011011
01110011101011111
11110001110110001
01110010100000000
01111101001000100
00100011100100001
00011000111010001
01000000111011010
01100100100000011
00000000010011011
00100010100111101
10111001101000100
10111010000100111
10010110100010111
00010111100011101
01011101100001101
00101101100111001
00110010111101011
00000100101011101
10010000001011011
11010110111100010
01001101100001010
01101011010000110
01110001010010111
01111100000101011
01001000111000101
11100101011110101
11000101010001001
01111010110110110
10001100100100111
10000101101001010
10001111111001101
00110100100010111
00110011100001001
10111101010001110
11100111110000011
11011100111111001
10011001010001001
11011111000110101
11011110111001111
00000000001100111
11001110111101001
01101110010000010
10111011100110000
01001111110001001
11001111111101001
11111110110011011
11101101110111011
01111000000111010
10111100011001010
11111010101000001
01000000110010010
11101001111100000
01110110010100100
00001011111101100
00101010110000011
11001010010000101
00110011010100100
11000000000110100
10010010010010001
00110101101000001
00111101110011001
11010100100100000
10101000100101110
01000101111100011
11011000001000010
00001110110011100
11000111000000011
11001100100100111
11100100001001100
11001100111101100
11010100000100100
10010100101011100
10101001110111110
01010101010100010
11010011000100101
00101010011001011
00111010101001111
11011111011000000
00111101010111111
01100000110101111
11000110101101011
01011011111100100
01011001101100100
01001000100010001
00010111011000110
11111000001110001
00110000000111101
01100001110110010
10000010111111010
11001100100000011
01100101100111101
01001100110000100
01111010010111000
11000110000111101
11110110001010110
01100010100100101
00111110110110101
01001011101000010
00010010000100001
11011100000100011
11111101010011101
01001110111110000
01011110111110100
10100011101110010
10101110101001111
10111100001010110
00000100101001010
11100010101000110
11100001111010001
11010110100110011
11101100000010010
01011110111110010
11001010000100011
10001000000111001
11001001000110101
01110100010111000
00011100011000111
11001101110101111
01111100010110001
01001101101000110
00010111001000001
01011011000111001
01011101110110000
11110011000101001
11100011011010111
00000010111001010
10010110000100010
00101111010000011
10001001010010010
10001111011010110
11101000000000110
10110101101100111
01010100011000101
10111001011011000
00001010101100001
01111010001101010
10010011001010011
01101111010001100
01010101001110110
00110110100000000
00000101110111101
00110001001001010
00000001010111011
01000101011111100
11111010111001011
11010110001011111
00100010100001100
01011111001110000
10010000010010011
11001100001111001
10000110011010000
00010011110000011
11010000011111011
11010100101001010
00011110001101101
11000100011100000
00110000101010011
01100001011101010
01101000111101110
10111001010010111
11111100010010101
10110101100110111
01110000100101000
11011101110110100
00010001110011111
00011010101001000
10110100110110100
11001001111011101
10101101101100100
10110101001000011
00101000010111001
00011000111000000
00100011001010010
01011100001011101
11010100100001101
11000010101000101
00110110101101101
10001110110010000
01111111010000101
10100010110000010
00100000000111111
11001000110011001
01011110111010110
10100101100001111
11011101000111000
01010100010110010
11111001011011010
00110100000000010
10111101010101000
10011000110011001
11010001000100111
00101010111001110
01001110001101011
00111111011100110
10111111010110100
10001000101110101
00111111000000001
01011111110111111
11001111010111001
11110010110111110
01001100100010011
00100011000000101
11011000101011101
00111101100010001
11110100100010001
11010001001010000
10101100100111010
01101100110111101
11100000011111101
11000010001101000
00000100001100110
01011011010100110
10101010011011100
10110000001001100
10101010101111000
01100101100111001
01000011011001101
11110111100000001
00000111111100110
01010011101101100
01000011111000000
11000101010011010
10110101001100011
10010000100010100
01001110000000001
00101011000100100
01001101000011110
00110010111001101
01111001011010000
00100110111010001
10111011010100110
10010010011110111
01010001010111000
00011000100010001
10000100100111000
11100110001111101
10101110001110000
10100101011010111
00000010000100010
10000011100111111
10001100101011110
11100011100101110
11110010100011111
11001010111010010
01110101001011111
11101001011010011
11000000011101011
00111000111001000
11100110110101111
10100010110000010
11010011101101111
01001111100000101
11101101101100000
01001100110000001
01010001011001111
11110001011001001
11001010110110110
00000010101011101
00001011001111101
01110001011011000
11111111000110101
11001000101001100
10001100111000010
10000100001110010
10110010111100101
01010111101000110
01111000101101001
00000110011111001
01001011000001000
11101101111000101
01010010001011011
00101010100000011
10101010110100110
11001101101100010
00110100000100010
01111101100010100
01001111000000000
11100111011110101
10000110011010000
00111010010001011
11001110111011010
00000001011100001
00101111011101100
10010000010100010
11011000011101001
11100010110010000
11000100111111000
01000111001010001
10010111100110111
00110000000110001
01101100001011001
00100101110001011
11010100000110100
10001110000100011
00010010001110111
00011010010100101
00111001101011110
10011001110011001
01000001101011110
11011100100011110
11100010001000001
10000011010110111
10000101100101110
10011011110011101
00100100101000010
00101010001101101
00010001011101100
00110111000011100
10010100011011000
11000101001001000
01110000111001011
01101101110011110
11111000001010100
00011001110010000
10011111010000011
10100111000100110
00001110010100000
11101001101000101
11011101101001100
11000111110110110
11101111011001111
01100010111001000
00011101111000000
10100010010110000
01101000011010101
01100101011011000
01011010101001101
00111000000111000
00101110111011000
10011101001011100
00010101010001111
11010100001110010
01001011000111000
00100111110000110
01110011110011001
00000010111110000
01000000111000010
11111000001111100
01000110111110100
10101101110010110
01010111101010011
00101110100101001
10000011110101011
01111010000011011
00101101011111110
10100010010010100
11101111111101100
01000101011111010
01000010111001100
11011010010110010
01000010010101000
10001101100011111
01110001000111000
11001100111100001
00100010000110010
00100001011000001
01001000000011111
01100001101110000
11110000011100010
11011001001010100
01000011100101011
01101110011000101
00111111011011010
10101000000010111
11100000000010110
00110100001101001
10000000111100111
01000011001010111
00110001000100110
00111001111001110
10111111000011100
11110100110010101
01000011011101110
00000100011001111
00011010101000110
11010011010010101
01100001001010010
00001000001100100
11101110110111100
11000100100111101
10100011111100011
11100100000011111
00010001001101101
00111101101000000
10000001000110111
11101101111000001
01001101010010011
10101011010101110
00100111110101011
11101100110101000
00110010011011110
11001001101001101
01110111101110001
00010101010000000
00000100000110011
01011000111011010
10111011000110010
01000011111010001
01010010101101011
01011011111110110
11101000110101100
00101011100010010
11101000110101001
01101000101010100
01011100010000011
10101100101100110
10110001000110011
00110001001000000
10100011000111011
10011000111000000
10010010111110010
11101110110111001
01001100101100101
11011100000011111
11011101011111010
00111011111110111
00011000010000110
00011111110001101
00010110011010000
10111010011111100
01110101110011011
10111111001101100
00110011111010110
00000111111111100
10100000011100000
00100000010000000
11101101000110110
10110111110101011
11111100001100101
01011001101100111
01100100100111111
00100101100101101
11001011011000110
01110011110110101
00110010111111010
10001000001001100
11010110011001000
10100011000101101
10010001110001001
01001001100111110
01001111111111100
10100001100000011
01110000010001000
10000110111001011
00101111010000101
11110100100011100
00001000011011111
01111011010010101
10011011111001100
01010010100100000
01110110111001110
11011000101011010
11010001111100001
00001011101010001
11001010110100010
11111101010101101
11101110110001111
00011000001111111
01101011110101000
01100011010001001
11010100101100110
11110011011010000
11111111000011110
10010111011110110
01100001011000001
11010000110111011
00000111101010000
10111100000110101
01001011101010011
10010101000101011
11001010010011111
11111110111111011
11000111001110111
01010001111010011
01110000101000100
10110110101110001
10011011100011011
01111010001001010
01111010010110010
01110010010000101
00111000111100111
01110001000001000
11111110000000000
00110101111101101
01000110000001111
00110100110110000
11011010000001100
10111010000001000
10101110110010111
01011000100100110
00101011000001101
00111101111110101
01101101111011101
10010000110000111
10111001101111100
00001000011001111
10100001100010000
11000110001101110
01110110010001110
00010001110101011
01101100000111011
00110110110011101
01101111110011111
11111100111011111
10000011100010010
10010000010100000
10111011000110101
10000110110001101
00010000110000110
10000000000101001
11110100011110101
01101001001011010
11111000110101000
11000010001111001
11011111111101011
11000011100110001
01110010101001011
00010110011100001
00100110001010110
01100010111100001
11000001111001001
11100001010001000
10111000001111110
10010011001100011
00001111110000110
01111101001011100
01001111010101100
11101000111011110
00011110001110000
00000111001010001
11011000110100010
00000001010010011
11100001111000101
01110101111110111
11001101110100000
11011000000011111
01101000101100000
00000100000010001
10100010001010001
01111000000110011
01111101101001100
01001010010101000
00010100011011001
10010000001110110
11010010101110011
00101101110100000
11011000011000001
10100011100110000
10011010010011011
00101100010011000
01000011011000010
01011011011010010
01010010111111010
10111111000111110
00010101000101000
00111010110010011
10001000101110000
00111100100100010
11100111010011111
00001101101010101
01000010101011011
11101101011111001
11011101110000001
10110001010100110
01011111100110001
11011101000110101
10111110101001000
00100001001110101
11011101001001101
11111111110100001
01011101111011111
11111111111101101
00100101101100011
01100101011110000
11100100111011100
00010110010110001
00111000011110110
01011011110110001
10100101011110100
00001001001011110
10111011001101101
10111110010110011
01001101001100000
01111100110101010
11100011100111101
10010011100101111
00101100011110001
10100000110000101
01110110110010001
11011011001101101
01000000101101010
01111000111111011
10100000001111010
01010110011101000
01010101110101011
01001010101101001
10100101101100011
00000101010100011
10111101001011001
00111001101010100
00001011111100111
11100110100010011
10011110110110101
01011001001010000
11101111101101111
11110000011100010
01110011101000110
01101000011011011
01111111010111110
11100101110001101
10010010010011000
11000110010001101
11011111010100101
10101010111000110
01110101001110111
00110110101011110
10101100010000111
10110000111011111
00111100011011110
10110010101110010
11101000111001011
01001100111011001
00110111110000010
10000011110000011
00001011000101010
01001110001111100
10011010111110011
00100011101010101
11111001100001000
10000111000101100
01100011000110100
00011101010101001
10001010000010100
10011010111101111
10001001011101101
01000100100011111
10111000110001001
00010000011110101
01111010100000001
00111001100100000
01101000101110111
01011011101010110
01001000101011111
11011100110110010
10010001011110101
00100010001110100
00110111011111000
01000011010110101
11001001111010010
10011001011110001
11010000011001011
01010110110110101
10110101111011111
00110010001110111
01000011101010001
10000111110010011
11011000000011101
01100110000010110
10011000000001100
10000101110100101
11000100101001100
10011011000010111
01001000001110100
11111110011111101
11010111000111001
00110011101001101
00110011010001001
10001101000100100
11110010010101000
11110111011100011
10000001010101000
10101110110110110
01010111010101110
00001100101001001
10100010011111110
00001001011001110
10001001110100101
11100100000110110
00100011000100000
11111001111010101
01000100010110100
00100011110000001
11001110101010101
01101100001101000
10000110011111100
00001110000111111
01010001111101011
11000010001111101
11011100101111010
10101111110011101
00010011011001101
10010111101000001
00101011010101111
01000010001101000
01000111111010000
00001000110010000
10100000111100100
10101011111110011
01111000000111110
11110110111111000
01110110100100110
11100011000111110
00000000101010010
10110101000001000
10100111000001100
11101000100101000
01101100011101111
01110111010101111
11000001111001101
10011010100011110
00111100100101011
00000001111111010
11010011110010110
00011100000011001
10110011110011111
11110000101101011
10100100100010011
11101001111010001
11011110100110000
10101111011100111
10100010110111001
11101100111100001
01100001110010001
10101011010000000
01101000010110011
00000101111101001
00011101011110000
11010101011010000
11110100111001101
01111110110111101
11001100101110101
11011000010000100
01110100010000111
00101110111000100
00111010110101111
10011000101010001
11110100010011101
10010011111101101
10100110111101111
00001011100000101
10011010010101100
11010101111000000
10010010100001000
00101110100000011
11000001110001101
01011111110011001
11110101001111110
11000000011010111
00100000000000100
10000011011011101
00101100110001111
10111000101111101
10101010001100000
10111111110101101
11100111000010010
10001010000001100
10111000110101111
11110011111101011
01111000111101111
11011000100000011
00001110111011011
10100010111101110
00101111000010101
10001011101010001
01110011110110111
11110000110000010
00101101110111000
00010000010010110
11110011000001110
11010110010110010
10001010011011010
10101100000010011
00011011000111001
01000100010000001
01111111111010000
11010011000110010
11000100000000110
10001010111111010
10011010101110000
00111001010110101
01001001100010101
10111000111100100
11111110011011100
00100100101101110
01100011000000110
00101111000110110
11011111000011001
00001010001011000
00110000100101011
00101101011010100
01100000110100001
00011010011100000
11100100101001101
00110010000010001
11010101001100011
00001100010101011
10111001110001111
00101100000011001
00111100100001111
11001100101110101
10001010011100011
10000000110110000
11101100101000100
11001101011111000
10101111010010001
11111011101100010
00001000110011111
00001011011011110
01100100000001111
11011100001000111
01101101000001111
11111000111100001
11011000010111001
00011110101101111
00010010011010100
00000111100101110
01110110111000001
00110101100010110
00011110101000101
10000111101100110
11001100001101000
01001001111100000
11001100100100110
10000110101111100
01001010101100010
11001001111011000
00000110001011101
10010011010110000
00101101110100001
11110110011111110
01010101010011010
01000101111110011
01011110000000000
01010110110111111
01111100111101101
00010000000111111
00101001100101110
00001001011100101
10110101111101001
00000011000000110
00000100001100000
00111011111100110
10001011011111100
00110111000101011
00101001011001110
10111000000001001
10000011110101111
11011111110110010
11100111101111000
10011001000011110
10011011101000000
11010011110001111
10001110101111001
00100001011011101
00011000010111100
10010111001101101
10110010011100011
00100111011010110
10010000101001010
01011110010010000
00011100011100010
10011101011010101
11011111010011001
00001000000100111
01000011000111010
11000110010001111
00110010111110111
11001011111110101
11100001101111000
10011101011010100
10011100100010001
01011110001100101
10101011111010101
01000000100101011
01010010010000110
10011100101100110
10110011111001111
00011101011011111
01011011000001111
00101111001011100
10100000100111001
00100110100100101
10010100110010000
00110010111000110
11111001010101101
01001101011000110
11100101101011001
11010100101100011
11101110001011010
00101000110000111
11010111101001111
10101001011011101
00010101010000011
11101000111010101
00101001000111110
01001010110100000
11100110111111010
11011010111000110
10111010000001011
01001101010011110
11111011111110101
10110001101011100
01111101000001001
01001111010101111
11101101111001110
10011111100001010
11101010001100110
10011010111111101
00111111000110000
01100110011001001
00000101000011111
01001110110011000
00010111100001001
01010100000111000
00101010111101110
01010010111111100
00000100001110110
00101000010010100
11101100010111100
10100110011001011
01110110111111010
01000010100100100
11111111110000110
11001001101000000
11000000010011111
11010011111101111
01101101100000101
01001011001101110
01011010001001110
11011111010000011
10110110110001111
11010010110110000
00001010101011000
00110111000001000
10001111111001000
10111100101011101
01100101111100101
11011111101011011
01101111000010010
01000111110110001
10100101101001101
00101100111111101
11011011100000000
11010010001000011
01110010011001100
11001110011010100
01100110111101011
00100001001111100
01001111010110000
01010101111010010
01011001011000011
11010001110011000
01111011100001100
00001101100101101
11111111110111010
11011010100101111
00010101101110101
01011000010111110
11011010101101111
10110101011111101
00100111111110100
11101110110010101
10101101110010010
10100110000110000
00111010111001110
11111000001011000
10000011100010001
00111111101111011
00000110000101110
01101001110000101
10111000101111010
00111101111001010
10011110010011111
10101101110101100
00010011100000100
10010110001101001
11110101000110010
01000010010111110
10101100110100000
11011001011100010
11001110011010110
01101110000001110
11101101100101111
10100011111011001
01000001010000000
01100001101101100
00100100100010101
00000001111100011
11110101011111011
10100110001110000
10111110110010000
11110000100101010
01001011001000111
10011111100100100
00010011100011000
10010100111010101
11111110100110001
10011001000101001
11000110000110101
01001111110001011
00010001000101000
00001111000100010
10110011110000100
10001100011110100
11101111100010100
00000011000010010
11000010001000101
10011001011000110
11000011000101011
00000110000010011
01010000101011001
01011011010010111
00101011111101100
10111111010100011
01000001101101110
01110101011001011
00100100110010101
01110001110000100
11000010000001000
01101000101101000
10010001010100010
00111000111110010
01011000101010011
11100101001011010
11011101001000110
00000001011101101
10101001001110010
11011101101110001
01001101110100000
10110101000010011
01001101010110001
01000011001010011
01011000100111000
11101100110010001
11001011001011111
00001010001011110
00101010010000011
11111000111000110
10001110101110110
10111011111111001
00000111001100011
00001110100101101
Time = 7.812s
