n = 13, k = 4, l = 3, m = 315
Expect Resample Times = 0.373255
Result:
0110110100000
1100010101010
1000000111010
0000100110101
1011111110001
1110011100100
0111010000101
1000000111000
1101011001100
0101001101011
0010110111010
1101111110100
1000010111101
1011011001111
1011010110011
1100011001010
1111010001010
0001111011000
1000001000001
0111101101010
0000010111010
0111110000100
0101111111110
0111010001101
1000001110000
1000001110000
0101110010001
0111110011110
1011101000101
0100111101010
1111110111101
1011111101010
0000011101010
0110101001001
1001110011001
1010100011111
0101010011010
0011110000100
0110011000100
1111011000001
0111011101111
1110001001000
1101011101000
0101010111100
1010111111011
1010010011010
1100111101001
0101111111010
1101110101110
0111101000101
0100011000000
1110011010111
1010001010100
1001010001000
1000111111111
1001010111010
0001101011101
0001011100011
1100011100010
1111011101001
0011110100001
1001101100000
0011111000001
1001011010010
1010101001001
1010111011110
1111001111001
1010100100101
0010111101000
0001011000000
1100100110100
1011000101000
0010000011100
0001000010011
0011100101101
1110000110100
1111111000110
0110011010111
1100111111001
1101100110010
0101100110001
1110000001111
0010000110111
1011010001001
0101011110100
1001011011001
1001011011000
1111010101001
0011001010010
0001110110110
1110011101110
1111100011101
0011100101001
1101101001110
0000000100011
1010011101000
0111100111111
0110011100100
1110011110001
0010100010011
0110100001011
1110011001101
1111100010010
0001110110010
1001010000010
0011000111111
1101011001101
0110010010111
1001100110000
1101000010010
0011010101011
1011100011000
0101001011010
1010001110100
1001100101011
1101101011101
1011010000011
0110001001000
0010010110000
1000111111010
1010001110011
1100000111110
1010011010001
1001101001110
1100110111010
1000110110110
0111011000000
1000111001010
1011001100010
0001100011001
0010011101110
0100110001000
0000101111100
1110000001001
0111010110100
1100100111110
1001111001011
0011011110011
1001010011001
1001001101111
1001101001110
1010110111010
1100111011001
1000011110011
1100001001011
1001001111110
0100011010101
0101111100010
1100111010110
0111000011010
1111001100010
0000000010110
1010011001101
0001011000110
0111100011011
1001001000111
0100010011010
1010100011011
0011110100001
0111000111100
1101110101101
0110010101111
1001011000011
0001011101011
1100111001110
1100000011001
0110111110111
1100000001001
1100010101000
0111010111001
1001100000010
0111000101101
0010100010111
0101100010101
1010001100001
1111100101000
1001001010000
1000101110011
1100111101011
0110110101010
0010011100011
0111110100011
0110110101001
1101000101101
1011100000000
1110000101010
0101110001011
0010100011001
0110110010110
1010000010011
1110100010011
1001000011010
0001110001100
0111000000000
0111001101000
0100011011111
0110110010100
1000111001000
0111011101100
0011000101110
1101100111011
0101101001111
1011110101001
1101110011011
0010100100101
0101000110110
1010100001110
0101101101110
1001001100010
1011000000010
0011011111000
0000110110011
1000100011011
1000100010100
1100001111011
1110101001000
0000111011010
0010101001001
1100101100100
1010001101011
1111110101110
0000101110001
0010100000010
0100111001010
1100110111011
1100101010111
1011010011010
1010101101011
1000101011110
1001101001000
0011010100010
0101001101100
1000001001011
0111001100000
1110100101001
0100111110010
1010111100111
0111001001110
0000101100100
1110111000101
1011000000111
1100001100001
0011101100100
1110100011110
1010011001001
0010011001011
1101010010000
0101111101111
0011000010101
1000100101111
1010111111011
0111101000010
0100101000010
0111010010100
1101000101011
1101011110011
0011011001110
1011110101001
0100000011011
1001101010000
0100101101000
0100101001011
0111010111011
1100111011101
1000101100000
1000010110011
1010111110000
0001011010100
1011110010111
0001111100010
0111110011000
1110100101011
1111110100010
0011111111011
0101110101101
0001110100011
1000001001001
0101110100110
0111010010111
1000101010011
0111011000110
0011101111010
0001101000110
0110111000001
1101000010011
1100011101100
0010010011011
1010001110011
0001100001001
1001101101110
1111110011000
1011111010001
0100110001110
0100001111101
0011000110001
0001001011110
0101000001010
1000001101001
0100010110110
0000000101111
0011100001110
0100100000110
1100100110000
0110101100111
0111001010011
0001111010001
1111110010110
1000110101011
1001111101011
1111100111111
1110101011110
1110000000110
1100110101111
0010110001101
0011110100010
Time = 0.044s
