n = 12, k = 7, l = 3, m = 3386
Expect Resample Times = 0.367615
Result:
010000000101
100100111100
010000110111
100010111100
110001111101
000101000011
011011101001
110011010010
011010000010
110110111000
011110011000
011111001100
111101101101
001101010001
110110010100
000001111111
010111010111
001001011011
011011110011
111100110010
000011011000
011110010001
100011001101
111110011111
011110100001
010111101100
000111110010
110100100111
101100111011
110000101101
010101000011
011111000011
111101001011
011000000001
101101111001
001100110111
000101010111
000110101110
001011011011
100111000101
110011101000
001000010110
000100010001
000001110111
011101101001
111111000100
000000010110
100010001011
001100000100
110101111011
001111110010
010101010011
010000010111
011110001101
011100110110
011000111111
100000011100
000100110010
010001001101
001110111011
111101110001
011111110110
100011110101
110001000100
010100000111
111000010110
011010101001
010010000100
100000111011
110000111101
000101011010
110110000101
000000111000
010101100111
000101001100
000110100111
011000110101
110111100100
000000100111
111011100001
101101010110
000110111011
110001001010
010011001110
000111101011
111010100001
110101101000
101011100000
001000110110
100111010000
001000101011
100000111111
010110110010
000110101111
001110011011
110010101101
011011111111
111100101100
101010110111
110110000011
011000110010
101011100011
101101001111
110100101110
010110101010
000000100101
011000110111
010011011111
100101010100
011001011001
001101110000
100111111011
111101000010
000110011111
001101110000
101110101011
000101101111
011110111010
101010001110
100110110110
100000001010
010100110000
011100110100
101111111001
110101100101
011000011110
000100001011
000110000111
110111100111
100100011000
001111110110
101111100010
101101010000
011110111111
010001101011
011111011011
000100000101
011000101111
000101111000
110011111111
010111111000
101011011011
100000110011
111011110100
001110001100
100010000011
110111000001
110111000001
010010001010
010100001111
101110111001
110010001010
000011110110
111010111000
100001000110
110110100111
100011110110
110110000100
110011001010
011100011011
000001110000
101011011011
001010011100
100101000011
101110010001
000010011010
011111001100
010001110001
111111110100
001010110001
001100111100
010101100110
100001000100
100110100010
101110111110
001111101101
001000011101
010001110100
000010111000
111001011001
011110101100
010000000011
001010001001
111001011100
101101100100
111111010001
100111011111
000111111110
100010011100
011011010000
011011101101
010001000010
101100111111
110001011011
101111000011
000100110100
111000010000
010101000001
001111011100
000001101101
011000000100
111111110000
110011100011
011010100010
110110000111
101000010110
001010110001
001111100100
111100111100
101110101101
101001111000
110110000111
001110001011
101100111001
001101100100
000001011101
000001010010
001001110111
011111101011
110111000000
100010111000
100110011011
111111000100
111111100011
101111100111
110000110101
101101011010
100101101011
001000000101
111000000111
001011011000
110010010000
110111110110
011011100101
100110100110
010011000100
000110100000
011001110010
111001001000
110111110111
110011001010
011101111110
000011011000
111000110111
001100011110
100000011011
110100011011
111011110101
001101101011
000111001111
000110011000
011001110000
001001101011
011110011000
101110000110
100001101110
001010000111
011110101010
011101101101
000011101110
010100110110
110111010000
001010110011
110111111100
111000000010
001001011001
010010010111
111111111111
110011010001
110101110010
010001111010
111001001000
101000110100
110111101111
110010110101
001100101011
111110000011
100101010001
011001011001
000010011110
110101011110
111101100110
011110101000
111111000101
100111111111
110000111010
011111110100
000111100110
010100000001
000101011011
000000010110
110010000010
011010010011
100101101100
100010011000
010001011001
101111000011
010101011100
111110100110
110101100110
010111110000
110110100100
100110010111
111111100010
011101111100
000101010000
111000011110
110011100001
010110000100
111001110001
010101010100
001001111011
001110111000
110011000110
100100100110
011101000110
100111110100
101011101111
110110111011
011001101100
100101111000
110110110101
011011010111
110001011010
110011010111
000010100111
000111011100
111010111101
011110110101
101011111011
100110011101
010001101000
101101001110
001001110001
010001001110
110000011000
001011000111
110111001001
111011010011
010101111110
010100110000
101010110010
111011111101
011101010110
100011001111
111100010000
110111111010
110011110101
111001000100
011100000001
001110101100
001001110001
011101111011
111001101011
101101100000
010101001001
010010111111
010010101111
111011100000
001000000111
011100011011
101011011010
010010110111
001000011011
010110000110
011110100111
010101101110
011110000110
110011101101
010110010000
011010101011
001000101011
110010101010
110000011101
011000100110
000101001100
111100111010
010101111011
001001010101
101010001000
100110100111
001110000010
100001110011
001101111111
110001110000
010101000111
111000100001
110100001001
001101011011
110111101010
000101110010
011110011110
010111001101
010010100011
101101010011
000101011100
101011001110
110011011101
100111101110
000110010010
011100110010
011001100000
110001111101
101110100001
110110101000
000110010011
101101001111
011010101010
011101011100
101000100101
110101000011
001001101110
101011001101
110000010100
001101110100
100101010111
111110010010
000001010101
100000100110
111010000101
100010011100
000101001110
000000010111
100010101010
011111011001
110100110101
110001100110
101100110001
101111110010
011110110000
110111101011
001011000110
011110110110
111110010111
100010010000
011100100010
010101111101
101111000111
001010111110
100000100101
011101000111
111110000111
001101010000
101111010010
010110001101
000110001110
100000110111
011011111011
001101110001
001110011101
101011001001
011101101110
111001000100
001100110000
011101000011
001010101101
111001100111
001110000011
101000010100
011101101010
111110011010
011000100101
011100000110
110000001010
010110111010
010011010100
010111010010
101000101000
001000101010
000100100001
101001100100
100000011011
101011011010
001111001010
111111110111
101010101000
001111011111
110010001011
100111010101
011101000110
101110010101
000100100010
100111011110
100011001001
111000101011
011010011100
011011110111
110010011010
111101001110
010111111011
110100101100
000100101110
011111100110
010100010110
110101110000
101100110111
100101001100
000000110001
100010111000
100000001111
111111110010
100011011111
101001111010
101101100001
000110101111
101011010000
010111001001
010011000110
110111111110
000100011100
001101111111
111101101101
100011011110
000111110101
001010001000
001100001001
010100100101
000110011110
000001010010
111110011101
111110011100
011011111100
011101010101
000100101011
011110110010
100011000010
010101011111
010111111111
000111000000
101101110100
110000000110
100101100110
110100011011
011011001001
000000100101
101111100101
010111001001
001001001001
011011110110
110011001110
100001011110
001101000001
000110000101
110101000000
100000100011
111110001111
111110000100
011000011111
011110010011
110001101110
110100010101
001011000101
001100110001
101101111111
100100111010
110010100101
111101110011
110011001010
001011001100
001011100010
001001000110
111111110001
111110100011
000001011010
101011010100
010000000110
010110101001
110110001000
001000011000
110011111100
000110111001
011001101001
110111011011
100000001011
101011111011
011110011110
110110000000
110001111101
101111111000
101001101001
011101111011
111100111000
101010001010
001011110110
101101110101
001010011111
010010111000
110001011100
001111111111
111101111000
101101000000
110100010110
001101101011
010111111100
101001010000
101011000000
001111001001
001001110000
101001000100
011001000100
001100111111
100100000010
110101001100
001111101001
011101110100
101101011011
101011101100
100100110100
011001111000
100010101101
011100101010
011100101001
000110010010
100001010000
100011001001
100011111100
101001011001
100100110110
000010101101
001000010100
110001001010
010001001111
000000001011
111000011110
001110011111
101000110011
111110101011
000010110100
001110010111
011111010101
010110001111
010100101000
100001111011
010011110111
000100101110
110001010011
110110101110
101101110100
010111111101
001100011111
111110111101
101011001011
110011000001
001101001111
110111101110
101010110011
001101001010
111111110101
101011111100
101001011101
110110100111
110000110011
000110001100
011010000011
011111111000
001011111000
001101101001
110110100010
001001001001
000000110111
010111000100
010100011001
111000011110
011010011110
010001101000
010111001111
001100101010
011110010001
000100000111
110100000010
010000111101
010111000111
011001000111
100110010011
111100111111
111111100110
100110010100
110011111110
111010111000
001100000010
000101011010
111000100101
011101111000
110100011100
100111011101
110000101101
011000010010
100101110000
000011111001
000011011101
000011101011
011001100111
110101101001
001111100100
000111111101
110111011111
001000110101
010101110100
111100111110
000000110111
100011000101
110001110101
101001011010
001110001000
001100011111
110110010101
011110110000
111101110110
110111100011
010000000101
110001000101
010010010101
011110101111
001110111100
001000010011
101101011100
111000111001
011001011010
000111111001
111000111010
000100001110
010001100110
011100100000
110100011010
011011100100
000010100001
010011111100
100101110011
001100000101
110110110100
000011100100
011110000001
000111011011
010101110101
110101101110
010110101011
100010100111
101010001101
011001101000
000101111101
100001100101
001010000001
011000101001
111101101101
010100110010
010111110101
011001011110
101010001101
100010100110
001010100111
001101100011
010100000101
101010000010
110100011011
110100010010
100000010100
101001011111
011110111110
100000111001
010001001110
111110000010
110000000101
010000000111
110101100111
110100011110
100111000010
010000100100
001101000001
100111101111
101101010001
111010111011
101100000100
101111001011
011011110111
001001101111
110001100001
010010111011
010011111001
000110000100
001001100111
001001101111
010101001111
010010010101
100100010111
100011010101
011111010010
110111001011
000100110001
010001110000
110111010011
111010010011
011111001111
101011101001
101000000100
101110111110
011101010111
001110101001
100100000111
001101100010
100101100000
011011100111
011000011110
110000111010
111010101011
100000100101
011101001001
010000110010
100100101000
110000001101
011111111010
111101110111
111001111001
001111010100
000110110011
100010011100
010001001101
101000000010
101111010010
010010111110
010001101000
111011010011
010000111011
011000110010
010100010011
101111101001
100100000010
100100111000
011000110011
001101101100
110110110110
010000101100
011111110010
000010001001
111101110111
110010010100
001010101010
101001000110
110101110000
010001110011
000011110101
001010001100
100000000110
011111011011
000101110110
111100111011
011001110101
001111100000
111100110110
110100000111
100100100101
001011110011
001110000001
001011101111
101001010110
011111001000
000001000101
000001000110
100101011001
110101010000
101101011011
110110011110
011001010110
101111001000
100011000100
111111101011
011010110001
101101100000
100100100001
110010011001
011111100001
010000101111
010111001001
011001001010
010100110100
100110101000
110110101100
101111111010
011011111111
101101000000
000000100011
100011000010
101000101010
010101000110
011000010111
001011010001
111011000110
001110110000
111110101100
110101100111
011001010011
011000111110
110001110101
011111111011
001010111000
100110001111
100100111111
011000100110
101110100111
111101100001
110000000110
100001001110
101101100111
001100010110
011100001101
111111100110
000110010000
001101100001
111001100000
110110010001
010101110000
101011001000
011111101000
000011100101
001111101010
100100000111
101111011101
110011111000
001110111101
111010111001
101111011001
011010000100
000001110001
100001110001
010010000101
000001100011
101001111011
111101011001
001111000011
011000011110
011011111111
101011011000
101000101101
000010010011
111010111000
101010101000
101011011110
101111010011
001001010110
100011110110
011111001011
101101101100
010101011110
001001111101
110110001010
111111010110
011000111101
101001110101
111001111110
100010011100
111011101100
000000101110
000000110001
111010010100
111110101111
111001100010
011001110100
110101011011
110000110101
111111001100
011011111100
000111000000
101000101101
100001110110
110101000010
101010000100
100101111011
001001101001
000101111111
100110001111
011000000011
010011001011
101011100110
011101001111
001111111101
010001110011
000100101010
000101100011
010100100101
000101110001
110011001110
000001111111
001001100000
100111100100
000111101111
110110101000
100110001100
111010000000
011101101101
010001100000
010101111111
110110110010
010100010110
010011000100
001010001101
100101000110
010000010010
001001110100
010101001111
011000110000
011000001110
100101100010
100110101010
000111010100
010100001110
111110110100
110111111101
111011011001
110111101001
000010100110
000101111000
110110000010
011011001101
000011110010
010001010001
010010100011
000011100111
100011000011
010100101100
010000000111
111001110001
000111010100
001011000011
100111011011
100010100000
000111101101
111011111011
011000100001
111011011101
111111011001
100110001001
100100000100
000110011000
110010010011
010100110111
010100100101
100101101100
010111100010
110100000110
101010010011
101010101100
101001111001
111101011001
010110101100
101110100110
101100110110
110000100111
100101011011
010000011001
111111001110
010001110100
110001100000
001000100010
011001101111
010001100000
111011011110
011010110100
010111100011
010101110001
101011100110
110100100011
011110000111
100010001001
111100111010
110011010111
100001110100
101111101100
010101011001
000111001010
110011010010
011011111001
111001000101
100011111100
000010001011
011001100011
110101101110
110111011011
001000110010
110010111111
000000010111
101000001101
011110111101
000111110110
011010111100
101110000011
100100110101
110001101001
000001000011
111101011100
111100011100
001110110011
011010100011
010110110010
101110110000
110011101101
100101110100
001011001000
111111000101
100010010111
010011011100
101101000000
101100000011
000000011101
110000000001
011101100011
000010111101
011100101011
101000001001
101100100000
100011110111
001000000111
011101001001
100001111010
101010000110
100011110110
111110110110
011011100110
110010001101
101101001010
100000011101
010011110011
100000111011
010100010111
011100110011
000011100111
011101000100
111010000011
011101110011
001000001011
000001111011
010000100110
001100110000
010001110000
100110010110
001001011010
011011110010
000001011001
111110000101
011100101110
001001110010
101011010000
001101010110
000100101000
000110010101
010001101110
110110000111
100111100000
000100011000
101111001011
011100110100
100101110101
100010111010
100010100111
100011110010
001100110110
001100101111
001110011110
101000110111
001011110000
000010000101
100011111000
100111011100
010010010100
010011000110
111010100110
111111010110
110010100110
100100101011
101100001111
000010001111
100001101110
001010010001
010101100101
010000010111
110111010010
101100110110
111111111010
011001110101
001011000001
001101100000
000011000100
101100111101
001101010100
000111111000
000111000001
110100110110
100000000111
011010001011
100111111111
101111001000
010100011100
101010000100
011100000101
001111011000
000011110110
100000101011
001101100111
110011111010
111000100010
101000100111
010001011110
001110100101
111100110010
101111110111
010101111110
101001111100
000001101010
111100110001
000010110111
001100011010
011001110010
101010011000
100011100110
111010000101
001011001101
110111000011
100101010111
010001001010
001001011101
011000101011
110100101011
110011010110
001010101110
010111011011
101111110010
000010100101
101000011100
000101000010
011000100000
010010000100
111110101101
101110011111
000010010010
100000011110
110001000010
110010110111
011100001110
001001001011
100111110011
101101110111
000100101110
000110110101
001010100111
111001000111
101100011101
100011010110
101100000100
110110110100
100100101110
000111010000
101101110001
001001110111
110100111100
010100011011
011000111101
101110101001
111000010000
000111110011
011001000000
010100100101
100111001110
011011010011
111100101000
111001001101
101110100110
100000011101
010010001000
111011000101
100010110000
010010001000
101101111110
100010100110
000011100010
110101011100
000111111110
011011011101
001000111101
000001101001
001101110011
000110000011
101000000010
110011110010
110001011110
011111100101
010000100010
011101000111
111111001110
100000011101
111101101011
010110010101
000010000111
100010010000
010011100100
010010000110
100100100100
010001011111
010010001011
010010001111
000010011011
000001111001
100000011010
000011111110
111111100010
100110100011
101010000111
111010110101
101011101011
000011111010
101001100101
100100001101
110000001110
101000110111
111100110110
111101011111
110011101000
001101110011
000001000011
001011010101
101111101001
111100111010
010011110011
111111110111
011111001100
111000001110
011010110101
011001000100
110110000111
001101000000
110101111111
011010110011
100010011111
110101101000
011001001110
100100110100
100010010011
001010011100
010001000101
111110110000
100011010100
001010010111
111110000101
000000111001
001011101000
000110010111
001111011010
001110101111
100011000001
111110001001
000011110100
001000001110
101001011010
001111001001
011001111110
010010001111
110000011101
010000010110
000110101010
000100110011
100001001000
100000100111
010100010010
010000010100
001100111110
110001110100
010000111000
011101100111
111110100010
101010101011
010101010110
010000010001
001000010111
101110110110
001110101001
011100100010
011100110001
011101001010
111011100000
010001000011
110001001101
110111000011
000011011101
001011011111
101101100011
101011010101
000100111111
001101011111
110100100001
100100000110
111010010000
110000100110
100001111011
001010100010
111011011111
100000010011
000010010010
100011111000
011001011000
110111011110
000001010011
111010011100
100111101000
110010101100
110110000101
100110101110
010111101011
000100110001
000111010000
001000110001
110110011001
011001000101
010110110010
000111010110
101001101011
000010101100
110011001111
110111100010
011000011101
110111110100
101011111100
101110001110
101101101011
010100010100
000011001001
111010100001
110000000101
101110100110
011110110000
100001101101
001000111101
100101000001
111100010100
101111001001
110000100001
111100111000
011011010000
000010011110
110001111100
100011111011
101111000110
111011010001
010011010011
100110110100
001100011111
010101111111
100111001000
111100010000
011011110000
101010011010
111101001110
011110010110
111101101100
011110001010
010111101100
101110100010
000011110110
000100100110
110100110101
100001010010
101001010111
010001001010
011101001000
000011011101
101110111110
111010010010
110111001010
011100111000
011100001010
101101111100
101011000000
011010001000
111000001001
111001101011
001110000000
100001101101
110111110010
011101010110
100000111001
011010010111
101111100110
101111110101
101001001000
110100001011
101110011001
111100011100
001001010001
000011110000
010110010001
000001001110
111111100110
101111001010
110010110000
101000001011
010100111110
100011110000
100001001110
101010101010
110101000111
111001001000
101111100010
111100101000
100110000100
111000110001
001101010101
010110001011
011111000101
111001101111
101010101110
001010010111
000100010110
000001010110
110110001100
110110111011
111001111101
010100100000
011001101000
101101101101
010010101100
101110110001
001111001000
001110000100
000001011000
010000010100
011100100111
111111011001
110111000101
100100110110
110011100111
010110100101
011001010100
010011110001
011100101001
001001011100
001100110111
111001110101
110010110001
001100010101
111000110001
110110001111
110000110110
001010100000
100101101000
100111011101
111011100101
101111011110
011000000011
101000000101
110100001000
010011010100
000110010000
000001011011
001011101000
101011101001
100110111001
101100010101
101110011010
011010111001
000010101101
101110000011
001110111000
000000011100
000001010101
001100000011
000000100111
011111000000
101000010110
000010001001
110011111100
011010100000
111000101010
010111111101
111000011100
010101111000
100111001101
101010010110
101111110010
111100010100
001010011000
111110000010
010001111110
000001001110
100110110101
010010101001
010000111101
000110110001
101101011010
101011110111
111101110111
111011001001
010110001010
011111111101
011011000001
000111101000
110001011100
010000100110
110100010101
011100011110
110101000001
000011110101
100101000000
011101011001
011100011100
101101101101
100110101001
101100010101
000010011000
001110111100
001011101101
011011111110
011001001101
010101001001
010110101011
001010001000
011000011011
010111011111
000011011101
000011111000
000111110000
110111010110
000101110100
001000110001
110100000010
010010101110
111110110101
100001110010
100111110000
110011111011
000101100000
100011001001
010000110000
010001011100
110010010111
101011011111
001110101101
011001001001
011110010111
110001111010
110000011010
010111111001
110110110110
010100010001
001111111101
100101011110
110011001110
011110011101
111100110101
011111010100
100000111101
001100000111
110010100111
010011100111
101100111100
100110000110
110100010000
111000000000
110000101000
110011011101
100110011100
010011111011
001001001000
011101110011
011010001011
000011001000
111010111111
010111011001
011111011000
010100010001
011111010001
000110001101
011010110011
100010110001
010110101110
111000101001
001011000110
111001100100
010111110100
110011010101
110100001000
000011010001
010010110000
010000001011
111101011000
010000111010
101011111000
111000001100
110110100000
000101110000
100000111111
001100101010
110011100110
110110010101
010001010010
011001001111
100000011110
000101110101
010011101101
000101001001
111110000111
001100100111
110001100001
110010101111
000011101000
101111101100
001001011100
100101010111
001011001000
101001011001
001101011100
101111000001
110011011101
110001110010
110010010000
101011000001
111001011010
000011011110
101001101010
100000111101
000111011110
100001011011
000100001001
110100010000
010001110100
001000111100
000000111111
101110010010
110100100101
100111101010
010000011110
010110111000
111101101101
100111111011
100011110110
100100111100
100110011100
011010110110
101001010110
110011110011
001111101101
100110101000
000111100110
101001100000
100110000010
111100101111
000110010011
110010100110
000100000101
101101101001
001110101011
111010000000
010001010111
000011100001
010010111100
101000011100
111010001111
010010111001
000110000110
011000110100
101101011100
010111101000
011100111010
011000100010
111100110011
110101000110
100010010100
111011110010
010110110111
110000110111
110001011010
011001010010
001011011100
111110001010
000011101101
000110101101
101110011111
110001000010
011001011001
000111011001
010101101011
100110001010
111000110101
000011101100
010000011101
011001100111
011011110000
111101010000
011110000011
100011000010
101111000000
100001110110
010001010001
111011101000
110000011100
100100001010
001110101011
011000001101
001000110000
001000000111
011110011011
100011010111
000101010001
100101000110
100001111001
110111011111
100100111110
010100110110
110011100101
000000100101
010000001110
100110110000
000100111011
000111101011
111111001010
010000100101
010110011111
000101001111
110101101100
000111110010
101001010101
011111011011
000001101111
111011010011
011011110110
100010100110
011111101011
110010011111
111110000111
100100100011
110111110101
110011000000
101001100011
100110110101
111100100000
101011101010
110101011101
101010100101
111000110110
010100100011
101101010101
000010011010
000110100000
001111100011
001011111110
011000011000
101101110011
001100000111
001011111110
111100111111
000101100011
000010010011
010001000110
100101110100
010110101010
100011101000
010011100001
111011101110
101100000101
110100001010
110101000110
111100000010
011010001110
111111001101
101100110110
011111000101
110000010001
000110110001
101000011100
101101111110
100111100011
100010110110
000100001100
100001111100
000100110000
000011001001
001000010010
011110000100
000001110100
001001101100
110011100000
111111100011
011001011110
011110101011
000010101101
110010000011
111010010011
010100100000
000011101010
101001000000
011000000111
011010101001
110100110100
101000101111
011111011101
010000100111
000010001100
111011001110
101111001101
100001001011
010110010010
001000101100
111001010111
111011111010
101101101110
010001100001
111010101000
110100101000
010000100001
010110011001
111001010001
001001001010
011110010001
010001001100
010001100010
000100001100
000111000001
101010001101
101110101111
110010101001
101010001001
001111011001
100010000111
100101100011
111011110011
101010001001
000111011010
001111111100
100001010001
001110110111
111000100111
001011111100
111000101100
010110100111
010101000010
000100011101
100100001001
011101011001
100000001110
110100100111
110110010001
100100010000
001001000100
001011101110
110000110111
111010011001
010000111001
110110101101
011111100010
101101110100
011000101000
110000010101
010101010011
101110001001
011110010101
000111100011
010110010000
111111110101
110001000111
011111110111
100011110100
100011000100
101100001111
110110101010
111010011010
011011100101
011000011010
001000010001
101000001000
111010001100
101010111010
001010101001
111110101100
010000110010
111001001110
011011000011
000010111010
010110010100
001110101010
001110110111
111100111101
010000010110
111011000111
001100011110
011011000101
010000001111
011111011011
011101110111
000110100111
000001110101
100101001110
011000010011
000011001010
111110010111
111011000001
010101110111
001101111010
000100111100
100110011101
100001101110
101011111111
110001010001
000001111001
110011101111
000101101101
001010010010
001110010101
000111101100
100110101000
111100111111
110110000110
000000011011
100100100010
111110100111
100100000011
000100011110
000011011010
001100000110
110010110111
010111101111
010001110011
110001010101
011010110111
000110100010
010010111101
111100101111
100010011000
001010000101
000001101110
111100011110
101010101011
010111010101
101100011001
100110001001
001010101100
110100101011
011101011011
011111001011
101001111110
000111011110
001110101110
010011110110
010100010000
001011001001
111101100010
000100101111
000101111110
111001111100
111101010101
010011101110
100111111011
110000000110
101011000011
000100010010
110000101110
100110001110
100110011001
111001011101
100010001011
100100001110
010011011100
011101011011
100110101100
010010101100
110100110011
011111101000
001101111001
001111111100
000011101110
011001101101
001010010111
111010000100
101000111000
101001111001
101110010111
010101010000
100101111001
101010000001
001101001100
110111001001
010111111001
010110110010
101110001000
100011011001
111111010011
100111001000
110100010011
011001111111
011010011010
001111001001
010011000000
100000001011
010011100110
001000110011
010000011100
101011010101
011010101110
111100101100
100101001001
001001111010
001101101111
111000010111
110111110000
100110111100
101100000110
010011110011
111100100110
111000000100
010001111000
000101110100
110111000100
100100010010
011010101111
100101100110
101111010011
010000000101
111001110001
000011110000
001101101011
101001101110
110000011100
000110001011
111110010101
011101101010
100011110000
101110101110
010100101010
100010011101
100110010001
110010000010
000100011101
100010001010
101101101010
101000010000
100000111110
001000100110
001010101101
111101000011
100111010110
010101001101
100001100011
101100100000
110111111000
011110010011
011000010110
100101100011
011001010110
000111000001
010001001101
001110100101
010111000110
110111010000
100111010010
001010100001
101111011111
001111000100
011010011111
101100110100
111101001010
111101111010
100101110110
010011111110
111111101011
100111010100
110011000110
100000101001
010000100110
101010010011
100000010111
110100011000
011010101001
001010010100
110110100010
000110110101
111110011100
011011111100
001010001001
010101110010
100001001000
011100101110
100101011110
010000101010
111100000101
100010100000
110101100011
100011001100
110010011010
000011101100
111111110100
001101100100
100101111110
000000010111
011101110010
011000111101
101111000110
001111000011
100001000111
001010001100
011110011010
101101010011
110010110110
001001110011
101000111100
111101011110
101000001001
010101100100
101010111111
100011010110
000011111010
101001000111
111000000101
011111110011
011011011110
101010110111
001101100010
000111101001
000111110110
110010111111
011100001111
000010001010
101000001110
011000100101
010000011110
011010010001
011000100001
000111100001
010011101101
101101011010
001011101101
111101000101
000000101011
010110001000
100101011011
001111111000
100010100010
100101101011
100011111000
011001010111
100011001011
001111011000
010101010001
110110100110
110000001000
111111011011
001000001110
100111001010
001010001100
011111110000
011101001111
101000011011
111110100111
001010111000
100100101001
011111101111
011100000001
100010100010
001011000000
011011110111
101100100011
100011110111
100110000100
110010110110
000101010010
111100101001
001111010101
001001001011
110011110111
000000101100
111111011100
100011010011
101100100001
010001001111
001100111111
000011111000
111111100111
100011000011
111110001011
101110110110
101011011100
111001000010
001001100101
100100110000
010100001111
111110010101
000101110100
100110011110
100101011011
001110110001
010011000011
001110111011
010101001000
101110000001
010000011100
101000011000
100010111010
110100001100
100110011001
000100111100
001011010011
110010000110
111000001000
010010000010
011110100111
111110111101
010101011100
001010100100
001010111000
100001000110
000000110001
111011010011
011100000100
101010000110
010001010010
000011000011
100000110010
101100101110
001110111101
101101010100
000001111010
001011010110
000010100011
100100011011
001101111011
011001100000
011000000100
010011000011
011100111000
011011100000
000011100100
000100110010
110100010101
100001011110
101001101100
010010100001
100101110001
110011110010
111101011101
110010100110
110101010000
101000110110
110110001000
111110010011
101111110111
101100010011
111110100101
001111101100
100110111010
111010000110
101000100111
011100011000
010011011101
000111011010
101010101100
000010101111
001010110011
111011010010
001001001110
111101110111
101101010101
100000100011
010110001001
100000111100
011111110001
001010010001
001101100011
001110110011
101110001101
010000001100
000110011000
111011011100
111001011111
011111100110
001011011001
101010001100
001000011010
111111010011
101000011010
111100101011
111010101001
111011111011
100111110101
000100100110
011111101101
001111010100
010011001011
011011110100
111110100010
111010100110
101111111000
010101011100
010001101100
001100011110
001101001001
011111001100
010101101111
001111011100
101011110110
011111110100
001111100000
011111110010
101100000101
101111000101
111011001000
000111010011
110001110001
110000010001
100100010111
100000010100
001110001110
011011000101
110011110100
000100100101
000100011111
110111000100
000001100101
001011101000
010000001100
000010110110
100011100010
001111000011
100110001000
000110100010
011001011000
101000100001
011100001101
000110100001
101111101010
000001011101
101100001011
101011101111
011100100111
010001010001
111001100011
000110110110
011110111111
110110000100
110110100110
100011100000
000010100101
011000100101
001110111010
100010111111
001001000111
000000101011
100001001000
100100100000
111001101010
001000011001
110010001001
010010010011
111101010010
101010000011
100100100000
111011110010
010011011101
011000100011
101011100100
111110100011
111000011100
100011001011
010010111111
101101001011
110100011001
111110001100
100101100000
110110100100
100000100011
111011011000
100100010111
011101101111
000001011010
001100110111
000010111001
001100101111
010001110011
010000101101
101100000010
100011000000
011110011100
010001100010
100110101101
011011111001
010111001111
101111100100
101011111100
010010100101
111001011001
011101111100
110010001100
010110101100
000001011011
110101110101
100110011001
001100111001
101000001111
011011010010
100000010010
000000110010
111110011101
011001010010
001110010101
011111001101
111001011100
010100010011
001010001011
100101111110
111111011011
100101111000
101110111110
001100000010
110011110101
101001111001
100101010101
110010000000
110011000111
101111011101
100100111111
101011111100
010000101001
101100000010
011010011100
000000011100
001111111011
110000011110
100011000010
111110111011
110000010010
100011101110
000011101101
001111001001
011010110100
010110010100
011111011101
100001110101
011011000011
011111011011
110111110111
111110111110
110001010010
010000101011
111001001011
000100111111
110000100010
110000100111
010111100101
001001110111
000100000101
111111110100
001110011100
110011010110
011111010100
101011110001
111100010111
010100001100
100111111000
010011101000
101110000100
011010100110
110010101000
100101100100
000001000110
111000100011
010010111001
101110000001
101100100011
100100000001
000100110111
011000011101
100010111100
001111100110
101011111101
110100111111
101001110001
110001100100
110111001001
011011110100
000100010110
001101110101
000011010110
101001111110
110011010000
011001111000
000011111110
110111101110
011011011101
010110101110
111010001100
111011010011
111111100001
111101010110
100001000011
001111100101
011010011001
001100101100
010010001100
100111111000
100011110001
111000101101
000101101111
110000100110
000010010100
000110011101
010011110111
011000000010
110010100100
010111000000
101110100100
001101110110
110010101101
001000101011
010010001110
010001011000
111101110001
110110001111
001101110111
010111001101
101100110100
110100011000
010111101000
111110011000
011100000100
110000110001
100110001101
010010110001
100110011100
000011011001
011010010101
001000001101
100010011111
101100110011
100001111001
010100010111
110111101100
011001001111
101100110111
001101000110
010110110111
001000011110
101111010010
100101110100
000001011111
011000100010
110101110100
101111011100
111101100000
110100110000
010011110111
010011001001
000111011011
111000010011
001010001001
010100001011
111100100110
110010000111
000101100001
010011000011
111100101001
100110011111
011000011111
011100011100
001110001010
111100000011
011101000000
010111110101
011000000101
101101111011
010000110100
101111111001
011000100100
011011111111
000010010001
011011101110
101010001111
100111000001
100011001100
111101000110
111010010010
011100011100
111001111101
100101001101
010011001001
100001101000
010110111001
001001110000
100011110011
011111011111
111000101101
001100000111
101101001101
010011011110
110111001000
100111100011
111011010111
001001111100
111010011100
101010000111
010000001001
010111010101
110001101101
100001011010
111111011110
110001000101
000100110001
001100001010
000011000110
110110100111
001010111110
111001010110
101011000001
011000000110
111101101010
011000000100
001110011001
110001101111
101010110111
000111111100
100001010111
001001110001
100010100011
111011011011
111110101000
011011001010
011010010101
100111110100
010100001010
000011111110
101100011000
010001111001
010011110101
110001001100
101001011101
110010000100
011000100010
011001000010
010110110101
001000101001
111011100010
111100101111
101110010100
100001111011
110010011000
100010001111
101011011010
111010111011
010000000111
010010100000
001001001011
101100010001
011011010011
010011000100
111011001000
100111111011
000111010010
101100010111
010100101100
000011111101
011111111100
010111011101
110011101110
000010010011
010100000100
000010010111
010000100101
111010101110
110010000111
000000111101
111010110010
111101100111
111100100001
101110001110
110010100011
100011011011
001111010111
111111001011
010011010001
011010111010
100110110000
010010101000
001010110110
110001111000
000001010011
011110000000
111011010101
111110111100
111000111001
000000101111
011111100011
000100011100
101111010001
010011000000
011111110001
001110111011
011000101111
001011110011
101000100110
101111001111
000101111001
110111111111
101111000011
110010100100
101001000101
010110101011
001010100000
011101100000
000101001110
110010011001
111110001010
111100100101
001000001111
101101011101
000001100010
000111000001
100001111101
000101111000
011111100100
101011101011
110110001101
111001000100
101111011101
010100000011
101100101010
101011001011
110011011110
001100000110
011001000011
111001001100
011101100010
101101110011
000010110110
110100100001
010100010110
000001011011
111101110110
000010111010
011111101010
010110101100
111011100001
011010110110
000011110110
111000001101
100011001101
110000000110
001010100001
101111000001
000011001011
110000010110
010101001000
111001101010
001000011110
001010001010
100110010011
100100000001
110101001111
001101100100
001101001111
010000000101
111010010100
110001101000
101010010001
000101100000
110011001111
000010111100
100010101100
000110110011
101101001011
110001010000
111110010011
010111110000
010110110111
010101111011
000000000111
110110100100
000011010011
010100011001
111010000101
101001100111
010110100100
010010011101
000011010111
111111011101
101011111010
000011100000
101100010100
010110001100
011100100001
001001110100
110001110101
111111011011
000001110011
010011110000
101111011111
011111100101
011001101110
011011001011
001010110011
111011110101
000010100001
001000000111
100110011100
111001000001
100001011010
001011111000
010110111011
010101111011
010010110111
000100100001
101101100011
110111000011
000011001100
010100010111
010110011000
111111100101
111100100110
000110100110
110010100011
001011011010
110101010010
011001101111
110000011101
110001001101
111011100100
000001011100
001000100010
010011101001
001110100101
101101011010
001100010010
110010011010
011000010011
000001101100
110011000110
101110101110
011001000010
001010010000
110101100111
100100101000
001101011011
001011100111
011000001110
001101111100
010110110011
001010000110
100010000010
000011101100
100111101000
111001100011
101001001011
000000101011
000001010010
100110010000
111011110101
101011110010
010001100001
101000111000
000101010111
010100101111
100110000111
111111001000
100110110111
000011101101
010111101110
000000111110
100110000100
010110000011
001100100111
111011111111
111000110010
110000000100
001000111011
010101000100
110011011100
101110111011
010000110101
111111011000
010100011000
010111011111
110110111100
110110101010
110100010100
101111010111
010101111011
100010000100
110010111000
000111101111
000010110001
100000101011
011001011111
101101000001
011110110000
001000011001
110000100101
100100010111
010100000010
011011010001
100010111110
101111011010
011001110011
010011010010
010100100010
001001100110
001011001110
000110011010
010111110001
111000100011
011101010010
011101101011
110010001110
100010110111
100000011100
100000010100
001011000110
101010100001
100101101101
011101100110
111011111110
011111001011
101011010110
101011111111
010001100011
111000011001
001101010001
001110001110
101010110001
101110000101
001110101110
000111010100
110111001011
111111001001
100111101110
001000111011
101001010100
001010100111
010001111100
111110100010
101010001011
101101101100
101000001110
101000000111
101011100001
110110110100
011111110011
110001001000
111000110001
111001110001
100001111110
100000011110
000011110000
111100001111
000000110001
001101101001
110010010011
110001000100
101101101110
101001011011
110010111011
111010000001
101000001011
000011011011
110001111111
001100111110
101101001100
011001011101
101010000001
011110110000
111111100010
000101100010
011111000110
111110000010
100111101111
011101111000
101010010001
111011000101
001111010110
010010110010
101110100010
111000101110
110010010100
111110100100
001000001111
010001011001
111100110101
010111011010
100010010001
100010010011
001011100111
111101110010
100111110001
011111011110
001011111010
001110011101
110010011111
100110010100
111111110011
001111000011
011110000100
100111001111
111101010010
001101001001
000100100010
001000000110
011101001101
000001011100
101010000010
001110000011
000110100001
110000100011
001100010010
110111010000
001000000111
011000111101
000110011001
110010111011
110110001100
010110011111
010010101000
010000001111
011000010101
000101101010
110011010010
110100000010
011100111001
011010100101
100011011110
100001011000
101010000111
101011010001
010101100100
111111101001
001111111101
100010001000
010011111000
010001101111
100111000001
110101011100
101100100010
010110001010
111010011011
010000110111
001101111000
011101000011
101100100111
110011011100
001010011001
111010101101
101010001110
100000010011
010000001110
011110111111
101100011110
110000001111
101011010010
101101101111
001001101100
001011011100
011100100011
010111010010
111110011010
011111101011
000111001100
110011011101
100110011100
110100111001
001111110110
101110110101
101011110001
100011101001
011011100000
111011100011
111010101010
101101011000
010000001001
010110011111
111111010001
001110001101
011011000010
011001001110
101110110100
010101101100
010010001011
111111100111
101101100010
100100000100
000100001111
111100010111
010111111111
001101011110
101101111110
100101111001
110000011010
010101001100
111111101000
110000110110
010010010001
110100100011
000000101010
011000100011
110101101011
100100110010
011001100010
001000101100
001000111101
000010101110
010010010010
111101011011
100000110100
111011001001
001101100110
111010011100
100000101000
001001011001
111101101110
001010000111
111011101100
101110000011
111000100101
111100100001
000010001110
011001111001
111001010010
011111010010
001001101000
111011011000
011001001001
101001011001
101111111001
000101101000
111001111001
100001111111
100100000111
101111001101
110111100100
100000110111
001000011000
101010100100
101001010101
110101100001
111000111111
000111111000
011101101100
010001100111
001111110111
010010010100
010000010110
011100000011
101001100110
000011110010
010101100111
110111000100
010101101010
001001101000
000001011000
011001100110
101001011011
010000001101
110111101010
110011001111
110000000011
110101011011
011001001110
110011111000
111100000100
111101101001
001011011001
110001001000
101000001000
111011010011
100111010010
011101010110
011011101011
001011000100
000011100110
000100110011
101100111111
011100011110
010011000001
001001101101
010000101011
011101100101
011111100100
001011110001
101100110101
101100111010
010011011011
111000010111
101011111000
001011000001
101101000110
100100001110
001110101001
000101100000
100011001100
010011110000
101001101000
110001001110
101010010010
110011011111
011011011110
000011001111
100101010011
111100010010
101110011011
011110100010
100111110000
001110100100
001010110111
001110111000
010000000011
100101010010
001101110001
101000011010
000100010111
100100010111
100001011101
101001010100
111101010101
100001100011
001110111100
100011111101
100100110011
101011100001
000101101000
010111101011
110011101101
101011110001
100011111000
001101000111
011111001001
000101010001
101001110101
010110110000
001111100011
111101100111
111110110111
000101100111
110010100001
101111110000
100111111010
010010010101
011010011000
001010101000
010000100110
111011101001
111000111000
111101110100
010110000010
101000100101
110101110100
001010110101
000111101010
100101011011
000011001010
111100111011
010100101010
001010011101
011101010010
000101001111
111101010001
011010001110
101010111000
110001111011
111001100110
100111011101
111101011000
110100100010
110111100100
111111001011
110010000100
001011010001
110000101000
011110001110
100101101110
001001111000
000001110101
010110100000
011101111000
101001110010
000110010110
000101010101
110000100101
000101000010
110111001100
111010111001
000110011101
000110010011
001011000100
111000011110
000100011010
000110111110
101001000101
110111001111
111111010010
Time = 2.773s
