n = 9, k = 6, l = 2, m = 1090
Expect Resample Times = 0.366923
Result:
110100011
011111100
010000100
100011101
010011011
111111010
001110111
010011010
111110100
011000110
111011000
111010100
010000111
001010111
100100001
101101000
101010111
100000011
111001000
000101010
010110000
100100110
011100010
010111101
000100011
111100000
111111000
011001101
111110101
111110100
100111000
100001111
001111111
001101000
000001001
100110111
001101101
111101110
100110101
110111110
000100100
011100101
101100011
010100000
100000101
101111011
110110000
000011110
100110110
001110101
100110101
101110000
101011000
101010001
001000010
000000111
110001001
011001101
110111000
111111100
010010110
011111111
010100000
101100001
001011100
001000011
100001000
000010111
000010100
001001110
100010011
100011101
101100010
001001111
100000011
111100010
000011100
010101001
100110010
100001101
000111011
011000101
011000100
101111100
100000001
010111011
111111000
011000110
111000011
000111101
111010110
011010011
001110011
100010110
010011001
011100101
110101101
000110110
011010100
101101001
000101010
011101011
110000001
100100010
001000111
010011000
110001100
000100011
101111011
111100010
010100110
001011110
000010100
001000011
001100001
110111100
011000010
100010000
010100000
011000001
111001000
011010110
011010010
001111111
000011101
100001010
111101111
011101000
101000110
001101111
100100101
010101000
011101101
001000011
110101110
010100000
011100100
011101100
010001000
101111110
011101101
110011011
001001001
010101100
010111010
010101101
000000110
010011111
001001001
111011100
000011111
000010010
001101001
010010001
011001001
101010110
101000000
011011101
001011011
000110011
000111000
000101000
110010101
001001101
011011100
011111101
000011001
100000110
001110011
010100001
001000101
100001001
001001011
100110110
101010101
110100001
010011011
001011001
001110000
101010111
101111101
000001111
110111000
000100001
110011000
010001110
100010100
001100111
100100110
100110011
111000101
100001101
111110111
101011110
011100110
110000110
100011011
100000001
010110011
011100101
011111000
000010011
101111110
000101101
011101110
011001000
111110101
001001011
000100110
001111100
100011011
011010000
100111010
001110101
101001011
111000111
101010110
111000011
101110010
001010000
010101100
100001111
111111111
010010111
010010011
100001010
000101001
010101100
110000000
110100010
001100010
110000101
001001101
100101100
111110001
010110011
000110111
100001111
101111100
011010101
010110111
010011011
010000010
100011111
010001010
110011011
010000101
111100100
000100011
100000101
000111101
010001011
111101000
001110111
101000101
111010110
101011110
110101010
101100110
100100100
011101001
000011000
000010010
011110010
010001110
001011001
011100110
010011110
111010111
111011000
110000110
100101010
011100101
110001010
100001011
101010111
011101010
110110011
101101111
011001111
110100000
110001101
001010001
100110001
100101110
110100100
111111000
100110111
101011101
011001100
001010001
001010011
111110011
101010111
100011110
011110101
000011110
111011010
010101010
100100101
001001101
100111100
010000010
110111000
000001011
100001000
111011101
011100110
000110011
010100101
100010011
101110111
101001110
011110000
010101101
110000100
001000111
000001001
100101111
001100001
010101111
011101001
100110110
101110101
101110011
110010101
100001100
011010000
110100001
100011111
111111000
111101100
100000111
001110101
000001011
111000111
111001101
010010011
000100110
010001110
000001110
010011110
001001010
110110000
111010110
100010010
100101100
100001010
011110111
010101101
010100000
010101010
011100000
011111010
001111010
111100001
011010101
000111101
100110000
111000111
100000110
101011010
111001110
011000111
011111001
000101100
000111001
000011101
101011001
111000001
100101011
011011001
111100000
000011010
101100011
100100011
010101100
001100011
100001011
101110001
011111110
011000100
100010001
001110110
101001101
110011010
111000010
001100100
101011111
101001011
100001110
000010111
110100101
010000011
010000100
011101111
011001000
001011011
110001011
100100011
010100100
110000010
100000001
111111100
110110000
001001101
011001011
111010010
111100100
001011001
111010000
001100101
000111100
101111000
000001100
101010011
110011110
011001111
110100001
011101110
110111000
001101110
001010111
000100111
001011001
100000011
001001001
110000100
011010010
000110001
010010000
100001001
000000110
011001100
011011010
011000111
111000001
110000010
111101001
101000100
111010110
100010011
111010100
110001101
111010000
100000101
101100111
011100000
000100110
010100001
110111111
111011110
000011101
101011000
101101000
110011111
111001010
000101011
011110111
001100111
011111010
011111011
000001001
000110011
100110010
011100110
110010011
111010001
100000110
001111110
101111100
100111000
001111010
111000001
000111010
010111011
001000010
111000101
010000100
101100101
000011111
011000001
101010100
000100101
110001010
100000110
110001010
110100110
001111010
011110010
000010101
111000001
110100011
000111100
001110101
000011001
111110100
010111110
011101010
001010100
011011111
000000011
000000011
000101000
010101011
101101111
101101011
000101100
110111001
001010110
010110011
000111100
110000010
010100001
100001101
001011100
111001011
111111100
101101111
100101100
110001001
001110101
110000010
011111000
001011010
111000110
100111011
100001110
011000000
111010011
101010000
011010100
110111001
101101100
101000000
001110100
100110110
100000010
010111001
000110000
000110000
010010011
111010010
011001000
101001101
101010011
001000101
100110110
011000111
101010001
011101110
100011101
010001100
111001100
010001000
011111100
101001001
110100101
011100000
000100001
111100111
001111001
101000011
110010010
001001001
101011111
011010101
100010100
110001101
011101110
000111101
100001110
100011001
011001101
000001110
100101000
111101101
111101111
000100001
100010111
001111111
110011100
100110101
100001110
010101110
101000000
101110100
000111101
001111101
001100000
111011100
011011100
110000101
010100110
011011111
110011101
101111010
001110010
110010101
000011001
111011101
010111111
001110011
110011001
111111001
011100111
101100000
100010000
110110000
001000100
010101011
010101001
110010100
100000011
111101011
101111111
100010101
111101111
110101111
110101010
101110000
000000111
011011100
001100010
011000110
110000100
110100100
000101000
110011110
011010101
110100101
001100100
101100110
111001010
101000110
111101000
011100100
101111101
101001111
001100000
100010110
101101101
110101100
110001101
010110000
000101110
111000110
011001101
101111001
010001101
101111110
100010001
101000000
111001110
000111010
110000001
101101010
011011110
100011100
001000101
010001101
011011110
111010101
000101111
011001000
111100011
001111011
011000010
101000010
110100101
110100110
011110011
101110011
011100001
011100010
001010010
011011100
111000110
001011001
101101110
111101100
100110111
110110000
111000100
000101111
111000101
010000011
010000111
000001010
001110100
101100111
100101010
111101010
110000101
100110011
101010111
101011110
100110011
001100011
010111111
101011111
110000101
001101100
111100001
111011101
100000001
001001001
100001000
010010101
111010101
100110011
000001011
010000101
111100010
101100001
110111010
010100111
010110000
010110101
000110111
000110010
111100110
100000001
100010011
110110100
101100110
100101101
001000101
011010111
110100111
110010111
001111011
001100110
111010010
011011010
000111110
101010000
110111011
101011100
000110011
111100100
111011011
010000101
101111000
011001110
110111001
001001100
110001001
110101010
100001010
001011110
111101100
011110110
101011011
111011001
110011111
011101001
000000101
110001001
000110010
110110000
111100100
100011001
110011101
110001001
111010000
001100101
010000100
001011101
111010101
101001110
111101101
010000100
000111011
001110101
101100110
110001100
011111000
011101101
110110010
101000111
000101011
111101011
011001011
110100101
010110111
101100110
110001000
011111101
101101101
010011011
111100010
101100111
001101110
001001010
011000101
100010000
000111001
001100000
010011100
101010011
100101100
001001100
110011101
110111101
001110110
100111111
100111010
011000000
001010110
110000001
010111100
101100001
101111100
101110001
011001100
110011010
000111010
010011111
100111011
000111010
001100001
100000011
001010010
111000000
001000001
110011010
110000100
110001011
110111001
011001011
110101111
110011011
000010111
111110011
101110100
000101001
111110101
110010110
111110000
101010100
100001110
010101110
110010100
101001001
011000110
001101001
111111010
000100111
010011110
110000011
011000011
111011001
010001110
010101101
110000000
110010010
010001101
001100000
001001111
111001011
010111000
101111011
011111101
101101100
110001111
101000101
011011101
100110110
010110000
111011000
000010111
101011110
000100011
110110000
000010100
010000111
011111110
111001110
110111101
000110111
001111111
010111101
110100100
010011100
111011011
110110101
011100111
000101111
101110111
001010001
101001101
111000010
111001001
101100101
100000010
000101100
001001000
101111001
111010010
111111101
010100100
100000101
100001010
100111110
100111101
000100001
001000001
101111111
010000001
010111110
101010000
100001111
111000111
110010000
100100111
011011010
011101000
010001011
011111110
110100110
101111100
000000101
101010101
010110010
111110111
001110111
111100001
000001010
110011011
011110110
101010001
110110000
110111111
000011101
110100101
001100010
101111010
001001101
001010111
011110111
110010011
100011111
101101100
010110101
010001101
101001101
110001011
001100000
100010110
101100100
000010110
111000000
111101011
110111111
011100000
111100010
010000101
111110110
110101111
101001010
111001011
011111010
010010011
011110100
101010001
111100011
010101001
100011001
110101101
111011101
000100100
110001111
001110110
100101000
100000101
011100110
011101101
110110100
101001011
000110101
010010101
111001101
010101000
000011101
101110101
000010100
010011010
100110101
101110000
101001000
011101100
001011011
010110101
110100000
001100000
010010100
101000110
110010110
101100010
100001111
011001001
010011011
010100010
010100111
101011101
100101010
000101001
100101000
011010110
100110111
001111000
000000101
111100110
101010000
011110011
111100101
001011110
000011011
101101110
111101001
101001000
111100011
110101101
100111101
100111111
111000010
000011000
111011000
111100011
101111100
001101000
010101110
001011000
111000101
110011111
011011011
100100000
110011000
110101111
010111010
001101000
100010101
011110011
100011101
110100001
000110100
101000000
110111101
010000100
111011011
001111001
100011100
110101111
010101010
111011011
010110100
000011001
011001111
001001000
000101001
111000100
110011011
000001010
111111010
000100010
111000010
110001110
000101110
010100110
010011000
011110110
011101101
011100010
101110101
110110100
011111010
000111101
010000001
110100010
001101110
000110010
010001100
010111010
011101001
111111011
110111101
010010101
101111101
010111011
Time = 0.083s
