n = 15, k = 1, l = 13, m = 41
Expect Resample Times = 1.36638
Result:
101111111111101
111111111110110
110111111111110
111111111011101
111111111101111
111111111111111
111111101111110
011111111110111
111111110111011
111111011111111
111111111111101
111011101111111
011111011111111
111011111111101
111110101111111
101110111111111
111111011011111
111111111110111
101101111111111
111111110111111
101111111111111
101011111111111
111011111111111
111111011110111
111111101111011
111011111101111
111100111111111
111101111011111
111101110111111
110101111111111
111111111111010
011111111101111
111101101111111
101111111111110
111111110101111
011011111111111
111111101111110
111111110011111
101110111111111
111100111111111
111111111101110
Time = 0.002s
