n = 14, k = 3, l = 3, m = 142
Expect Resample Times = 0.436657
Result:
01000101110110
01111101010111
01110010100110
01010000001111
00000001011111
00001110000111
00100100001110
00110010101000
00000110000100
10011100100011
11101010001011
01001101001001
00001000110100
11111010001001
01100101001110
11100110100110
10100111011010
00001101001101
01110010000000
11001010001010
10101001001001
11010101000111
10110000101000
11100111100100
01111000010011
11111101000001
11011101010010
00010100001010
10101111111101
10100111011001
10011111011110
00010111101000
10100010101110
00001000011111
00111100000000
01010110111001
01111001010010
01101011111111
01011100001011
11111100010100
00010001111000
00111101000101
11000101011101
11001001010001
01000111000011
10010101000010
01011111010100
11110100110110
11100001101011
01011001100010
10001001011111
11001101100101
01101000100100
11001000011010
10101010010111
00100110000100
10011000011100
11010011111101
11011111111110
10001101100001
00011100001110
00011000011000
10111101011101
10101100101101
01001001110010
00110110010111
10000111100111
10110010110000
01010010001011
10001111011111
00111010100011
01100100110101
11110000000001
00011010111101
00001100000011
00001100001001
11000010100111
10110111010110
10010001110010
00011101111111
10010010101000
01100001100011
00010010101011
01100110101010
00111100011111
01000111101001
00010011110101
10000011001101
01011100000100
01010000101010
00010100110000
10110001010011
01101000110101
01111111000010
11010011010011
11000001011110
01011000010011
10101100101000
00010110011110
01100010000100
11010111001001
10001111010111
01100001001110
11011111100001
01101011110011
00111111011000
10110000101100
10101000111001
01111101100101
00100110111000
00100111100011
01000010000100
10000101000111
01000111100000
11110101101100
00001111001110
00100111111000
11001010011010
11111000001100
10000011011101
10001011100001
10011101000010
11100111010001
10111000001011
10110100111101
11010001000101
10100001111000
00101000000110
00000100001001
01110011000110
11010010010101
01000100110111
10110111010110
11011010010101
11100100100101
00001101111100
11110101001000
01010101110011
01001100111100
11101001010000
01111110001100
01000111110010
Time = 0.016s
