n = 11, k = 2, l = 7, m = 100
Expect Resample Times = 0.546239
Result:
11101011101
11111001100
11110011001
10111100101
11010011011
01110110011
11101000111
11110110011
00011111011
01011110101
01001110111
11001110110
10111001110
11000011111
10111111000
00110111111
10111101001
10111100011
11110011010
11000111110
10111001011
01111011100
10010111101
11011001111
11110010011
10111110111
11110111011
11001011110
11111011111
11011111010
11010101111
11111101011
11101000111
10010111110
11111010101
01111011011
10110011011
10100111111
01010111011
10110110011
11101110110
10111100111
11011101110
10011111001
11111110000
00111001111
01110111110
11011110011
10001011111
11001111100
01100111011
11111101001
11111010110
11101110001
11111000111
00111110101
10111010101
11111011111
10111100110
11111001100
10101111001
10111110010
11100011011
01011011101
11100111010
10011010111
10011101110
11011111010
11101011101
11010011111
01111011110
11111100111
01101110111
11000110111
11101110110
11111100110
00101111101
11110001011
11001111111
11111000011
10101011101
10110011011
01100101111
11011011001
11100011101
11111111101
10111101110
11101100110
11100110110
10010101111
10111101011
10001111110
10101101101
11111111011
01111101001
01111001110
10011101011
11011111101
11001011011
11101010111
Time = 0.013s
