n = 8, k = 5, l = 1, m = 388
Expect Resample Times = 0.364809
Result:
10010110
01000111
10100011
01101010
10011000
10001101
01000011
00000010
10101010
01101110
01110001
01000010
00101111
10110100
11111011
10110111
11010001
10000001
00100010
00010111
10111100
11011100
10010100
01101110
01111100
00101100
11000010
00000011
11011111
01101000
01001101
10001100
01001111
11010101
00000001
11110110
10011010
00011111
10111101
10010011
10111101
01111100
00110000
11001110
11010010
00011101
01110010
00010000
00101111
11111001
10011101
10110000
01100001
01111110
00110100
00011111
10010100
11011000
01000010
10000110
10100101
10011001
01101100
11011010
10101000
00101110
11101100
01101000
00000001
10011101
11001100
10010110
11100000
10010001
10110100
01011011
11100100
00001001
11111010
00100110
11011110
10010110
10011000
10011110
00011001
10101010
01000101
11000110
00011011
10100101
00101100
00010110
01001011
11011010
01010011
11110001
01010110
01110011
11111001
01110010
01101001
10011100
10010110
11000000
00100011
00011011
11010000
01101010
01110111
10111001
11001110
01111100
00110110
11100111
01000110
01101001
00111111
10000101
10100000
01000001
10010011
11001110
01100000
10011001
00000101
11010011
00000110
01010001
10110111
01011110
01111000
01101011
11000101
01000001
00011111
11110111
01101111
11010111
11000010
10000011
11111111
00101010
10011100
01100110
01000111
11001011
00110010
00111000
01010101
11011000
00100000
00101111
10011001
10000011
10010111
01001000
00000011
10001010
01110101
00010010
10111001
10111011
00011011
00011011
01001010
00011000
10001101
01001000
00101001
01101001
00100110
00110110
01101101
10110111
10110111
11111101
01110001
01111000
11011111
00010100
00110110
00111011
10011010
10110110
10100101
00100110
01001110
01010011
01111111
11011001
01000110
01010100
01000110
10010011
01101111
10111001
11111110
10101110
01101110
11011000
10011110
11101111
10011001
01010110
01011001
10111100
10100011
01100011
11111000
11101100
01010010
01100101
00000100
11001101
10111011
11110000
10001110
01100101
10110010
11011101
00010000
11111111
01110000
10000100
11011101
11011111
01000010
00111111
11010101
00000101
11010100
11011101
10000111
11111010
11101000
00011001
01011010
01010100
00001000
00010101
11111000
00111011
11010000
00110101
00111110
11111110
11010010
00010101
01011000
11110011
00011100
01110110
11100001
10000110
10000101
11100000
10100011
11111100
11111010
01100101
00111000
11110100
00011001
00101011
01111011
00111101
11011011
10000000
00110000
10101111
00111000
11010100
00111101
01000000
11001110
11000011
01001001
00111010
11010011
00101010
11100010
11011110
11001001
10000111
11011111
00110100
01001110
11101000
00000100
00001100
00000101
11011010
10000100
01100010
01100000
00101100
11111001
11111101
11011110
00011001
11010010
11001101
10101111
01001111
11111000
00110001
00101011
11100110
01100011
01101101
00111011
01010111
10000111
01000111
01010110
01100011
11011101
00010010
10100001
10010010
00111111
01111111
11100100
11001010
10101111
00011100
01000100
11011110
10100111
10100010
01110111
10000110
00001110
00100011
01010110
00011110
10100000
00000111
00110010
01111001
10011101
11110001
01010110
00100100
01101011
00011001
11010111
00101110
01110010
00010000
10111010
10110101
00000101
11111100
01100111
01110100
11000101
00111010
01110100
00000010
10111011
11100111
10111101
00000011
01010101
00011000
01111000
11101011
10111111
10010100
11001110
10100010
11000111
11011000
00001010
00100010
11100100
00110110
01111111
00100100
00100101
01010101
01100000
00111101
00101100
10011010
11011011
10011110
Time = 0.003s
