n = 17, k = 1, l = 16, m = 90
Expect Resample Times = 1.59583
Result:
11111111111111111
11101111111111111
11111111111011111
11011111111111111
10111111111111111
11011111111111111
01111111111111111
11111111111110111
11101111111111111
11111101111111111
11111111111111111
11011111111111111
11111101111111111
11111111110111111
11111110111111111
11111111111101111
11111111111101111
11111111111111101
11111111111011111
11111011111111111
01111111111111111
11111111111111111
11111111101111111
11111111111110111
11111111111110111
11111111111111111
11111111111111111
11111101111111111
11111111111111110
11111111011111111
01111111111111111
01111111111111111
11111111111111110
11110111111111111
01111111111111111
11111111011111111
11111111011111111
10111111111111111
11111111101111111
11111111011111111
11111111111011111
10111111111111111
11111111111111011
11111111101111111
11111110111111111
11111111110111111
11111111111111011
10111111111111111
11111111111111111
11110111111111111
11111101111111111
11111110111111111
01111111111111111
11101111111111111
10111111111111111
11111111111110111
11110111111111111
11111111111101111
11111111110111111
11111111101111111
11101111111111111
11111111111111110
11111111111111111
11110111111111111
11110111111111111
11111111111011111
11101111111111111
11111111111101111
11111111111111111
11111111111011111
11101111111111111
11101111111111111
11111111111111111
11111111111111111
11111111111111111
11111111011111111
11110111111111111
11111011111111111
11111111011111111
11111111111111011
11111111011111111
11011111111111111
11101111111111111
11111011111111111
11111111111111011
11111111111101111
11111111111101111
11111111110111111
11111111111111111
11101111111111111
Time = 0.005s
