n = 15, k = 2, l = 10, m = 122
Expect Resample Times = 0.676134
Result:
110001111011111
110111111100101
011111011100110
110111111010100
101111011110101
111101101111000
111000011110111
111001010111110
110111110101101
110011110110110
011111001101111
110110111111000
101110111011110
111110011010111
110000111011111
001111001011111
110110111011111
111110110010101
101011110111101
111011100011101
010011101110111
011110011111101
111111010001110
101111011101100
011000111111111
010110101111111
101111011101100
110101101011111
111010100111110
111111001101101
110111100110110
111011111101000
101110010111111
110111111101100
111111110011101
011100011011111
011111111010110
111011101001011
011011111000111
110011011110011
110011001101111
110110111010011
010011011111111
110001110110111
010111011101111
001111111101110
110001111111011
111101110111100
110100101111110
110111000111111
011011111111010
010110111011011
111010101110110
001101101111111
111001111101010
101111001110110
101111011101001
111110111100010
111101101110100
001111011011011
111111000111110
101111001101101
110100011111111
110111011111101
110111110110101
110110011110101
011101011111110
011011011001111
110110111010111
111011101010110
011011101101101
111111110011111
110110111111010
100111011101110
001101111111010
001111101111111
101101111111001
110101110100111
011011001111110
011110111110101
011010111111011
100101101110111
101101111100111
001011111111101
111111100100101
001011011011111
101110101100111
111111001101100
100101111111011
011101111011111
101111010101011
011010010111111
011111101110110
110000011111111
000111100111111
110010111101101
011110010101111
111101110011010
011110111011010
111111011110100
101101101011011
111111010111110
111111101111101
101111011101100
101111111100011
111011111101001
111110110101010
010111101100111
110001111010111
110111101101111
010111110110101
001111100111101
111011111010011
111100101101111
011111101100111
011011001111011
011101111001101
110110011101011
111011101110100
101111011111011
111111101010001
110110011111010
Time = 0.011s
