n = 9, k = 2, l = 4, m = 54
Expect Resample Times = 0.468432
Result:
001101110
011001011
010001111
111110111
011101100
101110001
011101110
110110010
010111011
111010001
101001101
001000111
011000101
101100111
110101100
110110010
110011011
001110001
111011101
110010100
100111101
011100100
011111000
011100011
101010101
001000111
101001111
110011111
111010000
111101100
100001110
110100010
001100110
101111110
010101011
010011100
001001101
011100001
010001110
000110110
011011101
000011110
100010110
101110111
110000101
001011110
100011111
010011001
001111110
100111011
111101011
111001110
110011001
010111111
Time = 0.002s
