n = 13, k = 6, l = 1, m = 1326
Expect Resample Times = 0.365081
Result:
1001001001000
0011011100100
0110110000011
0100111110010
0010000001100
0101010001111
0011110111100
1011111001110
0010001110100
1000010001100
0100110101000
1111011100010
1000111101000
0001110111001
1110001000010
0110011100010
0111000110101
1001111101001
0110110101111
0000101001000
1001000011101
0110110000011
0110111001101
1000100010101
0110001101000
1001001010110
1000101011110
1100010110110
1000011100111
1101000010000
0001011001001
1110110111110
1011111010000
0110001010110
1101001100011
0110001010101
0110100100001
1111100111111
1110111011101
1100101100100
0000101100010
0100010011010
0001111110110
0000001111101
1001100001111
0111000100011
1011111000101
1010111100000
0000111100101
0110010100101
1110100110100
0001110100010
0010000010101
0000010110001
1010001000010
0011110101100
1001011111100
0010011010001
1110001011110
0011110000101
0110000101111
1110000001111
1001010011001
1010000100101
0101111000100
0000100100011
1010001011010
0100111101010
1110101110111
0111101100101
0001001100000
0011011000101
0010101001110
0111001011101
0010010100111
0010101000011
0100010000000
0101000110111
0110010110110
1110110010110
1111011010100
1011100010011
1111001010111
0001111011001
1000000011010
0101101001101
1001111001010
0010100101110
0101100111111
0001111001001
1101000011011
0011101010100
1111111101101
1001000010110
0011111000001
0010111101101
1111001100011
1101001000110
0001111111110
0011100001011
0001101010111
0111100010010
1101100010010
1101101110100
0010110111110
1011101100010
1101010111011
1000011011000
1011011111001
0111010101101
1100101001110
1110111010011
0000101000110
1110111101111
0010010000101
0010101111100
0100101110110
1111010101011
0011100010101
0001101001001
1000011000110
1100010001011
1001000011110
1101110011111
1110101110100
1000001100000
1100011001110
1110001000100
0000100101101
0011010111100
0100101111011
1010101001011
1100100100100
1100000011011
1100110111011
0110011110101
1010000110011
0111111001101
0110011010011
1010000101011
1110100100010
0001001111000
1101010000100
0011001101110
0100111100100
0111001101111
0100011001010
0101010111001
0011000000100
0000111100000
1000111000101
0111111110000
0000011011110
0001111000100
0101011011111
1110111111010
0100100010010
1000110110100
0111110111001
0110011011110
0010101001001
0100011000011
1111010100100
0111000011010
0111010101011
0001110010110
1001000111101
0110001101000
1100100100101
0000000111001
0010110001010
0011000000110
0011011000011
0110101011100
1010101000110
0010111010110
0010000001100
0000000011000
0010100111111
0010000110101
0010101111011
1101101101000
1111111000000
0011011111010
0010111001100
1010001110111
1010110011010
0011111101111
1101000001111
1101010011101
1010101010111
0101111001010
0111100001101
1001010011001
1101111111100
0001111100110
1010010000110
0000000110111
1111100000011
0110010111100
1111010011001
0010110011010
1000111100001
1101001011000
0110110111010
1100100100000
0011110101111
0010110001111
0001111000001
1011101101001
1011010111010
0111101000011
1111100011001
0100001101000
1100001010011
0001000000010
0100110110111
0100110101101
1110111101101
0010010001100
1011101110110
0010011000100
1111111000111
0011001000100
1010111111010
1011000101001
0010001100100
0011000010010
1000011111001
0010010010000
0010101100100
1001100101100
1111001101111
0101111001100
1100011100011
1111011100001
0011110101111
1011000101011
0110100101100
0001001010100
0010111000111
0111010011011
0111011001011
1101001010010
1000000101110
1001100111101
0001001001100
0001100010111
0011010100011
1011111111101
1101011100000
1000111110111
0001110011110
0111111000110
1011110111000
0110110101000
0111000100011
1010101010011
0111010100001
0101100001000
1000110001101
0110000101111
0100101011010
1011110111101
1001100111111
0111110011111
1010110110000
1110011111011
0111010111011
1100101010101
1010110000011
0001101110111
0000011001110
1011111000110
1001101011000
0110110111010
0001111100000
1101111011100
0011010110100
0001000100010
1000010110110
0111010000111
0101001010000
0101011000110
0100100101011
1011100011011
1010011111101
0111001001000
1101000100010
0011011100000
1000101010000
1111010100000
1110100111101
1010010000001
1111001110100
0101001101010
1100010111001
0011101101111
0111111100110
0000000010111
1011111011100
0110011011010
1000101100111
0000010100101
0100101100000
0011110001100
0111110010101
1000110110000
0100111010001
1011100011101
0111011010110
0101001011110
0111111110111
0010010011101
1011110111100
0110000111101
1101100100001
1000001101011
0111101110110
1100100110101
1010000101100
1100001100110
0100100000000
1111110101101
1101110011000
1000010110111
1100110101111
0000010001110
1100101100000
1111001001100
1111010010011
0010000110001
1010010100011
0101011110111
0110110101111
1001101111111
0110001111000
0010111111100
1001010110110
1100010011001
1101010000101
1111100011001
0011000100000
1011101101100
0001010010000
1100110001000
0010110101111
1110011100110
1101001101110
1101011101110
1101111010010
1111011000010
1110110000000
1100110010110
1110011010011
1010110100001
0111111000111
1011000101111
0100001110011
1000111001101
1100111101101
0111100001000
0000000011001
1110011111111
1110111000010
0100111111100
0111101110000
1000011100101
0001100000010
1011000101011
0001110000101
0111001011001
1101101011111
1101011101000
0110100010010
0000111011000
0001100111000
0110010111101
0101010101000
1001110010100
0101000001110
0100011001101
1000100100001
1100000100001
1011000100101
1010000000001
0111100001011
0110001100000
0011100101000
1101001011101
1111101111100
1100000010110
0100111001011
0100011111011
1001101110001
0010010010001
0100010011000
1100000100000
1101000000100
1001001010110
1000110101110
1111110100001
0110110110011
1110010111111
0010001100110
0001110111000
1110101000111
0000010010100
0110100010101
1011001100001
0000111010100
0011110101111
1110001110110
1011010001101
0100001101011
1001001100110
0110010111010
1010111110000
0011001010010
0010111100010
1110000011010
1011010101000
1111110001100
1011101100010
1100111110000
0011011110110
1000100011001
0010011100110
0110010110101
1110010111110
1110111000001
0101010101100
1010111010011
1001011101100
1001100001001
1110010011010
0110110001011
0011100000011
1001101110011
1111101111111
0100110010001
0001000100111
0001111100110
1011111101011
1011000010110
0110110101100
1011000101101
1000111010110
1000110010111
1110011111000
0111011111011
0011110000111
0011101001100
1101101110110
1110111110001
0001100011010
0111100011100
1011001100100
1011101100000
0001110000000
0101110000011
0110001110001
1001001110101
0101011101101
1111100011000
1110110111000
0101100100011
0011100100101
0010101000000
0000001011001
0110001100010
0001000011100
0111001111100
1111001110011
1110000100010
0110011101100
1011100111100
1110110100101
1111100101101
0011110111011
0110111001001
0111010110011
0001101111111
0101011101110
0001011111001
0100101101010
0100111011111
0000101011000
1000110001010
1010110001011
1010110000100
1000110111000
1110100101101
0101000001110
1011111111111
1111100010001
1011011000001
0111000011111
0111000010001
0001001001100
0101110010101
1000110110001
0101101100110
0111111000111
1110010111101
1111001110100
1001011010001
1001110010000
1101010110000
0011111011111
0110101011100
0010111011110
0011111011000
1100000101011
0101110010110
0000100111110
1011101110100
0101001100011
1001111011000
0010010010111
1010100011000
0010100001111
1111001000000
0110111011111
0010100011011
1011110101011
0100011100111
0101011101010
0110101111110
1110110111011
0100011100100
1000000011110
0100110111010
1001101110111
0100101000010
0110100101101
1010101001001
1011100011111
1111010100010
1010011100010
1110100110101
1011110010010
0100100001010
1101110101111
1110000000101
1001111010000
1101011001101
1110000000010
0011011110101
0001000100101
0011001000100
0001011010100
1000101010001
0011100101010
1011001011001
0101101101010
0011000000011
1111111011011
0001011011111
1010110001100
0000111001110
1111110000000
1101101000100
1111001000011
0111110001011
0111110000100
0110110110100
0010010010010
1000111011101
1111101011011
0010110110000
0100000001111
0101100111010
0100110000101
0000011010001
1010101111011
1100000111111
0011101111100
1100110010101
0101100001000
0101110111111
0101001110001
1010111110010
1110000101111
0100001111110
1101111000100
1100000000110
0100110010110
0010110001101
0000101100111
1111111000100
1011101010010
1101111001000
1101111101110
0011101010110
1110110100111
1110000001011
0001000100011
0000010001100
1010111010001
0111101011101
0010111101101
1100101010011
0111101010100
1101110111100
0011100011001
0000110010110
1100100110000
0100100111101
1001111100010
0111011111001
0011111000100
0011000101111
1111101000110
0010110101100
0101001101001
1001011110101
0111010010111
0110111011011
0111111110011
1110111011101
1101000110000
0010001100100
1000011011001
1010011000111
0101111010101
0000101110001
1010111101001
1010011010000
0011001101110
1011000101110
0101100010000
0000111101100
1101011001100
0100100101001
1101111111101
1011110110101
1011001101010
0100010100001
1000010000011
1001000101001
1110010001101
0101111001000
0011000101111
0001011001000
1110101010100
1101011010100
0111011100010
1101111100011
1100111101001
0010011000001
0110110000111
1100010100110
1110000010011
0110101001001
1001111010011
0111100111000
1111111110110
1111110000101
1100010011101
0001110010101
1111000101011
0011111011000
0100100111011
0111011100101
1011101101001
1001011110000
1000011101110
0101000111000
1111001110101
0001111000010
0001100100110
0000100111111
0000000111010
0110010110100
0011001001001
0100001001010
0001011100001
1001111010001
0110000001001
1000100110000
0011111001001
1001101000100
0110100111110
1000011011100
0010101100111
1000000111001
1111101110110
0000100100111
0100011001010
1011001111000
0010101110011
1110000110010
0000010000010
1000110110101
1011100001100
1100001001001
1001110110111
0110000101110
0000011110010
1110010001100
0001000100100
0101100011010
0111011010100
0010001011101
0001011001000
1110100010011
1101111100001
0100011111000
0011011001000
0010011011010
0100011101110
1001000000001
1010000101110
1100010110010
0110100000110
1101000010000
0111010000001
0010100001010
1011001000110
0000010110001
0000111010001
0010110001100
0011000010110
0000111101010
1011110101111
1010101110100
0000101010010
0011100001110
0101011101010
1101011101110
1011000111110
1011001101010
1011000100110
0110010111001
0011101100011
1001100101101
0101100110000
1011101000110
1001011110001
0111001001001
1010101110010
1000010111111
0100001001111
0111110100011
1101000011010
1110110101110
1011100010100
0011011101110
1000011110100
1110001100100
1011111111001
0100000101110
0010101001010
0011110110111
0110101000001
1001000001111
0010110101100
1101000111111
0101101111010
1011011000111
0100100100100
0000001110101
1011100101110
1101100101011
1100100011101
1110000101111
0110011110100
0001100110101
1010011111011
0100010100110
0110110101111
0011100111000
0111001101100
1100000010001
0010111000101
1011000001011
1101001011110
0100100011110
1101011010010
0010101001100
1000011011000
0101011110011
1011110010111
0101011011110
0010110110010
0110011011001
0100001100100
1011110110000
0101101110110
0001100001010
0000110010000
0111100000101
1001010110000
1111110001000
1010111101001
1100000010101
0110111111100
0011001011001
0001000010011
1011000111000
1100110000011
0001001011000
0110001100111
0001110000011
0100000111000
1101000110000
0000110001010
1001000111111
1010111100101
0010010101001
0101111100101
0010000110000
1011110011010
0011111100011
1101111100110
1100111001111
0111100001011
0100010101111
0000110010010
1000001100011
0101110001110
1101110111111
1101010000101
0110110000011
1011011110001
0001111000101
1101100011101
1111110100011
0111010100111
0101100010110
1101111111110
0110100110101
0110111010110
1110101110010
1110101100011
1110010000001
1100001110010
0010011111001
0001010000001
1011011111101
1111111100110
1100110100010
0001111001011
1010010111100
0001010010110
1000101011100
1011100000110
0011101010110
1101001110100
0110111000001
1010001010100
1110011011111
0101000001111
0110111011101
0111010111100
0100111000000
0010100100110
1111111000110
1100010000111
0000001101111
1010000010000
1000100011100
0001011111011
1001011100101
1011011110000
1010101111100
0010110010000
1111001000010
0101010101100
0100000010111
1111011100110
1101101100000
0011010100101
0010111001010
1100111001100
1111111000111
1000101010111
0011011101101
0101101110101
0011010110011
0000001011111
1101001010111
1010000101011
0101101010100
1010011110111
1010010100010
0010111010111
1111111101001
0000001011111
1110001011011
1101000101010
0100110110001
1001000110001
0110111110010
0100101000010
1011101100111
0001011100101
0001111011111
1110100110110
1101110111111
1101111100010
1010111101010
1111111001001
1010100111010
1100011000101
1000001010101
0010110011100
0100101010010
1010010000100
0000001001010
0101111101011
1010011000011
1111010010100
0100011011011
0000010110100
1010101100011
1001001010011
0010010000011
1010101101000
1000110101011
0011011100101
0010011011111
0000001000110
1101001100100
0000110111001
0100110111001
1110111110000
0111101101111
1111011101101
0011100101001
1000000111010
1010000010111
0100100011110
0101100111100
1011110101111
0111111000101
1100001110011
1111100000111
0111011100011
0110011001010
1001001101100
0101110100011
0100100110100
0010011100000
0100110011101
0011011010100
1110100010010
1111011001110
0111001000101
0101110010011
0001001100001
1011111000010
1111101101100
1101001010011
0101001001111
0110000100111
0110111101110
1100111001001
1001110001010
1111001001011
1001010110100
0111011010110
0001000110001
1111101001011
1111110001001
1101010001001
0010011101010
0011100101011
1110000110010
0110110111010
1010100111101
1001101110101
1010101110011
0110100111011
0101001010110
0001101111110
0001010111001
0001111001011
1111000110001
0011100001111
0110000011010
0011100111001
0100011100110
1010100101110
1001011100111
0101010010101
1100000111101
1010000110011
1010010000100
0110101100101
0100110111000
0010010010001
0000000011100
1101101101011
0000010000111
0010111001000
0110000010011
1001110000110
0000011011001
0000010000011
1111000111100
0011110000100
0011111000001
0000100100111
0111111100110
1100011110110
0000001111111
0111100011001
0100000000100
1110100110011
1101111110011
0110001000000
1010000101101
1001110110100
0001010101000
1011100100000
1100001001110
0111011101000
1000011111011
0111111000110
0111010000010
1110000001111
0111000101110
1101001000011
1010000001000
1101011001101
0101010100111
1101111101101
0100100010001
0100001010111
0100001111100
1111101010101
0001111010101
1100101011100
1000101000011
0101111000011
1100000000011
0011011010001
0111010010101
1110100111001
0000001010011
1111000001010
1000111011010
1101000111100
0010010100001
0001110000100
1111111001000
0001101001000
1100100000110
1010011001010
0110011010011
0101001111110
1100100100010
1010001110011
0110010000000
0100101101101
1110100010010
1000110010010
1001011010011
0111110010100
0101000100011
1000001110100
1011101000010
0110110100011
0101101001100
1001011101101
1110010100011
1100111111001
0101101010011
0000000101100
1011001001001
1011101111000
0010111010010
0001001100111
1000010011000
1110111111101
0111000000111
1001010110100
1011110111000
1100001011110
1101101000010
0000100001000
0011011111110
0110010010100
1111111011000
1011110001000
1111010001001
1100100010101
1100010110011
1100111110000
1101110001110
1101000010101
1111010001110
1001010000000
1110111000100
0100101110111
0100000110011
0111100000001
0111100000101
1000011101100
0100010010111
0110100000010
1000110111011
0101000111100
1001000100010
0000101001010
0111011110101
0000010010101
0010001001010
1101111001000
1001101100000
1011001101000
0010011011000
1001011010000
0001010100100
1111000101000
1000111101010
1111100001111
0111011000001
0010101111100
1110100001110
0110011111010
1111001010101
1011010111110
1010011001101
0101110100110
1011100110100
1000101010001
1100110011011
1101111011010
1101010111001
1101010000011
1011101111010
1111010100010
1111101010001
1111111111100
1111100010000
0101000100010
0000010111111
1011111110010
1011000110111
0001001000000
0111111100000
1011100110011
1011111101110
1000111001000
0001101011001
0000000001000
1000001001010
1100010110011
0001010000010
1111100011101
1000101110100
0100010010110
0010110110010
1100010100110
1011111100010
1001000100001
1010001110010
1000111101101
1100101000100
1110101101110
1100101001101
0011110001101
0110101100100
0000010011111
0011100000001
0101010001001
0100111001000
0101111100111
1011010010100
1111010010010
0111011001100
1010110100101
0110000110011
0101101001101
0011101110111
1110100010111
1000010111101
0010100111110
1111100011110
1000001101000
0010000101100
0100110101011
1010001100000
0100111111110
0010010011110
0101100110011
0101110001000
0101101010001
1111011011111
1000001011000
1000100110111
0100000101001
1010100101111
1100110001011
0010010100111
0110001100101
0110101100100
0110101111101
1100001111001
0111111011010
1110101110011
1010110010010
1010111111011
1010111011010
1111111100100
1001101000011
1100010111100
0110111111001
1100101000100
0010000101010
1011010011101
0001100010000
1111011100101
1101111010111
0110000110011
0111011111010
1110000101000
1001001001110
0000100000011
1100100011100
0000101001110
1001100100011
1001101100010
0110001101101
1100110100111
1011000111010
1110100111000
1111100101011
0010110011101
0101001110000
0010100001111
0110100111011
1010111110000
0110010011110
0001111111110
0100110011100
1101100001000
1111101000111
0010001111010
0100100110001
1001010100111
0010111101101
0001100101011
1011101110001
0111001010010
1111111000100
0101011111111
1110000000000
0010100110110
1001101101110
0111111110001
1110011111100
1100111011011
0110101101110
1111010000000
1001010000000
1001001101111
1000101101000
1011101100010
1101100011111
0101010001001
0001010001111
1011101010110
0011011001010
1110101001011
1100110100111
1101110110011
1000101110010
0111111111010
1100110110110
1000000111110
1011110011111
1000010000110
1011110001010
1011011000000
0011001101010
0000110100010
1001101001101
1101011101011
0010111101000
0010100111100
1110010011110
0010110000100
1101010010101
1000010101100
0010110101000
1101110010010
1110101111011
0111011010111
1001000100100
1000111111111
1011111100100
1100110010001
1110010010000
1000011101110
0111110101000
1001100000011
1011101111010
1111100001111
1100110011101
0000101001100
0001100001000
0000010000111
0111110100110
0101100111011
1000111100011
0001101011010
0111001010100
1110001100010
0101000111000
1000011110101
0010010000000
0001001100101
1110101101010
0111001010111
0001100101110
1001111101101
0100110011011
1010000001000
0111010101101
1110001011101
0000000011001
0011011101111
Time = 0.24s
