n = 7, k = 2, l = 5, m = 158
Expect Resample Times = 0.412074
Result:
1111001
1111110
0011111
1101110
1111011
0111111
1101111
1011011
1111001
1110110
1110110
1010111
1101110
1110111
1011111
0110111
1111100
1101011
0111110
1110101
1111101
1101101
1111010
0011111
1111100
1011110
1011101
1010111
1001111
0111011
1111001
1111100
0101111
1100111
1101011
0111101
1011101
0111101
1111110
1111010
1001111
1110011
1110110
0111111
1111111
1001111
0110111
1011111
1111110
1111101
1111110
0101111
1111001
1011011
1110110
1011110
1110110
1011111
1001111
1101101
1100111
0111101
1011011
1101111
1111101
1111100
1011111
0111011
1111101
0111110
1011101
1011111
1111001
1111110
1111011
0011111
0111110
1110111
1011011
1011111
1111001
1101011
1101011
1011111
1110011
1011011
0111011
1101011
1001111
1111110
1101011
1100111
0111110
1111010
1011101
0111111
1110011
0101111
1011110
1011111
0111101
0101111
1111011
0111110
1110111
1011011
0011111
1101111
0111110
0110111
0111101
1100111
1111110
1011101
1011111
0111110
1110101
1111110
0011111
1111011
1111100
1110011
1111100
1110110
1111100
1001111
1101101
1101111
1011101
1110111
1111100
1011110
0110111
1101011
1110110
1111101
1111001
1001111
1110111
1111111
1111001
1110111
1100111
0111110
1111101
1110011
1110011
1110111
0101111
1111001
0101111
0111101
1111100
0110111
0111110
1110101
1111010
0011111
Time = 0.002s
