n = 9, k = 8, l = 1, m = 1633
Expect Resample Times = 0.382918
Result:
101110110
101101000
010010011
110111010
110000100
011000011
000111001
001001001
011111000
010100110
001100111
101010110
001001101
101001001
011100011
001100101
011101001
000110001
010000101
100101000
111000111
100010001
111110000
001001101
100111010
011110110
111000111
001000111
010001010
010010011
010111011
011100101
101000011
101000110
000100010
010000001
100100100
010011101
100011101
111110100
110100111
111100101
100111000
001100001
010101101
010010001
001011111
101010111
111010101
001010100
001110010
100110111
001001001
110101010
000111110
010001000
010111100
110110011
101001011
111000011
101011100
110100110
010010000
111101100
111110011
110010000
000100010
000000011
001100100
011000110
111101010
110111011
111111100
101110011
000000010
110011101
100000000
001110100
011011011
001000111
111111100
010010000
000110101
100100100
010110110
111011001
001110111
000001010
111001111
110000000
000101011
011101001
000010001
000100011
010001011
001000011
110001100
011101100
100111101
101110111
111010011
100100111
001101100
011101100
010000010
011010000
000101000
111011111
111001000
010001000
010111100
011001000
001011101
111110000
110000010
110010111
110010010
101100010
111001110
111101110
001001111
110001010
110000010
110001110
001111011
011100000
011010011
110110000
100111111
111000000
001000001
111010101
001110001
010011100
000110001
000001011
000000100
111100101
111110011
111100011
100001001
001110101
010001000
101100011
100110010
010111101
111010001
101100100
100000011
111011101
010001010
101001110
011000100
010010110
000111110
110011100
111110010
010010110
111011111
101101011
001101111
111001000
110000101
011110011
111100100
110011100
000010100
001101011
100101011
100100001
001100000
100111101
010111110
001100000
111000011
100001010
100010000
011010000
001010011
000001101
101100001
010101101
000100110
100101000
011101110
100111100
010011010
010110000
001101001
011100011
000101101
011001011
011000011
100000100
110111100
011001101
000111100
010011110
100110001
010010010
001111101
011110010
010001101
101000001
010101010
101110011
001110101
010001001
101010100
100001010
110100111
010110111
100110111
000000011
010101011
100010100
001010011
001100000
110100001
110011010
011010000
011110110
000100101
100101000
010110011
100101100
001101000
101110100
011011111
001100000
010010101
010101100
111000011
011001001
001010110
111111001
010101100
100010110
111001010
011010101
101100101
001000110
011011001
101111011
111000101
101000101
000011111
000100011
110001110
101110010
101000001
001110111
111011001
111011000
001101010
011101001
101111010
101101000
010011001
001010101
011110100
000101010
000000010
100011011
001110101
000001110
100110110
101011100
110100111
101110110
100000110
100010110
001011000
111110110
010111000
101100001
000001111
111101000
111001100
111010001
110110110
110010011
100111100
011000000
101101001
000100101
111011100
101101111
001000111
001010010
010100000
010000011
101001100
010011000
000110110
101001110
100100111
010000101
010010111
011101110
100010011
011001000
000010101
011100101
001000010
000111101
011000001
111001010
000111111
100000011
101110101
101011000
011011010
000100010
011110111
000001111
110111011
110001100
010011101
010010001
100101110
111111000
110101110
011110010
101000110
000101010
110010101
010100110
101001101
101111001
010000111
101101010
000000100
010111000
101010011
111000111
101100000
100110111
000111100
001111011
101101011
010110010
100100111
011010101
101010001
101110100
111111011
101100011
111110100
110000100
000110111
111110000
111000101
010000011
010101001
101001111
011001010
011101111
100111100
011001100
111011000
111101001
001010011
010101011
010101001
101001000
100011011
010101000
011110010
011100110
010100100
001101000
001010101
111110101
111011111
101110010
111000100
110101101
101011010
001101110
111110111
100111010
001010001
010010000
100010010
011001110
001010101
001100100
111001011
100001101
101011000
010000000
110011000
000010000
010001111
011100010
010111101
111001001
011011101
100101001
110011001
000000010
011001110
100110101
110000100
101111100
110111110
010000000
011010100
110110101
011101100
110101011
100010111
001100011
000010110
110011011
101011100
010110101
110001101
110000100
101110011
110001010
010111101
100000000
110000100
001010001
011000011
100001101
101000011
100001111
100100011
001010110
101010111
111101111
001000110
101000001
100011101
100000111
101101001
101100101
001000000
111110011
101111111
001000011
101101000
100100110
010110101
111000101
111011100
100011101
100010000
111001101
011000100
111001011
100001000
101010000
111111110
100011110
101111101
101001001
011011111
011111111
101001100
111001001
110011100
000111110
111011000
000110111
101111111
100110000
010011010
100111110
110001101
011001100
111101100
101100110
010110100
101110000
001111111
101100001
100001000
001110001
111011100
011011001
110000101
010110011
010100110
110011011
010011101
000111100
001101010
000111101
101011110
000100010
101111100
110100001
010101001
011001110
100100110
101101110
101100001
111111001
111111111
001000101
001011001
010101010
000110111
011000001
010011000
000001001
010011100
010110000
001001001
111011110
011011000
000001111
111101010
001100001
001001101
111111011
101000011
111001101
010100100
100111001
000100010
100101001
000011110
001010100
010011110
000000100
110100010
001011010
111111110
101101010
001111000
010101010
000000110
110101100
111110101
100100101
010100100
001110010
101000010
011101000
010101000
100000001
101100101
000000100
110010110
100101101
101000001
110101010
110110000
001001110
111000000
011111011
110000000
100100011
011110111
100010100
010011110
101110100
100001100
101001000
000110001
100011000
010000011
110000101
101100100
101010001
011000010
010100111
010111010
101000011
010101110
001000001
001011011
100010011
111010100
110101110
001010001
111111000
001111000
010110111
101001110
001101001
010101011
100110111
100100001
100011010
101011100
001010101
111110010
101000100
010110011
110001111
010100101
101000101
000110001
111001010
001110101
010010101
000110001
001000110
011000010
101111000
100000011
111001111
100001111
010100111
011101101
101100001
110010100
110001011
000010111
111011111
101001010
111001100
011101011
010111010
111110011
011011101
010011010
011000010
110000110
001100011
010101101
110010110
010100100
011100011
010101011
000000010
101111100
101111110
111000001
001110101
111010011
011100011
000101010
010101001
100110100
100111110
011001001
000111011
010000001
111101101
110110010
010000011
010111000
010000010
010101011
010111111
110110101
101010101
010100010
110010011
000010010
110000011
011000110
101101000
010000110
101010110
010000111
101110001
111011101
001011000
000011111
110000010
001101100
111101000
011100000
000111010
010000011
111011100
010000011
010000100
100000111
000101101
010011000
010111000
100101011
010010111
010110110
100100010
000011110
011111111
101100101
011010000
010001111
000001101
000110000
000100001
010100001
001011101
000000010
010111001
100100011
100100111
011001011
011100100
101101100
101010011
111101011
110001000
110100110
111100101
111011001
010101010
111010101
101111111
111111101
110010111
110010100
110110011
101100011
011110110
101101100
011010010
101000011
111110101
001100100
111011111
001100011
011110011
010111011
000110101
001001111
110000011
110010001
010010011
100111001
100010111
101101010
111000001
110110010
101100111
110110010
100010111
111111111
011111010
111011100
100100111
111111011
001100110
010111111
101111111
100101001
001000110
101110011
100111011
001000010
010001111
001100100
010011010
100000011
010000001
011001110
100001001
100111010
000110010
110011110
011100111
100010110
100010000
111110110
011000101
000101100
110111100
001001001
100111110
001101110
011100010
110010001
111001001
000100101
000010001
101010010
101101001
011111010
101101001
111111100
101000010
011010110
011101001
000111011
001000010
011101111
111000011
110000100
000100001
001000011
101000101
000011100
111100001
101000010
100011100
011110110
001100000
110101110
011100100
000110000
110010101
010100101
010100100
001100000
111111001
101001111
000110011
010101101
010010010
110101110
001001110
110011010
111100110
100011110
000011011
010110111
100010001
001011001
010000101
010101101
100000111
110011100
010001100
110011011
100100101
010010101
110100001
001000011
111110001
100110100
001010101
111110000
100100111
010001010
100001100
000101110
100001010
101100001
110001100
101011101
000010111
001110101
110011011
110010100
100100011
010111001
110110110
011111111
001000100
001100100
001100111
010111101
011000000
000111100
000100110
001001000
111100001
001000010
011011111
110110101
110100100
000011101
000011000
110101111
101101100
111101000
110111010
001010100
011101000
001101000
100101001
000011011
100000100
100001011
010011110
011110110
111101100
110101011
111100011
100001000
111101100
011110111
101010101
100110110
110110000
111010010
010011010
001000101
001110101
101101110
111001011
001000001
010110101
111111010
110111010
011011101
000011010
101100001
101010001
111011101
000011011
101101001
011101111
001101001
000110011
011011001
111100110
100110010
011101001
001000111
000010001
111010101
111101110
011000110
010111111
100101000
101010010
010001000
000111101
110110111
101110111
011011101
000011001
101010111
100110110
000000101
111010100
111001110
110100101
101100010
001110110
101110111
010011110
011001101
110011101
100011100
011011110
111100010
011010011
100110110
110111010
110110111
101011011
010111000
101010010
100010100
010110101
100010110
111011000
100111011
100101110
010011111
110001010
011111001
100110010
101011000
000000011
110110101
001101111
101110100
100001110
110010000
111011000
010010001
011011101
110111011
001111101
001010000
011110111
111110100
100111000
110001100
010100000
101101000
010110010
100101001
011011110
010110110
001101110
111001000
100101001
010010101
000110000
110000010
001001011
101000000
010000110
001110100
111111000
111011011
001100001
101011110
001001010
000000001
111011001
001100111
010001111
110011010
000001100
101000000
011100000
101101101
110001001
111100101
101101011
011111101
110111001
111101011
011101101
000000011
110100011
010111101
111111111
111010101
111000100
100101001
110011110
011111000
001011010
110001011
110111111
100101101
000101101
011111001
111100010
001000111
010111011
101011111
101011000
000101101
101011100
011101100
100000110
111110111
001110101
100110100
011001101
011001100
000101101
110101011
001011001
101101101
001111001
000010010
101111101
000110010
000001101
000110001
010001100
001010000
110101100
010110110
101111000
010100010
110111100
001100001
101110111
000010001
010010000
010100100
110101011
100111100
000110101
100100001
011010110
100000110
001000010
001010110
010110010
011011011
101010001
101010001
111000101
010001001
000011001
100001011
100001110
010101110
101001001
111000000
011100101
110011010
010010100
000110100
011111111
101000101
111110101
111001001
011101111
010111000
010100110
010010000
101111111
111001101
000011111
011100110
101101010
101010000
000011101
101001110
110111000
100011011
101000110
111011010
101000001
010111000
011101000
010110100
100010100
010101000
100000011
101110110
100011000
010111010
001110110
100101010
101001001
001101000
010010110
011110000
110101010
001111100
001100000
110110101
101011111
111111011
110111001
100011011
000011111
101101101
010101001
001000001
011010000
011010111
110010010
000001000
011111111
111101001
001011111
001111001
110011101
001011011
110100000
011111010
100010111
001000010
010011100
101000011
010110001
011001011
001111011
111101110
100111010
011101100
000101111
001110011
010001001
111010001
111101111
101010100
011011010
011000011
101111010
011010001
111110110
110111101
110110010
100100010
101110001
111111111
110011100
011110111
011011001
110001001
000011111
111100110
111100001
101000011
101100000
100100010
010111011
110111110
100110100
000000111
011110111
010010100
110000001
110000000
110110100
111011010
110101001
100110001
110010100
001010010
011111001
001010101
111011001
100101000
000101000
111111010
011001001
011011110
011100011
011111011
001011111
110000011
011001011
110100101
110101010
110110110
101010010
001100011
101101101
000000011
111001100
101111011
111000100
000010010
110011110
110000111
011101000
110111100
000001110
111010011
010001010
110111000
000101101
100101110
100100010
101100011
011101111
001110100
111001111
101000011
110010000
110111101
110100110
000001101
110011101
110101000
100010010
011110100
010101110
111100101
110100001
001100010
000101101
010110110
000010011
100100010
110010111
110011111
011001111
100000100
001001011
010111111
000110111
100100111
001010001
110011111
000100100
010110011
000000010
111111111
010110101
110101100
001000111
101101101
100110010
010101100
111010000
001011111
110111110
010111011
010101010
010010101
001011100
100010101
100110110
101000110
001000010
110101011
001100111
000100000
100001000
000111100
101111100
010100001
110110000
000111101
111110111
010101000
110011011
000000011
100010011
001101001
101010111
111000110
101010010
111010011
111010110
000100101
101110100
110011001
111111110
101110001
010001101
100110010
111011011
101000101
110110100
000010100
000100100
111101111
000110100
100111011
100010100
000101010
010110111
110000101
000100100
111010101
100101000
100100011
101010100
100111100
011100011
101011111
101001000
001000001
101001001
101100111
100011000
001101000
101000111
111100100
100100000
110011111
100000011
000001010
111100110
100101111
001011110
100110010
111111110
101010100
010001100
010111011
011011100
110011101
110011000
000100011
000111111
011000000
110111011
001010110
110111110
010101110
001000010
001001000
011001110
011010010
001100110
100111011
010000000
110111100
010000011
100111001
011010010
100101101
010110101
001110110
101010101
111100100
111001001
100011111
000100011
011100000
100111011
000000100
001111010
111110001
000111001
001100111
010101110
000111011
111111100
110010100
100100010
110010110
111001101
000100011
100101100
110011110
111011010
111001001
011000001
000110001
111111110
011010100
001111101
111100110
111010100
000000100
101110001
001001011
111010000
110010011
110010101
110011001
100010111
001111110
000011011
110001101
010110111
101000000
001110100
101000001
010110001
110010110
000110110
110111001
101000100
101111010
000000001
001011111
100100110
001011100
111010001
100010001
010001010
000001100
000100000
101111011
010100101
001010101
101001001
100111110
001011110
000111111
000111010
010000011
110010110
110000010
010010001
111001110
011101100
100000101
100100110
010011010
111110110
000100011
001100001
101010010
100110100
001100010
000101000
110001101
000110000
110010111
111011011
001111100
101011100
101010011
001011110
101011110
000000011
100111110
110100111
000010111
011110110
001100011
111101110
001010100
001100100
001101001
110100110
000011101
010111100
100101001
100011011
100000110
100011101
001110110
000001111
011110100
110000011
111010000
011111111
010011111
100101000
100000010
101000111
011110101
100011110
110011101
001100111
100011011
000111111
111100100
000011101
110111001
110100010
111000110
101101111
111001011
010011101
100110001
011101001
001000100
010011110
010101101
111111001
111010010
101010101
100000110
111101011
101100100
001100110
011010110
000010111
010000101
101100100
011011001
110111111
011111111
000111100
101010001
100101001
100110000
011000001
101011010
111010100
100010111
001111010
100100100
111011011
001110000
100011110
101011101
100101110
111010011
100011110
001101101
011101000
001000011
110001000
000101110
010111101
111011111
111011110
011101101
111111000
100000010
100101000
111000110
011111111
100111111
010010110
001101010
101000001
010010111
101110110
010110100
110011010
111101111
010010100
000011101
110101011
011000110
011010110
010100000
101110101
111010110
010001101
001111110
110110110
110111111
010100000
001011010
001000010
100010010
101011001
011010000
011010011
101101001
111101010
010001111
010111100
100010001
111101000
110110101
100010010
010110000
010010100
110001111
010010101
011111011
101001000
100100111
000100110
100001100
010000101
001110001
001010101
001101101
010000001
010110010
111000111
100010100
011011000
001101110
011101110
110110110
000010001
001101011
101101000
010011010
100011000
110110100
010101000
000100000
011011010
000011100
100111000
111000111
000111001
010101000
111100110
011000010
100000111
111100010
Time = 0.006s
