n = 10, k = 3, l = 6, m = 419
Expect Resample Times = 0.392854
Result:
1101000111
0111011001
1100011111
0010111110
1011011101
1011101100
1110110101
1100110111
1111110001
1011011110
1101101010
0100111111
1011111010
1110111100
1111001110
0111101111
1001110111
1001010111
0111111101
1110110001
0101111101
0011111011
1001011110
0111011101
1110110101
1001110101
0111111001
0111110100
1110111001
1010101111
1011110010
1100001111
0111101110
1011110100
1110100111
1111000111
1101011110
1100111101
0001111011
1111101000
1011001011
1111011101
0011010111
0111010101
1011011111
1010010111
1110101100
1001110111
1000111110
1101110111
1100101101
1111100111
1011001111
1010110101
1011001110
0100101111
1000011111
0111111000
1100101101
1101001110
1111110101
1001101111
1001101111
1110111111
1111110011
1111111000
0101101011
1111100111
1001110110
0010111110
1010011110
1101100110
0010111111
1111001110
1110011011
1101101010
1101100110
1111001001
1110111001
1011001110
1101111010
0101111101
1011010111
0100101111
1111010010
0011110101
1101110001
0111011001
1111110101
1101101110
1111100110
1111101001
1110010011
1011101001
1101011001
1010101110
1110010101
1110111101
1110101001
0111101101
1100011110
1011100011
1010001111
0011110101
1001111110
1101000111
1101011001
1100111111
1011001111
1001100111
1101011111
0111110101
0111010110
0101111010
0011110110
0110111011
1110100011
1101110111
0111111000
1110001111
0111011100
0101110110
1011111110
0101111010
0101100111
1111100101
1110111111
0111111111
1011100011
1010100111
0111001101
0111011101
1110110001
1100100111
0111001110
1101110101
1111011011
1111111011
1011011101
0101001111
1011010101
0101110101
1100111001
1111111100
1111010110
1110011101
1110110101
1011101111
1010011011
1111101110
1001110111
1011110001
0111101001
0110110101
0110111110
0011001111
0010101111
0110110110
1011010110
0011100111
1010110110
0001011111
1110111101
0110111110
0111010011
0111101111
0011111010
1011111100
1111000101
1100111110
1011011101
1001011110
1011111101
1001010111
1101111111
0111111010
0110101111
1100111100
1110101111
1111010011
1101111101
1111001001
1110101111
1101110110
0101111011
1110011110
1110101110
1011011010
0111111010
1011111101
0100011111
1010111111
1101111101
0010111110
1011001101
0010101111
0101111010
1110110100
1011111000
0110011011
1010011101
0011110101
1011110100
0111010101
1100011110
1011100111
0011111011
1011011010
0111010110
0111111110
1111011101
1110101110
1001010111
0111111100
1101110100
0110010111
1011001110
1000011111
0001111011
1101011101
0101011011
0101011110
0101111111
0110111101
1001110110
1110001110
1101101101
1000111101
1010101011
1011110110
1011011110
0110110011
0011001111
0111111010
0111111100
1110010110
0100011111
1111111001
1111010011
1110011010
0111111101
1001111111
0011001111
0101110110
1100011111
1011001011
1000110111
1100111001
1101101011
1001111010
0110111100
1111100001
1100010111
0101110111
0000111111
0011110110
1100011111
0111011101
0010111111
1010111111
1000111110
1110110001
1101010111
0111011111
1111100101
1000011111
1011011001
0110101111
1111010101
1010110101
1010110111
1111001011
1101111001
1001101011
0111111011
1011010110
1011011110
1010110011
1010101101
1011100101
1011010110
0101101110
1011011011
0001111101
1001010111
1011111101
0101011011
1111111111
1000111110
0111110100
1011010110
0100110111
1110111000
1001111101
1011110111
1100111101
1110110101
1100111110
1110110111
1011011111
1011101010
0111011011
0011011110
1111011100
1111001100
0111000111
1011110001
1010111010
1011101111
1110101010
0100111110
1100110011
1111010010
0110111100
0101111101
1001011011
0001101111
1011010101
1100001111
0011110011
1110100011
0111011110
1011100101
0001101111
0110011111
1010110011
1010101011
1011110001
1101101110
1010101101
1010101110
1010110111
1001101011
1011111111
1011110110
1111110111
0110111001
1100111010
0110101011
0111000111
1110001111
0011111010
1001111001
1110010101
1010100111
1111110000
0111101110
0011001111
1110010011
1110111111
0011110110
0111111000
0111011100
1110010101
1010111111
0110110110
1011111000
1011110011
1110110010
1110000111
1001111101
0110111100
0010111101
1011011111
1011010111
0001111101
0111101011
1111100111
0110101011
1111111110
0111101101
1011011110
1111101111
1011010011
0111011100
1110101010
0101111101
0010111110
0100110111
0111011010
0011110011
1001110111
1100011110
0111010101
1010111001
1101000111
0101011110
0111010101
0010011111
1101111001
0100101111
1111110011
1110101010
1011110110
1010111010
1101100110
0110011111
1100111011
0111100110
1110101001
0100111111
0001111011
1100110101
1111110101
1110110100
0110101011
1100111001
0111001110
1111001001
1101101110
0111101110
0101100111
1000011111
1011111001
1110011001
0001111110
1001111101
0101101011
1111110001
Time = 0.007s
