n = 13, k = 2, l = 4, m = 55
Expect Resample Times = 0.595361
Result:
0100000010111
0000001101100
1110010111100
1111001101001
0011111010110
0010101010000
1100100001010
0100011000111
0010100001100
1110100111011
1100111101000
1110101101000
0010111100111
1100001011001
0010010101110
1010101111001
1000100110111
1111011010111
1100110111100
0000101011110
1111011111100
0110101110110
0001111110111
0101000011110
0001111100111
0011100000001
1010000001101
0010000001111
1000000001111
0010100101111
1010101010010
0100010000101
1010100111011
1110100111011
1010110000010
0001011000101
1111100100100
0111110000110
1000001110011
0101100000110
0001100111010
0101000110000
1000111001000
1001110010101
1011101001100
0100111000110
1000010010011
1011010101100
0111100110101
0000011010011
1011100010000
1111011001010
0000000111100
1110001100101
1101101010101
Time = 0.008s
