n = 11, k = 3, l = 4, m = 145
Expect Resample Times = 0.389581
Result:
01110011101
11001001100
00101111000
00110111110
10110001010
00111101111
10100111100
01001001111
01101101110
11110000000
00010011010
11011110001
00100001110
01000010011
10111101001
01001010101
01010001110
10001111100
00001001101
10011100111
10111001001
11011101010
11101100010
11011111110
11011000000
10111101000
11011011101
01111100100
10100001101
10000101110
11000100100
01100111000
00011010001
11000110101
11101101101
10001101011
01110010010
01001100011
10001111001
00100011001
01111111000
10100110000
00001101110
11100111010
00100011110
01001000011
00011111001
10011000100
00011001100
01000110111
10100010011
00000010111
01111110101
00010101110
00001110100
11010101001
01011100010
10111011101
01100010111
01011011011
00110000110
01111001011
00101001001
11000101001
00111010011
01011100100
00001001101
01100110111
10001001100
10011000001
01001111010
10001010010
10111110011
00011001101
10010001101
11111011010
00011111010
01010000110
10111110101
10100011111
10011000101
10001011011
11110100001
11000001100
11011010011
10001101101
10011111010
11101000111
01101010011
00111100111
01011110100
10000001101
01001010111
01000011001
10101101101
00100110010
01110100101
10110100110
10000010101
10110011001
00101101011
00010101100
00110011000
10001111110
00011011010
00011001110
00110011001
00000010111
01111010111
01011010001
11100000011
00110111101
10010101101
10001111101
10101111010
01100111111
11001100011
00111111011
00111001100
01110001101
10000011010
11111011010
11010000010
00000101111
11101111001
10111000000
01011011110
00111010111
10101101101
01111001111
11100101100
11011011100
01101101110
11110000110
11000111011
11101000111
00010011010
11000000111
11000010001
00000011101
01101011110
01010111010
00010101010
01001000111
01111010010
Time = 0.006s
