n = 15, k = 7, l = 3, m = 3218
Expect Resample Times = 0.367445
Result:
011111001000011
010101001101001
111010010100010
110100101010010
110000101001111
011010000101010
101101101110010
010101100100101
100110100100110
010011100001000
011101111110110
010111100111101
000100000011001
110111001111101
010011001010100
000110100000100
100110111111001
000110010110100
110011101010101
110100000011111
001011110000110
100001101001100
011111011111010
110111011111100
110111110111001
110110010000101
001000111000001
110011100000000
000011110011000
000010111001111
101010100111100
001101011111111
101101100101010
100100110101101
011111101101110
111010010001110
111011010000001
011001111100000
010101100010110
000011011100101
100110111110000
000100100101011
011111101101000
010101000010000
110011111101100
011001101110110
101010010100111
001010100111010
010010111110101
000011001011101
011110010101101
001001101010110
011100000010101
100111011100001
110001110000001
010000111100110
101010000110110
010110110011010
100000010111000
101000011010111
001010010101011
110010000100111
110011011001010
000010000101110
110010000011000
011001011100010
010000011100000
010101001111100
010101000010001
111000100111010
010110101001110
001100000100001
011001010101100
000010110110110
001101101000000
001101011111000
111001110001101
100100100101000
110100110000001
001011101110100
000000101011111
001000101111000
010010000110111
000001011011111
000011101111100
001100010111000
100010101101001
010000010011000
100101000010110
101111010100000
010110000010010
000000100010100
010010111101110
001101111110111
111111010000010
010011010000111
100111011101100
101111100110001
101011110000001
111011011111100
000110000011100
001100000111100
101011100101000
010101001111100
010011110000100
001000101110000
000101011100110
110110100100010
001001101010000
111001110011100
000001111010110
101001001100100
110100001110011
101101100000100
100101111101111
011001001011000
100100100000111
110110000100111
101100110100000
000010111110011
001101110100000
011000111101011
001010111100011
001100000110100
100100101011000
100011101010101
111011101000111
111011111100010
110110101111001
110110010111111
101110011011100
110001111111010
011100010011111
111011000110010
001010001000011
101010001101110
101001100110110
010101110110010
011010111011111
010011110010010
010001111000100
100011011101111
101001100001011
110110000010110
110111010010011
110100111100010
000111110001111
101001000011011
000110010100000
111110111101111
000010001111000
110011111001010
110000001000101
000000100101100
110110000100001
101111000001011
011110010100110
010010010101010
000000101110111
011000010100000
100111001101100
011000001111100
110001101011011
001011110100110
011010110011100
001100101101000
011001001000111
001111001111000
001110110100000
100010110111101
111011011011101
111110101010111
100000110111001
011101100101110
001001110111111
001101001010100
001110010011011
101011011001011
000101100010001
011000111111011
001000111100001
101000110000111
011110010001011
000111010110110
010110011001100
111011001011001
001011001001111
011100111101101
001000011000010
101101101000000
001101000000010
101001000110100
101100101001001
111010000100101
011101000000111
000110111111001
001000010010001
010100010011000
111000011000011
001000001000011
111101110000101
011000011110111
110101100100010
111011001000111
110101011111011
011010001001000
011110010000001
010100100010010
101101010001011
011010101100111
010000110010011
000100101001001
100100111010111
111000011110110
001110011001000
111101100001111
100111011110001
110111011000101
101010100011111
010100010001000
001001110110101
001110110100001
000111111000001
101111001010000
110100010101110
110000000000010
101000010000011
000110101010111
000100101000110
000110111100110
000110011010011
001011101100001
001011100000001
110111100100001
011110000101111
000100001010101
011011001001000
010100000100001
100011101010110
111011101001100
111100100101000
011101001110000
101101000110011
000001010111010
001000110110000
110011110001101
101101101101011
101100101011011
101101111111010
111101101111010
011000111110010
010101101100000
110001011011010
001001010000011
000101100100001
010011101000001
010111000110011
011100100111110
011100010111111
101011110011101
111101011010011
011110100010011
011111000000000
111101011101001
000010101011101
111100100100001
100000001010000
111100001011100
011000000110100
010010100010101
010010011101101
100000110100010
100100001000101
010001101000101
010101001010001
010001011101001
010111110110100
101111011110000
100010001001011
011110001010110
101100100010110
100100010011110
010100100111000
101001001101010
111010110011100
001101110011011
011110110010001
001111111010010
110010011000010
001110110101001
001100111011101
110010100110001
011111011001101
110101100000100
011111011100000
110011100001000
100001000111100
001111101010011
101100100110111
011010111000110
101010111101101
111011010101010
101010110100001
000100011001101
010011100110110
010000000100100
010000110000110
111100101011101
100010110110011
101001011010101
011011100100011
100011001000011
000101010011100
011111001011010
001011011000001
000010100101100
111101001011111
111010011011001
000111100111011
101001110100101
001101111001100
001101100110111
110101001010011
101110011110000
000111011101111
001000110001000
001111000000101
110101011010101
000001010110000
101100110001110
110110100001011
111101000101101
101010100111100
110100110001111
111001101001010
100011100010010
110111011100110
110100010000011
101100011000010
010110110111100
100110111110000
011011110101111
111011010011111
100001101001101
001111000110001
001111011100101
110001101000001
111100010010101
100101100001000
001001001010011
111010111110101
100100100100101
010100010010000
010101100000001
100010110100100
100010001010101
010000010110110
100100000110010
111111110010001
110010111001000
110111001011000
110001111110010
100110110010111
001111100111100
011000110010111
001100101001010
100001110010001
011010101000011
001011111000100
110110111100000
000111010010001
001100100110111
001100101110110
000010110010010
010010010000110
101100110001101
000110011111101
110110011011100
101100011110010
010000101001101
011110010100111
000000110010100
101101011110101
111000000101100
000101011111101
110101100100000
110010011100111
110101001110101
010000100011110
001011111101010
011110100100011
000100110101001
000101000110101
000110100111110
011001101110110
100101111101101
010111001001011
011111010100000
100010111001101
001011001010111
111001110011110
101001100001101
111101011101101
101100100111000
000001100000011
000010000100001
111000001100101
000100111000100
010010110101010
101101100001101
100010011001000
000010110111110
000110100001010
100111010001001
110000110010000
010101011101010
111100100001101
001111010000011
010011000001000
010101000011010
000100111011011
110101111100110
100100011111001
011111010100110
000111011000000
101100101001110
011100011011010
101001001110011
111001111110001
101111110100001
001011011011010
111110100001101
101100100100010
001001011110100
010111101101100
111101100100111
111011010001111
100000011101000
101100101010111
101011100001001
101010110011110
011000001011101
100111111101110
010010011111000
000001011000111
011011011101110
110001011100100
101110111111011
010000011101000
001110110100000
110111111101000
001010111110011
111010110010100
001110101011011
110101010110111
101110001111101
111101011000011
111010100110001
010111011101001
101000100000000
011110100010111
100010101011011
110011100111101
111001110011001
101000110000111
101000111011111
010010000011000
110001011011110
001010000101011
000001111100001
011110111100011
101110111110010
010011000011011
101110011101100
000000100101011
100010110101001
011010100001110
110000000001001
010010001010011
100001100111001
110000000110101
010101100001011
111111010001010
101000000111111
000011110010000
010001101000101
110111000110101
001100111110101
110000011010001
011000000010011
110111001111111
010001011111001
101010110111001
000001100010100
110101101010001
001000100011010
010101010111100
000001111111001
010011111110110
101110110000010
010110010001101
111001011000101
110111101110101
011100010101111
110011110010000
011010011111001
110011111001100
110111011111000
101101100111101
001010110000010
010111101010101
011100000001111
100110101000010
110110110011101
100111111111100
111100111001100
100011000001001
000110001011000
000010100001010
000101001010101
101011000100000
010000111001101
111001111000000
100001000001111
011010110011010
000011101110101
111101110101110
100111000110011
010010100111000
111101000011000
001010011010111
100110100011011
111101010011110
111100101001111
111011010010111
010011010111101
110101100100001
111001110001101
001000010100101
100100001101010
001001000101110
101110101000010
001110001010010
000111001011110
001110111001101
001100110011000
101100010011100
111111001011010
001100110010000
000100000011010
101011101011010
111010010101011
111011101110010
110011000010001
010101111011001
010011101000000
010010011010001
011000100111000
010000111101000
001001110110100
010111011100000
010000111001011
110010011000110
001100100110101
110110001000000
011001000010000
010100110001000
011111111100110
000011001001100
010011000010110
001011000001010
101000100001001
101100110101101
010011000101101
100101110111010
011101010010111
101000010011101
101001010110111
101001011101100
100110110011100
110010101001011
001101011010001
001010001100100
000100000111010
100101010100110
111000100001110
110011011000101
101100111000000
100011111110010
100001011001011
011000111001100
011011001001001
101010110011010
110010100110101
001011101000001
111000010110010
011011000110111
110000100000011
011001101100100
110011101011101
101110111011111
001110110011010
101100101010101
110001001111010
000110001101111
111011101111111
000010000011000
111000110111101
011111100100111
100110100110001
100101011110100
100101000100010
100100101100000
111110010110001
011000011011110
111110011111011
101110010001111
101100001100101
011111110001011
101101111010001
100001100011110
001011011001110
110101111010101
110011001010111
001010111101010
101010011010000
110000100010011
110011011011111
011000011001111
101110000100010
110110001111101
010011110101010
000011000101111
100001111001011
100101010100010
001010110111011
010011100010110
000111010110011
111001111010101
011001101000110
100001010011111
010010010100110
001000101100000
010111100000011
010101110101010
001101011001011
001001110101100
110111000001101
100100101101111
000010110011010
100010010111010
100010001000111
011111011001110
111100110110000
100011000101000
110010001110000
000100010101101
010001010111011
100101000111100
101010100111000
000100100110100
010101100000110
010001010111111
101000001100101
100001110001101
101110010001111
010101100101110
100111010111011
000110001000010
001111011001111
111000111100101
111111000011010
110011001001100
111000100101011
110000001100101
111101101001010
011110001000101
101100001010111
101100101011101
001010001001110
110011111001001
101100011011111
010100011011101
001111011000001
010011010011011
100001011010110
101010011100100
100111101111001
000111010110010
110011010111011
111110100011111
010010011001010
000001010001001
101110100111011
110001001011011
110111010100100
000001010001001
101010000000000
101001101011111
110111111100100
111010111011110
101110001000111
100001000100000
110101101100001
110100011010101
111101001100111
110010010000100
000011001110011
011001111110001
101110011110000
011000010100110
110100011001101
011001011001001
010000010110001
000111110110010
110110101110011
100000011001010
110100100001000
001110010010001
100001010011111
101110001000011
111111100111010
011001010010000
111010000110100
101010001001001
110011100011001
111000001100001
010101110100111
010011011000010
101100011001100
010011101111110
101111100111101
101000000000011
111011111001110
101110101111011
111000100100111
101110010101111
111111001110000
010001110111001
100010110011110
100111100011101
000001011001111
010111011000000
011010010101001
100010011111111
001000011011111
110001101110111
111100010010011
101111001001001
011011000001100
010011000101101
010001100010011
010100100010011
001000011100011
011011100110101
000111100001001
001111001100001
111000111000110
000100110010111
001011100000100
100110000101011
100111000110111
010101110010010
001101001011111
000011011010001
000101110000010
010001000001110
111000001110100
110100011000110
111010111110011
100100000001100
000111101000001
000011000111110
000001000000111
101100011011011
010000100101111
110001010101100
011100001101011
011101101100000
000100000100100
010010000000110
110110111111111
010101111100100
001100011110100
011101101011011
100000011000011
110110010111100
000011000010100
101010000100100
101100001001111
001100101111111
000100010110100
011100011111010
110001111001101
101011001001000
001111110010110
001001110001010
110011111000101
000000101111100
101010001111010
011001111000011
101111101101100
110101110001010
011101000001101
111000111001110
110011011100011
001100011010110
101110010110100
101111000000001
011010010110001
001111111011010
110110110001000
000001111100111
111100110101000
011100001010101
000010000011110
000111010001110
110010000110101
010110100000000
100000111111011
010001011101011
111110111100111
100011100000110
110010000001100
011101101111100
010111100011101
110011111100110
100110100011011
110011100110011
011100001000000
001001100100110
110001001110010
011100010111000
111100111010001
111001010110101
101111001011011
010000100011011
010000011001011
100100101110111
010100100100110
001011001110010
001001010100001
100001010111111
100100000001000
010001111110110
011100011110110
110111011101101
111110001101010
000000011101010
001000111100110
101110111110100
100010101101101
110111100101110
000010000100011
000110010101100
111100000101110
100010001101111
100111101000011
000101000001100
110100010101000
011001011001111
111110010000010
101110001001000
100110110000111
100111011111100
110110100010001
010011010011011
111011011101110
101110101111100
010110011101011
110010000011000
000100100111110
100010010101101
100010001011010
001110010111100
010101010100101
010011000110111
110101111000000
110011011001101
000010011011000
010011011111000
001010100000011
111101010001111
011011011000010
100100100000010
100110000010110
010001100000010
010010101100111
010000001110111
111010000000100
111011010100001
111000010000001
001010000011010
110110100010010
100000101100110
011010101101011
101011011110001
100001100010100
000101100110010
111011110010000
111000101110001
011011101101110
101100111011011
111001100011011
011001000000001
101000011110000
000100010101110
100101001000011
000110111011101
110010010001100
010010101110110
110010110001110
010011100001001
100001001000110
101100010001110
110001110101001
110011100011100
111011111100010
010101000101000
001111001110011
011111100110100
110111110010011
111101100111111
010110000100110
000111010000001
011111111011101
100001111011011
110111000100001
001000111100111
100010011110001
100100000001001
010010111010000
101010100101110
101001101011001
011010111010110
111000011010100
110111010101000
101110000010101
110010000101000
001111011001100
110010001010110
101100000111111
011101010110100
101110101101000
111101101101001
101000001101000
011110011100100
011100011100001
101010011100010
100011101110111
011011010111011
011111010001100
000010100010001
101110010101111
011110001011101
011101010000101
000011000011010
001000100000001
101101011010111
001100111000100
100000101000000
110111110010100
101000110000001
001110100111111
101011011000101
010100011000110
110111001010101
011001000000111
001001010000110
100001010101011
011110101011110
010011110111100
000101110101111
111111110000000
000001011011111
110010011110110
010100011110110
100101011111000
100001011000111
101001100001101
011110000010011
101110001110010
001110110100111
000010011100010
111011101110010
000010110101101
111101010011111
000000111101011
001011111101101
101110110001010
011001101100000
100011101000011
101011111100111
111101000110100
111011000111010
000100011010111
101010100110001
110100100011110
011100010000011
110111011100000
101011111001111
111111011100011
111001110101111
011110110100111
101101010100100
111000100010111
100000101101001
001111010100001
111010001000101
110100101001011
110111111010001
111100000001001
010001000110000
101100100101010
100010100001010
011000010110111
011111111100010
001011101101000
010010111001001
101010001100001
011111110001101
110110011110001
011101110010100
110111110100110
000001001111011
111010010111101
100011101101000
010010110110110
101110110000011
010011011011110
101001010110111
101100000110001
011111010111101
101011111100111
110000011101110
101001100111101
000000101101000
010111111001100
111011111111111
100111100001011
110010010100000
010101110011111
011011101011101
011100001101100
110010101110000
100101111111110
000100001000100
101110111110101
010011101110101
010001010110110
010100110011100
001111011001100
110011011000011
111110111100010
011111111010110
001001101111100
110101011110100
100010111101101
110011110110101
111001100000011
000001100010010
101011100101101
001111011000001
011111001010111
000000000111001
000011000000011
001010010000010
010111011101001
101000100010010
011100011001001
000110100101001
100111111110110
100111010111001
001010110100011
011000010010001
011101000000011
001001100000011
011010110000110
111000111101101
110010111111100
010110010010010
110001111010001
110001101110011
100010100000101
101001000111000
100100101110001
101010100010110
110011101000100
001100011110010
100110001111010
000111011101110
010000100111101
001100010001000
110110000011100
001011011111111
010011100101101
100000110011011
100100010101011
101010110000001
011011011110011
100100010110010
011011100010001
010110110100111
111010100110111
000110001101011
111111100010010
010100001001101
011011101100001
101000000011011
100100100011100
111000000010101
000101110101001
101110011010010
010000011011101
110010011110000
010101111111010
011000011000011
011011001111111
110010000111100
101110100011101
101010001010011
111001111000010
011100110001111
100011101000000
111110011010011
100000011011000
000101101100000
010101100010111
001100101000001
110010101100110
101100111001000
001100001110111
101000110101010
101010101011011
000001101101000
100101100100101
001100011111000
110000101001010
100011001001101
010011000001101
001110010010010
001000010011011
010010000001101
000000001011000
000110000011110
010010100101011
110000010110001
110110111110000
001110000100101
000110100001001
010011010101101
111100000010110
011100100011100
011111001100110
010110000110010
110001000100100
110110101101101
111010110101101
010111001010001
001101111110100
001001011001000
010111100111001
101110100001101
101111101010101
111110100110101
101100101011110
011111101100110
011010010101100
011100100100110
010011101000101
011010001100101
101000011011111
110001100101111
100010001000100
101011111010011
010011111010100
101100100101000
111011110100011
101001010010101
110101011010001
010011110100001
110100001110001
010010010111101
010100101010111
110100111111110
010011100110011
011101101001110
111011110101010
010111101110110
110000010111110
111100000101000
100011100101101
111110011110100
110001001101100
010110101111111
001110001101001
011110010010100
011101000101001
011111111011101
111011000101110
111100010011100
011111100111001
010110100110011
100110011101001
001011001111001
111101001010010
111011110111011
110101001101111
010100111011110
010011001110010
111011010110001
100100000000010
000101011100111
101111000101111
011000000000111
110110100110000
010010101001110
001000100011001
011001111110100
111111000011101
100010001100100
100111100101101
001110001100110
101000011001010
111101000010100
010101001100100
001011000010110
010001111111000
110001100111000
011010110000101
100001101010000
001001001101101
101110000000110
100111010010110
111101010000100
110110001110000
011110001011010
100100010011011
000011111111010
011000111100100
100101000011010
110000101001010
000000010011111
110000010100110
000110010000001
011100011100000
110000101010000
111100100100110
001000100001001
101000000100011
001010110000010
010001111101111
000011011001000
110111110010010
011110000100101
010100100101010
011010100000111
001111101011100
000110110110000
011011000000100
000001011000110
100111100101000
000100000100110
111111100001111
000000111010111
110001101111011
110100111001010
101110000111110
100101111101001
101001101100001
001100110100001
011100110000001
110000110111110
000110111011000
100010111011101
011011000011011
001111010110101
101000110011001
010011000001110
000010110101001
100100011001001
011010111011001
100010100100111
111000100100001
011000001101011
001110010001110
000101010101110
100111000111100
111111101101010
111100101011110
110011110111001
100110101111011
110001010101110
101100111111101
011101000111101
110111010111011
011001001101011
110000111100011
010111001100011
111011001001111
000100000001100
100001010100101
000000010101110
011011101000010
011100001011110
110100101001100
101000101100111
011110101010111
010110101110000
110101011100011
101010110011100
100101001000011
101001100111110
001011010110000
010001100101001
001000000111111
100111111011001
100000111111010
011100001001000
100010010110100
111000010111001
010000110101010
111000100110110
010111111001100
010110111011110
110111000011010
000111100001100
011111111110011
100000011011100
010010110111000
100001000010010
111101011111101
010100011100010
000101000010010
110111011011101
010000010010010
000110100011011
100010010101101
100110010100111
000010110001001
110100001110011
111100000101001
010000100100010
110000100101111
011110101011011
111110001100000
001101101001110
011010010100001
011001000101100
101001101011100
111110100011100
000011010110101
111100110011110
011101111011111
100000001000100
110001111111001
111011111010010
001010001001001
100001010101111
111110011101010
100100101000111
111110100101111
110001101001110
001001000000001
100101110111101
110100110010010
110001000000110
001101010110001
000111011011011
110100110010110
011011101011011
000011010110111
100001011000010
000111100110011
001110001111011
110110011100100
100010001101110
010000101100101
000110000010101
001101110011011
100101000101100
101001110001011
010101100101111
110110010100110
101011101001101
011000010000110
101111001101101
110001010110011
010100101001000
100110001101101
100100111011101
000100101101100
011110010000110
000100011100101
101111001011110
000101110110001
101111110100111
111110110000001
100010100110111
100010100010000
101101001010001
001110101001110
110001111101001
010000101110101
010110000101110
110100000101010
110010010000010
110111111101100
100011101110010
101110001001010
000101100111000
110000110011100
001001000101100
000100111111101
101001000001101
000001101110101
111111101000111
000101111100101
011111001010111
011010001010100
100101110101000
111001100111000
010001001011100
001111100000111
101101111010001
011111101001100
001111111000110
110111000111000
010111100100100
001011111111110
011110011110001
001100011010000
011000110010010
001001101111101
100110001100101
001101100000010
111101001001111
101010100110110
001011100110001
011001110001001
011011110000111
001101001111001
101101011010010
110010000010001
011011001010110
010010011001010
100100111001111
100011000111110
101100110100101
110000010111100
101011100000010
001100000000010
110101011001100
110111010000100
010011110110000
111010001111000
000110100111101
100000011000000
010011100011001
001010010011110
010110110100110
110110101101010
011101001010111
101000110011101
011001001010101
000010000111111
100111001111111
011011111110100
101110001110111
111101110000111
000110000100000
101001001011001
011010000010001
010010100111111
111000000011110
101001100111000
111011000110010
000101001001110
000110100010100
010010111100111
110100000100010
000000100101100
010001110100010
110010101111110
000010011111100
011000010110100
111111110100110
011111110100010
001101001011011
000100001011101
101011111000011
101011110100010
000101100000101
100110111111000
101011111111011
010000100011101
011101011101010
101111100101100
101000001111100
010011100001001
000000011001000
000010011110101
100001000011010
111000100100110
011101010010000
010000101000111
010000101110101
100000001111001
001110110010001
001101101010010
011001101001001
100001110101100
111110110110010
100000000100111
011101011011010
001000011111111
000110011011011
101001100111000
001001001001110
111000001000100
010101011110001
100010101101011
010001110000110
101101000101101
011001001001111
100110001010111
100000000000110
011100101011110
100000111010000
100000011010001
010110000001101
000100001111111
001101111111110
001011100110000
010010000111110
111111011110101
001100100010110
111001101101100
101101101011111
001000010010101
100100011111111
000000010101001
101001011110001
111011010110111
011110110110011
111010111111010
100010011011000
110011011111101
011111110001110
111000001010001
110100110101100
100001111101100
001100100001101
101111000000000
111001101100111
100011111010101
011111100100001
010011001100011
111100001001010
110101101001101
100100110111000
110001110100000
001111001110000
100100011000010
101110001001110
010110001010101
011110101001011
011101011111000
101011011111011
011010000101110
100000111110110
010100100110110
011010100010110
001000011110010
011010110010111
110100100010011
010000111101110
111011000001000
110100101011011
110110001101100
110110101010000
101110101111100
001000111100100
111000101110010
111110010101011
011001011111100
101101000001100
001001001010001
110111110011000
111110111110011
100101101101000
111100011011001
001100000110011
001100111011100
010010101101011
101110110111010
011100011011010
010100000000010
111100000111100
000111111000011
110100100010111
001011000010100
101110110101010
111000110010110
111101010110010
000111101000010
000111000001110
110100001101000
000111000001011
111011101001110
111100000111111
011001011010101
010001111111001
110101010010011
010011001000111
001011101110110
000101101010110
000001111010010
110011111100001
010110010001001
011011111111011
010001101001000
011011100001011
001100110010111
010111011010001
001001011010011
100101111101110
100101100001010
101001000000010
011001001110010
000100101101110
001010100111010
000101110100111
110110100011010
011100110111101
000111110011010
101010100011110
011010011100011
010100011000101
011011001100111
011000101010110
001100001110111
101111001111001
000001000110011
000011101010110
001111000101000
001100111001101
100011011001111
001111101001110
000111101000011
111111110101101
101110110110111
101001011110010
101100100000011
110000010100011
110100001001011
011001101000101
001011100000011
110000110110100
001011111001010
110111100001000
101110000000011
000111000111011
110001000100111
110101100101110
110000100100101
100100001010010
000011101000011
001110010010011
010000010100101
001001001011111
100001011100111
111011011111011
101100011011011
100011101110000
101110011100100
001101100100110
111111100010110
111100110100100
010010100000010
011010010001010
100000011010110
010101011111001
010011111110010
000011001011110
110100010011101
100010110010010
011001000101110
111100010100001
100010101010100
011111000000001
011000101110111
000000010000110
010001001001101
001000001101111
111100100000101
111101000111011
010001111111111
101110011010111
111101111001001
101011000010111
011010001000010
110010010110101
001001010100000
111110110101010
001011100100101
101101011000100
000011111101101
111110111011001
011011010001111
101001000011111
100101010110100
110101010001101
100110001100011
011110110110101
001110111011111
001011000011111
111011111001111
101100001010100
100011000100110
011100110101110
011100110111000
100101111111110
011011000110101
110010001010100
100011110110000
010001010100011
100100010010101
101011000100111
101000110001101
100101000001110
010000101100011
010000001001100
101110011110100
001100001011010
001111100001110
011010100000000
000110101101111
011100110110110
010110011001010
000111110011110
111011010000000
101001000000101
100101011111011
101010011001000
010111010111101
000010101111110
100111000010100
011101110110000
100111100010010
101100001001111
111000001100011
101111010000110
110111111011010
010111100001001
001001111010111
111011010110011
011111010100110
111010011111100
010001101001111
010111000101100
010110110001100
111011111001000
110010100010111
001001100000001
101100111000110
000101101110111
011000001001101
000100111111101
100111111101110
111110111110110
100111010111010
001110110001100
001000101010111
111100010111111
111100110000111
011010000011100
111100111000100
010111010101101
101000110110100
001110011010100
101100000111000
011110011110000
100101000011100
101010110010000
100100100011000
101100110001010
000011011000110
110101111011111
001001011100111
111110101011101
100011100001011
101010101010111
100010100000100
001000010101111
101010011000100
111110111110111
010011110001100
001111011011011
000010000010010
111111110101010
111000110010111
100101001001011
000100001101001
100010111010100
000001010111101
011010111111100
010001110100111
110101111010000
001101101110001
100110100000111
011011111011001
101111010001110
000110101101000
100100101001011
100110011111011
001010110011011
101011101010011
010100101100011
000001010100110
001000001011001
111101100101011
000110001100010
001011000110100
100100001010000
101110110010010
010111111101110
110111001101101
101001010011000
100001111010010
011001011111110
101000000011001
001011101111001
000010000011111
011100010000010
011110011000001
011001011111111
001101101011101
110101000111100
101001011001110
100001110011100
111100010111111
001111101000111
011010101100000
001111110000000
011100001101111
010110001010100
011011010111110
011001100000000
111101000111100
000110101011011
101110001000100
111011100000100
001110101111110
010101111110010
111111010001111
010011111001101
111011000101001
101010101001110
100011011011110
110010110110011
110000011001110
001101010101110
011111001100101
101000001100011
010011010100101
101100110110111
100011100111001
000010001100000
111001111000011
100101110000000
011111011111101
000000111010011
100100000010011
101001110011100
111101000010001
000011101010110
110011110100011
110100001101110
100100110000011
101001001010111
100101011000100
111111000101011
101100111010110
000111101011111
100101111010001
000000000001111
110101110011101
000111001000110
010000100001100
000101000110011
000111000100001
001101010111110
010001001101111
100011100100011
000111001000100
010111111111110
010111110011011
001101010101100
011101011000100
110001001101010
010010100011110
010010001101100
001110000001110
000101111111100
001110001000101
011110101101100
111010110111111
010111111100110
101001001010111
011001101110100
001000000000101
011110101000010
000111000011011
000010010100110
000101101101110
010110111000100
001101110010101
010110010000110
110101011100110
001010011100000
000100000110100
011000010111010
001011100101111
010010110001100
010111010111110
100010000000111
011010110101101
101101101110011
010111000011100
001000100100110
101011001011010
010111011011101
000100000011101
001110010111110
100010101000001
001101100101011
010010000001000
100001011000001
010111101010110
100100010011100
101001110101011
110000010101110
101100111101110
100110110011101
011111101011111
011001001001110
100110001010100
100001100101111
110000110001100
110100000000110
111111010011111
101000001101011
000101110001011
100001100111010
110011111110011
110110010101110
111100010110010
100011000111011
101010011010000
000111100100000
010001001100010
010000101101011
111100100010011
011110101011100
010100101000001
010001010011000
001110100011101
101111100000111
110110000111000
001000110100100
011100101101010
000000110010101
111010100010011
011100011101111
100111101101110
011001101010001
110111111100011
010011100101110
011001111100110
111111010101010
011111100001100
111100101011100
001001111111010
011011000011110
101001100110110
000010000101101
101011111001101
100111011010011
101010100010111
001110101111110
010101000010000
011111000010000
100010000001001
001101111100111
101011010000000
010001000001010
101010111100010
101011100100111
001001111110011
100111101110001
011101100001010
111001001011011
001101101011101
101110010100010
010001000110110
111101011110010
010101011011111
101100100010101
011010111000011
011110000011000
001100110111000
011111101100100
000000101111110
100100000001101
101001110000001
010111010000100
010110111111011
010011110110011
100001100011011
001100101101100
010000110011010
111110001000111
000000010010001
000101001010011
110111001010000
110110011000010
011001001010101
111001010110010
110111111010000
101010000101011
110001111100001
101011100110001
001101110011110
111101100110011
111111010000010
010111011011101
001000010101001
011001111011100
000101101110001
100110011011011
100011000000110
010010110010011
011001000001100
110010110011110
111010011111000
101101001101100
100001011100101
100010010011110
000100001101000
110001110010001
110010010110001
101100001101100
111100010110010
000110001000110
110010000001010
001110100101100
000010011111000
010100101011111
010010100011011
101011101111110
110001100001011
110111010000111
101101011000111
100100101011010
000011101100111
010110100000011
010011111001010
010001011110000
110101101010001
101101111000100
011100001101100
100001110100011
100110010001011
111001000001001
100000001101111
100101110111100
100010111000100
100110010010100
111111100011000
000100111100101
011111001000111
001000000010110
110011011001000
100110111010011
111010111101010
011001001111100
001111101011111
010001000000110
111111110111011
001011101010011
010001010011111
001010111001000
011100110000001
111010011010111
001110000001010
001000011110100
010101110111010
001001000011101
100101101001111
100000001110010
100111011001101
101111111110101
101100100110111
110000111010011
101110100010101
110111011100110
000010011111100
001011010010001
001010100101011
100100110001111
111110100010001
110010010110110
011000101010010
111110101011000
101100101111011
111110111110111
100000000000110
100011010010100
000111011100011
101111111010001
110111000110101
000010101110011
100011101000010
111101010111111
000010010011000
101001110111011
100101010101100
001110010100011
100101111100101
010010000110110
010110100011010
100111010010111
001100100000010
110010001110000
001010000110011
000100010111001
000101110111011
111101010011111
010010111110011
010110010000011
000110100100010
000010101011001
110010111001011
011101111011010
110111100011011
000100100111100
100101111111101
100111100000011
111010001111001
111011000100101
010001001001100
100111000011000
111100111100010
101000001100011
101011010110000
111110111001000
011101100000011
001110100101110
100010010011011
010011101001011
011001111000011
100000111000000
100011010101101
000001100110000
101010100111111
100100000010000
001011100100011
100111100000110
101100101010110
111000010010010
001000100100001
110110000000001
110001101010011
101011010010100
101100111110010
100101101011010
101011000001110
101010000010110
010000011100110
111000101000110
001110101011110
000101111101010
000011000001011
000110001110001
111110000110011
101011011001100
111101010110000
010111111101100
101001111101100
110001110100101
011100010111100
100101010010101
101010100100010
011100100001111
110111010110010
010010110000110
110100011000011
110111110000101
111111111111110
110010101010010
100000011011001
101011111000101
000111000000011
111010010100111
011110110100101
011100001011110
001000111011101
100010111010011
110100110101110
100100000100101
010101000110001
110101101110100
011000000101011
110000011111100
000110111010111
110000111001011
111001000001111
000100100001110
111110011010100
001111011010010
001100001010110
110010110111101
000110100001000
000101110011110
100101010101001
101010100110101
110010110001010
001001001011001
110100100100100
011100010100010
111101001101101
101100100000000
100101000010111
010111100100010
011011001100010
100001101010000
100110110001101
101111001111010
001000110101011
101110100001101
001110011000000
001101100100110
001000110010110
000011110010010
101110111101011
011011010100111
001111111001010
100110101100101
100110001001011
110111001001110
001100111011101
010101110010000
100010010001111
110001010010101
100000110000011
100100110111111
010010101000010
101100110100100
101010110100001
101100010111000
110100000110101
111110000110001
100100000101101
001111010110111
100000111110001
110001101101001
101001101101010
110000100100000
000111001110010
000010010101111
011001111010001
011101100101000
010101100000000
000110001000111
111110101000000
111000010111011
110010101101110
110110010100111
100000010111001
001010110010100
100101000101110
011111111101001
001001111011001
100010101001001
001010001110110
000100001111101
110010010011001
101011110010001
001110001100000
001111101010010
010110101110110
100010101101111
111001110011101
101001100001100
110011000111011
011101101110110
011010010111111
111110110101010
101010111011101
100000010110011
100100100011101
001011110000111
011100000010011
000110101101000
011011110100001
110100101110010
110001010011100
011000101010001
001111000011101
000111100111111
101110111011100
101100011111100
011101110000000
100001101010110
000011101001100
010101000001010
111011001000000
010010000111111
110001110111000
001010101000101
101101000000011
101010001100010
101100101011010
101111111010011
010100101100010
110101010010110
110010110100000
101011000010000
100101111111000
010110001001100
001110011000111
010101101111000
110011110101100
100111100011101
100100001011100
001101011001011
111101000011111
001100001001010
011011010010011
010000001000010
111110101111101
001101000100000
010100100000100
000010111000010
100100001001111
010110010100000
100110110111111
101100110101100
011110011110001
010001111001010
000100011111011
110100101011101
110111001100010
101010001010110
010011110110111
111110110110110
000010011111101
110101010001101
000110001110010
101100001010011
100110101010010
011000101001010
001010100111010
101010010100000
101100110111000
111100111100110
101010011011110
111100011101011
011010101111010
011110000111101
010101001011000
100000101001010
001001000001001
110101011000011
001100110110010
100000010100101
100111100111010
101011100001011
010000010000111
110010100110100
101111101101100
110001000000101
100011010111111
010110100000100
011000101101100
011110001010001
010001100011000
111011000000101
010100100010110
000110011100111
001111111001010
110110100011111
000111011110100
100110110010001
010001010101001
101001100100011
110110011001100
011100010000111
010100001000101
110110110110000
011100101100011
100101010010111
100100100100001
000000111110010
111111010111110
001010000000100
111011011101100
001111101111000
111010010000100
011100001011011
010011000101011
101110001011111
110010110001110
011100011011010
111101000100111
010101011011100
110100111001101
000000000011101
111111101100000
011100111111111
001000000100001
011001001110010
111010111001011
011111000111111
000100001110001
100111110011110
100110100011010
001100010100010
100011010000010
100110001011110
011100101110101
110101101011110
000001100110111
100011011011111
110111101011101
111101100010010
001011001000110
011010011010111
010000001111110
000010000111011
001101100100100
110110100001100
110111100010000
101010111111110
100001011010010
101010110010010
110101001111011
111000000110011
111000001111101
111011001001111
111010011101010
010011010110000
110111000100111
101100111111000
000110101000000
001101110001001
010101011101100
111101100010111
000101101110001
100101011101100
100000110110111
011011000000001
011000010110101
100111101001100
000011100110000
110010110111111
100101001010111
101000110100000
011110111011001
100001010000000
111110001101100
100111111000101
111111101111011
101001100110000
110101001011101
100000100100011
101011001000100
100100000011110
111011111011011
011000010000110
100110101100010
000110101100011
000011000111000
011000011101001
100010001010101
101010011011011
000111110101000
010110011100100
011100010000110
011000100101111
010100001011011
000110111111000
111011010010011
001101111000000
101111111101100
100010001110010
000101100111100
111111101101100
110110010101101
110110000100010
110110001001001
000000001011000
110001011100101
101000010010111
000100001011101
110110010111010
011100010000100
010001100100111
000001110000111
000010101000000
101110100000000
001110010010011
001101101010011
000000000111101
000001001111100
001011000100001
001101000010111
010000110100100
110101111000101
010100101101011
111110111011110
010011010010110
000011111111100
100101011110101
000001010111100
011101010100011
001010001110000
110111001001110
001100101010001
011011011101100
101000010110101
011010100001001
101001011011110
111101111011110
000001011101111
010010011100101
111001011110101
011001111001110
101000001000100
111110101100111
100110010011100
001101110001001
101110100111100
001010011101011
100111010000110
101010011000011
111000000111001
001101011110101
111111000111011
001101101000011
001010011111101
001011010110011
111000010010010
001101110100001
011010010000000
110010111010000
101111001110000
110100010000101
101011000100101
001111011011100
100101001011010
110110111100001
011101110101010
011011111111010
011111010000111
101101100111101
110001001111000
011010110111101
110011001100110
000011110010101
001100101000011
000001110100100
110000110101111
100111011010001
011110010010011
110011010100011
010010101010111
001110111100110
111001010101111
000000001000011
111110011110001
111100101000101
110010111100101
111110101011001
110110110011000
101110001000010
010100010011010
100010011101000
010111100100111
000010101110101
010100111001010
110001111110010
001110101000100
011110011100011
110101000100111
011010111010000
000110101101011
001001101010001
111010101110100
010010010011011
000001101110110
100100100110011
100011100110001
010001001010110
001100000011011
010000100011101
011011000100001
101000111100001
101101110000000
000010101110101
101100111010001
000111000100110
101100010100011
110101110010011
000101111101100
100100001001100
111101001111011
001000101111101
001110110010110
101010100000010
101011100000011
100100001011001
100101100011100
011000111111001
111011011010010
100101011001100
001010011101011
100000000111101
111111010000000
010101010101010
111100101001010
100101011100000
110010111011100
011001100110101
010010110011100
000000010010101
100000011000110
011001010001110
001100010001110
100010110100001
111101100010011
000101011001110
011100000001000
001100010110010
001010000110101
001101110010100
100110001000010
010100010011100
100110110011100
110110010001010
011010111011110
011110110100100
001100011110001
011110011000110
110101100000101
100010100111110
101000000110000
111110010011101
000000001001100
111101000110000
000111111010000
000111011000011
010011001001010
110110001111000
111001011111100
001001101011110
010010011101010
111001101101110
100000101010000
101001011000101
010111110111011
011000110011000
010100001111001
001110100101100
101011011010000
010011101101111
111001111011010
101010101001111
110100010011011
010011111001101
011101100110100
000111001010011
111101010111110
111110101010100
001000000010110
100000011100001
100010100010101
111111110000100
110010110010111
100100110001001
111011101011001
110000011110100
100000010001010
011010101111101
111100011011000
011101111111000
110001011100011
110000100111101
101001011001010
101110010000000
101111010001010
100100111000111
000101001001010
000101110101000
111011100010001
000110010100011
011000000000100
110010101000001
000000001101111
010010111001111
010100110111011
011100110010000
000111010100000
010000101100001
111001010111101
010111000111001
011000010100000
101101111110011
010100010000110
011010000110010
010000100011111
101011101001111
110101111100100
010100111101111
010010000110011
110101011110101
101111000110001
000001111101011
011001001000011
110111001000100
111100100110000
101011110010101
110111010010011
000100000010010
111001101110100
010110111000101
001011001001011
100110001111010
101111011001111
111011001001100
001011101010111
000101110011111
100111101011111
100111100100010
011110110110011
000010011101110
010001011101101
100110110100100
111001111101011
110110011111101
011010111101001
000110101111010
101011110110010
010111001101000
100000111010100
000101111111000
001110110110111
011011100010100
000000101001101
000000111110001
011110101000001
110111110010001
111010100000010
100001000110010
100011101011001
001011110010001
111111110000010
111100101001101
000101010100010
000111000011001
010111101100000
010001000000101
101001000101100
000001101100000
111101111111100
101000011101010
001000101001011
011011000101101
010100001001100
101101101110001
010110000001000
010010110000101
000001001001011
000100001011111
011101010110010
100010110010011
101011101010011
101011100000011
100111111110110
010110000001000
011111010000101
110001011100010
010001101011101
111110001000111
101010000001111
000000010100100
110000110011111
011001110001010
101100100011110
101011011001111
010111001011000
100001001111111
100110011001101
100100001000010
101010110001011
111001101111110
000101100101101
100001110010101
000101000010001
000110010110010
001001101101110
010000111000000
111101110000000
101001011011010
000111111010111
101010101010000
011011001111010
011110110001001
000001010111011
111011001111111
111101010011001
010100001111001
010000001100011
011101100011111
011010100001001
100100000110001
000100010001000
000010100110110
100101011101111
011000000101111
001100000110011
010110001010111
100001001100011
110001110110110
100110001101001
000001011111101
100101100010001
101111000110010
011110110001101
111111111011100
101101001100010
000101111111111
101011110110110
010111001010111
101110010101010
001111110101111
100100000110000
111001110110010
111111001111110
010101001010010
011110100111100
011100110011011
100011100100010
100110010010011
101001100011100
100000111111001
001100011110101
100111000100000
000101011010100
100110001110010
111011111111111
101010001000010
100000000101111
101100100111110
100111000001100
111011001101100
000110101011000
111111110101011
111011100011110
010100101001011
101011010001010
101010011100001
000000110111010
101011110111000
100010111001111
110110011111000
001101001111001
100011111010111
111000000111100
011101011010110
000001000110001
001010001001111
100110111110101
101010000010001
111000010010010
000111011010101
000001111010110
010100101000010
001111011001111
100010010100010
000010111010000
101100110101111
101100001100111
111110111111010
001001100000000
010011111100011
010101000000011
010000100101111
101111101100101
100001101000110
111000011001110
100001000010111
011101000000101
100111111011111
000010111111111
000011111111110
011000011100001
111010010111001
100001100100011
111000000001000
011000000011100
110001100001111
001100100010011
010111010101011
001000011110010
111111011001111
011100010111000
101110011100101
000001000010010
101101001001100
000101101101001
100000111101100
001011111001001
010000011101001
010111000100110
101101011101110
100010011001000
111011111011100
001101110100001
101010010111000
101100110011000
101010011101111
001011001010100
000010000110000
000010010000001
001110010101001
001011000100100
010010000011000
110001000111101
101000011111001
110110101010111
111111010110101
111110001100010
001001111100100
001100000010100
011000110001011
100111001110000
001100101110110
101010001100110
011101101000100
101001101111111
001011111111001
100011000100111
111010110110000
110100000111111
001001101001111
001110001101111
100010011101110
010100000100110
100100001110010
110111100101100
010010101101000
011001100010001
111000111111111
111011111011011
000011010011100
110001010111110
010010010110011
110111010000100
000110001101010
011001000001110
101101111010101
101111101001110
000100101101001
000011101000010
111010010100100
000110101000100
001101100011111
000111000110000
010011000100011
110011010100000
010100111100010
010111001111010
110001001111111
001101110000100
010001011001110
001000111000100
100010100000100
001011110111110
111110101101010
101000000110100
101010001111101
001100100001101
110111011010000
001110000111100
101001010010100
000110111111110
011100011100001
110001111100001
110011010100100
110010111011000
001010111111110
100001010110000
101000101000011
100001111010110
010010110101111
011110000011011
111101110011011
101100110010110
110010110110000
010111000001001
000101111001101
001010001001101
101101111001011
011000111100100
001000011111100
010010111100001
010101011110111
111001000011110
010111011110101
000011000000100
001001111001100
101101101000000
000101111011011
011001100101011
101110001011011
001111100010101
110101100110010
010111001011111
010110100011100
101100100000100
100100011001110
010001111010000
010001101011110
100001110101111
010010100001111
010110100110010
101001101010000
111010100010001
001100011111010
100101001000101
000101111110000
110000111101000
101000100110100
111000100111111
100011010111011
110011001110001
100101011001000
001100111001000
001000101001100
100000011001000
011011000100110
011010110000010
101011111000010
011101010111100
001010111110101
001001111101001
001111101010101
101010110100010
101101010101111
100111011101000
001011010010010
111100110101111
001110111000110
110011011110000
011111010110011
101000111111010
010010011101111
101010110111111
101011000010111
101011010110101
100100001111101
000000101000110
111000100010010
000111111001010
110011100011110
110100100001100
000000001110001
001111110001101
001101010011000
100110110010011
101111010111100
000010000111011
100000001100111
001110001111111
000111100011011
101001110101110
110111001011011
110101101001001
100000001010001
010001101111000
111010001100011
100010001001101
100101100110010
110011000110011
111000111100001
101010000101111
001111110010011
101011000111101
001101000100011
111001100011111
101111010010011
010100111001000
100110010101000
111100101111011
010010110010101
000001000010010
011111000000100
111111100110100
011000101011100
011100111111100
001101100001010
111001011000100
110010000000110
000100000110111
111110110110000
111010101000000
100001001000111
001110001100110
111101100011100
110111011110010
100010110111111
100000000111100
000011000110110
011110000100101
111000000101010
110000010100110
000111010100101
011100010001010
000111000010011
001111111100001
101001010100000
001101111110100
000000111110011
111111011100001
110000000001100
111110011111010
111101011110000
101000010101000
011010001110110
111111001001111
011011110110100
001101110000001
100100001100110
101100101101010
101101100100110
111000110101110
110111110101010
101010110110100
111111101010011
100111000111101
110111101011000
110111101101110
101001101110100
010100111111010
001110101110010
011101010100111
000000000110010
101011101111110
110111111011000
000000111110100
101000110010000
111101101000101
101000111010100
010001011011111
101000010011010
111100111011001
010111010000011
001011011111100
000001111011010
011000001111100
110101000101000
000111101010111
110001100100001
110010000010110
101000011001000
110110100100010
110000101111010
011111000100000
110011000001110
110100100000010
010000101111111
010010110111101
000011100111011
101101110111111
001001011100001
001000100011010
111000110111000
101011010101000
111000000110110
101101000111010
110010011011111
010010101001101
111111011101000
010101100000110
010100010110101
111011011001100
001010000100111
100100000110101
111011110100100
100010101000110
100100010000000
011110110100110
101001111100001
011001101001011
001111101010010
001100011010101
110101001101011
010110000101111
101111100010010
101001110000110
111011011011101
001010100110011
001000101000000
111011001010011
000011101110110
001100110111000
Time = 3.111s
