n = 16, k = 6, l = 4, m = 1704
Expect Resample Times = 0.367829
Result:
1111000011011011
1100010110101100
1010101011000001
0111010111000111
1111010010000101
0101010110010101
1001000100001001
0010000010110110
0010000001101001
1101101000100110
1011100010001101
1001100001110010
0101000110000111
0110110100101101
0100010100110000
0001111010000101
1100010101111101
0011011011111100
1001000001110010
0101001000101100
0101101101101100
1110010110001001
1001110110111011
1010101000010001
0110000011011000
1110001011010110
1101111110110111
0110100010110011
0000010010001010
1010110100001110
0011000100111111
1010110010011001
1100000110100011
0111100000100111
1101011111001110
0110011110011011
1010010010000110
0110100101000101
0110001111001110
0000011101001000
0101101110111001
0010110001011010
1101000011111000
1101111101011110
0010110110000110
0101111100111111
1000001110100110
0110110101100110
0100011011111110
1011011010100011
0011000101010100
1000010110111110
0110111101111000
0100011010010101
1001101101100001
0110010000010010
0101111011000110
0110101101001111
1111001101001011
1001011000011001
1111111110011100
0101000000101111
1101110000010101
1100010111001010
1111100101111011
1011111101011010
1011100001100100
0000101010001010
1110011101110000
1111100110100110
1000011011110001
0010000000101111
0110111000101101
1101011000100111
0011010000011100
0011010010111111
0011011101100111
1010111111100111
0111111011101010
0000011010011001
1011110100111001
0100000101101111
1111111111000101
0101011010011010
0111011001111101
0111011000110100
0011100011110000
0110111110111001
0101110000000001
1111000011001000
0110000111100101
1010101011000110
1000000110000110
1100111110011101
0000110001001100
0010110101011010
0100010010000110
0101001100101000
0110110101101110
1101001100110100
0001000110011001
1011101111001111
1100101000111111
0110100110011001
1110101001011101
1011101100010101
0011000110001111
1111001111000110
0101011110011001
1110011000001011
0010011101100110
0110001111001011
0110000100101110
0001111000000110
0010111000101011
0010101101000011
1101101101001101
1110000110010100
1100101011101011
0001000011110101
1001000010100100
1010101011000001
1100101010111010
0100011110101001
1111010001001101
1111000111111011
1011100010011111
0101000000010101
0000111010011011
1111010011011001
1010011111111011
0010000101101010
0001011110000000
1010100001001001
0110011101101001
1110100110010010
0100110100111001
1011001101010000
0011101011011010
0011101010000110
1101111100111101
1111011000010111
1010111000100100
0100000111000111
1000110110011010
0011111110011111
1110011101111100
0101110100111110
0010010101110000
1010010010001000
0000100101110001
0010100001011101
1111110100111111
1100001000000011
1100110111010010
1101001101011001
1100101101110111
0001101100000101
0001100100001011
1000010000010100
1101010001101010
0110111011010000
1100100010010110
1101100001111101
1101001110000110
1100100100111011
1111101110000110
0101110001111010
1110101010011100
0001100000001101
0101000010111011
0101010011000100
0010001010011110
0010101001001000
1000000011101101
1000100010110010
1101111011111001
1101100001001111
0001111001111010
0100001101011001
0010010100100100
1001110011010001
0011000100000011
0000111000111001
0100000111011001
0011110111111111
1111110100011000
0111101000100101
1100001011011011
1011011011101010
1010000011101011
0001010011011001
1110100000010011
1100011011000110
1010110010100010
1001101000011001
1100110011110001
0001001100111110
0011111000000011
1110000111010110
1000000000011010
0001010011000101
1110111110110010
1101001001100010
1111011000110110
1101111010101100
1111010010111010
1101011010000101
0011111100000101
1110000111100101
1111111101111000
1110110010100100
0111010101011011
1011101101101000
1110111001110011
1101100100100010
1010000100001011
0000101010100010
0110101000001001
1010001101011100
0110010011010100
1101010100111111
1011101111101000
0011110110101011
1010010010011010
0100000110101010
0010101101110011
0110001001100110
0100010001001101
1110111000010111
1100000010011101
0111000101110101
0101000010010110
0010010011010000
0110010011001100
0110001010010100
1100100000001101
0000101010010011
1111000001110010
1010000101100010
1110010101001011
0111001100101111
0101000110010000
1111111110110000
0110111010110100
0100101101010000
1101100011010110
1010001100100111
0010101101111011
0001100010110011
0001010111010100
0001001100111100
0111100001001000
0101011011111100
1100010001001010
1010110111001000
1001001100001101
0110110001111010
0001011001001110
1110011100100111
0100000001010100
1100010110111110
1000001001100001
1101000001111001
0000110100001001
0111100011010111
0001100100100000
0111101111101100
0001000111011010
1011000101101001
1100110101010111
1101010101111001
1010101101010001
0000100100011101
1101001000000001
0011001001110001
1101010000111000
0011101110000011
0110110111000011
1110001001011100
1111110100100110
0011100111111000
0001111110100010
1000010111010100
1000101111110111
1000101010010100
0100011111111010
1001010001000110
1010110100011101
0000000101101001
0001000100011010
0100001011111000
0101001011110101
0100000110011110
1111011010100001
0100100001110101
1100000010100110
1111001010100100
1110110100100000
0011001000110110
0111110100100010
1001101111000001
1010000110110011
1111101001010000
1111011100111010
0111111110100100
1000100101000100
1010111011010110
1011101011001101
0101110010011011
1010111110000001
1011001110010101
0111110100110011
1111001111001111
0011001101101110
0101011110110011
0111110101101001
0110111010001111
1001110100110111
0001011000001110
0000000110110100
0010010100100111
0100101011000000
0100101110110001
0110100110110001
0010110100110101
1001101011111011
1010010000010011
0111110110001000
1001110110101001
1010110111101111
0101110100110001
1110111001010001
0011100110111001
1000101010111100
0110010111110010
1111000000110011
1101100101100111
0001100100101101
1100111101111111
1110110110100010
1011100111001000
1110111011001101
0100001100011101
0100011011111001
1001111101001100
0101111101010110
0100100000011110
1010010001111000
0100110011110011
0010000010100111
0011011010001100
0110011110100010
0111011000111001
0110110001101100
0100000101000110
0110110011101000
1010110101110011
1000101101110110
1101110001100011
1010000111000011
1100011010101001
0010101001111000
0100001110011000
1001100111001000
0111100000000000
0111000111110100
0110111001100110
0110111100101111
0111111010111011
1101000100001111
0110110110000110
0000111101101100
0000101111111110
1000101101101010
0000001101011000
0001001010101001
0000100110110111
1101000000100101
1011110011011110
0011110001110111
0111001100110000
1000010110000101
0011011111111101
0110101110101000
1101101000100010
0100110001111111
0101100000100011
1111010001010110
1001001000011001
0011010111001111
0101001000010100
0110110000101110
0110011101111011
0000010001110010
0100111100011110
1001100110000010
1111110111100101
0010010000100111
1010010010000011
0010111100010011
0100100110001011
0110011010001101
0001101001101010
1010100101110001
0101100100011000
0101001000100110
1001110111100010
1010001101011011
0101000000011100
0001110001100010
1110001001011111
0100011010001010
0000111100010001
1011101000100001
0111000000011001
0001000111001000
0111001110011101
0011011001001111
1111110011110011
0100011010010000
0110111110110001
0101000110101101
0111110010011000
0001001011011011
1010111010011011
0111011111010011
0110111010100000
1110000110101111
0011111000011000
0011001111011010
1100101000100000
0101001100100010
0101000111011100
0000111000100101
1111111001101010
1100001011000100
1011000110110111
0100010111101111
1000001010001100
0110111111010111
0010000100101000
1111011011101010
0110000000100100
1101101101100010
1000000001100110
1000000101001000
1101101101101010
0110011110111001
1111101011100110
0011100101110111
1010000101011000
0010110100101000
1010100100000010
0011010011100010
1101110000001011
0011100100110110
1100111000111100
1111001011101100
0100001001000101
1100110011010100
1000101011110000
1110100100000000
1010010101101101
1100011010001001
1110111110100010
0100000111011010
1001100011011001
0000100111001111
1111000011010111
1101101111011011
1011101010101000
0111010011101011
0100010100010000
0000000011110111
1010101001011111
1000011010010111
1111010011110010
0001111001100100
1111100001110111
1101000111100011
1101110001111110
0110100110011100
1010110000101010
1100100000100000
0101101101011010
1000101000111010
1011101001100100
1100001101101001
1101101110011001
0101100001010111
0100000000110011
0001010011101011
1110010001101100
0111100011001110
1000101010110101
1101111010011101
0111000101100001
0100001001011111
0000110111101110
1100010000100110
1000110010001010
0010111001110011
1110101000000111
0110010111101011
0110010001110100
1110101111000101
0110110001101011
0100110010110010
1001100000010100
0011011101100101
1100010110011001
0010110111100010
1011000001011010
1011001110011100
1110000011011011
0001010010101000
1011101111000001
1111110010111011
0000110100011010
0011001010000111
1011100011010011
0011000011000111
0101010001000110
0110010111011000
0000011011110011
1101101011111001
1111111001101100
0001011111101100
0101100000110000
1001000110010000
0011110110000100
1011100111000111
1110111001001010
0101000000000011
0011101100011100
1000100000101000
0010100000000101
1101110010101010
0011100110001110
1010111000000100
1011001101011001
1110101101011110
0011111101110110
0101101111101011
1000011001100101
0000011100100110
1100100110101100
1001110001101000
1100001011100101
0011100010000110
1010110000001010
0010101010000011
1011111001110010
1000001010010101
1011000111111111
1011001101011001
0101111110000000
0101011000100111
1011010011000000
1100111011011101
1010110101100100
1101000011000111
1111000010100010
0011011001111011
1101010100110110
0010000000101001
0001011000110010
0001010010100010
0010000111110100
1010000001111111
0001001000001001
0001000111011100
0111001101110101
1100100011000111
0110001001010010
1101101010010110
0100011111010100
0100100111100001
1001110110001001
1110011011010110
1001000001011101
0101010011010000
0111011101100110
1100110000101110
0000000101011101
0111100001101000
1101100101011010
1111101110001111
1011111000111011
1000111100101001
1111011111111100
0111010001010101
0111000111011010
0011111001000100
1011000000111111
0010110001000100
1001011011011001
1100110101000010
1001100111001010
0110000111010000
1100011111111001
0011110111001010
0001100100000101
0100110011101011
1101000010111101
1001001001100101
1010101101101101
0001011100101010
1011001011001010
0111110111010110
0100101100110111
1100010111000110
1100011111001111
1001100011100000
1110010111110010
0110100001011110
0110101111100010
1010011011000001
1011011100101000
1011111100010001
1100000000011110
1100111110000001
0100000111011000
0000001010001011
1111011101011000
0100111010010101
1110001101001000
1011000010101110
0100001101100110
1011100111110101
1011101100011000
0110001010011101
0000001001011011
0001101001011001
1000000111101011
1111010000010000
1000001011100011
0000110101110010
0100101000001000
0100011111010010
1000011111111011
1110000100000001
1110101010101101
1010101000011011
1111111111101001
1001101100111001
1111111011011011
1010001011101011
1101110010101001
0111101101100101
1110111111101000
0111001100101010
1000101100111101
1100110010011000
1010100100111011
1110111001101010
0001001101101010
0100000111010010
0011101100000110
0000011111010100
1110101110110001
0100011001000000
0011000111000100
0111011001000001
1101011000000110
1111111100001101
1001001111000100
0000010111000101
0010100100010111
0101000100100011
0100001100110001
0111101011001010
0010011001001011
0010111111001101
1000100110110000
1010000000010001
0111000010101100
0100100100111110
1110001000101001
1111100110001100
0011100111100111
1001110000010100
1101001000001000
0110101111111011
0011101010101110
1110011011011100
1001011000111000
1111111000111111
0010110111111111
0101000010110100
0010001111110110
0010110000000111
1011011001110110
1111011100101010
1011001111000001
0101110000000001
1001011010010110
0011010010010101
0000100011110011
1000111111100100
1000101100111111
0010000111001010
1101111110100000
0100111101110101
1100001100111110
1100100010000001
0101010010010101
1110000110101111
1101010001111110
0000000001101100
1001011100100110
0111000000010100
0111111100110011
0001010101100011
1011101100000110
0101011000101101
0100100110000101
1110111101011101
0000110011110100
1110000010000110
1110001111111110
0001010010100011
1011001101010100
1101101000100101
1101011011000110
0101011101010000
0110011010101111
0000110101100001
0000011111000010
0101001101011010
0110110010110100
1111111011011101
1100001101100100
0101100010001100
1011101001101111
0000100001111001
1001100101100110
0101000110100010
0000100001001110
0100010010100010
0010111010110000
0011110011101010
1011011010101001
1010110101010001
1111101000100010
0000101001011011
0110101110010101
0011010010000010
0010000100010110
1000101011011000
0001110000101011
1100100010011100
1111101001101100
1001000010110110
1110110010101110
0100011011111010
0000101000001110
0010111111010110
1001001111110010
0101111100001010
1101110001110000
1110111000001010
0010100100011111
0000101111000010
0110101111111101
1011100111010100
1101100000000100
0100110100011110
0000001110110110
0010100001010001
1010001011010101
0010100110001101
1000111000011000
1011010101101101
1001100100000111
0111101111111110
1001000001000111
0110011001000111
1110100100000001
0110000101011010
0100100101111000
1001010001111111
1010001011111101
1111010111000010
1111000011101010
1101001011100011
0111100101101110
1001011011000001
1100001001001111
0011100111110011
1000111110010010
0110110011011100
0100010111011111
1011011010000000
0011100011011010
0100111111100101
1110110010001000
0100010001100100
0100111011110101
1011101101010011
0110110011101100
1000000101011111
0010110100110100
1011011100101010
1001000011001011
0010011011110010
1100111101111111
1010111000100110
0111011011111110
0101110001001010
0101101010001111
1100111111001101
0100101111001101
0100111101111100
0100000100110011
0001111010011011
0111001001110100
0000010100011011
1000111101100011
0011110111000100
1111001100111111
1110000000101000
1000011000101001
1101001010100010
1011010001000110
1100101010100101
0000011110110100
0100110010000001
1000101110011010
0110011110000101
1111101100111001
0011011000101010
0110101000100111
1011101110010000
0011100100100101
1101001000011010
0011000101010010
0101101000100001
0000111110100101
0100101010010001
1111011100100000
0101111000110011
0011111010111110
0100100011111111
0100110001010001
0111110001101111
1100101111010101
0100011001101011
1100001100110001
0011110110110100
0001100110010101
0011110001110110
1011110100011110
0000100101100111
1011101000100000
0011011101111101
1000010100011101
1111010010011011
0100110111110000
1011100001111001
1111010011111001
0111110000010110
0100010101101101
0100011011011010
0000010111111010
0111110001111101
0101101100100010
1111010010110101
1110011000110100
0100101011010101
1111011111000100
1010001011001000
0101101101111010
0010010000111011
0111010101111010
1010110110000011
0100111100001111
1011100101110110
0001000010100101
1010001100001111
1111011001100100
0011100001101011
1010000110001110
1010010001111001
0111010011101010
0001010010011110
1000100010001001
1000110011100110
1001111101111110
0000101110100010
0000100110100001
1110001010100110
1111110011000001
0011010010000110
1010111101010011
0011001010100010
0011010101001111
1110010111000010
1001101110011010
1100010101000010
0100011100010011
1010111000000000
0001011000001010
0110110100111101
1011001101110100
1111011100000001
0000101111010111
1110111101001100
0011111001011110
0110101100101000
0110100100111000
0011100001010010
1000000101110001
0000000110001001
1100001101110000
1111010010001111
0001011100110110
1000000111101100
0011010100100010
0111100110000110
1101001101000110
1010000000011000
1000000010111110
1001110111000010
1010000010111010
1101000001011001
1000100101101000
0000010111001101
0100010010100010
0100010100000110
0011111010010011
1001010010110011
1101001101000111
1011010000110101
1010010001010101
1110010101001110
0000110010111100
0010001010001111
0101000000011110
1001001101111111
0001110110111000
1100001011010011
0110111010100100
1100001110101001
0111100101100011
0111000111101110
0101111001111010
1010100111101110
1001010001000001
0000110101111011
1101000001000001
0111111100010011
0100010001111001
1101001100101010
1110110111011000
1000101001111001
0111110001011011
1111000101000001
0111101010010000
1010000111111100
1000110111001110
1101100011001101
1000000101011010
1110001001100111
0110111000101111
0110011110001111
1110111100001001
1101101001111100
0000000000110110
1000001001110001
0010101101111111
1000100100001100
0010011011001110
1101101010000011
0010011101010101
0011011000111010
1010011110101101
0010111000100110
1010100011001111
0101100010110111
0011111101100101
1101011001011000
0000110000101010
1100110111000000
0011011010000110
0001011010011110
0101110100010111
1000001011111000
0100011110110111
1010111000100111
0110000110101001
1111000101111011
1101101100001110
1000001110110110
0100111010111110
0111110101010011
1011011110111011
1110100101110101
0011001001110110
1011001001110100
0001111000100011
0111100000101100
1100000001101100
0101110111110000
0001001000110110
1011101011011110
0111010000111011
1100110111111110
1111000011101111
1011010101101101
0110111010010010
0011111100100101
0111111001110111
0001111101011001
1010110100011101
0011101011111001
0010011000110111
0111011100010111
0010010011111101
0111011101111101
1110000110101101
0011110101001000
1100110011100101
0110101001000011
1010110001100001
0100101000100110
1100111010101010
1100100000000111
1010110011110100
1011100100111001
0010010000100110
1001100000100101
0000000010110010
1011101101011110
1110001011101101
0011110111101110
1000000100110100
1000011111010110
0100011110101110
0100110011110101
1010110001010100
1110101010010111
0001110100101001
0000111001000110
1110101010001011
0101011110101100
0111101110101001
1101111001000100
1010101101001001
1111101001110111
0010000111100111
1001000101101100
1100001001001011
0011100101011111
1011010101101000
1000010110001001
0011101001111000
1000101000011000
0010001000110111
1111011111000101
0011101001110011
0011101111100100
1001010001111010
0001001111011010
0000100100010101
1001011000011111
0101000001010100
1101111100101000
0111100001110001
0111100100101010
0101010101101101
1011100111111111
1001111010111000
1111111010101111
1101111100011011
1000000011011010
0111000000101100
0100011000001011
1101001101111000
1101110110001010
1011110001001110
0010101001011010
0001010011010110
0110111010000011
1011111100010011
1001111100110010
1101110110111111
0000111010000011
1110000001100101
1000011000101011
0100111010001101
1100010100110000
1101111100011110
1001010101010000
0000100000010110
1001101001110101
1110010111011011
1100011111100011
0010100000011011
0111111010101001
1101011101001000
0100000011011110
0011011010011010
1100101101111000
1010101100100010
1001100110000001
1111110011010101
0110111110101001
0100011100010010
1101001100110011
0101000010011110
0011111111000101
0111111000111001
1011110101000110
1111101101000110
0100000110011100
1111100111111001
0110110111001011
0111010000101010
1111000110100100
1010110110110110
1111000101100011
0001110111001100
1000010111011111
1110000000010100
0000100001100010
0111111100011000
0101101111110101
0000010110100001
1110110101111111
1001011010001111
0011111101101101
1011101111110000
0100101010010000
0010101001110010
1111001110001111
0000101010010100
0101001111110001
1001110001101001
1101101001000100
0011001110001111
0000100111010010
0011110001011001
1101001110011000
0011010101110100
0101101101101100
0100001100000100
1000110100000011
1111011101101111
0101011011011111
1001010100010001
0100110110001010
0111110000111010
0001011001111000
1101000101111011
0110101100011010
1110111101100011
0010100001001101
0110010111011011
1001110001010000
1000000011100100
0000001101001100
1010101001100001
0100010100011011
1010100010011000
0101001101011100
1001011001000000
1001101001111010
0110110110101110
1010100110100010
1010110100111011
1100100010001110
0111010011110111
0000011011000100
1101011110000101
1000010100101000
0001001010111101
0101000000100101
0100100101010110
1100110101110010
0010011101110111
1110100000111011
0101111001111010
0010000011011101
1011011011000010
1001111000101110
1010101000110001
0110000100110010
1101100011011010
0010011011010010
1110011011001010
0001100110111001
0001010100011111
0001011011110010
1100111100110101
0011111110011101
0001011111110111
1100011100100101
0011000011100001
1010010111111110
1000100110001100
1101111110011010
1111010101001011
0001000111101100
0000001000011110
1110101101100110
1111010001111010
0010110011101011
1011110110100010
0011011011111110
0000101000010111
1011111000001101
1011110011010001
0000010101010110
1111001111011100
1010111111000001
1001001111111010
0110100011011100
0011010011101101
0000110100111000
1011110110011100
0111110000100001
1111110110101100
1011010100011010
1110111101111100
0011110000001010
0000000011110100
0100010100100111
1001011001101101
0101111111000010
0010001001100000
0001011011110001
0011000111010001
0100100110001011
1011011110001100
0001101110110001
1011000000010101
0110000110011100
1000010101100110
0100111001010101
1110011010111010
0001111010000011
0110100101011011
0001110111010101
0001010100101010
1000101010011111
0100000010011111
1011110011000000
1101101000101110
0110110000000100
0110111001111001
1100100110100110
1000001011110000
0110010010011110
0101111010101000
0001101011111100
0000110011111000
0001010111011110
0001000101010000
1111000110111001
0011101010101101
0110110100111110
0100101001000101
0001011000110101
0110101010101001
1110000100001110
1000110001010110
0100000100101100
1000010011101101
1101001111000110
1011011000110000
1100110010011111
1010110011110111
0011000010010010
1001110011011010
1011100001101000
0010001111011011
0011100110000111
0001010010100001
0011101001110100
0110011100101000
1100011100111110
0101110010001111
0011001000000111
0000011010101110
0110100100101000
1110010110100001
1010000110101101
0010100110001000
0101101100000000
1101111100000001
1110011001111011
1010001011111011
0010001010100110
1001100111111110
1011100010001000
0000001010101111
0000111101101111
0110110111001111
0011001110011101
0001101101000110
1001011100011111
0101000101101011
1101010010111011
1101111001000000
1110100011001001
0001000010010101
1110100001000011
0001111111100101
1100010110011010
1100011010111001
0011011110001111
1001110011011101
0110011011000110
1001000111000000
1100101000101011
0011110111000011
0011010010001010
1001100011111011
0110110110011000
0000101110100110
0101010011101011
0010001101001010
0001010111010001
1111100001010010
1100100001000100
1001001101101100
1110100101001000
0100100010110101
1001101101011110
0101101101110001
1101101101011101
1101001010000110
1101011000001100
0010011111011100
0011010111001000
1101011011100110
1110011010011001
1111010111110000
0000011101001000
1101000110100010
1101101110000111
1101001000111010
1011101011111110
1100000111110110
0110110010100100
0111011000001101
1001111110110111
0111000111110001
0001011111100011
1000111011111001
1001001110100110
1111000001001100
1010100111100001
1111101111001010
1000110000101001
1100111010101110
0010010010001100
0110000001100000
1001110101110101
0101110000011011
1000001001000011
1011000010110110
1011111001101000
1000101011001100
0101010010111101
1100010001100011
1110100100000001
0100111000001111
0011011011101111
1111110011000000
0111101110010101
0000001100110110
1110110100100101
0000110110100001
0101010101001100
0111111101001011
0010111001010000
1000101000101101
1100100101000000
1101110010110100
1111111011011100
1011000101010111
0110110111000010
1101001100010010
0001101010010010
0000001111110100
1100101110111000
0101101111001001
1011011001001010
1011101000010110
1010000101111010
0010001010011010
0101111101011110
1100000000100110
0001011001011000
1111101101010000
0000011011111000
0001110100110001
1100010100011010
1011000000101010
1100000011111100
0111010110111111
0100111010100110
0010010110110000
0111101000000110
1010000100100001
0001110000101001
0010000011101001
0011101101010110
1001000100111001
1110101011010010
1100100110111100
1011101011101001
0000101110110011
0111111100110100
0000011000101011
1100110011101001
0001111010111110
1100011011111110
1111010001010110
0101001010011011
0100111101010101
1110110100101011
0100100101111010
0100101001110011
0010111101101101
0000001011011111
1110001000101010
0011100110000101
1010100100011001
0100001100011001
1001101101111011
0101101111101010
0000010100110111
0011011000111100
1010111010010110
1010100001110110
1011101010100000
0100001100101010
0001011010110111
0010110010111011
0000010110111000
0101100011010100
0101100100011101
0011011110111001
1010110111111111
0111001101111000
0000111010000110
0111011100100000
0110011100111011
1111000010011011
1111011010111101
0101101001011000
0011101001100011
0011011000001101
0111111101011011
1001000011110110
1011111001011100
0100100100111111
0110110000010111
1000011010000100
1000000111000111
1100101000001110
0100011100011010
1100010001000110
0110000110011111
1000100001110110
1001000111000110
1001111110011110
1001110111010101
1000110101111000
1011001011001111
1101011001110101
0001100010110101
0010000101101001
1111010110111101
1001010001101100
1000011110011110
1110000100101000
1001100011010011
1001110110110111
1010011000000001
1100111001011011
0111100010100110
0001101010111011
0101110111110011
1000010100011111
0000010100110000
0110110101001001
0100010000110010
0100001101101000
0000011111010100
0101011001001110
0110000000101011
0000001011010100
0010101001110010
0010001101001100
0110010001101110
1110001011100111
1100101001110101
0011000110000001
0011011110100101
0100100101011001
1100010011010110
1010011001111111
1010101000010100
1000101100010000
1101110111001111
0110010011100110
1000000110100110
0100010010001001
1110100001010111
0000101001110101
1011011010101001
0010011101111101
0100000100000111
1010100110101101
0100010010010111
0000010001010011
0000010001101000
0010011100111000
0101111011011110
1110011101110011
0101010011101000
1100011011101010
0111011111110101
1000100110011111
0101100111110111
0100000001011101
1011110111110111
0100001011000110
1110001011111100
1110100111111010
0100001011100111
0111010011110111
1111111100100011
0001001000110010
0110010110111001
1001101000100000
1101010011111110
0100001010011000
0100001100100000
1011101001000101
0101000001000010
0100000010010001
1001010000110000
1011110001011000
1001001011101100
0011100001100011
0110000101010011
0010010110001111
1111111000000110
0000101001001100
0110100000001010
1111010010010100
1000100001100111
0010110110111100
0110101110000111
0101101000110011
1010100100001001
1101001000111111
1000001010111100
1000011111100001
1001010101001100
1100010011111101
0011100110000101
0101110000110000
0100000111110111
0010010000110111
1100101110110101
0111010110001010
0101100000001100
1100010000111100
1110010000010110
0100100111010101
0110100000100111
0001010000010111
1110011001011101
0101000010011101
0100110001000101
1111101000100000
1101010111100010
1111011111110001
1011100001111100
0011000111011000
1100101010000100
1011101001011101
1000001101100000
0101001101011100
0100110011011001
0010000001111011
0001001100000101
1110110111010110
0011110111000010
0010100110000010
1010010001011011
0111001110111011
0101011100000010
0101010010101100
1001001101010110
0110111010100000
0101011001111101
0000001001001001
1011100100111011
1000110100111101
1001011101101111
0101111111010110
1000110111111110
0000001010101100
1001110111001111
0011101100011001
0000111101000111
0001000110011001
0101000100010101
1101100111101111
1111011111001100
1101101000000101
1111100101110011
1111010000101110
0000001010111110
0010011011111111
1010111001010001
1010101110010110
0111011000011000
0111111011001001
0011110100011011
1010011110101001
1000010011101000
1101101111101000
0001110101000011
0110000100000010
0011010000011111
1010101000100111
0101111111100011
0011101111010101
1001000010110100
1011001100111101
0010110110110000
0001110101010011
0011000000100101
1110001001111111
0010101110110000
0111111011110111
1111101111110110
0101110001001111
0000101000111001
0111101011101001
1011101100100001
1000110100011011
1001111101111111
0000100001111010
1100010010001010
0111111001101011
0001101010111000
1100000101000000
0110111101010111
1110011000010011
1010010111101101
1111010111000011
0000010101110001
0001000100110111
1100011110001010
1111101110000110
1011101101111100
1110000100110000
0101100101011100
0011001010001111
1010010000100010
1101100111010110
0001000101111001
1101010010110100
1001111001110010
1011000000111010
0010110010110000
0000011010100001
0000110111001011
0101010111101001
1010001001100011
1101000101111100
1011011010110100
1100010101110001
1111111000000110
0001111111111010
0010101110011111
1111101101101100
1010000011000100
0100110011111110
1000110111000000
0100110111110011
0000111010111110
0010111110011101
0011001100101010
1011110011111000
1011001100111000
1110100000101001
0111011110000001
1000011100110010
1110011000000101
1100011010100011
1011000011110001
1001000100010001
1011000101010001
Time = 1.672s
