n = 9, k = 2, l = 3, m = 48
Expect Resample Times = 0.481309
Result:
100111011
111010000
000100101
111110000
000100110
010100011
111011011
000010110
110100100
011100011
110100000
001110010
011110100
011110101
011010001
010100011
100100111
000011111
010101011
000010110
101001100
010101110
010111100
100101111
100010101
111111011
110101101
101001000
111110001
100111111
001101101
011000110
110111011
010001010
101010101
101100110
101101010
000001110
101001110
111110110
001110011
011011000
010001101
010100011
101010011
000011101
001010100
100110111
Time = 0.001s
