n = 14, k = 2, l = 2, m = 56
Expect Resample Times = 0.61579
Result:
01110011010110
00101001111110
00101101001010
10011111001001
00011101010101
00101111011001
00010011000000
10001000100011
01111011111011
00000110100101
10011110111010
00101000101100
01010000000100
01110011110000
11100000110110
10101101001001
01000010001110
10111000011000
01111000101011
00001101111000
00101000100100
11011110111111
11111010011100
10100111110110
10100110001000
10111101110001
11111010000111
01011101110011
11010101100110
00001100100000
01001100001000
10110010100011
00011000111010
10101000110010
11111000001001
10000100101001
10000101000110
01001111001010
00110111011001
00010111111010
01001011111011
01101000000110
10111110100011
01111001100001
01101101100001
00101011000001
00101011101111
11110000001110
00100001110011
11010100001110
10100101011101
00000111001001
10100000011011
00111001000111
10011110101001
00110100000001
Time = 0.004s
