n = 14, k = 2, l = 1, m = 56
Expect Resample Times = 0.6176
Result:
01110100100010
10011111011010
11100001110001
01001010000011
10001010011111
10110101100111
01101011011001
01001100011000
10111100100010
01111111110100
00010110001101
10010010000110
01001100110110
00000111010011
01011000010010
10101000001000
00110100101101
10111001010101
10101010010000
10100100110011
11010100011100
01100001000010
11001100100011
11101100011100
01110010011010
01111001001101
11011000110110
00001110100001
10110011110100
01000101010011
00001100100011
11110010101101
01010011011101
00110110011011
11101111101001
11001110111000
10110000001110
00101110001011
00001011101011
11001110101101
10011011011110
00010100010000
10111110110111
10000010000101
00101110101001
00110101011111
00111110001111
10101101101110
11100010001001
01001011111011
01111101100000
00111000000100
11101010001000
11000111110001
01000100010100
11000001001110
Time = 0.004s
