n = 13, k = 3, l = 2, m = 136
Expect Resample Times = 0.442069
Result:
0010100101110
0101011101001
1101001101111
1000111100110
1100101101011
1110111010111
1001100101100
1110100000000
1110000001111
0010110010011
1100110010110
1111011101010
0111011010110
0100000100000
1110100100011
1000101111010
1111101011111
1011010001001
0010000000001
0000101110001
1011000111001
1100111100000
1001110110010
0110110011100
1111010101000
0111111001101
0101001011111
0111001100000
0101110010001
1111010010000
1011100110101
0100010011001
1110001010101
0110001100111
0011111100001
0001111001010
1011011110110
1001100010001
0100100001100
0100111101111
0101000110100
0010110111001
0110110111000
0001010101100
0110011111000
1101011100000
1111001001110
1111101011001
0000100111010
1110011111111
0010111111001
1001100000110
1010011100111
0101000010000
1000010000001
0001000010111
1001101110010
1111001000100
1011011111010
1011100100011
1001110001100
1101000100001
1010010111001
1101111100110
1011010101110
1000111101000
0010110000011
1101000010010
0010110111001
1101011010001
0110001001000
0101001001111
0000010001011
0011001010001
0010010100100
1100110101011
1011000110001
0110001111101
0010111001000
1001101000011
1011111111110
1000011010110
1111011011001
0001110110110
1000010000110
0101000111010
1001101001000
0100010110010
0111001110011
0111000010000
1110100100111
0111110100110
0011000101010
0000000101000
1110001010100
1110000111000
0110000111101
1011001000001
1010100111000
0110011010111
1000101110100
0001001011000
1011000110100
0101100001111
1000111001000
0011000110111
1000111011101
1001101110110
0010011000001
1010010001011
0010011110010
0100011000000
0110111101011
1010001001100
1101000001100
1100101001110
0101001011101
1111110110101
1000111010011
1111101100010
1011010010000
1110001001111
0101101110011
1011101011101
0111000011010
1010010000001
1001101100000
1011110101100
1101010010010
0111101000001
1010100101010
1111000111110
0000101101010
0111101111100
1111011101011
0100011010100
Time = 0.387s
