n = 7, k = 3, l = 4, m = 378
Expect Resample Times = 0.364717
Result:
0111100
0111100
1111010
0111010
0110011
0111101
1110111
1010011
1111110
1111001
0111011
1110011
1110101
1110110
1010011
0010111
0111101
1101011
1101100
0110011
1100110
1100011
1111110
1100110
1101001
1111010
1111110
1101011
0111101
1111110
0111010
0111100
1111101
1111100
1101100
1011101
0100111
1011111
1100110
1001111
1100110
0110110
1110001
1101011
0110101
1101010
0110111
1110010
1100111
1111101
1111111
1100101
0111101
0011110
1010101
1011011
0011011
1100101
1111001
1101101
1011001
1010111
1001110
0110101
0110110
1110001
0011011
1011011
1110111
0100111
0101110
1110111
1110011
1110100
1110110
1101110
1111001
1011011
1110111
0011101
1111000
1010011
0110101
1011101
0101111
0110101
1111101
1100011
1110111
0110101
0011101
1110011
0101101
1111000
1110101
0101111
0001111
1111000
1011010
1111001
1111100
0110011
1101110
1010011
0011111
0011111
0001111
0011101
1111010
0010111
1001110
1101010
0101110
1111010
0011101
1111001
0111101
0111111
1100011
1110001
1110001
0001111
1001111
1101110
1100101
1111101
0110110
1111100
0111110
0110110
0001111
0110111
1101111
0101011
0011111
0111100
1100101
1111000
1110100
1100110
1101110
1001110
0111101
0110101
0100111
1111101
1011011
1011010
1011111
1001110
1110101
1100111
1100101
1101010
0101110
1110100
0100111
1101010
0111100
1010111
1101110
0111111
1011010
1111100
0101011
1001101
1001011
1111101
1011111
1010011
0011110
0011110
0110111
1010111
0101111
1111111
0101011
0111111
1011111
1111011
1011100
1111000
0110011
1011011
1001110
0001111
1110011
1011001
1110001
1101111
0111011
0111100
0111100
0010111
1101010
1011110
1110110
1101101
1110001
1111111
0110011
1101011
0111011
1001110
1010110
0111100
0110111
1100011
1110001
0101011
0001111
0110011
1011011
1011101
0011111
1111100
1011110
1001111
1010011
0001111
1111101
1011111
1110111
0100111
1111111
1011001
0110101
1110010
0111100
1011100
1110011
1010110
1100011
0100111
1111101
1110011
1000111
1111111
1100111
1011010
0011110
1010110
1110100
0110101
1010101
1101110
0100111
1011101
0111101
0101101
1110100
1101011
1101001
1111110
1111110
1111111
0110011
0110101
1001111
0111111
0111111
1110001
1111110
0111010
1110001
0011111
1111101
1101100
1110111
1111110
1010111
0101011
1111001
1101111
1101001
1011100
1111100
0011110
0110111
1111010
1011001
1100011
1111010
1111000
0111001
1111011
1101101
1010110
1010111
1011011
1101001
1011100
0011101
1010101
1100111
1101101
0110111
1011100
1100011
0001111
1111111
0011110
1100101
1010011
1111001
1111100
1100111
0100111
1101011
0001111
1111110
1101111
1001111
1111110
1101101
0111110
0110110
0011111
0011011
1011010
1101111
1011110
1011010
1010101
0110011
1110001
1100110
1100111
0010111
1110101
0111101
1011010
1101011
1111010
0101110
0011011
0110111
1101100
1110100
0100111
1111111
1111100
1111111
0001111
1110110
1011011
0111001
1001111
0101111
0111100
1101111
1111110
0101101
0111101
1111011
0001111
0111111
1100011
0111011
1110101
1010011
1110001
1110010
0111110
0110101
1001101
0111010
1100111
0011110
1011101
1001110
1111100
0111011
1111110
0001111
1001111
1100011
0111011
Time = 0.004s
